500
1 98 28 47 48 58 89 91 97 129 140 159 161 171 202 215 216 223 277 288 289 291 311 325 335 337 342 366 373 382 383 394 415 420 433 436 446 457 458 468 478 484 491
2 95 4 14 23 27 29 34 38 42 49 65 103 109 126 155 170 176 179 198 209 214 235 239 244 254 257 260 264 265 274 282 315 317 319 335 339 340 378 386 403 404 410 416 427 431 436 478 482 484 487 491
3 89 25 30 38 42 58 86 119 120 124 125 134 136 148 164 166 172 173 185 196 199 215 233 248 277 297 321 330 361 377 388 395 397 417 455 457 458 465 478 489 496
4 79 14 15 26 29 34 44 56 64 78 82 90 111 182 213 229 230 232 233 237 254 265 277 294 303 352 371 373 379 396 397 426 429 434 435 452 457 461
5 75 12 15 16 33 35 36 37 42 47 48 50 51 56 68 70 79 81 89 91 92 100 110 111 127 128 145 150 160 163 172 179 182 193 204 240 247 254 262 286 301 302 325 328 339 352 384 398 408 423 435 442 449 451 458
6 54 13 24 35 44 54 62 63 70 75 76 77 98 103 105 116 132 137 144 152 154 159 164 175 181 185 191 195 203 228 239 249 260 274 275 297 322 336 340 348 371 375 384 391 401 402 403 409 421 426 432 462 464 473 478 486 491 492 496
7 97 9 13 17 46 48 60 110 123 125 147 176 178 186 190 205 208 222 227 242 244 248 252 253 276 311 360 363 369 411 442 446 448 463 464 467 470 478 483 492
8 66 12 34 42 44 46 86 93 99 102 107 109 111 117 121 123 124 130 137 141 150 175 187 188 197 208 226 235 244 257 275 281 288 293 294 301 320 332 345 346 351 353 370 372 414 418 422 425 437 438 453 463 467 483 492 493
9 84 23 46 60 73 76 79 80 94 108 114 119 120 129 147 153 154 162 177 201 209 219 227 229 231 241 252 271 315 319 334 350 351 376 383 385 390 398 411 432 434 438 440 459 496
10 79 14 20 24 54 57 96 107 134 166 170 174 176 181 188 210 229 241 242 258 262 267 274 299 320 375 379 384 400 401 409 410 414 429 434 438 449 450 462 498
11 78 51 80 85 88 90 98 118 131 132 136 164 196 199 213 226 247 254 258 263 277 283 285 308 320 324 340 358 373 378 401 420 434 475 476 483 484 486 491 493
12 66 13 19 21 32 46 56 58 68 108 115 117 120 138 158 191 211 214 219 236 244 247 258 318 332 337 339 349 353 355 384 387 407 411 418 422 427 444 462 473 479 482 490 498
13 58 23 39 54 60 63 79 84 98 112 113 127 134 154 194 210 214 219 257 260 261 263 266 267 268 276 277 303 304 326 333 340 346 347 354 362 368 384 406 411 417 421 438 477 495 496
14 53 17 18 24 57 59 63 65 67 69 74 84 85 99 117 118 123 129 134 135 137 142 146 147 149 156 173 175 213 222 228 240 257 260 288 295 298 320 321 323 342 351 376 410 412 414 419 426 427 434 445 470 479 482 495
15 100 29 33 40 41 44 51 58 63 79 95 103 111 118 121 124 134 154 157 169 170 174 180 206 215 223 233 235 245 254 278 285 300 303 304 332 337 357 362 389 398 401 403 408 414 418 426 427 428 429 437 448 452 455 458 460 467 474 476 479 480 485 496
16 97 17 27 29 36 37 63 65 66 67 70 72 85 95 114 115 119 138 143 145 168 172 174 175 208 213 226 228 255 277 282 287 304 316 319 326 339 346 348 353 383 385 388 398 416 418 444 451 453 454 456 477 488
17 78 30 50 60 104 132 137 147 156 158 161 165 174 186 187 196 200 230 242 250 266 267 292 301 324 331 335 376 387 405 417 424 430 450 451 452 471 472 474
18 63 45 49 61 73 80 82 86 88 92 106 135 141 156 158 182 183 191 192 194 198 201 204 213 217 234 242 255 271 279 303 323 329 346 347 352 356 360 369 412 413 425 442 454 459 461
19 53 35 39 41 58 66 67 93 94 95 109 135 142 158 166 168 172 183 194 205 209 235 240 266 269 277 286 287 302 314 320 325 336 354 359 399 407 413 416 421 427 434 445 455 489 493 496
20 65 21 72 74 76 89 98 102 109 116 131 133 142 143 145 159 171 173 178 183 184 186 187 201 210 211 223 224 228 238 240 255 269 283 298 300 325 336 341 351 369 389 397 407 412 414 431 448 450 472 473 476 498
21 96 56 59 74 77 79 86 93 94 100 130 148 150 151 157 176 194 201 210 214 251 252 260 282 284 293 314 330 331 341 355 357 360 369 370 387 400 403 424 426 438 439 446 449 454 474 478 482 487
22 50 34 36 40 42 55 70 79 80 92 94 107 115 125 126 149 154 155 172 175 187 191 204 209 216 220 221 234 237 263 284 288 301 308 344 347 349 352 354 389 408 410 411 418 432 444 446 447 449 451 455 458 460 472 473 480
23 94 32 33 42 44 70 71 73 76 86 100 127 137 141 166 169 180 181 189 201 206 210 215 218 238 242 266 280 297 303 305 308 309 316 326 339 340 343 349 378 386 390 398 435 456 464 467 473 487
24 91 30 32 52 53 74 88 114 118 125 130 145 147 169 180 182 186 191 197 198 211 213 217 220 235 236 241 247 261 265 266 300 301 308 330 333 341 343 348 349 385 392 393 394 400 417 421 428 454 476 498
25 83 30 45 70 86 92 97 103 107 114 119 133 146 154 156 179 182 198 213 224 231 242 243 248 253 260 274 283 297 327 344 358 362 363 382 390 396 407 418 429 430 431 436 440 470 478 486 492 499
26 98 28 30 62 66 71 72 81 89 106 145 146 161 173 175 182 188 193 196 200 203 220 222 232 237 243 247 253 254 267 268 270 278 302 314 315 321 329 333 341 351 354 370 371 387 403 431 441 462 463 484 485 498
27 90 43 45 59 69 84 85 109 112 115 136 149 152 158 174 182 204 236 249 251 252 258 272 285 286 307 310 319 330 332 337 354 365 383 389 397 400 404 414 469 483
28 81 31 43 53 55 71 74 88 94 101 108 109 111 116 150 178 191 193 195 198 201 202 203 215 225 227 232 233 242 252 253 264 267 274 278 288 327 343 346 347 355 362 377 382 387 389 403 424 430 450 461 463 496
29 89 37 50 51 65 68 80 85 98 99 104 108 116 125 138 142 153 161 163 169 182 185 197 210 229 232 239 247 262 269 273 282 290 296 298 305 316 333 338 347 366 372 375 378 388 394 400 415 416 423 445 448 449 466 467 468 483 486
30 99 32 43 62 64 73 99 102 107 118 119 135 144 148 168 169 175 181 186 193 207 221 223 251 265 275 293 313 319 356 360 370 375 381 389 409 413 419 500
31 79 44 48 53 62 63 68 75 80 87 89 108 129 141 144 153 154 162 164 177 216 218 236 238 254 266 275 286 297 317 321 332 335 352 363 373 375 382 384 446 453 455 457 493
32 54 50 51 52 73 78 79 113 138 151 160 167 177 186 203 208 222 225 238 240 241 257 265 294 300 305 306 307 326 327 332 343 346 350 355 374 379 380 388 395 398 404 415 425 431 436 437 465 498 499
33 54 38 62 69 72 80 81 89 91 92 97 98 105 111 116 123 124 126 137 153 182 196 197 209 211 215 227 234 235 237 248 261 269 274 277 279 282 318 337 341 361 372 384 396 411 423 439 443 444 448 451 480 492
34 79 46 50 62 95 106 133 142 192 201 211 216 225 237 240 264 283 302 325 339 350 360 375 376 408 410 423 449 455 487 492 495
35 50 38 60 63 81 124 126 129 139 151 162 164 177 180 184 195 198 207 210 213 214 219 223 224 246 269 278 279 281 291 298 306 313 339 359 363 364 385 386 387 404 407 408 412 425 426 429 440 451 452 458 462 466 481 497
36 62 37 41 71 74 138 143 153 176 187 213 214 215 216 244 247 248 251 281 312 316 319 325 328 338 340 343 356 386 395 399 404 406 408 415 417 423 427 440 448 461 468 486 489 493
37 83 49 51 76 91 102 112 113 121 122 125 151 152 157 158 163 197 206 214 217 230 242 246 250 251 276 282 288 291 299 317 324 340 341 345 367 380 382 409 416 417 421 469 473 477 482 486 495
38 81 53 57 61 70 90 98 106 107 114 119 135 140 163 191 194 195 217 223 241 247 251 255 284 303 308 312 325 333 336 342 370 379 393 415 419 423 428 440 447 459 494 500
39 54 46 47 73 75 76 82 93 98 120 130 142 145 146 161 165 170 185 194 207 217 227 243 263 271 284 285 290 303 305 313 330 339 343 362 367 396 419 422 427 433 437 442 455 456 460 464 479 484 487
40 53 48 49 52 93 101 119 122 135 138 166 177 179 181 183 184 199 221 227 246 251 253 293 301 320 342 357 376 385 389 404 413 415 427 431 437 443 451 459 481 487 490
41 58 48 58 63 76 80 92 104 106 117 124 125 136 139 149 153 156 166 184 190 197 202 207 213 240 249 258 279 282 312 323 348 355 393 417 429 454 461 464 472 484 488
42 82 43 57 59 64 68 71 84 92 116 125 186 190 192 205 209 226 236 257 259 273 302 311 358 381 386 387 393 394 423 433 439 447 449 468 482 495 498
43 99 63 65 71 77 108 124 130 131 133 142 150 153 159 164 170 173 189 192 194 207 208 209 219 222 224 231 241 246 291 296 308 315 325 327 341 347 385 386 398 440 449 450 453
44 58 65 67 80 91 93 96 120 127 133 134 142 165 180 206 207 214 218 256 260 262 263 266 299 309 332 347 352 353 358 360 371 374 390 396 412 414 416 457 459 464 489 491 494
45 52 73 75 79 103 106 107 128 132 133 149 161 171 174 178 185 189 192 214 216 220 221 245 270 276 288 289 292 303 308 314 322 323 325 332 342 361 387 402 413 419 421 433 440 449 455 459 467 470 474 479
46 100 58 59 64 72 91 95 122 123 144 154 157 161 168 177 182 186 196 203 207 216 236 250 254 256 269 285 286 293 313 329 337 348 365 379 383 393 413 426 433 460 471 476 484 485 496
47 88 49 53 59 73 80 87 88 116 136 151 153 154 158 159 169 174 178 190 204 207 210 246 250 257 259 264 273 285 317 319 325 333 336 338 342 348 351 355 360 363 398 401 424 440 444 453 463 499
48 54 51 53 54 65 88 89 106 107 134 138 144 172 177 179 191 192 194 200 217 229 232 236 246 251 268 290 299 310 315 317 341 354 368 388 401 426 428 444 446 453 465 469 482 494
49 84 60 71 72 89 115 122 125 131 148 150 152 158 160 162 166 199 209 214 217 227 254 261 283 296 297 322 339 342 370 374 377 382 383 387 427 444 446 450 451 453 468 476 488 493
50 65 66 76 99 101 104 117 120 124 128 129 132 139 159 161 183 187 195 196 199 211 221 225 231 235 244 253 254 258 267 293 303 315 325 328 334 337 350 357 367 368 385 395 397 403 405 408 423 433 440 483 489
51 70 54 64 81 85 96 113 114 125 134 144 155 181 200 229 232 246 251 272 276 279 316 318 349 359 362 369 374 378 380 381 383 384 391 393 408 432 439 459 460 466 473 475 477 481
52 58 53 62 71 73 78 80 106 108 110 115 117 132 138 162 164 166 169 193 196 204 212 228 234 239 243 247 305 311 320 323 332 338 340 341 354 360 362 365 367 371 383 394 398 417 419 420 432 446 476 486
53 92 64 70 88 92 93 111 112 114 115 122 132 143 151 153 160 170 181 189 191 211 233 237 263 264 265 266 267 278 279 287 295 334 335 337 344 347 358 360 366 420 424 468 493
54 55 63 65 69 74 86 92 110 117 119 123 125 127 149 150 170 182 192 196 207 211 212 215 218 237 252 264 274 282 284 294 295 305 308 312 317 320 349 356 374 379 387 414 426 439 464 466 484
55 89 62 90 92 96 110 134 136 138 143 147 155 164 165 176 182 187 188 190 198 214 219 228 277 282 322 339 349 352 354 366 367 384 391 400 402 416 426 427 428 431 435 443 444 453 468 470 485 488
56 55 73 74 79 95 98 102 103 111 116 129 138 148 172 173 176 216 218 226 233 260 263 288 300 316 333 341 365 377 378 379 394 409 422 467 481 488 489 497 499
57 62 65 67 70 82 109 120 129 145 160 172 178 183 197 201 208 255 266 271 276 281 285 294 296 299 331 357 358 363 382 385 388 390 409 433 434 448 449 454 488 498
58 68 67 86 91 106 118 134 140 143 156 180 186 189 193 196 199 201 218 228 231 241 265 266 278 289 290 296 311 325 352 367 376 379 389 404 415 416 418 424 425 456 466 470 494
59 53 72 77 81 82 101 113 119 121 126 144 150 162 171 173 178 183 186 187 188 197 198 219 225 232 247 248 253 277 284 298 299 332 333 334 347 355 362 365 369 395 398 407 420 429 441 451 458 480 484
60 54 104 111 127 135 137 150 152 161 169 178 188 191 202 203 208 218 226 248 259 262 267 269 277 289 302 312 314 334 341 342 383 405 409 412 420 422 433 445 447 451 459 460 462 484 492
61 61 65 80 82 98 104 110 119 121 124 131 146 151 153 156 158 164 166 197 229 239 243 248 256 261 270 276 287 296 315 320 331 340 345 347 349 355 359 362 371 379 408 409 414 415 422 431 432 449 471 483 491 496 498
62 99 65 72 87 91 97 98 134 147 157 174 205 212 220 226 236 237 240 258 261 262 263 266 269 283 288 291 299 325 334 361 362 365 370 374 376 380 386 390 400 431 432 444 446 455 466 468 471 483 488 491 493 497
63 91 66 67 84 90 105 109 111 118 120 133 142 144 146 164 172 174 178 179 211 221 232 247 253 281 282 291 295 309 326 327 364 370 375 382 405 413 419 421 433 437 447 452 456 466
64 89 82 92 93 98 100 103 114 145 148 149 166 178 181 194 229 258 274 283 290 296 303 341 353 358 363 366 375 382 420 421 424 432 435 438 440 442 445 459 464
65 97 68 72 75 113 115 122 130 134 139 141 142 158 167 185 188 207 209 248 261 270 276 291 316 317 324 328 332 345 350 361 381 389 396 398 409 420 424 425 444 452 458 469 483 484 497 500
66 75 106 108 113 138 144 153 154 168 180 187 191 219 228 235 240 244 250 251 258 262 283 284 291 305 323 325 345 362 370 377 387 389 391 407 413 418 439 442 447 459 469 479
67 70 70 76 79 100 104 114 119 168 180 191 201 202 203 207 210 212 220 222 230 235 245 250 253 266 270 271 276 290 299 302 316 334 371 390 393 394 401 406 412 418 439 454 483 495
68 91 79 85 90 104 114 122 128 134 137 140 149 175 184 205 225 236 237 247 272 274 277 286 304 317 341 346 349 374 381 382 390 401 404 412 421 429 441 475 491 496
69 95 77 108 115 122 138 149 162 165 177 179 185 194 200 209 216 245 271 273 277 281 283 284 318 346 358 366 369 371 373 380 389 419 423 429 454 456 461 488 493 499
70 73 82 83 95 98 112 130 179 183 213 245 252 255 271 292 293 302 303 314 319 323 328 333 345 363 366 370 375 386 430 440 444 458 474 484 486 499
71 85 81 84 90 94 107 108 122 135 137 140 148 176 191 198 226 228 231 237 245 264 269 276 280 284 290 298 303 306 309 322 341 359 362 390 403 405 412 434 447 453 457 472 479 480 488 493
72 65 85 88 91 93 95 101 108 124 127 133 140 141 148 151 156 159 171 173 175 185 192 207 208 213 215 234 249 255 266 284 292 298 299 316 317 341 353 381 386 389 395 418 421 424 434 444 455 461 464 468 488 491
73 89 89 94 110 120 149 151 156 158 191 197 198 200 212 215 216 219 221 246 251 252 271 284 288 294 310 311 313 323 328 333 339 353 358 360 393 399 401 414 426 428 441 445 463 481 497
74 75 76 78 86 96 106 118 121 126 140 160 161 168 170 183 196 204 205 206 218 224 227 237 254 275 283 292 294 296 309 317 325 333 336 339 350 365 381 397 398 405 451 461 469 476 487
75 66 85 101 111 114 125 129 137 141 143 145 153 156 163 175 176 191 201 202 207 228 231 232 243 246 299 300 304 312 336 338 349 358 372 378 391 394 404 405 406 421 449 460 461 470 473 497 499
76 96 82 94 107 126 134 142 146 149 164 166 168 173 174 176 187 194 204 208 227 232 237 243 246 252 260 263 266 273 285 303 304 312 320 334 344 348 357 361 369 370 374 377 385 391 392 417 420 430 437 440 443 471 479 482
77 58 84 114 115 118 121 123 125 129 139 142 156 167 183 186 190 192 199 220 233 251 252 254 261 270 279 296 323 333 360 362 364 370 390 392 407 413 426 430 432 449 459 461 466 478 484 490 495 499
78 81 89 91 132 159 167 172 181 201 207 230 239 246 247 254 264 269 279 289 298 305 310 311 320 321 325 331 334 340 341 373 381 398 416 423 436 450 461 468 474 477 487 491 494
79 68 81 89 95 100 108 141 158 165 174 208 209 224 232 238 240 245 250 274 280 284 287 288 299 303 316 326 336 347 353 359 362 368 392 403 406 411 438 451 455 459 477 487 500
80 94 86 89 98 111 142 161 177 186 187 224 225 229 236 239 247 251 261 267 268 289 290 338 346 358 371 377 378 415 416 431 445 461 463 476 477 481 482 483 488 497 500
81 80 97 110 137 139 146 147 148 159 160 183 194 201 209 218 219 230 262 270 272 277 310 326 333 344 350 370 375 381 394 416 426 431 439 447 448 469 472 487
82 94 84 85 97 102 106 129 135 138 152 177 197 198 200 201 234 244 247 249 260 262 263 268 291 308 339 341 344 350 372 388 396 400 404 411 422 434 462 468 473 479 482 489 495 497
83 58 92 98 120 133 135 156 163 165 189 214 219 220 222 226 235 239 243 245 246 253 257 267 278 290 294 296 298 305 308 317 337 342 357 379 405 410 411 441 444 466 467 492 495 499
84 92 87 105 108 112 123 134 137 144 149 169 171 173 185 203 241 263 266 275 288 292 294 299 301 312 324 355 371 386 405 418 422 423 431 438 442 477 494
85 66 88 91 107 116 117 119 120 127 137 144 149 171 174 177 186 209 238 239 254 258 263 276 281 282 286 289 290 291 293 295 297 308 309 316 317 328 333 337 340 341 365 380 405 415 417 425 444 492 498
86 84 121 135 138 142 165 191 205 208 219 221 224 230 232 235 243 274 275 279 298 304 312 313 328 342 346 350 353 402 403 404 410 411 453 468 472 484 498
87 88 90 93 98 114 119 120 134 148 149 169 177 191 211 223 237 255 262 274 291 296 297 311 318 324 337 351 353 368 399 404 418 439 442 451 459 463 464 472 475
88 80 104 105 110 111 114 124 159 170 194 205 226 228 232 243 245 254 259 265 275 283 300 303 306 337 340 349 354 358 366 380 384 390 394 414 428 457 464 469
89 100 93 107 117 135 139 141 172 183 187 189 195 202 204 208 218 243 244 253 254 255 256 272 279 285 319 320 331 338 350 404 414 429 432 438 445 447 449 457 460 461 484 490
90 58 92 118 119 134 167 172 177 183 188 193 204 224 239 255 258 263 289 301 304 306 312 315 319 320 325 327 355 363 366 376 382 384 385 408 416 430 437 448 454 457 478
91 87 104 139 169 170 177 179 196 210 221 223 245 246 250 260 270 274 295 296 298 317 330 339 354 379 388 400 402 403 411 412 414 426 428 439 441 442 453 476 499
92 87 99 125 138 148 163 164 170 171 175 194 197 214 221 234 255 261 288 289 310 311 319 330 331 348 364 368 375 385 403 419 422 426 461 462
93 55 100 103 105 112 115 118 127 147 150 159 173 181 185 193 198 215 217 219 278 297 314 316 324 327 332 344 347 349 350 374 379 383 395 429 447 450 461 470 488 492 493 495
94 84 101 125 156 162 185 186 193 201 220 233 251 252 257 262 266 277 283 284 301 342 345 346 356 361 391 396 404 420 422 442 451 452 454 460 477 489 498
95 50 96 118 122 128 130 131 146 154 157 174 193 200 212 214 222 228 244 252 267 271 273 298 309 325 330 331 333 348 360 375 383 394 396 405 434 485 489 493 498
96 62 111 114 118 126 131 133 148 160 175 180 217 222 231 256 260 269 270 274 281 295 301 305 319 324 364 369 370 381 392 394 401 427 439 446 449 455 456 474 478
97 58 102 105 141 142 149 173 183 184 190 210 230 246 247 249 260 261 309 331 332 350 366 372 386 389 415 416 420 428 442 448 450 462 476 480 483 489
98 96 104 110 140 166 185 212 217 227 231 248 250 252 259 261 272 284 290 300 319 327 335 339 358 363 373 376 380 396 403 414 415 443 445 446 463 470 478 491 499
99 73 105 106 120 123 152 155 187 190 193 195 199 203 217 240 262 271 275 279 280 283 295 306 309 310 315 321 332 338 342 357 359 369 371 373 381 385 400 406 417 443 445 446 452 469 500
100 51 102 105 128 136 139 144 146 148 155 158 175 177 178 182 192 206 207 224 232 251 255 263 288 297 300 302 304 311 315 318 321 326 330 349 351 356 363 374 378 384 395 406 417 428 435 464 470 483
101 62 113 128 132 142 148 150 151 177 194 212 230 241 242 253 266 268 271 294 299 303 309 320 331 354 358 366 374 396 399 413 416 426 428 432 435 436 447 452 485 498
102 88 103 119 124 126 150 153 156 168 192 204 223 226 235 257 258 262 267 276 281 328 333 351 353 387 391 413 419 423 433 441 462 465 472 474 481
103 82 107 120 137 140 145 179 181 183 184 185 189 190 193 194 203 233 239 247 258 261 267 278 286 292 300 304 314 315 316 325 330 352 356 360 369 372 373 377 378 390 393 410 414 424 436 447 467 469 472 485 486
104 77 119 133 158 159 163 164 195 200 212 222 229 240 263 269 276 315 318 328 345 346 350 353 368 370 371 376 400 408 422 446 470 480 489 500
105 61 120 124 128 130 132 137 140 160 166 176 186 238 243 254 259 263 289 293 296 323 351 369 374 396 426 432 434 439 445 452 458 471 475 482
106 63 112 113 130 141 145 150 161 166 187 205 221 236 241 243 247 249 251 253 254 263 270 273 277 282 310 312 370 373 374 377 381 383 387 391 398 406 420 430 433 441 444 454 460
107 88 115 119 121 136 139 152 154 172 183 189 203 211 227 245 276 281 284 294 325 338 347 355 379 405 436 453 462 468 479 493
108 68 118 124 136 146 150 174 183 190 200 216 238 240 264 274 275 277 285 301 307 325 343 374 376 381 382 390 391 394 409 411 412 414 416 421 422 462 465 472
109 61 113 114 117 122 125 131 153 154 165 179 184 186 188 191 199 204 208 217 225 226 228 229 234 236 238 240 243 245 251 257 293 294 304 328 334 336 338 342 355 363 370 381 386 391 394 428 435 447 448 456 473 475 480 483 498
110 100 116 122 132 146 151 152 157 164 170 181 199 248 266 267 268 321 322 327 337 340 351 358 360 376 377 400 412 415 429 435 461 463 475 479
111 98 133 145 152 157 172 177 179 180 182 195 208 212 225 230 232 250 253 293 296 299 308 329 334 336 342 361 367 371 376 380 383 413 435 452 461 488 490 492
112 100 123 127 159 181 188 191 236 269 279 297 301 305 310 324 326 329 336 340 347 350 355 357 364 366 370 384 394 400 426 444 459 465 471 479 482 496 499
113 71 142 144 189 190 213 222 228 229 291 325 338 350 353 365 371 408 425 431 434 440 444 445 459 462 470
114 52 115 140 142 143 152 160 165 170 172 182 187 201 205 224 229 235 239 240 255 263 290 291 305 311 313 327 350 352 362 384 406 408 411 415 423 431 437 444 445 446 449 450 454 456 461 465 467 468 475 478 486 492 493 498
115 67 137 176 181 187 189 193 195 227 229 236 248 256 257 258 268 279 287 320 323 327 329 331 333 345 356 367 374 401 405 417 424 425 437 439 441 447 470 471 472 486 491
116 73 117 118 121 135 145 149 156 182 183 199 211 227 228 236 237 247 248 249 252 258 260 272 298 299 310 319 322 345 383 388 390 406 410 412 425 427 428 431 434 444 447 463 466 467 484 496
117 52 118 123 150 152 155 160 175 183 196 224 229 232 234 237 254 259 274 276 278 283 285 286 293 309 314 328 334 336 341 363 373 387 414 447 469 492 498
118 97 125 140 145 159 167 169 171 172 181 182 191 209 221 252 253 260 272 282 296 305 309 315 332 354 367 371 373 406 409 422 425 444 454 460 473 477 488
119 74 130 131 138 158 169 177 184 190 191 215 221 223 225 233 267 271 281 311 322 329 345 352 360 366 404 406 415 417 424 432 437 448 460 479 500
120 74 124 131 137 138 139 162 167 185 194 195 199 229 240 248 259 261 299 300 308 329 332 360 375 380 387 394 409 414 421 429 441 444 457 458 497
121 75 130 152 159 160 165 168 176 187 188 197 201 209 210 253 255 256 265 268 279 281 284 285 313 321 329 338 343 344 347 348 357 373 377 380 388 395 403 404 413 419 431 432 435 456 459 463 470 471 473 486 489 490 498 499
122 86 150 163 180 196 198 212 213 236 245 253 277 289 302 303 305 307 321 329 333 336 339 352 354 370 374 381 398 420 432 444 445 446 471 492
123 96 135 142 143 166 182 193 194 199 208 211 226 247 253 257 259 261 271 279 280 286 300 310 316 335 340 348 378 386 395 396 406 415 418 432 437 448 467 475 477 479 484 491 492 497
124 69 142 152 153 161 181 189 190 201 203 215 237 247 254 259 263 265 273 275 284 288 293 298 302 320 334 337 341 355 390 392 393 394 407 413 435 456 461 482
125 64 138 169 170 179 187 190 198 200 205 218 220 223 230 248 249 272 302 310 316 343 348 352 365 371 375 378 380 385 413 417 426 427 430 433 438 441 444 465 472 500
126 84 136 148 151 154 186 192 196 210 224 229 240 244 252 264 267 268 281 291 308 311 322 336 353 367 376 400 402 408 436 446 452 454 474 485
127 81 130 144 148 163 168 176 179 181 187 190 193 207 219 229 231 240 256 261 271 287 330 343 351 359 362 382 402 406 410 421 423 444 450 469 483
128 74 144 162 165 170 183 216 220 256 299 303 309 316 319 327 336 337 341 345 347 351 352 356 358 379 386 397 398 401 404 422 430 433 439 440 462 475 476 485 487 492 496 499
129 61 132 142 143 153 192 196 210 235 237 246 249 256 266 276 287 305 352 363 365 370 380 383 397 417 424 426 440 456 465 490 493
130 86 149 151 156 167 171 175 179 189 190 192 203 216 221 222 229 246 251 263 270 284 286 288 289 300 339 431 433 435 450 452 461 466 471 480 484 488
131 86 149 154 175 176 186 194 195 205 206 238 265 271 286 303 308 325 348 364 366 372 388 408 413 450 477 482 484 495 500
132 77 134 177 180 196 202 204 212 215 216 222 254 256 262 263 278 290 291 323 324 327 328 336 347 362 364 370 373 381 391 392 409 414 430 441 463 466 483 488 491 493
133 52 134 139 171 172 197 199 204 206 215 218 223 228 234 245 252 266 280 287 294 301 314 316 330 339 361 375 388 390 402 424 426 431 438 457 458 461 468 469 470 471 473 484
134 87 135 141 142 154 162 166 179 224 235 244 249 252 257 262 286 300 310 322 324 330 341 345 351 378 385 386 395 396 402 437 445 454 460 468 481 498 499
135 70 136 138 153 158 161 184 189 191 194 205 211 212 225 226 227 238 245 248 255 282 290 316 323 334 345 348 390 400 417 426 427 446 473 480 492 494
136 84 140 143 153 159 161 177 234 242 262 274 292 295 305 308 311 322 337 348 349 356 364 378 397 399 408 416 417 419 445 447 452 453 460 472 478 490 495 496
137 53 176 187 188 191 193 194 198 200 209 213 215 230 239 251 255 258 319 327 338 340 344 359 360 362 364 368 388 393 396 408 410 420 421 430 442 458 464 475 481 489 490 495 497
138 78 146 172 179 183 192 198 220 221 224 227 237 242 250 252 275 276 283 286 349 363 366 392 404 409 430 437 448 451 455 459
139 71 142 144 146 153 167 173 175 192 232 249 253 263 275 277 284 287 317 343 354 360 361 376 395 398 400 417 423 437 477 496 497 500
140 65 147 154 155 162 171 172 185 192 200 202 208 226 234 237 244 249 255 273 293 299 311 318 331 347 356 360 369 375 391 393 404 410 415 426 434 479 486 494
141 63 151 158 160 164 165 174 175 191 194 218 238 241 261 263 265 273 274 277 282 291 294 299 306 326 336 345 346 363 383 390 410 417 418 419 433 436 446 450 457 459 465 467 469 484 486 488 490
142 63 146 156 171 177 179 184 186 189 212 220 225 231 234 237 262 264 271 294 303 305 317 318 331 367 378 389 392 396 399 419 437 444 453 468 492
143 63 147 148 149 169 209 213 234 256 271 288 302 307 322 325 329 347 350 351 366 383 395 410 411 417 425 427 429 431 465 466 477 482 488
144 79 147 152 154 160 162 174 179 180 186 192 198 229 238 248 259 261 286 303 316 330 346 349 374 378 383 387 408 413 417 443 451 474
145 99 158 164 175 179 183 185 187 193 202 205 225 227 229 231 243 260 279 284 307 324 339 351 383 386 389 408 445 446 459 461 467 478 479 482 485
146 78 167 191 204 205 208 216 217 221 230 236 245 253 257 258 270 273 290 291 302 305 306 325 334 344 350 370 373 378 379 399 416 424 440 442 448 458 495
147 50 150 165 169 171 174 177 204 206 219 233 240 291 296 300 305 316 319 328 341 342 347 361 363 370 395 402 405 406 444 446 470 471
148 59 156 161 165 168 178 188 193 201 213 220 254 258 281 286 291 299 311 313 314 349 356 362 365 371 378 379 382 385 395 415 428 432 435 450 453 461 500
149 50 158 159 167 168 170 189 211 225 229 251 258 276 278 285 286 295 306 314 315 319 320 321 331 342 369 375 376 381 411 418 435 442 451 459 468 471 473 474 481 485 486
150 59 151 165 167 173 193 197 200 225 226 231 233 234 245 246 265 269 275 278 293 294 295 299 344 360 361 364 368 388 392 393 396 408 432 440 449 457 467 468 484 496
151 59 153 155 161 174 203 204 207 210 216 217 224 231 234 245 253 258 260 262 278 290 293 294 300 315 330 333 337 341 348 356 364 371 376 377 403 406 411 417 432 435 445 447 450 453 459 482 484 489 493
152 70 153 159 176 185 195 196 208 209 215 233 253 254 268 274 287 292 302 304 311 329 345 405 410 413 440 448 452 460 462 471 481 486 487 489
153 59 158 180 186 187 188 189 192 193 194 195 196 197 204 231 232 253 262 272 275 285 299 308 309 311 314 323 325 331 337 347 350 357 364 374 379 382 389 409 416 427 432 437 444 449 454 480 482 483 490
154 52 161 163 164 166 170 173 178 193 196 200 241 259 279 284 285 288 303 317 322 336 340 343 363 368 370 372 389 422 439 446 478
155 91 164 165 166 173 187 195 217 222 226 234 243 250 262 272 289 294 298 305 329 340 344 345 351 364 365 376 378 405 411 414 415 423 426 440 443 458 463 469 482 497
156 85 157 159 160 176 180 194 215 228 229 231 236 261 265 276 282 293 301 303 304 307 319 322 327 343 363 382 396 424 425 428 446 499
157 97 173 182 190 198 212 231 232 247 270 274 286 289 292 295 306 311 312 315 327 330 336 351 362 376 381 393 399 401 406 408 409 414 477 480 497
158 88 177 190 191 194 201 204 207 235 247 252 257 259 274 279 290 298 305 307 313 336 339 341 344 352 366 389 425 430 433 442 460 462 468 469 484 485 492
159 82 168 181 189 217 218 222 245 253 261 272 282 303 329 352 361 363 388 391 395 403 417 429 434 445 455 472 475 476 492 499
160 89 189 208 210 212 217 231 243 249 260 261 269 271 274 283 285 288 289 290 293 309 312 337 340 346 356 371 373 400 403 435 442 447 449 450 478 493
161 67 162 194 197 199 213 228 237 248 265 272 279 324 346 353 362 363 369 386 391 407 413 415 419 421 425 426 454 467 471 473 491 498
162 73 184 185 188 200 210 212 216 231 236 239 240 242 248 253 255 260 262 264 272 295 296 305 337 338 361 370 372 378 379 381 404 406 412 425 440 450 451 472 475 494 497 499
163 88 184 205 219 255 257 278 298 308 316 319 334 335 344 345 366 383 389 412 433 450 452 460 477 489 495 499
164 95 167 174 180 182 188 189 198 222 263 273 279 282 286 287 294 295 301 303 311 312 326 335 345 348 359 375 395 402 411 425 446 447 451 461 462 471 481 498
165 95 166 188 202 206 223 239 263 265 285 287 294 300 329 355 363 368 371 375 382 409 411 413 424 447 457 476 489
166 93 167 177 181 208 217 225 231 235 247 251 278 312 336 343 361 380 383 389 396 406 434 440 458 491
167 96 180 192 208 212 216 221 257 259 282 283 288 294 303 343 354 359 364 379 382 383 385 390 392 393 407 421 429 435 444 448 464 472 483 489
168 52 178 186 210 211 215 216 231 242 259 273 277 279 286 287 288 296 309 311 312 318 354 391 403 410 415 483 496 499
169 79 170 177 178 185 189 201 202 206 216 228 247 281 283 284 285 286 291 310 315 342 345 365 379 385 396 405 407 438 447 454 456 462 479 481 484 486 487 490
170 90 175 178 201 220 224 261 277 279 293 294 297 303 306 324 325 326 334 340 342 343 345 360 365 375 378 379 394 420 422 423 435 447 450 451 468 469 475 494
171 78 178 194 204 227 229 244 273 301 327 337 338 347 372 373 386 394 403 412 434 435 459 468 469 482
172 67 177 193 200 202 220 223 249 259 260 275 304 307 313 337 354 390 442 453 460 465 470 476 479 499
173 79 193 222 235 245 250 253 260 269 303 304 309 310 318 319 323 328 331 335 340 341 355 357 407 414 428 451 457 462 477 490 495 496
174 91 176 193 197 201 207 218 221 238 241 246 261 268 271 281 282 305 314 317 324 325 330 350 352 368 382 396 400 409 413 414 428 439 445 452 456 466 473 488
175 77 181 210 219 220 239 240 263 271 305 308 328 355 356 364 384 402 412 420 443 462 472 476 477 493 498
176 60 180 206 223 239 240 246 253 254 255 264 265 268 274 294 301 317 321 326 332 343 357 362 393 394 412 423 427 430 443 457 461 463 464 476 482 498
177 93 189 208 209 217 224 226 247 253 264 285 295 298 332 336 338 341 356 381 384 387 412 416 421 423 426 433 436 440 453 454 461 493 494 497
178 90 187 195 200 208 254 258 261 269 271 296 298 306 313 335 339 342 355 363 373 375 378 396 398 406 434 450 461 462 472 477 486 489
179 62 182 187 195 207 211 219 223 227 263 272 284 287 293 296 307 321 331 343 344 353 360 363 368 379 380 382 383 384 403 423 428 436 441 448 466 483 487 489 495
180 99 199 208 224 227 235 250 255 272 284 289 294 296 297 299 305 306 328 333 335 347 364 371 383 385 395 425 455 472 477 483 485 497
181 71 189 191 193 198 206 218 219 236 237 246 266 267 268 276 283 285 286 304 305 306 327 343 373 381 382 384 396 398 407 411 420 426 428 445 457 469 473 489 493
182 99 183 186 188 192 207 214 221 237 259 269 272 298 300 320 323 330 334 390 395 397 402 409 421 431
183 80 206 208 230 232 240 244 260 271 278 281 282 296 297 305 309 323 335 343 366 377 393 401 416 430 432 434 435 446 453 457 463 465 466 475 481 493 498
184 67 185 188 193 221 230 256 287 304 314 339 352 353 361 363 373 391 395 396 398 403 413 424 427 436 448 452 453 460 464 469 479 483 492
185 61 190 209 210 212 235 241 269 280 281 284 289 302 310 312 325 328 358 360 365 392 408 418 419 422 428 429 448 449 451 459 472 487 488 497 498 500
186 93 190 199 207 214 219 252 266 269 273 286 287 309 333 338 341 348 361 365 378 380 383 386 387 388 431 447 458 466 468 472 479 496
187 83 203 212 227 235 244 256 262 272 317 321 332 355 365 366 374 379 394 420 437 440 443 449 479 494 497
188 65 209 220 250 260 271 277 288 292 330 344 350 353 370 375 392 395 403 438 466 468 491
189 75 204 209 212 214 230 233 235 271 274 283 285 287 297 301 311 321 326 346 352 356 360 361 388 399 406 411 434 436 448 453 468 479 481 486 492 494
190 91 210 213 218 222 239 250 260 269 276 281 283 291 292 299 301 304 307 321 328 329 343 344 345 357 365 367 370 379 386 403 412 418 423 426 457 460 462 466 474 475 500
191 76 192 197 203 204 210 220 252 257 272 274 281 302 308 319 320 323 325 331 363 366 372 374 381 387 399 409 411 455 466 470 475 477
192 95 193 199 208 214 215 222 231 234 247 249 264 274 290 293 306 313 363 365 369 377 379 383 385 398 418 421 426 433 434 448 452 457 459 463 467 470 480
193 76 222 224 232 237 241 272 300 303 304 331 335 354 367 391 448 452 454 460 461 468
194 69 199 204 207 246 260 267 273 276 283 284 288 290 294 301 303 306 321 325 335 363 387 390 395 412 424 435 480 497 498 500
195 57 203 208 218 229 250 253 259 260 267 295 312 326 370 376 395 414 416 423 432 435 452 459 479 498
196 77 197 211 218 228 231 233 252 259 265 267 270 281 283 323 330 340 343 346 350 362 365 372 392 412 423 450 469 471 478 497
197 84 207 209 211 220 237 241 251 254 269 271 278 282 309 319 346 355 380 394 396 422 425 426 429 435 469 477 486 490 498
198 83 210 214 218 243 245 263 276 289 300 304 314 322 324 326 327 331 332 363 366 374 426 429 431 437 474 477 479 481 494 499
199 87 211 217 225 228 238 249 259 260 272 285 287 288 303 305 308 320 325 329 334 335 392 395 408 423 424 425 435 436 440 495 499
200 68 201 202 206 211 230 232 243 256 257 275 278 280 283 288 294 295 298 330 344 346 348 352 358 366 368 377 420 440 446 456 476 493
201 93 206 214 234 245 259 285 287 307 315 317 332 342 360 369 373 380 385 391 393 401 422 427 431 439 457 464 465 468 494 496
202 97 212 225 240 241 249 257 275 280 290 296 303 305 308 314 334 340 345 348 358 366 394 403 408 411 438 464 481 490 492
203 67 210 211 225 248 259 260 266 267 281 304 311 318 320 322 323 332 338 340 347 352 354 357 365 380 389 390 420 423 449 458 484 488 493 494 496
204 53 244 248 255 257 262 263 264 278 280 286 290 295 298 299 317 326 334 338 346 360 368 370 402 404 413 417 419 423 435 441 452 458 472
205 88 219 227 228 229 237 248 252 260 269 292 296 302 309 337 344 345 353 364 378 403 415 426 427 437 479 481 484 486
206 54 216 217 222 228 231 236 237 238 254 259 264 269 274 279 288 289 292 305 313 319 324 327 329 336 365 398 414 415 420 424 426 436 438 450 488
207 75 217 219 226 227 242 258 288 295 302 304 307 312 321 327 335 352 355 356 379 387 398 403 415 421 428 431 436 453 456 458 463 468 484 487 492
208 90 223 226 252 270 287 290 292 304 307 316 330 344 348 353 361 367 369 387 402 415 419 439 443 455 457 468 481 492 494 496
209 74 213 214 237 242 255 264 265 269 275 278 281 299 301 306 311 312 314 332 340 341 347 349 356 373 378 383 404 410 414 420 438 447 449 451 469 474 477 498
210 90 213 224 235 254 268 273 280 286 290 297 343 348 355 367 369 392 411 414 415 452 454 461 477 492
211 57 214 216 227 262 264 272 276 289 313 316 326 334 337 371 376 384 400 402 413 418 419 423 462 478 483 487 490
212 88 224 228 231 235 287 292 300 307 316 317 333 336 360 362 379 386 387 391 404 440 458 470 473 476 478
213 91 227 243 247 249 254 260 265 270 272 275 289 291 316 319 335 339 349 350 360 363 376 379 381 388 414 422 433 440 449 450 460 461 462 465 470 474 490 500
214 98 216 226 228 247 254 259 272 273 281 299 302 317 318 340 342 344 346 353 368 369 372 373 374 385 386 405 407 422 426 446 449 465 480 498 499
215 100 230 233 241 242 246 250 252 262 266 267 270 275 276 281 297 302 314 317 319 329 338 345 371 382 386 388 395 396 405 413 424 425 437 444 468 480 486
216 88 246 258 263 279 293 297 298 310 314 318 321 347 367 370 410 423 427 444 445 447 460 464 472 485 493 497
217 81 228 256 262 266 270 306 315 323 327 334 341 345 351 395 402 403 405 415 422 441 453 456 476 495
218 72 227 256 273 288 290 292 294 302 310 312 326 329 332 350 355 358 381 429 462 466 473 483
219 84 226 230 233 237 239 241 245 257 259 260 265 305 322 330 331 343 358 363 364 386 387 393 401 403 404 406 423 426 431 449 465 466
220 85 234 244 252 264 266 271 320 322 324 343 344 345 348 354 382 415 423 429 446 456 474 479 491
221 85 223 228 242 278 281 290 291 306 308 309 313 314 336 338 339 348 357 361 372 378 391 394 413 417 421 424 429 434 438 439 445 446 450 452 454 467 472 477 493
222 97 238 252 256 257 272 281 293 301 303 315 317 324 330 336 349 358 360 381 383 392 397 406 411 428 434 446 449 451 464 481 483 498
223 67 244 249 262 269 283 284 301 314 331 341 356 370 371 387 388 400 416 422 457 465 491 496
224 100 229 244 247 333 341 347 353 356 361 373 376 377 379 380 384 396 402 403 421 431 433 434 438 443 452 453 454 461 495
225 79 237 245 247 252 253 275 285 289 295 303 315 323 324 349 377 387 392 403 407 417 418 428 453 475 480 491 500
226 67 232 239 246 263 266 267 271 283 287 288 292 295 296 304 315 324 327 336 338 344 354 357 360 376 383 385 386 387 389 392 412 415 417 419 423 460 465 468 471 473 485
227 77 230 238 257 270 279 285 293 298 338 346 370 393 399 400 401 427 433 442 446 448 450 452 462 471 480
228 93 233 244 247 251 257 262 269 273 283 291 298 309 311 322 324 325 337 338 346 347 357 379 380 383 398 449 458 468 476 485 490 492 498
229 79 235 244 256 264 271 282 286 287 296 316 319 340 375 397 408 410 413 420 426 429 440 451 455 472 476 477 478 479 481 492 498 500
230 97 233 237 242 249 274 306 330 339 348 350 361 395 405 412 438 439 448 484 486 490 497
231 93 237 239 249 250 252 257 258 268 274 287 288 319 320 321 328 331 336 338 339 355 364 368 378 387 436 439 448 454 459 460 462 479
232 89 253 254 262 271 278 282 287 293 310 313 322 325 333 349 377 382 388 405 407 424 442 458 459 470 475
233 88 243 246 250 264 276 281 283 291 308 315 319 333 337 338 345 383 384 395 403 408 410 418 420 429 473 490 493
234 82 254 258 260 280 291 304 306 312 313 357 366 378 381 384 422 437 444 451 465 475 481 495 498
235 54 254 271 284 297 304 308 335 350 358 363 386 398 400 411 418 421 422 424 448 477 495 498
236 97 245 249 251 252 265 304 322 364 375 396 400 420 424 446 447 453 462 480 490 498
237 84 265 267 278 290 303 315 316 338 341 347 349 361 364 367 374 381 382 385 387 389 406 419 422 424 432 437 453 459 470 471 472 480 495 497
238 89 249 263 271 293 304 310 323 332 340 363 403 411 419 431 439 441 443 448 451 468 496
239 74 240 246 263 272 274 276 287 306 307 398 415 418 426 455 458 462 466 470 481 482 495
240 87 255 282 307 338 341 345 357 387 393 394 405 407 414 422 423 424 441 448 454 456 463 465 466
241 51 246 251 254 261 271 287 288 313 339 340 347 355 364 369 380 407 416 424 434 447 495
242 64 250 258 261 278 288 315 322 327 335 336 356 357 359 388 390 413 414 416 425 436 451 453 474 481 483 486 487 492 496
243 94 246 249 263 266 270 275 291 303 305 307 309 324 326 330 333 334 341 349 356 357 384 387 395 401 416 444 451 467 484 489 495 500
244 66 248 262 270 283 289 296 298 343 345 366 373 374 433 440 462 473 476 478 480 487 492 500
245 51 250 252 273 281 298 310 321 357 359 360 368 381 389 393 395 401 407 417 418 422 435 447 455 469 493
246 96 251 263 268 270 271 273 275 281 293 304 310 319 326 337 339 349 350 351 375 402 404 417 418 437 449 462 471 474 492 497 499
247 59 251 258 265 266 280 294 296 298 315 331 338 342 350 357 362 374 382 383 384 405 409 429 435 449 459 468 472 475 477 478 482 489
248 73 264 268 270 271 281 286 288 325 328 360 364 365 374 399 409 435 448 452 467 480
249 55 253 262 289 310 324 345 349 400 412 428 432 454 479 482 489
250 91 273 275 287 288 305 316 325 330 341 347 364 435 447 468 469 475 479 480 496
251 57 262 266 269 287 296 302 309 332 338 339 351 368 374 385 396 453 455 482 485 492 497
252 65 279 283 314 334 343 344 345 355 375 377 379 388 396 421 449 451 466 477 481 487 490
253 78 256 273 277 295 297 303 307 328 340 341 345 352 375 388 415 429 439 448 467 472 491 497
254 67 257 264 279 293 302 307 313 333 346 356 369 377 384 402 403 413 427 428 431 434 443 445 450 460 487 488
255 82 256 257 269 274 298 302 306 325 330 331 358 378 381 384 388 390 406 412 425 427 438 466 477 493
256 81 259 265 279 302 322 336 342 344 371 374 409 416 422 440 455 458 490
257 52 262 275 300 301 307 310 344 364 369 372 394 396 411 419 425 433 443 444 469 476 486 490
258 94 300 309 312 315 331 359 380 390 399 406 409 411 444 448 473 476 493
259 79 260 261 271 288 316 333 334 352 359 372 375 386 395 396 397 404 422 428 437 447 471 475 482 484 493 499
260 53 297 303 311 318 350 374 399 401 406 451 469 472 478 484 489
261 52 277 291 299 303 307 309 312 321 323 329 330 335 346 351 368 373 381 384 391 394 419 423 427 429 442 457
262 76 263 299 301 307 308 311 314 319 355 359 377 386 395 399 404 406 410 421 422 429 434 445 446 453 473 480 481 489 490
263 95 280 288 313 314 315 318 324 343 346 363 374 376 401 409 414 439 440 456 468 478 497
264 89 280 286 301 322 323 338 339 349 352 370 381 386 401 403 407 434 445 484 490 493
265 95 271 274 277 294 300 302 315 322 325 326 327 334 347 358 365 382 385 386 393 394 395 415 418 423 430 435 442 453 459 473
266 63 276 299 311 337 346 348 351 356 357 375 411 444 463 469 473 478 479 493
267 52 306 320 321 325 329 336 338 339 349 364 368 371 374 378 384 386 404 411 416 420 426 429 438 472 476 478 482 497
268 64 279 307 322 356 358 362 363 367 384 386 389 390 392 404 415 424 434 461
269 73 301 321 353 359 366 372 380 397 400 412 418 426 427 429 430 440 467 472 477 487 492
270 84 273 285 300 303 344 368 375 385 389 394 401 403 410 415 423 430 433 451 454 474 475 482 483 500
271 65 273 279 281 286 298 307 308 312 313 333 336 348 351 354 356 360 362 365 373 381 385 392 398 403 407 416 423 425 442 444 445 446 448 462 464 495
272 88 279 286 290 294 310 312 326 327 352 356 368 373 390 396 406 434 446 465 498
273 73 278 285 299 305 312 313 314 319 323 325 331 334 339 342 344 345 357 366 367 373 387 400 424 450 460 473 490 492 494
274 80 275 278 288 317 319 325 336 340 355 359 361 372 378 384 397 401 413 437 459 466 476 494 497 498 500
275 80 300 303 304 305 319 338 344 377 381 392 414 415 424 426 430 436 459 488 490 498
276 71 302 305 319 354 355 359 382 386 396 411 457 479 482 490
277 56 285 304 305 315 316 317 319 322 325 327 329 330 339 345 359 362 371 409 432 440 451 467
278 92 298 303 306 307 310 327 331 339 358 359 368 379 388 389 400 404 415 425 427 448 449 451 458 471 476 481 487 488
279 76 288 294 295 308 316 328 333 346 348 350 364 406 412 415 425 429 430 466 467 480 490 492
280 85 288 293 295 296 304 308 311 313 326 332 342 344 348 353 367 408 422 425 446 452 471 482 495 500
281 61 284 298 324 325 329 333 343 366 379 387 393 394 395 402 406 430 431 433 445 448 461 488 489 496
282 80 296 297 300 329 357 365 382 383 403 414 418 442 445 448 462 463 478 479 481 483 487 488
283 69 293 294 302 304 340 351 353 363 372 395 405 412 422 433 464 468 471 500
284 71 285 305 330 342 346 363 381 387 401 403 425 436 437 444 445 447 451 452 454 458 459 461 463 472 497
285 67 293 295 300 306 324 330 331 335 337 339 341 346 384 423 444 459 465
286 70 290 291 299 306 309 313 317 322 328 329 332 337 343 345 347 348 356 358 367 389 391 396 398 402 406 413 421 427 429 432 435 438 444 453 457 466 478 481 484 490
287 75 290 291 292 308 309 318 328 347 350 354 364 371 374 381 383 387 403 409 411 417 439 441 448 464 484 486 493
288 88 319 323 346 357 366 374 379 391 404 407 427 428 452 453 458 477 487
289 66 290 301 329 339 340 357 364 366 392 394 398 415 420 424 426 434 436 440 447 460 467 468 481 488 492
290 58 304 313 332 351 369 382 395 413 418 426 427 434 439 451 461 470 473 480 500
291 99 293 296 308 309 313 326 346 349 361 391 397 402 408 414 421 424 430 440 441 447 465 468 471 482 499
292 68 294 305 338 350 353 358 382 386 387 410 412 414 423 454 461 466 480 500
293 92 295 303 306 310 324 333 353 354 368 379 392 400 401 408 439 445 446 447 457 464 491 494
294 75 333 334 353 354 369 370 379 380 381 385 402 408 416 428 451 457 472 492 498 499
295 96 299 314 317 320 322 341 349 377 379 394 398 409 415 423 429 431 452 461 466 476 484 485 488 494 495
296 67 300 303 311 315 323 329 348 357 369 379 383 404 415 422 430 455 479 488
297 87 305 307 311 312 323 326 331 346 351 365 371 379 384 387 391 394 408 410 414 435 453 455 464 481 490
298 88 305 308 309 326 364 374 376 378 394 395 402 409 410 414 424 468 472
299 80 311 316 325 335 338 341 366 373 387 393 396 398 401 418 431 445 447 457 461 468 485 494 497 499
300 71 302 316 353 387 389 391 405 417 418 443 445 482 489
301 78 311 319 327 345 351 357 363 379 387 405 412 414 428 429 431 434 438 451 462 476 485 488
302 88 326 335 349 354 366 381 391 398 399 403 405 415 416 437 439 441 445 452 455 458 464 468 475 477 490 492 493
303 66 307 323 328 332 335 337 345 380 387 388 394 399 417 426 429 436 453 457 468 475 490 496 500
304 51 314 320 329 331 341 342 349 366 368 371 379 403 409 419 420 439 449 452 480 486
305 77 314 319 336 337 340 351 355 370 382 397 398 409 410 425 434 494
306 88 313 337 349 352 367 391 394 399 414 421 423 438 453 464 469 476 477 478 485 492 500
307 76 317 320 336 341 353 355 360 383 385 402 420 423 438 465 467 469 496
308 83 323 330 333 351 356 359 383 396 411 415 425 427 434 439 462 467 476 478
309 75 324 327 328 330 352 359 369 371 372 387 388 394 397 402 432 435 442 449 452 473 482 494 495
310 93 313 330 338 359 362 372 374 382 386 393 396 399 407 416 418 422 426 435 438 440 458 460 465 472 495
311 92 322 330 358 363 375 376 378 383 386 389 391 402 413 414 439 441 448 450 459 464 468 470 477 492 499
312 55 319 378 402 418 432 442 456 475 478 479 481
313 64 315 318 339 343 347 360 361 393 405 412 416 425 447 454 459 483 488 496
314 56 319 330 345 375 379 393 394 425 426 427 475 489
315 87 333 337 338 344 346 351 359 365 386 418 431 432 437 444 447 459 463 466 477 481 491 497
316 65 319 329 330 338 353 358 376 381 390 401 412 420 424 428 432 448 457 465 468 470 471 472 475 493
317 81 326 335 356 365 385 394 422 424 432 443 447 460 462 471 473 480 486 488 491 499
318 85 322 328 337 342 354 355 366 408 413 418 428 432 438 466 474 475 477 491
319 79 321 324 326 332 337 351 356 357 364 366 367 376 388 397 409 411 440 442 447 451 455 457 461 472 479 496
320 89 323 337 345 351 358 364 379 393 415 419 425 430 436 449 464 468 472 477 483
321 76 323 336 341 348 356 367 378 381 384 393 416 434 437 450 458
322 52 323 324 336 351 371 381 386 390 392 399 418 419 423 426 429 430 431 432 437 444 455 467 475 480 485 493 497
323 72 336 345 352 359 362 381 399 402 412 425 443 449 452 456 472 482 487 492 495
324 93 356 360 367 414 416 451 457 461 469 490 497
325 96 333 334 340 354 360 369 373 378 396 398 409 413 419 420 426 447 458 461 467 474 481 487 498
326 53 349 372 373 385 387 394 406 414 428 437 455 456 470 477 478 485 492
327 78 330 334 338 351 359 364 381 389 402 415 430 445 447 477 499
328 91 362 367 387 390 419 429 431 451 454 459 467
329 74 335 345 347 359 370 379 380 389 404 410 416 427 438 446 451 472 477 482 493 495
330 88 338 344 355 357 358 365 372 381 396 428 458 463 464 468 470 479 480 481
331 51 338 353 357 363 369 383 385 387 392 394 397 431 441 452 466 468 476 491 492
332 76 335 345 368 383 384 388 399 401 404 427 430 434 438 448 452 466 471 477 494
333 84 338 354 356 357 359 363 369 377 391 406 408 412 419 420 443 444 453 458 460 477 479 482 491
334 55 335 340 344 350 358 359 366 378 386 394 409 412 452 470 474 489 494 495
335 72 347 361 367 387 392 397 400 403 408 412 415 428 430 432 433 484 488 490
336 57 339 344 347 361 362 368 381 383 385 388 391 409 415 416 439 445 448 459 490 496
337 90 351 384 390 402 425 430 433 470 492
338 71 369 374 388 389 393 407 415 416 430 448 449 462 475 487 488 499
339 96 358 366 367 373 381 420 422 433 437 456 458 468 493
340 78 346 355 358 372 384 386 398 405 410 451 453 456 460 461 465 468 475 498
341 91 348 354 355 357 358 360 363 394 397 426 427 430 488 496
342 62 343 344 345 347 350 372 377 394 399 413 418 429 437 448 452 459 479 483 485
343 78 344 346 352 355 368 381 392 404 411 416 429 450 463 467 487
344 88 364 379 383 390 391 393 402 411 412 417 421 431 434 445 453 454 465 467 469 472 485
345 69 353 358 390 392 396 418 437 439 440 449 454 457 464 466 471 479 500
346 68 355 359 362 375 382 387 390 402 408 411 412 413 416 425 443 455 465 467 471 481 492 496 498 500
347 78 349 361 373 380 395 401 403 407 420 424 426 436 437 438 441 458 476 480 497 499
348 53 353 356 361 370 382 388 396 400 402 429 438 444 456 468 474 480 495
349 63 358 360 384 405 416 428 440 460 466 474 477 478 481 489
350 94 368 374 379 388 417 438 444 446 459 462 471
351 51 356 362 363 390 398 407 410 435 441 468 490
352 71 361 373 399 403 405 409 438 445 447 461 471 472 475 487 488 492
353 79 354 357 364 379 380 381 387 403 408 409 429 442 449 462 463 466 467 472 476 478 480 482 483 494
354 51 363 413 422 424 426 427 428 431 434 440 477 492 497 499
355 88 361 363 393 402 409 426 432 442 450 461 473 476 487
356 74 357 360 361 373 398 400 431 444 448 452 465 480 483 489 497
357 81 367 389 402 404 408 409 415 421 433 440 444 454 465 469 474 475 493 496
358 79 362 373 394 399 400 427 434 444 457 463 464 466 471 477 486 491
359 50 372 375 381 382 398 412 423 469 471 498
360 97 379 387 389 390 396 408 412 413 414 421 430 434 439 447 449 459 462 467 479 493 495
361 55 378 391 419 422 433 449 479 481 489 499
362 77 371 408 415 433 444 445 446 450 459 478 491 497
363 90 374 388 398 407 410 425 432 441 444 449 450 452 463 469 470 472
364 83 367 379 395 414 419 426 441 446 460 461 477 482 495
365 91 370 379 392 397 404 405 416 424 450 463 468 470
366 51 369 380 406 417 421 427 436 441 446 456 459 460 461 470 479 483 496
367 53 370 383 389 391 398 400 406 417 420 426 427 446 450 453 456 479 486
368 53 385 395 399 400 414 426 458 463 467 474 481 494
369 75 380 394 404 427 443 465 467 476 478 483 487 488 500
370 97 382 429 449 452 462 468 481 495
371 50 382 384 386 389 398 408 409 410 412 433 465 467 473 475 483
372 79 382 397 400 401 441 444 448 468 472 479 488 498
373 100 391 409 415 417 425 456 462 478 484 496
374 73 391 402 411 414 417 420 421 431 443 444 454 456 460 464 472 474 481 490 494 495
375 80 401 403 411 429 437 461 469 477 488 498
376 54 378 381 424 432 446 452 469 470 476 477 486 490
377 70 378 379 386 398 449 451 469 476 482 490
378 95 384 388 442 452 457 460 467 489 490 491 493
379 64 381 382 401 407 410 416 419 436 438 449 452 454 459 471 478 481
380 88 385 389 397 433 436 446 452 482 485
381 69 397 399 402 417 427 433 434 440 452 453 465
382 92 392 398 403 407 412 413 425 437 445 446 471 484 493
383 76 401 405 426 438 444 451 452 460 462 463 479 481 495
384 96 396 400 407 434 451 454 467
385 57 387 389 393 400 402 405 459 474 492
386 63 406 410 416 423 437 442 452 456 474 492 493
387 83 408 417 423 457 458 494 496 500
388 58 413 415 436 461 479 480 491 494
389 75 404 425 433 434 440 456 469 483 493
390 79 399 402 405 413 415 440 441 445 457 474 484 490 495 496
391 99 396 398 415 418 430 441 449 463 473 480 482 495 497
392 94 411 416 417 418 419 447 476 480 482 493
393 69 397 400 404 409 411 444 450 457 464 487 495 498
394 53 402 413 439 445 479 484 493
395 63 397 427 438 466 473 486 491
396 91 400 404 429 433 444 479 489
397 61 402 404 413 416 426 443 445 449 450 457 469 486 489 491
398 98 399 403 425 435 447 453 466 474 486 499
399 58 406 415 418 422 423 428 445 462 477 485 494
400 60 408 409 411 433 445 447 449 452 455 459 464 479 487 489
401 88 402 407 408 413 441 451 458 474 485
402 63 412 433 448 457 460 464 471 474 480 482 498
403 57 406 409 414 415 421 422 423 443 450 454 456 458 459 462
404 52 435 439 458 465 469 476 487 490
405 61 409 418 442 468 477 500
406 53 436 439 442 443 452 458 467 473 495
407 72 410 432 436 441 443 448
408 99 412 415 420 423 430 437 443 445 452 457 466 467 500
409 50 419 431 438 440 500
410 50 426 440 450 456 469 471 487 491 492
411 66 413 417 424 452 474 478
412 66 413 417 422 434 442 444 476 484 494 499
413 70 446 453 455 458 459 469 484
414 78 424 430 450 457 480 482
415 64 422 424 462 477 491 493 499
416 91 426 471 489 492
417 88 442 449 484 500
418 78 436 449 465 466 477 483 495 496
419 50 436 440 448 468 483 486 489 491 493
420 84 421 444 461 462 466 472 473 474 488 492
421 71 423 430 432 449 453 458 467 468 478 481 483 487 490
422 85 424 475 480 488 490 494
423 82 426 428 432 435 457 461 462 466 476 482 493
424 60 436 450 456 458 469
425 93 431 436 440 456 463 464 469 472 480 486 488 497 498
426 97 427 433 435 445 461 462 467
427 96 437 457 459 467 475 484 487 498
428 96 437 443 444 446 448 452 456 457 462 489 490 494 496 500
429 73 455 457 469 474 495
430 73 435 456 458 486 489
431 61 438 461 475 477
432 67 462 466 481 484 485 490 496 498
433 73 438 454 470 471 478 484 486
434 53 437 438 452 461 492 497
435 81 453 467 471 477 483 497
436 61 445 478 485
437 53 452 459 461 467 476 479 481 482 487
438 94 440 441 445 464 467 500
439 53 473 477 481 489 492
440 84 442 459 463 472 473 476 478 483 498
441 81 451 457 458 460 465 471 479 480 483 486 494
442 81 451 454 461 462 467 492 500
443 57 444 448 453 455 493 494
444 80 446 456 463 481
445 51 447 469 471 478 489 492
446 61 453 455 477 488 491
447 53 453 457 479 481
448 57 465 484 488 489
449 83 467 469 473 478 493 499
450 69 456 458 487 490
451 82 461 486
452 88 463 486
453 77 466 472 475 482 485 500
454 91 465 476 481 491 492
455 89 474 477 485 498
456 95 490 496 499
457 93 466 477 485 495 497 498
458 69 473 482
459 61 477 481 486
460 88 467 468 475 484 486 497
461 69 474 475 480 482 491
462 64 466 481 483 484
463 62 464 468 478 488 500
464 83 475 476 482 486 490 497
465 62 475 482 498 499
466 82
467 91 470 472 481 483 494
468 63 476 489 491 499
469 63 482 487 496 500
470 86 471 490 493 500
471 100 473 482
472 94 497
473 74 478 480
474 66
475 62 477 496
476 68 477 490 491
477 60 485 486 487 494
478 57 489 494
479 58 490 497
480 65 484 493
481 94 494
482 93 492 494 500
483 72 486 495
484 99
485 63 499
486 94
487 85 498
488 65 489
489 75 499
490 67 496 498
491 85 496
492 52 498 499
493 54 496 498
494 68 499
495 90 500
496 89
497 77
498 96 499
499 56
500 62
