500
1 50 16 20 35 36 40 54 67 73 89 94 104 110 115 121 130 132 134 138 173 178 202 206 242 243 248 292 301 311 336 344 373 376 395 397 403 405 406 410 418 422 446 451 455 477 478
2 76 60 79 105 109 113 123 126 131 144 148 167 199 206 218 227 229 233 245 259 263 272 273 274 293 319 321 334 338 366 374 383 385 408 415 423 436 439 442 443 445 447 454 476
3 90 4 8 9 16 47 49 55 57 59 85 90 99 131 135 137 150 151 154 155 177 183 218 228 242 245 249 256 261 264 265 281 308 314 316 317 322 328 339 343 344 345 371 386 402 405 408 410 422 438 455 458 469 475 491 499
4 51 18 39 48 60 71 79 88 95 102 103 107 108 119 128 131 143 150 154 157 159 164 169 173 174 192 193 205 214 228 230 242 244 302 313 322 326 337 341 348 352 357 359 371 373 375 385 403 404 406 411 422 445 450 456 458 483 493 497
5 100 16 35 36 43 54 60 63 86 90 121 126 160 161 164 166 177 182 187 220 224 234 251 259 277 281 290 304 322 336 345 361 369 374 391 397 414 415 420 436 458 479 481 485
6 50 12 29 61 68 71 82 86 96 101 102 106 115 123 130 142 158 164 174 201 209 211 216 229 235 246 284 289 307 310 317 351 359 362 369 377 378 395 396 418 421 429 452 462 468 471 472 478 499
7 58 14 39 47 54 56 96 99 105 114 115 116 128 129 131 137 158 172 173 181 194 196 207 229 230 242 269 273 284 310 313 324 325 329 346 379 386 421 431 438 452 455 458 479 496
8 99 14 40 58 85 88 90 94 107 118 145 146 148 153 169 174 226 227 251 267 276 280 284 285 306 320 333 337 345 347 352 356 368 373 382 384 388 394 404 405 413 436 438 452 453 454 471 478 480 486 488
9 71 12 21 28 36 38 44 55 56 67 71 87 110 120 122 129 144 182 189 202 209 221 233 245 266 281 283 284 288 319 328 333 336 340 343 357 379 387 388 398 415 426 434 436 439 450 456 458 461 474 476 491 497
10 50 14 15 25 27 30 38 45 46 52 54 66 80 85 87 98 112 135 147 159 162 177 185 187 188 220 232 233 235 238 239 263 266 286 314 317 323 325 327 340 349 351 361 373 382 386 442 457 465 466 475 481 488
11 70 18 49 54 55 63 68 76 81 85 92 106 108 119 132 135 146 150 154 159 175 190 197 207 211 222 224 230 243 251 254 266 296 301 307 317 332 333 334 337 348 351 354 373 376 379 391 393 395 400 408 423 437 440 461 462 471 472 479 484 485 486 494
12 94 15 20 25 36 37 41 53 55 61 71 73 77 92 96 109 122 134 136 151 152 161 177 200 208 209 222 232 241 243 244 248 253 260 267 273 274 283 292 297 315 335 348 362 376 381 384 390 392 393 398 408 417 426 428 430 431 432 443 460 474 479 483 495
13 69 15 16 27 38 49 56 60 97 103 109 126 141 143 149 162 169 185 187 199 202 206 217 228 237 242 253 259 266 268 284 290 297 300 311 314 315 324 340 344 356 360 377 387 403 404 407 410 419 420 426 431 435 438 440 451 461 480 494
14 56 18 43 53 69 72 75 81 98 106 117 134 137 164 174 175 189 214 216 218 223 226 229 233 236 245 257 275 277 284 310 332 345 364 365 367 393 395 402 415 470 473 475 480 496
15 94 17 21 29 51 58 60 71 84 99 107 115 124 131 133 134 139 141 149 152 154 155 159 160 163 183 184 191 197 224 225 227 228 238 245 251 267 273 286 297 320 359 372 390 402 410 425 433 448 449 453 458 461 464 466 477 480 486 490 494 499
16 99 24 28 37 50 93 95 115 118 119 148 152 160 165 175 190 237 248 250 255 297 304 314 336 342 354 362 366 390 424 428 445 449 458 468 478 482 486 491 496 497
17 99 21 29 33 44 88 92 101 133 144 179 186 193 198 200 204 207 221 237 240 255 256 300 331 371 377 386 398 411 416 426 434 462 473 478 492 497
18 67 25 34 38 42 44 60 79 83 100 129 136 139 148 171 175 177 184 187 200 203 251 260 275 286 306 317 338 351 363 377 385 387 391 406 420 430 459 469 470 471 476 484 491 494
19 96 45 51 58 62 71 82 99 118 128 130 142 143 148 166 178 181 184 186 187 189 196 200 259 265 275 276 287 300 330 331 335 337 344 346 352 362 379 390 403 413 415 432 439 441 460 470 487 489 490
20 83 24 43 66 73 75 81 84 87 95 105 106 107 123 124 128 131 139 141 158 167 177 183 192 199 213 245 249 258 261 262 263 264 294 297 299 300 327 387 388 390 400 403 411 421 436 437 446 448 458 462 472 491 492
21 70 25 39 51 52 56 64 66 71 92 111 112 115 118 139 143 154 159 167 185 203 219 230 233 238 244 245 255 303 304 310 324 332 336 339 347 348 351 357 359 393 417 436 437 470 478
22 87 42 59 72 74 95 98 112 124 127 132 144 147 153 158 170 188 204 205 216 230 233 242 251 256 262 264 286 287 297 299 301 313 322 332 337 348 375 383 395 401 407 411 412 415 419 429 433 444 463 483 496
23 51 39 40 45 59 72 86 90 92 94 97 98 102 103 112 127 143 145 146 166 174 187 202 206 229 241 258 263 276 278 297 310 319 343 346 356 357 362 365 397 417 420 422 456 472 475 478 479 489 490 495
24 72 26 44 69 76 80 93 94 135 136 142 146 148 153 172 177 181 183 188 195 207 209 225 228 234 236 238 241 268 271 280 283 289 303 313 326 335 355 358 370 382 385 387 399 402 412 420 426 436 444 454 465 466 484 495
25 99 37 60 67 73 75 94 98 105 107 121 136 141 147 178 179 196 224 226 233 241 244 247 280 281 282 283 287 347 355 356 357 372 381 382 386 397 399 428 429 432 433 440 442 458 465 467 487 490 494 498 499
26 83 37 39 84 92 96 100 103 121 166 174 178 191 200 218 233 236 237 238 250 252 263 285 286 289 292 295 310 313 319 333 341 349 354 372 423 439 461 463 479 483 488
27 81 33 42 43 60 63 69 77 88 103 114 118 126 128 159 161 170 180 183 192 200 217 223 224 234 235 262 279 292 327 342 343 352 357 376 399 402 420 445 450 451 461 484 492 495
28 91 49 52 58 59 62 82 96 104 105 106 112 120 122 149 169 192 207 212 244 249 262 268 270 294 314 353 365 377 381 401 412 426 432 453 475 488 491 493 500
29 62 36 37 39 42 73 78 83 84 93 132 151 163 166 173 200 213 215 227 266 271 275 277 279 280 287 288 290 334 339 342 346 359 393 397 402 404 406 414 420 421 422 431 433 434 439 448 450 453 488
30 67 102 116 133 135 141 148 169 173 186 192 217 219 222 225 226 244 247 251 253 257 264 269 278 286 290 291 292 296 297 300 306 325 326 339 346 352 356 357 363 364 375 398 400 414 417 475 478
31 91 34 52 56 61 67 109 110 113 128 129 132 134 142 143 146 157 161 190 192 197 198 207 215 221 234 250 271 289 292 295 311 318 352 358 359 360 361 362 369 371 380 394 401 437 449 460 467 471 499
32 93 38 69 74 81 85 106 108 111 115 122 127 133 134 135 151 166 172 183 210 216 228 236 238 266 271 276 286 300 304 312 314 327 334 349 375 379 387 400 403 425 431 442 453 477 488 492 500
33 92 34 50 56 97 118 121 147 162 176 177 181 186 187 212 220 233 259 269 277 293 300 305 306 330 351 356 358 369 380 383 404 419 427 435 438 453 454 459 471 493
34 94 42 53 57 58 61 66 84 94 101 104 106 109 114 133 149 151 153 160 174 211 225 239 240 244 251 258 267 290 291 303 314 355 368 371 372 379 396 417 438 442 443 446 450 461 464 467 468 493 498
35 63 53 59 62 84 96 104 111 125 126 133 136 146 161 166 197 213 218 219 252 261 271 276 278 287 292 306 367 375 387 403 408 442 464 467 479 485 492 498
36 89 37 38 61 77 99 102 118 121 127 134 150 170 185 186 200 211 217 218 223 225 232 240 242 252 265 274 277 302 312 316 320 346 354 355 394 401 410 422 460 481 482 484 488 499
37 50 41 49 55 77 81 82 86 87 88 96 116 124 127 130 149 150 169 189 202 213 216 226 249 253 256 259 267 271 297 300 301 306 323 345 347 372 400 408 422 430 443 449 451 474 475 476 479
38 99 47 77 82 87 90 132 137 138 157 162 168 186 197 220 222 223 231 249 252 253 258 265 275 276 285 289 306 308 314 319 320 339 358 371 378 384 394 397 412 413 418 419 422 440 441 445 460 470 487
39 73 47 63 77 91 92 98 100 101 107 110 126 142 143 151 156 172 179 201 208 241 259 288 295 299 313 320 372 377 392 406 413 423 439 452 458 462 464 480 498
40 78 44 67 77 78 80 139 144 153 156 166 179 181 185 186 189 193 201 235 239 247 248 268 277 299 302 308 317 328 331 349 367 377 384 410 417 427 429 437 458 467 470 486 489 499
41 55 51 53 66 76 81 89 108 112 129 130 139 160 166 167 174 187 195 204 209 214 223 233 240 256 272 288 308 347 352 376 396 412 422 428 445 460 465 467 479 491 497
42 81 46 49 54 65 66 87 101 102 109 116 124 128 150 162 164 165 171 174 175 180 187 201 208 212 226 231 247 261 267 271 272 276 288 309 319 320 321 330 339 354 367 384 385 395 397 400 419 434 435 438 465 467 474 475 485 488 493
43 57 48 61 67 70 73 81 104 108 110 113 116 139 141 146 148 150 163 165 166 167 173 175 189 216 220 234 247 254 268 282 283 286 311 313 332 336 337 349 369 374 378 383 384 390 392 404 417 426 427 441 454 469 476 480 485 500
44 66 49 57 59 69 74 82 86 100 110 116 119 126 138 143 164 175 176 197 199 213 216 220 232 233 241 267 268 278 283 307 314 324 325 331 338 375 387 405 418 431 432 449 452 466 468 473 485
45 61 47 48 53 54 55 79 85 87 98 105 110 128 142 160 162 173 188 219 233 239 240 248 264 280 286 292 305 312 326 333 336 338 351 359 374 422 430 442 450 458 469 479 481 487 493
46 67 50 68 72 84 94 102 109 111 114 126 141 147 161 163 181 203 206 210 220 223 243 258 263 275 292 295 297 306 324 339 345 354 368 370 378 398 401 410 415 430 432 439 443 480 481 482 486 488 490 495 499 500
47 81 53 70 79 83 92 103 127 146 153 169 187 189 228 235 244 255 257 265 273 275 281 319 322 328 336 343 361 376 378 392 399 454 467 469 479
48 100 57 75 112 121 183 194 207 230 244 245 252 254 256 270 277 288 303 304 313 327 329 334 338 342 344 355 357 369 411 420 452 453 465 484
49 84 54 61 64 71 83 93 101 113 128 135 137 143 155 171 172 184 188 190 191 194 212 214 216 220 223 227 231 241 252 254 267 269 302 312 320 329 330 335 338 356 360 368 369 385 402 437 440 474 475 493
50 85 52 53 66 70 78 79 85 96 114 122 123 141 143 144 178 188 194 202 209 214 239 241 242 249 269 296 303 307 330 358 378 382 389 391 420 447 464 472
51 74 60 61 63 92 109 118 127 128 134 137 139 179 200 209 214 225 238 246 253 254 258 260 272 280 293 298 301 302 315 319 327 341 343 355 369 371 376 390 392 407 415 423 451 462 466 494 495
52 86 74 82 95 103 106 117 139 153 157 159 171 173 196 204 211 237 258 264 269 271 284 288 299 302 317 329 336 357 360 364 368 375 376 407 415 429 433 460 463 469 470 481 484 491
53 80 99 114 135 144 188 194 196 214 226 237 241 257 268 280 285 321 340 363 370 383 401 412 430 434 445 452 453 461 463 473 482 493
54 96 64 66 72 74 76 90 92 115 116 121 146 152 167 175 185 206 212 235 236 246 265 300 317 319 322 333 334 343 352 362 364 366 383 395 419 422 438 443 445 451 456 467 489
55 79 59 66 76 89 101 111 128 145 149 166 168 202 223 226 236 238 251 254 263 279 300 302 306 315 334 335 339 363 373 400 405 435 438 455 458 459 465 492 493 494 495
56 81 58 60 77 84 90 94 95 97 100 107 116 128 136 139 144 145 164 170 186 191 193 195 200 213 221 222 229 231 237 252 255 256 262 273 280 284 296 311 327 347 381 397 430 431 438 441 448 461 473 478 492
57 98 64 71 74 78 79 82 99 105 118 124 137 146 160 177 186 192 194 196 200 204 212 233 239 244 255 258 271 278 281 295 305 311 320 323 325 327 331 358 362 374 377 382 399 402 415 427 428 450 451 456 468 469 497
58 71 77 82 83 86 91 92 95 102 103 114 115 127 145 150 159 160 162 163 181 189 198 209 213 224 236 237 238 255 287 306 314 315 328 344 346 358 363 364 368 379 380 390 412 424 447 461 468 471 475 482 485 494
59 87 69 85 110 111 130 132 136 168 172 193 199 203 204 207 208 213 247 256 268 269 272 304 322 328 352 360 389 394 411 439 446 451 458 462 463 466 478 486 487
60 71 62 68 82 83 96 97 110 140 142 145 146 148 160 173 179 207 227 248 250 255 264 283 288 300 305 314 327 345 353 364 373 388 404 406 421 423 427 429 430 443 449 452 453 477 481 484 490 494
61 89 64 67 83 99 103 114 134 139 141 152 162 164 170 174 175 181 187 192 205 244 269 275 281 293 303 305 318 323 328 354 372 375 403 409 411 429 456 457 467 475 478 481 491 498
62 60 68 79 91 95 97 98 99 107 116 120 131 162 180 193 204 205 206 211 223 234 239 255 275 278 279 298 301 305 308 309 333 340 357 366 411 422 448 454 460 463 466 485 499 500
63 93 69 96 116 134 172 175 180 235 251 252 267 278 282 301 309 327 329 335 344 356 373 401 417 418 424 431 446 449 465 473 478 494
64 72 106 146 152 174 206 272 288 290 297 309 312 318 330 347 373 387 400 410 416 439 442 446 457 461 463 464
65 66 74 101 106 109 121 122 125 132 136 139 141 142 143 144 164 174 181 191 194 201 206 253 258 259 266 268 281 296 316 321 330 338 352 355 381 419 423 428 439 456 491 496 497
66 66 77 79 81 82 88 97 103 107 111 114 120 145 150 159 169 171 181 190 206 212 213 229 234 244 251 252 253 254 262 273 279 281 288 298 302 305 343 350 351 368 375 390 395 408 413 423 432 435 447 455 482 483 487
67 63 81 84 98 103 117 118 153 158 167 172 176 208 211 214 217 220 229 230 238 255 283 288 304 308 319 326 328 341 350 357 360 368 370 384 385 390 392 422 424 434 435 436 445 446 451 456 458 466 480 483 498 500
68 75 88 91 96 108 118 119 135 138 148 151 155 166 171 179 182 184 185 186 188 189 201 202 208 215 244 257 262 273 277 286 292 297 301 311 317 321 322 333 338 356 369 381 382 385 393 394 397 409 416 439 440 445 447 467 486 491 500
69 71 85 96 97 152 156 161 164 169 180 181 186 188 190 192 250 291 293 302 306 307 326 334 340 374 387 402 409 426 448 449 453 463 467 478 482 492
70 52 91 102 112 131 157 161 166 182 187 189 191 196 234 237 239 247 252 260 263 266 287 290 294 297 299 312 325 333 353 368 374 383 397 402 407 409 445 446 458 478 483 487 494 496
71 87 72 78 80 81 96 99 100 104 110 132 141 163 179 185 190 193 195 208 210 218 231 243 247 258 275 289 291 298 318 352 390 418 426 428 445 448
72 61 76 80 83 94 95 102 103 104 114 116 118 126 127 137 139 147 152 153 155 158 162 181 190 191 199 219 224 227 233 241 248 261 283 295 299 302 307 313 339 352 381 402 409 410 422 428 430 435 449 452 453 463 479 484 499
73 81 75 81 85 88 90 93 106 125 138 148 168 181 185 205 215 216 218 234 260 283 285 289 297 321 333 335 349 350 358 368 375 391 392 395 401 419 423 427 450 464 468 469 493 499
74 83 80 93 100 106 110 115 118 125 135 136 138 148 154 168 183 185 191 194 210 219 222 249 262 268 287 288 297 306 312 325 357 385 392 394 406 408 459 463 499
75 98 76 92 95 97 108 111 114 125 151 171 184 208 224 247 260 272 276 291 294 317 332 339 345 363 365 368 372 387 389 414 419 425 454 470 471 476
76 76 78 88 96 100 122 148 151 152 168 169 184 215 217 219 229 234 238 239 246 260 262 267 278 284 285 288 290 302 311 331 332 354 363 364 380 388 398 411 425 428 440 449 472 491 495
77 59 88 108 118 121 127 128 130 137 153 165 167 181 197 217 221 235 245 269 274 298 302 328 347 357 371 382 385 387 390 391 392 393 406 421 444 445 448 456 474 477 482 483 485 498 499
78 65 87 95 101 103 109 122 133 136 137 151 157 163 166 173 175 196 215 218 238 244 248 297 303 308 335 338 341 345 371 392 395 403 408 434 435 438 459 463 464 465 468 486 495
79 53 84 98 105 109 115 120 126 134 156 157 163 172 175 177 187 188 203 210 213 216 217 233 250 256 260 265 273 292 317 322 347 371 402 407 417 424 427 428 430 436 437 474 477 484 487 488
80 60 90 93 139 143 152 158 178 184 193 231 240 241 256 266 272 275 277 293 301 306 307 322 373 382 384 406 448 454 456 459 481 484
81 92 96 103 124 128 133 146 149 156 163 164 169 176 178 179 184 190 193 199 245 247 251 252 256 257 260 263 265 281 287 308 311 322 329 331 335 346 355 359 374 379 397 401 402 430 434 436 446 454 470 477 478 480 498
82 70 87 90 91 110 113 115 119 136 155 173 190 203 207 208 209 214 215 235 239 249 250 254 268 278 281 283 291 308 334 347 348 354 372 377 444 447 452 455 459 462 465 496
83 100 107 113 144 171 191 196 205 210 221 227 229 248 250 268 277 282 283 288 298 299 305 325 326 341 350 351 353 356 364 365 369 373 399 400 406 408 434 436 442 460 471 475 484 491 498
84 58 90 114 123 126 128 130 152 161 179 192 197 201 204 215 226 244 247 257 264 267 272 273 274 277 279 280 281 285 293 310 318 329 350 353 386 388 401 404 407 438 469 470 488 490
85 50 90 93 110 115 128 131 146 150 154 156 181 186 210 227 238 242 253 256 284 299 318 319 321 350 351 359 366 368 371 379 390 402 431 437 440 470 477 481 483 493 495
86 62 99 111 128 161 163 169 176 177 198 209 223 225 237 239 242 250 267 277 283 290 291 302 312 351 358 362 364 384 390 392 403 411 412 413 414 428 438 474 493 499
87 54 117 136 137 139 142 155 177 197 222 226 241 243 247 256 258 270 279 290 306 307 343 348 357 366 372 377 380 404 438 441 462 475 479 485 488 489 492
88 77 90 100 123 128 134 137 153 172 177 189 202 214 218 222 231 247 254 261 264 283 285 296 300 302 307 325 332 353 369 383 384 391 406 433 438 447 458 469 485 487 488
89 92 123 124 137 140 147 150 156 164 165 174 177 195 206 212 234 236 240 245 246 249 256 257 259 263 264 274 281 283 287 290 305 307 316 341 344 348 359 362 391 415 422 431 443 462 485 495
90 51 91 95 100 114 116 132 136 160 185 187 216 225 228 235 238 270 287 299 303 308 329 341 347 361 362 364 370 372 397 402 407 408 412 416 421 435 440 442 454 471 472 474 476 480
91 94 114 132 145 150 173 182 189 194 198 202 226 229 231 232 233 235 262 267 271 278 286 293 301 323 334 337 349 368 374 386 409 439 443 457 458 469 473 496 497
92 74 94 99 100 103 105 123 128 136 142 143 149 153 158 160 166 176 178 184 219 258 261 265 267 273 281 303 319 352 367 380 381 383 386 420 428 432 434 468
93 67 96 122 123 131 146 151 154 165 176 177 203 211 217 228 229 235 258 262 285 292 299 311 312 314 329 352 355 358 365 367 370 374 377 380 384 395 403 420 423 429 437 439 457 466 472 480
94 77 96 101 130 131 133 146 163 225 226 246 250 254 261 275 282 293 304 315 322 325 347 358 359 397 399 402 455 484 490
95 73 97 104 106 124 128 144 152 158 166 189 203 208 215 220 230 236 241 243 247 250 252 256 263 270 283 299 300 320 348 350 362 370 373 381 393 395 397 404 416 424 439 446 465 469 471 476 481 485 487 495
96 64 97 109 111 112 121 122 142 151 160 187 200 208 211 213 251 263 265 287 288 309 319 320 325 330 346 356 358 359 363 367 369 380 383 385 387 389 392 403 408 412 415 417 419 420 440 445 447 462 481 495
97 62 99 102 103 105 112 119 128 136 140 150 177 196 212 221 231 232 247 300 306 331 351 356 360 393 395 415 416 419 432 446 455 464 470 478 481 485 489 500
98 88 125 163 166 181 185 188 192 196 203 228 230 232 242 250 293 320 322 348 359 365 370 381 382 418 444 445 452 456 463 478 482 483 499
99 68 128 133 147 151 159 174 187 191 221 226 229 232 240 255 292 301 303 307 344 373 384 396 403 409 426 430 443 447 449 459 480 485 486 496
100 88 102 103 110 114 121 139 150 153 162 164 172 178 179 192 197 206 207 209 215 222 225 228 233 249 262 293 315 317 318 331 338 356 378 399 404 412 439 451 455 459 460 468 472 487 493
101 86 106 119 132 137 145 149 151 152 157 161 171 175 181 193 209 222 231 244 254 266 270 272 276 288 312 326 337 353 361 370 375 383 385 393 398 401 419 439 489 497
102 95 124 135 136 145 147 151 152 159 162 163 174 198 201 233 260 262 276 285 301 306 312 325 333 340 345 357 373 409 427 436 440 445 447 457 459 484 488 494 495
103 66 123 150 154 163 179 180 193 199 202 223 228 229 231 237 240 256 270 283 285 286 290 294 302 324 347 349 350 359 361 373 383 385 389 390 404 428 432 433 443 452 465 478 495
104 59 105 120 121 123 126 129 137 148 151 152 179 223 237 238 250 265 270 273 274 290 303 309 314 319 323 325 326 333 371 376 377 392 402 409 433 439 448 462 497 498 500
105 77 108 126 145 152 153 156 183 184 208 210 215 217 239 249 290 297 316 317 344 349 351 368 379 381 398 403 404 410 420 427 431 452 457 466 467 484 485
106 78 114 132 135 137 145 148 152 162 164 179 181 194 209 221 222 228 230 232 236 239 243 246 258 260 274 280 288 295 317 324 333 338 345 357 360 370 386 399 405 408 413 415 429 437 438 457 460 476 484
107 87 113 128 130 146 155 160 169 171 178 180 188 194 197 206 215 218 229 249 257 274 282 306 326 332 340 346 348 352 361 369 379 387 410 416 420 422 425 436 446 450 469 482 486 495
108 93 109 111 116 138 140 155 171 181 188 198 212 213 223 228 229 233 236 245 259 269 274 278 292 300 312 317 325 328 335 350 361 366 367 370 389 390 397 398 403 404 405 406 419 426 428 431 433 437 438 450 451 456 471 477 487 490 500
109 61 118 120 128 132 152 156 166 180 181 191 203 212 216 224 235 236 237 239 251 254 262 285 287 290 298 314 345 346 351 366 395 412 429 440 445 447 453 454 462 466 467 468 474 487 495
110 65 128 130 137 144 145 156 158 183 207 208 224 257 258 263 264 275 294 298 326 354 358 365 374 379 405 414 418 426 429 457 459 481 488
111 78 127 135 163 167 177 180 192 226 236 243 254 275 281 291 295 309 310 319 320 326 330 331 340 345 358 421 424 435 438 452 465 474 481 483 485 495
112 92 119 121 128 131 151 168 175 180 199 222 226 238 239 253 254 282 290 313 333 339 353 380 383 386 396 432 436 446 451 467 468 481 482
113 56 121 130 137 138 157 164 172 179 184 193 195 207 212 214 227 230 249 254 261 273 276 279 302 395 398 404 444 445 447 449 460 477 479 489
114 82 118 133 135 151 166 180 212 217 227 230 249 259 263 266 271 276 288 352 354 364 369 373 379 415 431 440 450 451 461 476 483 500
115 50 120 130 133 163 176 181 184 200 224 241 244 264 272 277 292 295 307 308 310 316 324 331 339 360 367 368 371 375 391 394 404 422 454 483 488 492 500
116 76 120 122 142 144 151 156 160 161 183 187 198 209 210 225 227 242 243 250 251 258 287 296 303 304 314 344 353 370 378 410 412 423 427 433 439 461 470 475 488 497
117 66 151 161 172 188 214 215 216 230 234 235 264 269 282 313 319 346 348 352 355 359 364 375 389 390 393 403 421 433 434 457 461 475 476 486 489
118 99 135 160 162 180 186 198 210 217 219 223 254 256 257 258 260 262 263 269 275 285 288 293 296 297 300 303 315 347 356 360 384 395 406 408 410 412 415 416 423 425 452 457 460 469 471 474 482 483 496
119 58 129 160 161 172 174 192 199 216 225 226 231 241 262 266 276 277 283 284 286 311 320 349 353 369 372 373 376 377 379 393 397 400 406 409 415 425 430 437 442 445 452 453 454 465 475 477 480 486 493
120 82 128 153 158 161 168 241 255 259 278 282 294 297 306 316 335 347 368 381 396 405 406 409 411 422 428 436 443 458 466 483
121 80 133 139 145 163 166 175 176 177 185 198 202 203 237 238 258 259 265 268 269 277 280 283 307 319 320 340 341 346 347 379 409 446 451 454 455 457 461 466 472 486 495 496 500
122 86 133 142 146 176 187 197 200 217 232 247 250 260 266 283 287 295 299 306 312 329 345 348 360 365 366 373 376 384 389 390 393 395 400 417 423 436 437 438 452 454 462 468 470 475 483
123 74 128 135 146 160 164 166 182 191 206 211 216 230 245 255 257 263 270 278 283 287 306 369 380 400 408 414 417 421 422 425 431 439 462 480
124 95 127 134 136 154 192 218 246 255 277 283 288 293 314 320 333 340 350 354 357 394 421 422 434 461 463 465 475 477 499
125 80 138 141 147 154 155 164 168 208 211 230 232 236 243 267 269 272 293 300 307 317 319 335 347 367 402 411 414 423 428 460 467 489 494 496
126 87 131 133 134 152 186 187 190 196 200 212 219 220 272 277 294 313 316 319 322 340 347 349 386 390 409 414 415 417 420 424 430 433 445 462 467 491
127 87 150 155 157 159 182 190 195 202 204 205 220 221 228 240 252 253 258 287 303 327 335 339 362 371 382 410 427 451 457 468 490 495 498
128 65 149 154 155 160 164 168 174 175 188 194 222 252 287 289 298 307 312 320 347 350 356 380 386 394 397 405 408 443 444 460 466 470 471 476 484 487 499
129 59 138 139 145 164 180 191 192 194 195 198 216 220 242 263 265 269 278 282 321 331 332 364 380 387 390 395 398 412 440 442 453 454 456 465 466 495 500
130 87 142 152 159 163 172 174 180 184 228 234 240 276 286 289 292 301 314 334 336 360 369 386 390 395 406 437 442 455 457 458 469 470 475
131 57 155 164 173 183 210 212 236 260 269 274 275 290 305 310 328 336 347 358 373 378 402 403 406 417 430 441 444 450 463 477 478 482 490 491
132 50 145 153 184 200 203 207 220 239 250 258 265 277 302 348 349 366 375 397 400 406 422 430 444 460 474 488 490
133 87 139 140 149 161 167 171 172 208 213 240 242 250 258 266 289 295 305 332 339 347 356 357 370 379 394 431 446 452 456 478 487 497
134 64 175 215 220 248 264 265 281 283 285 297 306 307 308 313 334 345 346 366 368 369 370 372 373 377 381 408 420 433 446 471 476 487 496 499
135 54 136 141 152 163 170 174 198 202 248 266 268 275 277 282 295 296 355 357 362 365 374 379 392 402 403 404 407 426 450 465 473 480 484 488 497
136 53 154 158 163 166 198 201 217 223 237 240 247 257 298 304 310 336 355 358 367 376 386 422 426 435 437 444 454 474 478 492 497 498
137 63 138 144 154 156 162 173 174 192 199 241 271 306 318 323 325 336 337 347 357 367 368 406 407 419 423 441 452 469 481 484 498
138 72 146 178 196 207 217 228 242 244 246 247 256 264 273 276 310 326 327 340 348 351 375 388 398 413 423 434 445 459 488
139 74 150 167 170 172 174 180 187 190 221 231 241 250 259 272 287 290 304 305 309 319 320 322 330 350 376 377 379 386 387 389 391 394 397 420 440 446 450 454 465 477 483 487 498 499
140 85 150 155 157 158 168 170 178 187 198 200 209 212 218 234 235 238 256 270 272 280 284 296 302 305 312 316 322 334 347 352 357 360 362 365 366 374 375 376 384 391 396 397 407 426 430 431 447 486
141 81 153 168 179 220 225 240 272 275 308 313 324 338 340 363 398 404 411 445 487
142 90 150 151 160 210 216 237 249 252 253 254 258 260 262 264 265 267 269 275 278 288 299 315 317 321 328 340 343 346 353 360 366 377 382 388 400 401 407 411 416 425 438 439 457 459 462 467 479 484 486 490
143 99 161 168 173 176 180 184 186 201 205 208 231 241 243 262 308 310 312 318 335 345 348 352 364 372 375 398 421 432 447 461 468 473 494
144 74 162 188 201 203 209 212 216 220 251 264 279 286 291 301 306 314 315 322 323 351 377 388 393 395 429 438 440 451 458 462 470 494 495
145 100 148 161 164 167 173 182 183 187 188 194 197 221 227 235 244 270 271 300 304 307 347 372 380 382 387 389 426 430 456 457 461 467 477 490 493 496
146 66 161 174 177 188 198 200 214 217 229 243 247 296 312 360 361 374 377 381 414 422 423 436 445 447 450 452 455 457 462 482 484 496
147 58 164 180 183 185 193 212 238 240 246 248 266 309 312 327 330 332 342 343 352 363 371 381 383 391 398 409 420 426 428 430 433 441 443 458 474 481 490 499
148 60 152 165 177 202 213 226 233 244 254 273 276 289 295 297 298 301 308 317 320 340 350 360 380 384 388 399 427 439 441 451 457 458 469 476 488 493 498
149 76 165 188 201 203 204 211 219 230 234 236 250 265 281 306 324 340 372 382 390 397 419 431 437 459 460 465 471 475 484 495
150 72 152 178 180 185 202 203 211 215 218 224 228 234 237 240 248 252 263 264 289 296 300 306 328 333 344 347 354 363 371 373 377 380 384 390 409 416 448 462 463 476 477 494
151 97 165 167 176 192 194 244 264 267 281 286 287 316 330 333 342 348 349 355 367 397 407 410 416 417 431 432 435 436 447 449 469 493 498
152 87 153 159 164 169 170 174 176 177 196 203 206 241 245 281 311 321 322 335 346 350 365 374 379 384 387 393 397 404 422 430 440 456 461 464 470 474 489 495
153 50 154 170 185 200 215 218 223 226 244 245 274 276 303 305 306 319 320 327 340 353 388 389 402 415 422 423 431 432 436 444 455 470 476
154 70 156 158 159 169 187 198 199 201 207 225 231 243 263 267 276 277 283 294 306 340 350 361 382 388 389 394 396 414 415 419 428 455 460 472 474 482 483 494
155 53 186 205 211 213 215 222 254 257 281 288 290 292 295 300 304 314 320 344 350 361 368 372 390 421 430 455 457 478 482 483
156 71 164 174 193 225 232 247 254 258 267 271 286 288 298 303 306 319 321 325 357 362 372 373 384 393 421 429 434 436 437 446 447 477 497 498
157 72 158 163 175 180 186 199 200 204 231 232 235 237 247 250 265 277 279 284 296 323 328 333 352 362 374 390 407 418 422 444 451 458 469 474 496
158 67 160 164 182 188 191 199 208 252 273 286 292 305 312 314 330 332 341 363 388 408 413 433 436 437 447 457 467 481
159 67 213 252 260 273 283 284 291 299 327 330 333 374 380 381 385 404 406 425 430 432 434 439 440 448 452 453 457 463 472 479 499
160 88 172 182 183 194 196 239 262 277 279 281 306 310 322 324 330 331 332 353 386 396 397 408 421 428 432 444 451 458 460 463 474 487 495
161 74 176 227 231 243 245 247 249 250 272 274 289 292 294 310 312 316 317 324 337 341 342 351 352 362 366 371 379 383 384 386 387 391 393 401 414 422 426 428 430 433 437 447 456 466 471 474 480 481 486 500
162 73 168 171 173 176 186 194 204 214 242 246 247 251 256 260 271 320 341 352 374 378 395 429 439 465 486 488 492
163 62 166 171 177 178 181 210 211 214 226 247 260 262 267 271 276 278 294 305 306 326 353 359 366 369 370 377 386 387 389 405 411 412 419 421 432 452 471 480 481 491
164 83 171 187 204 207 212 213 236 255 273 279 286 294 300 337 338 341 354 365 366 369 382 384 416 418 426 443 472 475 480 490
165 80 174 181 193 200 210 217 230 245 248 267 269 280 287 292 293 307 317 326 337 343 356 385 389 390 395 403 407 425 426 427 434 438 441 454 455 479 481
166 58 179 182 195 197 207 216 220 223 225 232 239 259 293 305 314 335 341 363 377 387 388 408 411 416 419 435 447 449 450 479 482 494 495
167 73 186 204 211 212 224 248 271 283 308 329 340 352 359 374 391 392 410 418 426 429 430 431 451 453 456 461 465 471 477 482 483 487
168 95 181 198 199 211 214 233 235 241 244 268 283 291 307 322 330 356 364 403 425 446 447 453 457 459 464 480
169 99 172 179 181 183 184 213 219 237 282 283 290 292 314 317 331 346 352 375 399 402 406 414 418 433 444 450 458 459 468 472 482 486 499
170 51 177 192 193 222 235 260 265 271 275 284 286 288 296 303 311 312 349 352 362 373 381 390 391 394 397 404 410 416 432 434 435 443 444 447 467 470 487 496
171 60 192 194 234 246 259 294 307 314 332 341 359 367 368 370 376 384 386 387 403 415 423 428 448 455 456 460 465 468 471
172 63 199 210 219 275 287 299 300 333 367 369 401 413 416 422 430 455 462 465 467 475 482 490
173 95 182 188 199 218 246 257 264 279 280 283 285 291 295 324 325 326 328 340 362 376 396 402 409 415 417 422 457 467 500
174 69 207 229 233 234 237 238 240 241 249 250 260 262 263 265 269 307 319 328 333 348 358 368 400 414 426 449 463 493 496 497 500
175 87 189 194 198 202 204 215 217 235 260 261 277 284 286 297 311 315 334 347 352 354 362 384 423 427 428 442 444 446 455 486 495 500
176 56 177 178 183 201 234 253 308 317 325 326 330 358 372 377 387 397 401 410 416 429 436 496
177 84 191 194 200 209 212 214 215 228 232 238 239 241 249 272 299 306 307 323 335 357 364 366 372 400 405 406 407 409 456 462 467 468 474 479 486 489
178 100 184 188 220 244 272 280 291 322 329 333 334 356 359 370 371 379 381 386 393 405 425 450 478 493 494
179 53 188 197 201 205 219 223 228 236 249 250 262 266 279 307 323 333 343 349 361 373 374 387 404 405 410 414 418 422 462 464 480 484 486
180 79 181 210 216 232 251 263 279 300 307 315 318 331 337 353 366 371 372 399 428 442 444 463 466 489
181 91 185 190 191 209 236 246 261 266 274 278 288 289 303 318 325 328 349 350 353 355 357 373 379 383 396 401 402 413 417 425 443 447 454 455 456 459 464 466
182 60 188 193 195 227 238 243 253 288 312 313 316 330 336 338 356 369 386 389 424 428 437 438 439 447 451 463 467 480 487 488 497
183 53 199 201 219 236 237 247 250 258 273 277 286 291 299 320 339 341 345 373 377 379 385 386 394 410 424 427 429 434 463 465 467 471 483 485 496
184 53 186 192 222 223 228 231 238 241 253 260 269 278 288 291 293 330 337 338 345 347 348 356 363 364 372 387 389 405 409 443 453 463 478 480 486
185 83 190 193 209 218 220 221 242 250 255 256 261 268 298 314 315 341 352 358 390 415 435 453 456 470 474 499
186 85 212 219 220 229 236 242 270 273 281 285 289 294 305 310 325 335 337 355 375 382 391 399 411 416 433 437 438 466 486 488
187 56 197 218 220 260 261 275 277 313 338 350 383 399 409 411 424 435 455 458 470 473 484
188 88 193 197 204 215 222 228 237 238 245 256 265 324 339 345 351 358 374 382 383 386 394 395 397 406 410 416 426 434 435 448 450 466 467 488 493 494 495
189 53 217 218 226 228 230 240 246 251 260 262 265 269 294 300 301 302 314 325 328 335 355 369 389 393 400 402 404 450 452 453 462 470 471 473 477 486 488 490
190 52 194 201 207 218 232 237 278 279 280 283 292 318 324 341 351 352 354 357 398 404 409 414 446 473 476 479 482 493 494 495
191 72 210 234 246 251 255 256 258 269 280 296 313 321 332 335 338 357 360 376 377 386 405 419 422 441 443 457 470 478 483 486 489 496 498
192 69 220 236 253 254 255 265 271 284 291 320 334 340 345 368 383 395 401 406 439 445 447 450 457 462 481 494 495
193 63 196 198 221 230 231 234 237 238 240 243 247 249 254 276 283 292 295 327 328 334 346 349 371 391 399 402 414 432 441 442 446 455 471 472 475 482 485 494 497
194 90 203 211 232 236 239 242 255 282 301 314 319 329 331 337 341 357 365 381 399 403 418 419 420 431 433 434 445 464 468 493 494
195 66 206 217 230 231 247 253 254 264 281 303 305 313 318 322 325 326 333 342 348 354 357 358 415 418 420 453 456 471 479 486 488 492 495
196 50 210 221 225 237 238 249 263 303 318 322 361 366 393 395 443 453 465 466 477
197 82 201 218 225 244 247 255 257 277 285 309 316 320 322 333 336 351 360 363 397 402 406 414 428 438 456 469 473 479 493 496 500
198 82 205 223 240 244 262 278 281 292 304 323 329 333 348 354 376 378 385 388 390 392 427 443 457 458 472 477 486 493
199 68 220 251 260 264 271 282 292 310 319 322 328 336 352 363 364 380 382 390 404 418 436 449 454 463 470
200 54 228 287 300 330 368 371 372 382 384 412 414 429 440 444 459 469 477 479 482 496
201 80 203 205 209 225 226 233 236 288 290 303 311 319 324 328 347 353 362 371 405 437 438 445 451 457 469 473
202 88 205 214 216 218 239 244 248 268 274 278 286 287 289 301 302 307 325 353 369 383 385 393 399 416 419 423 424 426 443 448 466 472 495
203 97 232 265 271 273 282 316 330 331 332 335 351 380 385 390 408 432 446 455 460 470 473 477 485 495
204 85 213 218 230 233 255 274 275 281 308 324 327 346 354 359 397 398 401 405 413 414 415 418 419 422 437 443 447 458 476 498
205 96 214 250 260 265 268 270 295 304 306 318 344 352 355 358 371 392 399 404 406 414 417 429 440 444 448 449 451 464 467 493 499
206 92 214 236 265 281 283 285 300 307 312 317 324 325 335 344 356 363 364 369 371 375 393 414 415 444 446 454 455 467 475 480
207 90 215 248 254 260 261 272 286 293 295 298 307 333 378 393 404 416 417 424 426 427 431 440 446 453 459 484 487 488 497 499
208 60 216 219 226 228 257 279 281 283 300 303 316 332 348 355 362 368 393 395 403 412 429 440 468 469 483 484 485 487 488 500
209 60 215 222 240 245 262 274 276 279 296 307 316 325 329 333 353 369 375 379 381 402 411 447 461 469 483 491 493 496 497
210 91 224 226 243 253 263 268 279 282 290 296 300 340 375 376 389 400 413 425 434 451 463 474 481 492
211 70 213 215 262 290 297 314 322 329 336 339 368 369 380 389 396 397 409 420 428 437 441 446 448 458 470 490
212 94 221 228 230 286 294 295 318 334 351 358 360 364 384 395 401 420 423 437 456 467 476 477 499
213 87 217 218 221 239 255 259 269 285 293 294 296 304 317 324 328 341 349 367 370 388 406 408 425 430 450 451 483 485 487 489 498
214 97 220 224 241 271 273 300 302 306 312 330 335 342 370 394 409 414 421 432 452 465 484 491
215 90 232 279 280 288 299 306 316 323 325 334 343 355 362 376 415 417 418 440 450 474 487
216 63 224 232 253 256 260 261 267 283 285 306 307 314 319 331 336 340 362 367 377 390 392 400 433 446 459 465 475
217 94 226 246 279 280 293 297 303 311 313 314 317 327 367 374 426 431 434 437 491 498
218 90 227 229 234 236 241 245 250 266 282 293 299 303 312 326 330 338 346 347 351 357 372 391 416 429 435 469 470 472 474 487 489 495
219 61 221 223 238 241 253 265 274 313 314 326 327 341 343 344 347 360 362 368 382 391 401 447 452 460 476 479 484 485 494
220 74 223 238 241 252 286 289 299 307 308 322 333 339 352 355 357 369 389 390 406 416 419 420 426 435 443 447 466 494
221 96 226 233 235 237 243 252 258 261 264 285 292 293 306 314 326 338 342 345 354 360 375 394 406 409 419 420 435 446 459 472 484 490 495 497
222 84 235 237 260 306 353 359 362 363 369 402 407 415 421 426 436 450 470 494
223 88 224 229 233 236 241 244 245 268 271 300 316 318 325 327 329 340 354 367 369 382 384 389 402 404 416 453 474 500
224 64 237 241 256 271 275 315 321 325 337 338 356 357 364 366 387 426 443 465 468 479
225 71 226 231 244 255 256 274 275 288 300 313 315 319 328 352 359 361 373 374 386 391 415 431 439 451 471 492
226 63 253 275 276 283 288 314 318 333 345 358 362 368 384 385 407 410 415 426 437 438 456 459 465 473
227 51 242 246 280 288 290 298 303 330 332 351 371 374 377 388 392 417 436 439 444 450 451 463 465 484 491 495 500
228 61 237 243 245 248 249 286 297 315 324 344 354 363 365 370 386 391 399 400 403 411 412 423 445 452 455 460 461 480 484 493
229 79 232 238 249 250 262 278 296 338 340 365 396 402 403 415 424 427 452 454 455 464 468 481 482 487 490 492
230 100 235 238 246 247 248 252 256 261 278 298 318 328 333 352 379 393 397 404 419 443 466 469 475 478
231 64 235 246 252 259 279 280 284 285 295 299 314 331 340 360 361 362 365 370 376 386 393 404 413 442 444 464 476 480 483 499
232 74 240 243 249 258 269 273 288 295 299 321 334 367 388 390 411 427 431 433 450 459 464 490
233 93 238 250 261 277 310 311 315 329 339 346 359 364 373 384 395 403 404 417 421 431 437 456 466 467 468 474 486 489 494
234 82 260 301 304 312 325 330 335 340 343 351 370 378 388 392 401 402 409 411 417 429 435 437 462 467 468 470 472 474 487
235 87 255 256 260 273 282 290 300 301 303 305 311 335 341 343 345 354 356 374 380 387 389 398 463 464 468 477 482 495
236 52 241 251 254 273 287 289 321 330 342 349 350 364 367 389 419 426 437 438 442 449 464 470 471 488
237 87 243 246 275 277 281 291 292 305 311 313 322 377 394 407 421 425 441 454 461 467 470 483 487 489
238 54 253 265 274 279 284 293 299 308 323 328 333 350 358 367 379 380 407 429 447 452 468 473 487 491
239 81 257 260 274 302 308 309 318 323 340 353 355 362 369 373 397 398 400 413 424 425 426 431 434 455 457 463 466 481 490
240 75 242 256 280 287 290 310 316 322 327 328 342 346 352 357 371 391 392 396 406 413 417 441 452 458 465 473 487 489 492
241 69 246 247 263 264 273 293 300 313 326 329 332 336 339 378 394 411 447 452 495 497
242 84 259 265 274 275 278 280 293 299 301 302 309 312 315 323 325 342 366 369 382 389 391 392 402 409 413 424 430 437 440 444 458 466 485 500
243 94 245 248 252 271 273 275 279 283 287 294 298 299 303 321 323 335 337 343 362 377 386 391 412 417 445 477 481 499
244 62 251 252 253 257 273 313 319 327 329 332 350 352 357 362 376 386 398 413 425 451 465 467 471 472 477 493
245 54 257 261 265 278 287 288 297 311 316 323 343 345 363 376 388 391 406 409 436 441 442 446 449 462 464 483 485 487 494 499
246 72 254 280 289 292 298 300 304 331 344 350 355 369 372 374 379 384 394 413 427 437 445 453 473 480 493
247 93 279 285 296 300 310 313 317 320 333 336 363 369 371 393 400 403 416 420 432 460 461 462 465 475 478 490 491 498
248 68 251 253 256 265 276 278 283 285 300 322 338 342 344 361 362 365 366 368 379 382 390 394 404 416 417 423 427 439 442 444 446 471 479 482 484
249 88 265 267 274 309 314 326 327 329 364 369 374 390 396 401 411 412 416 423 430 432 448 469 472 484
250 80 253 276 290 292 306 321 322 358 362 374 379 385 400 407 416 429 431 433 438 443 464 481 488
251 98 252 253 257 268 269 284 286 294 295 318 329 353 372 373 376 380 386 402 408 409 410 421 422 446 451 470 472 480 493 494
252 56 253 275 281 283 285 302 303 335 338 381 394 410 426 429 430 443 445 457 458 459 474 476 477 484
253 89 262 272 274 282 289 290 293 299 301 322 324 326 332 339 340 350 359 363 387 393 397 406 408 419 426 435 437 459 461 466 477 482 493 500
254 62 269 273 278 317 336 339 346 356 370 376 377 413 423 424 429 447 451 458 486 488 490 492 500
255 77 257 258 263 270 271 279 283 286 291 301 308 310 313 323 340 342 347 375 389 400 401 404 417 421 434 436 441 470 488 489 491
256 100 266 268 269 298 299 315 318 319 320 322 327 329 332 340 344 384 419 426 434 440 456 477 496
257 84 258 267 272 279 282 283 295 302 339 354 380 381 400 406 419 433 435 436 445 474 476 480 489
258 52 261 272 279 290 302 304 323 336 337 343 353 362 363 369 377 378 387 390 397 418 430 452 458 488 492 497
259 56 260 263 280 282 302 313 318 330 338 341 374 409 415 426 443 448 460 469 479 485 488 490
260 71 265 293 299 316 319 321 345 356 365 380 385 405 415 421 422 427 428 443 446 450 452 455 458 459 475 480 491 495
261 66 268 290 292 313 314 328 339 343 352 385 390 394 402 423 433 437 443 455 465 471 472 475 481 489
262 81 266 285 288 324 337 346 350 355 357 362 363 383 409 413 421 424 434 435 445 451 454 460 491
263 60 265 267 284 328 330 335 339 361 369 372 388 389 400 401 403 412 425 434 435 440 457 467 469 475 478
264 68 276 289 297 311 312 313 314 330 333 350 365 388 396 397 404 409 417 422 427 459 460 463 488 491 496
265 64 266 274 276 277 281 286 294 299 302 331 335 348 356 376 380 387 389 402 411 412 414 431 445 448 455 461 464 477 479 495 500
266 72 267 290 326 331 345 357 365 376 389 393 398 405 426 434 450 458 466 470 481 490 494 498
267 87 288 296 301 319 328 343 350 360 365 378 384 390 400 406 413 418 422 429 437 447 456 457 459 463 473 495
268 63 292 306 325 392 400 404 417 423 447 453 456 465 482 486 488 492 500
269 90 274 281 284 294 324 328 329 336 352 354 388 396 421 426 439 444 459 460 477 483 499
270 60 275 278 292 297 302 304 306 317 321 325 327 330 340 343 344 354 372 376 386 388 402 404 423 441 454 470 485
271 61 298 306 308 309 334 356 359 377 398 410 418 431 436 472 492
272 64 275 288 291 312 317 327 335 339 342 344 351 354 364 369 387 388 389 390 395 410 414 436 452 456 477 487
273 89 298 299 313 351 362 390 433 442 448 461 463 476 479 496 497
274 51 282 291 295 322 331 347 350 352 353 364 374 377 382 451 463 480 484 487 488
275 60 287 290 293 295 313 319 336 340 344 367 374 379 392 402 419 430 434 437 444 452 453 462 489 498
276 86 289 294 299 318 321 327 373 380 383 393 404 411 413 427 440 444 446 449 457 458 472 475 482
277 99 279 298 311 313 314 320 324 327 360 383 413 415 423 425 432 439 460 461 463 470 478 484
278 88 283 295 297 298 299 323 327 334 336 341 342 344 382 387 389 392 413 416 441 451 457 467 475 479 485 495
279 74 308 309 311 316 317 329 336 339 347 362 363 366 373 403 413 417 429 451 460 462 486 489 500
280 92 292 294 295 315 319 321 324 340 392 401 407 420 438 448 455 472 473 474 480
281 61 294 312 315 324 328 331 339 340 360 369 384 386 389 394 402 408 413 421 429 440 449 458 459 460 463 465 466 468 483 488 493 500
282 83 289 295 313 322 328 347 355 356 361 371 372 380 381 382 393 408 413 415 418 435 442 448 449 461 466 471
283 96 284 296 299 300 309 324 363 364 365 371 387 401 410 422 423 434 442 449 453 457 464 471 475 482
284 53 291 300 319 321 331 339 354 360 383 395 397 402 438 467 483 487 497
285 82 287 291 298 308 321 325 331 341 342 343 344 346 353 360 371 376 387 409 410 413 421 431 434 437 443 444 469 470 479
286 97 295 296 312 315 319 323 361 362 369 376 384 386 391 392 396 410 425 427 440 445 451 454 468 481
287 77 296 325 346 347 363 364 370 379 409 414 420 440 450 481 491 493
288 71 293 296 302 319 323 328 334 340 352 359 363 365 376 395 401 406 424 430 457 459 464 474 490 495
289 75 290 295 299 301 330 336 351 355 370 387 388 398 416 418 420 432 444 448 450 451 456 458 460 468 471 485 496 498
290 100 297 308 310 311 312 318 343 344 356 357 366 368 380 383 388 390 401 402 411 414 424 425 428 434 439 462 469 487
291 66 304 305 310 316 319 322 360 368 379 380 391 417 428 429 436 438 447 448 461 465 470 478
292 81 293 295 296 298 305 319 327 334 337 346 351 379 391 396 412 415 420 432 435 444 448 450 451 461 465 495
293 54 297 306 345 356 368 370 372 373 379 380 407 421 424 449 451 459 468 472 473 476 486 498 500
294 54 316 319 348 351 352 375 381 405 418 439 447 459 461 473 484 487 488 493
295 84 297 308 340 356 358 367 368 385 387 388 428 430 444 445 447 448 453 460 485
296 66 303 305 314 324 331 343 346 349 375 380 391 408 421 424 427 443 448 449 452 457 466 488 493
297 58 300 303 309 313 314 321 334 341 350 372 384 387 401 409 416 417 465 475 479 494
298 75 303 305 308 322 324 330 333 336 342 345 363 379 383 385 402 422 427 449 453 458 472 481 499
299 50 302 312 317 323 324 339 350 356 362 363 365 372 383 392 396 400 422 425 435 439 444 445 454 471 488
300 60 311 322 328 336 343 344 348 349 354 360 362 369 396 399 405 416 422 428 430 438 439 444 471 480 487
301 87 311 314 321 344 351 354 371 386 391 399 415 423 438 452 453 457 461 463 470 473 476 490
302 72 329 354 368 387 396 434 444 448 451 452 464 471 486 496
303 57 305 311 314 321 330 340 354 357 359 367 375 389 394 396 397 412 417 422 424 426 435 437 439 440 474 478 486
304 56 308 336 337 341 350 352 357 364 372 377 391 405 441 462 487 491 495
305 88 338 353 354 367 373 374 395 403 414 437 450 457 458 469 489
306 54 312 320 324 342 354 367 369 386 411 412 414 415 419 425 432 435 440 444 449 456 480 485 489
307 57 310 318 319 324 345 355 358 396 408 417 421 427 438 464 465 468 475 484 486 495 499
308 64 309 321 335 336 338 351 360 365 383 390 410 413 418 449 452 465 490
309 86 311 313 326 335 345 373 377 379 385 389 405 411 463 475 493
310 100 313 324 329 339 342 350 360 363 369 384 392 405 424 439 457 479 482 489 495 496 497
311 74 312 331 332 333 345 353 361 369 392 393 418 421 431 444 446 448 450 464 473 492
312 77 314 328 338 343 356 365 368 376 377 397 404 408 412 415 427 460 461 474 475 485
313 99 336 350 378 384 385 400 403 408 414 434 435 446 447 455 469 473 478 490
314 58 315 344 368 374 383 407 414 423 426 429 431 434 446 464 472 473 488 492 494
315 88 316 331 333 341 342 348 354 355 386 430 440 443 460 471 477 489 495 499 500
316 82 322 324 337 340 352 353 362 393 396 401 409 419 420 439 448 465 469 485 488
317 92 321 339 363 381 382 405 412 417 432 435 441 464 474 480
318 50 342 375 377 379 382 409 411 418 419 426 429 433 451 453 456 480 484 497
319 54 329 349 358 359 365 368 369 386 394 424 431 436 446 450 451 467 470 478 498
320 96 321 348 350 353 355 363 381 383 397 401 404 405 422 428 434 450 455 468 484 489 494
321 55 322 324 331 342 382 387 412 413 417 447 472 476
322 78 331 335 374 383 388 391 406 431 449 450 457 463 474 490 496
323 70 374 381 386 388 394 415 422 431 432 436 440 457 459 462 463 487
324 86 337 345 352 362 369 372 378 389 391 393 398 404 411 428 433 444 450 456 458 459 465 470 471 483 493
325 71 339 341 342 344 361 372 386 389 390 394 395 398 411 426 428 431 439 446 447 449 451 469 473 497 498
326 56 331 355 357 362 371 398 414 421 425 426 427 437 463 495 497
327 88 331 343 368 373 375 379 397 399 405 411 412 430 446 450 474 477 486 490 494
328 74 348 359 376 386 391 398 411 417 425 448 471 475 476 490 492
329 78 380 384 412 425 426 430 440 441 448 449 455 460 466 469 475
330 94 331 341 344 351 385 387 400 457 466 488 490
331 89 334 341 355 361 369 370 376 377 381 389 392 408 413 417 441 442 466 496
332 83 334 339 378 381 386 396 399 419 430 431 446 458 476 478 479 482 483
333 76 335 340 341 347 370 375 378 379 397 399 414 440 446 473 477 494 495
334 59 349 353 361 374 386 393 402 404 415 428 437 439 456 469 473 478 496 500
335 73 341 355 361 364 365 371 375 378 382 390 405 411 414 416 419 428 434 447 448 478 492
336 56 364 373 382 384 403 415 428 441 443 452 478 481
337 73 347 372 384 422 429 433 436 438 454 462 464 491
338 83 341 351 363 387 397 403 408 409 420 422 437 454 455 463 470 471 493 497 500
339 76 359 366 370 382 384 399 407 414 417 419 424 451 469 482 483
340 91 343 351 359 367 388 392 422 424 430 450 460 473 486 490 493 494
341 50 351 367 370 378 386 410 419 445 459 479
342 75 354 369 387 392 399 416 433 438 445 455 475 493 500
343 60 351 358 370 374 375 411 416 435 442 451 462 495 499
344 85 362 371 377 380 396 397 405 409 413 417 421 422 448 474 485 489 495
345 72 346 347 363 364 366 399 416 419 460 462 486 488 496
346 100 348 349 355 362 367 370 377 378 385 399 407 418 432 435 442 449 463 465 466 482 489 497
347 58 377 385 390 391 401 416 430 439 441 443 452 489 498 499
348 52 354 359 410 420 433 441 456 475 480 488 497
349 98 357 377 378 385 402 405 406 443 470
350 99 362 374 399 401 413 421 431 446 450 471 472 488 491 499 500
351 50 361 363 364 371 384 387 440 454 466 495
352 59 388 404 408 416 417 429 431 449 454 464 471 478 491 500
353 79 357 359 380 382 385 392 396 420 422 431 441 466 475 495 499
354 96 357 376 394 409 414 433 454 462 468 477 482 498
355 60 369 372 375 381 414 429 439 441 460 472 497 498 500
356 77 365 375 380 381 385 412 416 423 441 476 484
357 54 358 384 391 392 393 399 403 411 423 426 430 473 476 477 480 491
358 82 374 375 380 384 388 397 400 415 421 422 436 440 442 461 466
359 51 374 378 386 393 399 403 416 430 435 451 461 467 481
360 63 366 382 403 405 416 419 434 438 439 441 491
361 67 364 383 400 421 432 434 441 446 450 453 454 456 459 462 471 485 490
362 61 379 382 387 391 401 406 408 415 421 428 430 431 432 444 451 452 456 459 463 489 499
363 59 389 404 421 422 425 426 429 438 441 446 466 473 474 484 489 495
364 62 366 369 376 390 392 396 403 408 439 453 457 470
365 69 385 414 417 423 426 440 444 450 469 480 496 498 500
366 99 380 383 384 409 420 421 432 440 449 467 472 476 485 487 488
367 89 378 379 380 388 410 414 415 422 432 434 460 463 478 480 482 485
368 84 370 376 386 389 398 406 412 428 432 446 456 473 476
369 91 375 378 380 394 395 420 424 458 469 471 485
370 59 385 391 393 413 419 441 464 490 494 495
371 56 374 395 404 419 444 448 451 457 458 459 461 466 469 473 476 481
372 52 376 397 407 415 423 468 479 486 498
373 88 383 390 391 400 403 408 412 430 437 452 490
374 86 386 395 398 409 411 420 435 463 472 476 477 482 490 491 497
375 75 379 388 394 399 401 445 455 461 467 488 490 500
376 50 398 409 414 415 418 422 427 437 452 456 461 482 490 493
377 94 384 385 407 411 421 427 442 446 457 463 479 485 491 493 496
378 83 396 397 413 420 435 436 464 468 469 473 491 499
379 92 390 408 409 415 434 456 458 464 469 470 475 484 490 495 500
380 71 393 399 414 424 468 469 474 480 490
381 94 383 386 394 396 414 420 421 427 451 460 466 468 490
382 72 386 391 402 417 434 438 444 453 457 465 479 488 497
383 84 399 410 419 467 469 472 473 474 477
384 70 418 435 441 461 471 473
385 85 390 395 412 418 433 462 464 477 484 486 488 499
386 93 408 425 429 436 475 494
387 77 395 433 437 452 487 498
388 91 398 405 410 414 431 440 449 459 470 481
389 58 416 419 426 444 459 474 481 489 490 495
390 83 393 425 428 441 450 457 479 484 495 499
391 81 393 408 417 434 440 445 473 480 483 484 487 488 496
392 78 393 402 422 435 437 446 448 462 467 470 473 481 499
393 57 397 404 409 414 422 439 449 466 468 469 483 486 487
394 96 400 403 405 407 414 416 417 436 445 448 453 484 489 493
395 74 401 405 410 412 416 417 424 428 440 442 446 457 478 496
396 80 408 409 416 419 422 427 429 450 457 481 484 488 497
397 93 410 418 424 430 440 450 469 471 490 493
398 76 400 428 442 444 469 473 493 499
399 60 425 442 443 451 456 459 467 475 476 483 485 500
400 82 404 428 436 455 456 475 496 497 498 499
401 77 413 432 444 459 461 465 472 479
402 93 406 421 424 428 434 439 461 481 483 484 492 500
403 92 406 425 439 458 465 475 483 484
404 85 418 428 442 443 455 471 473 477 478 494
405 58 416 422 459 466 471 476 478 490
406 63 409 426 437 450 465 493 498
407 88 412 420 421 425 437 438 444 449 453 455 463 467 470 484 494
408 77 417 423 441 450 457 458 470 474 480 490 498 500
409 66 414 416 442 454 478 481
410 65 416 417 426 429 442 458 460 461 475 477 490
411 76 417 424 427 496
412 90 413 415 423 446 452 472 485 487 491 497
413 88 434 446 451 455 475 481
414 61 421 424 428 455 456 459 473 486 491 493 494 495
415 100 418 420 431 435 441 454 455 469 481
416 55 426 431 437 441 442 449 464 471 487 491 496 499
417 53 420 455 462 467 476 480 488 490 497
418 93 441 449 467 476 479 483 488 489 493
419 64 429 431 432 444 447 450 461 473 474 475 495
420 58 457 461 476 478 498
421 100 438 449 451 455 478 482 485 487 488 491 492
422 69 434 441 449 458 473 478 485 486 492 493
423 60 424 449 452 457 468 469 488 497 500
424 83 441 499
425 69 434 454 476 482 487 495
426 96 448 456 463
427 96 432 453 464 476 479 480 496 499
428 58 429 451 469 473 476 485
429 85 455 469 471 479 492 497
430 84 441 458 460 468 480 485 490
431 72 437 440 461 473
432 63 456 475 477 478 479 489
433 54 440 453 455 472 476
434 69 437 450 464 468 476 478 487 493
435 77 452 463 477 481 490
436 67 438 472 481 482 483
437 88 439 448 452 457 465 466 469 490
438 97 441 455 457 464 465 482
439 95 453 457 473 474 484 493
440 90 469 492 497
441 79 472 477 499 500
442 89 444 467 474 475 482 500
443 99 446 464 469 485 486 488 493
444 55 445 458 469 470 483
445 51 453 463 491 496
446 61 450 455 486 492
447 69 466 486 488 498
448 63 456 462 468 483 487 496
449 53 454 460 462 480 491
450 100 459 480 484 490
451 67 480 488 497 498
452 57 453 455 460 468 480 488
453 60 474 485 495 496 499
454 57 468 472 493 497
455 98 472 476 490 492
456 60 458 465 472 476 482 488 494 495 498 499
457 62 458 460 476 487
458 96 464 484 492 498
459 89 481 497
460 68
461 50 472
462 74 471 498
463 83 468 474 479
464 61 475 485
465 89 466 467 469 478
466 64 475 484 485 488 493 500
467 57 473 475
468 73 474 481 483 497 498
469 63 471 472 480 483 492
470 81 473 475 483 494
471 69 481 487
472 81 475 489
473 62
474 77 487
475 100 489
476 59 480 481
477 70
478 78 493
479 91 490 491
480 62 481 486 494
481 94 487 488 489
482 54 483 484 485 495 498
483 83 486 487 495
484 60 491
485 86 487 488 490
486 74 491 493 498
487 80 496
488 65 491
489 86
490 59 493 499
491 69 499
492 73
493 56 494 496
494 55 497 500
495 80
496 79 499
497 81
498 81
499 80
500 73
