500
1 90 24 51 53 66 104 107 115 135 146 156 162 193 195 233 249 277 296 304 329 380 383 389 403 415 421 435 437 456 466 470 474 486 489 493
2 83 14 18 28 30 51 55 100 104 105 112 118 133 134 135 142 144 162 179 185 188 197 203 214 221 223 225 229 245 262 265 266 280 288 291 317 344 346 360 365 389 407 424 436 438 441 451 458 460 462 469 476 484 493 494
3 61 9 14 42 44 61 69 74 89 90 94 98 105 112 116 132 133 136 146 152 155 168 172 181 187 191 194 201 215 225 234 236 243 255 279 319 323 328 337 339 347 353 356 371 380 384 390 406 408 446 458 477 493
4 55 20 23 43 52 57 68 79 88 89 95 97 119 168 172 202 208 219 221 224 228 240 242 249 252 259 271 276 277 287 294 306 308 312 319 323 334 337 344 347 349 355 359 367 371 374 375 386 388 389 400 409 413 419 423 426 434 436 457 466 468 479 484 499
5 60 14 22 32 37 53 58 66 78 83 103 112 120 123 127 146 202 234 240 248 255 280 307 309 330 355 356 362 369 380 391 393 398 406 423 428 452 481 490
6 80 8 9 11 12 15 16 23 28 39 56 62 63 65 71 81 82 84 108 150 160 187 222 232 249 256 265 272 274 288 294 312 327 329 330 334 362 363 365 376 391 400 410 416 418 429 431 450 462 464 478 490 492
7 52 18 30 31 36 44 63 69 75 102 118 121 145 155 158 167 174 182 185 188 194 201 204 217 231 246 247 264 281 311 312 313 328 345 351 356 374 377 378 404 406 412 430 440 449 463 476 486
8 74 24 38 45 48 58 68 69 83 93 116 119 141 163 177 190 204 205 209 224 229 243 255 259 265 267 268 270 286 313 336 343 383 386 394 396 420 422 434 442 446 448 451 463 467 485 487 499 500
9 64 41 68 83 84 86 89 112 114 131 142 152 154 166 167 168 169 177 185 224 225 226 245 246 252 253 270 273 279 284 287 317 318 325 337 348 352 359 384 385 406 418 425 430 444 454 460 464 486 500
10 64 33 42 44 47 52 53 68 82 84 88 89 104 110 112 113 121 123 136 171 172 173 176 183 195 204 210 213 238 248 286 297 306 311 325 329 372 373 375 387 392 398 442 445 460 487 493 495
11 60 13 16 28 42 55 56 61 102 104 117 129 133 136 144 151 161 184 189 222 274 282 291 308 323 325 327 338 341 344 373 396 407 412 423 443 466 467 468 470 472 485 493
12 93 16 33 36 60 72 80 94 95 112 128 130 135 139 155 161 170 175 181 185 207 215 216 221 231 246 250 268 281 288 331 341 367 368 376 389 409 415 439 443 454 461 470 483
13 87 18 23 29 41 42 47 54 80 83 86 87 89 96 97 103 110 135 142 143 144 156 176 177 179 186 211 214 224 227 231 255 256 263 265 276 286 288 291 305 307 316 336 338 348 352 353 358 367 375 391 400 448 458 463 466 474 476 478 480 500
14 55 22 26 33 45 72 75 80 85 88 96 130 133 139 142 144 150 159 166 177 180 183 225 236 245 248 249 263 291 298 355 356 359 378 386 392 398 425 427 439 459 475 494
15 96 18 23 24 40 49 50 55 57 72 82 84 116 132 138 141 148 157 173 186 201 223 236 237 240 248 252 259 280 285 297 305 311 320 340 380 398 407 438 453 456 461 479 480 496
16 64 26 30 33 35 51 56 58 67 75 88 117 126 159 162 165 177 186 188 193 226 245 328 340 348 353 361 369 376 397 406 414 419 435 436 449 455 482 486 488 500
17 77 23 28 36 38 40 45 68 70 103 110 116 119 124 134 147 167 173 178 187 201 207 213 225 263 267 269 272 286 287 297 298 299 329 345 348 362 413 414 420 437 449 452 458 459 462 478 493 497
18 92 22 41 46 47 73 78 96 104 107 120 125 128 161 176 182 218 234 251 256 260 262 267 271 281 284 308 309 330 338 341 385 389 393 398 437 442 463 467 469 478 479 484 497
19 52 26 38 46 50 56 60 66 74 83 103 124 130 133 140 150 156 179 185 191 194 201 222 224 231 241 259 261 266 268 301 302 310 339 341 350 358 359 384 387 392 395 400 408 413 432 453 472 475 476
20 94 30 34 40 41 42 49 50 60 74 75 87 106 107 112 134 155 160 163 195 201 206 215 224 240 244 255 273 311 356 378 406 412 425 433 492 497
21 52 25 34 73 80 102 124 125 148 184 189 213 215 222 234 236 241 253 265 280 293 336 339 349 352 353 361 365 368 386 397 398 401 413 445 458 465 473 477 478 484 496
22 53 25 27 60 86 96 99 102 137 146 151 161 168 169 170 186 192 206 210 224 231 233 252 253 257 267 285 294 301 331 354 378 383 390 397 405 410 421 435 437 447 452 486 496
23 67 27 52 53 55 71 72 83 102 104 108 117 137 142 143 155 173 179 183 194 201 232 233 242 248 251 252 260 264 265 274 280 281 290 301 304 306 320 351 359 361 362 386 394 395 412 431 451 461 463 466 468 478 485 491
24 70 31 65 74 83 95 98 110 114 122 127 135 142 143 144 160 164 166 178 185 191 195 204 205 208 225 247 255 257 262 266 269 274 294 295 300 302 304 308 313 319 323 326 336 338 340 353 359 360 363 368 391 399 403 404 409 426 436 437 445 470 480
25 50 26 28 29 33 50 68 81 89 98 110 145 147 177 187 207 230 238 240 255 267 285 287 303 312 317 319 347 351 352 357 366 371 374 382 392 401 416 438 440 450 463 469 482 488
26 90 36 37 51 52 74 76 82 93 94 109 116 156 157 160 161 166 197 228 253 284 292 314 330 335 353 355 358 365 373 378 383 418 427 429 431 438 439 460 461 474 475 477 491 498
27 74 50 55 73 81 82 96 99 102 106 116 118 119 131 142 144 181 183 185 197 203 233 256 266 267 285 297 315 332 338 339 347 356 364 373 418 438 443 471 488 500
28 62 35 46 55 59 61 70 86 91 92 100 101 106 108 111 123 141 160 169 170 171 172 174 191 197 204 215 217 227 232 235 240 242 261 266 274 303 317 318 325 337 358 365 366 369 407 411 430 437 447 450 474
29 100 31 33 38 41 45 83 108 114 122 128 129 138 144 149 158 160 174 183 230 236 242 262 263 266 285 321 340 344 351 352 365 374 375 406 412 416 422 474 497
30 90 46 89 90 98 113 115 128 173 178 195 207 212 218 236 239 246 251 270 309 310 322 333 341 361 371 376 383 386 389 400 402 408 421 428 435 453 470 493
31 68 37 38 46 52 78 79 85 108 115 116 123 129 132 139 141 144 157 165 167 182 189 191 196 197 226 231 240 243 252 254 258 260 281 288 290 297 299 302 316 338 349 352 363 386 387 394 397 401 409 413 417 421 424 434 438 447 452 491 498
32 84 37 40 56 65 76 88 91 93 97 107 114 126 150 152 180 183 186 188 218 219 221 224 228 240 276 292 300 304 317 320 328 335 348 365 386 398 402 412 438 451 467 472 478 489 496
33 76 42 53 66 73 81 101 113 120 125 130 135 139 150 163 175 191 195 203 205 209 210 222 224 233 238 249 250 253 256 286 287 293 319 323 335 346 382 399 411 423 447 464 466 468 478 479 487 498 500
34 89 47 54 57 83 105 107 111 121 143 149 150 182 184 186 195 198 200 204 207 210 221 230 233 252 253 274 284 292 303 312 334 360 363 403 405 437 451 461 462 471 480 486 498
35 75 42 48 50 57 60 71 78 81 86 89 90 103 104 123 124 127 164 166 198 201 212 224 229 230 246 255 262 278 280 287 288 296 298 300 321 322 328 329 346 361 362 364 372 380 385 394 403 408 422 435 459
36 75 40 78 98 126 147 161 198 217 226 244 249 254 256 274 291 299 301 319 336 352 383 387 399 401 405 414 419 440 453 458 463 467 473 475
37 75 47 55 99 106 111 118 120 128 129 143 151 198 199 216 245 257 263 270 288 292 295 316 319 324 328 331 333 349 376 377 387 399 411 414 434 469 472 486 491 495 500
38 88 42 54 69 71 91 92 97 106 117 122 140 145 148 161 197 200 219 225 226 235 247 250 265 273 306 308 309 315 320 365 390 393 394 406 412 423 433 443 455 472 478 482 484 488 489 490
39 64 42 76 77 78 88 99 133 139 144 147 161 168 176 177 181 204 215 221 267 268 276 290 295 299 311 313 323 333 351 369 372 378 406 411 433 450 453
40 52 49 77 86 94 104 106 119 126 133 136 166 173 178 195 230 231 235 240 241 269 275 280 282 307 309 314 326 329 352 390 392 397 406 409 412 425 448 449 470 477 480 490 495 496
41 55 54 75 81 88 89 96 101 103 107 108 127 146 174 175 176 188 193 214 228 241 255 262 265 289 298 301 310 343 344 346 354 365 369 383 386 389 397 413 421 425 426 427 452 464 465 478 491
42 95 52 74 81 108 115 120 128 132 134 162 165 197 206 215 226 227 241 262 274 280 282 294 301 304 312 314 338 367 380 384 393 396 405 424 430 431 437 445 458 459 469 473 487 488 490 497 500
43 65 51 98 125 132 140 142 145 147 157 161 166 179 189 196 205 222 230 234 235 250 252 262 271 281 292 293 297 300 313 347 353 372 390 399 404 409 413 451 456 457 481 483 484
44 81 47 53 84 98 102 128 131 138 141 163 173 175 182 191 198 206 231 232 242 244 250 251 271 274 326 328 331 334 338 366 368 375 380 390 403 405 423 424 430 434 436 439 451 460 469 473 480 482 487 496 500
45 95 77 79 87 92 95 97 102 105 125 131 142 145 150 152 155 183 187 198 228 232 251 257 262 265 280 283 297 326 336 344 348 354 384 394 396 410 414 415 416 429 436 445 459 461 470 474 475 477 480 491 493 496 499
46 54 60 75 85 88 114 121 155 172 176 179 187 191 194 200 211 225 227 236 241 248 257 269 272 284 285 291 298 315 339 356 368 386 411 420 434 438 441 443 450 452 471 495
47 98 58 68 79 87 95 120 128 134 151 169 171 185 209 224 228 230 231 254 263 282 285 286 288 294 297 310 319 323 327 339 342 354 366 369 382 404 427 445 446 463 472 473 485 492
48 66 56 57 79 80 116 119 154 180 182 202 203 209 211 214 227 234 249 276 281 285 299 308 322 325 327 328 334 335 337 340 348 351 357 371 388 391 393 398 405 438 453 455 467 473
49 51 56 65 109 122 139 142 150 152 191 218 221 223 230 231 245 247 251 252 257 262 263 278 281 299 304 306 308 312 319 320 342 348 367 381 399 407 417 420 430 435 436 480 484 485 488
50 80 55 62 64 66 78 79 93 105 113 129 131 134 156 186 188 211 214 217 227 234 246 257 258 273 281 286 290 300 302 323 331 338 362 366 371 373 377 396 401 403 409 417 421 426 437 440 444 445 447 450 466 469 474 477 479 485 490
51 75 52 63 69 75 79 83 93 109 118 133 141 153 165 183 207 216 245 249 260 261 280 298 304 317 334 344 346 348 379 387 400 416 435 463 481 485 490 498
52 73 58 63 64 70 89 91 92 101 113 150 159 164 172 184 185 190 194 198 199 213 214 216 218 233 240 247 249 257 265 268 277 279 286 290 299 301 319 328 342 348 355 367 370 381 407 411 421 426 441 446 454 473 480
53 80 55 68 111 121 124 151 152 193 206 208 221 224 227 235 236 238 243 250 254 260 265 269 304 316 328 338 351 352 357 359 360 371 396 397 404 423 426 447 449 453 460 467 472 488 491 499
54 98 67 94 100 111 155 183 190 199 212 231 245 247 249 267 273 277 286 291 331 339 358 380 382 402 431 436 452 469 479 489
55 90 59 66 71 79 80 91 97 121 134 146 150 151 168 191 209 215 228 232 245 269 270 271 276 298 305 306 309 315 341 352 355 364 380 399 419 440 443 444 476
56 67 86 96 100 107 121 146 154 158 163 176 229 230 236 243 254 285 293 301 302 309 313 333 339 342 347 350 364 380 381 389 405 432 444 457 479 492 493
57 98 103 107 113 117 136 138 147 156 171 177 182 193 197 203 224 228 232 241 244 252 257 261 275 288 313 328 330 339 344 372 387 409 429 436 459 462 488 493 495 496 500
58 70 76 84 86 107 140 146 158 164 166 189 205 206 219 237 249 252 301 308 322 324 356 357 403 426 436 446 467
59 73 66 76 81 82 84 102 107 108 114 143 150 152 164 175 199 238 244 246 316 325 328 329 339 340 342 350 353 369 385 392 396 404 413 416 422 425 434 441 457 466 476 492
60 88 63 71 84 92 94 108 135 140 156 161 163 169 170 177 181 202 209 222 230 261 275 282 284 311 317 320 322 338 341 348 356 359 361 365 378 386 400 401 403 430 449 460 464 466 469 472 476 485
61 89 65 66 68 72 78 102 112 117 119 129 148 151 155 161 164 166 172 181 182 186 211 214 217 227 230 231 233 241 260 263 275 277 283 294 317 319 322 331 338 341 346 350 351 363 368 372 380 385 393 394 399 411 434 440 447 462 481 493 494 495
62 67 65 76 80 81 89 91 115 135 147 148 154 170 206 219 229 233 250 254 256 284 299 300 307 312 315 319 327 343 356 364 365 372 377 385 386 388 420 428 430 453 476 478 499
63 67 64 67 74 79 95 96 106 112 116 129 136 140 143 155 161 176 194 229 238 245 256 264 265 277 283 291 307 313 319 328 329 337 348 357 380 389 392 397 398 421 426 432 439 458 481
64 96 75 77 81 82 86 95 97 114 115 121 124 130 131 141 154 193 199 216 222 225 252 256 273 278 314 341 342 347 358 361 376 377 382 396 405 406 417 431 441 454 457 459 472 492 500
65 59 80 84 85 90 95 97 115 116 125 155 178 181 184 185 218 219 220 226 228 249 266 288 289 298 310 311 321 334 344 350 353 357 368 369 371 375 386 387 395 400 421 422 428 429 435 437 440 441 447 471 475 489 494 495
66 94 90 94 102 114 117 127 139 143 168 176 184 187 196 215 221 222 231 250 262 309 345 359 366 374 377 408 418 421 427 430 438 442 448 462 470 484 485 495
67 84 74 100 103 108 133 155 164 194 197 205 207 215 219 228 230 234 241 271 276 283 286 309 326 332 336 337 381 389 403 406 426 453 466 488 490 492
68 100 76 78 89 94 95 105 115 122 125 135 139 140 147 156 157 163 165 166 173 179 185 193 200 211 226 262 267 306 319 357 362 376 377 386 391 419 428 429 438 444 449 452 457 470 472 478 491 497
69 59 74 75 77 80 85 105 136 143 149 157 163 179 188 200 219 226 237 242 248 254 255 261 263 277 291 292 299 309 315 334 357 359 361 376 389 407 414 428 461 469 471 475 480 489 493 496 497
70 82 71 85 92 97 101 102 104 108 120 144 150 160 164 172 179 181 191 192 203 213 233 235 240 249 255 256 276 278 298 318 338 339 341 383 387 388 418 422 429 434 444 472 484 487
71 84 72 75 81 86 87 89 93 99 104 112 117 128 156 163 175 192 196 201 212 214 216 219 220 224 227 237 252 257 280 282 307 310 312 328 337 343 350 356 360 365 370 372 376 396 420 438 440 453 454 459 464 465 471 475 476 483 500
72 70 73 88 98 104 110 130 141 149 152 155 165 169 178 188 204 205 221 227 244 245 258 261 310 313 319 320 321 322 330 342 347 371 376 396 399 406 415 428 466
73 53 92 98 101 105 109 132 142 150 154 156 170 176 183 193 201 214 221 233 236 242 252 255 260 276 292 297 310 313 322 323 328 329 333 340 343 349 351 361 363 372 382 401 411 413 450 466 475 489 499
74 81 76 81 100 102 112 132 135 148 149 150 156 162 172 177 187 193 214 218 230 246 252 255 275 281 282 299 302 306 308 319 330 350 363 377 378 383 414 425 428 431 448 488 495 497
75 67 111 121 148 153 158 164 165 173 175 181 187 196 211 217 224 232 240 259 273 279 284 295 300 323 335 361 363 379 404 425 432 436 444 446 458 480 481 484 494
76 82 81 82 83 98 106 108 122 123 127 147 183 190 204 215 217 225 228 247 253 294 304 307 317 318 322 328 342 348 351 357 362 380 392 395 401 408 412 417 426 432 445 450 453 469 470 483 493
77 54 79 109 110 119 124 134 145 150 175 188 195 200 207 218 230 240 255 257 275 293 318 331 337 359 383 388 425 453 454 463
78 84 80 83 94 95 107 112 135 141 142 143 150 171 177 184 185 190 196 202 204 215 216 220 226 236 245 260 261 280 287 296 301 317 334 340 354 370 378 386 390 391 395 430 439 442 456 465 473 484
79 99 80 86 133 134 142 151 152 157 168 179 199 207 212 215 217 218 225 226 233 247 259 270 272 281 289 294 321 325 333 335 338 344 354 361 363 380 416 423 436 452 481 486 493 498
80 94 81 84 97 111 125 157 159 162 171 174 179 200 206 214 220 244 252 253 275 286 294 311 324 332 337 340 341 350 353 361 404 409 429 444 450 452 453 461 489 491 493
81 79 100 101 106 114 123 124 141 189 245 253 265 273 279 303 332 336 339 340 354 357 362 371 379 380 383 402 403 405 418 422 427 430 444 448 450 476 488 494
82 82 87 88 91 133 136 138 168 175 187 195 223 225 226 229 232 262 286 300 306 314 320 348 367 374 384 390 391 392 396 399 409 418 432 434 438 443 444 453 456 467 472
83 52 84 93 104 127 132 145 169 188 194 213 214 223 229 230 231 232 236 238 241 256 257 266 272 273 275 281 282 287 313 332 335 342 361 364 389 393 401 418 424 426 429 436 444 465 466 469 477 484 495
84 60 88 100 122 142 147 156 157 160 179 185 192 233 239 247 254 270 284 295 324 362 377 380 385 398 401 405 406 414 415 423 443 464 469 470 474 483 496 499
85 71 96 122 125 135 144 173 184 186 187 191 202 215 219 230 241 254 261 277 319 321 331 334 360 373 387 391 399 406 435 447 450 459 465 470 478 487 496
86 80 92 103 115 123 135 140 144 152 164 166 169 205 206 208 219 243 244 249 267 281 283 287 314 316 318 334 335 357 360 377 379 390 392 404 416 438 443 461
87 65 95 116 143 146 150 155 168 170 188 204 207 210 217 251 256 267 270 272 289 299 310 312 327 340 346 362 375 378 383 389 393 401 402 444 461 471 473 477 485
88 92 91 96 99 126 142 143 159 163 175 182 202 204 221 252 256 262 282 284 291 306 315 320 339 359 363 372 381 384 389 423 428 438 439 468 473 489
89 91 111 113 138 141 156 163 175 185 209 218 223 236 237 253 274 289 294 304 306 313 340 343 345 366 371 372 406 430 431 442 447 461 491 500
90 72 95 107 118 124 128 134 139 147 154 159 182 183 242 250 261 277 281 283 295 297 326 337 338 351 353 361 368 375 397 400 417 436 438 451 459 460 463 468 478 487 490
91 76 97 98 101 108 118 127 135 147 150 152 158 188 189 192 199 204 213 218 234 239 256 261 262 265 282 284 287 292 310 330 334 342 355 372 377 385 407 413 417 432 481 498
92 89 116 145 152 155 163 165 180 228 236 238 247 251 256 278 299 320 323 325 337 340 352 354 356 380 396 397 410 418 424 431 439 457 460 464 483 485 497
93 97 98 104 123 135 143 147 155 157 168 172 175 176 179 236 239 242 273 278 289 298 312 318 322 328 366 371 372 380 381 393 400 401 402 421 442 449 457 468 483 485
94 56 101 106 116 123 129 136 137 152 154 157 160 162 179 187 194 208 211 269 272 273 288 289 291 294 308 319 345 348 370 375 411 426 436 466 467 474 500
95 76 100 111 125 144 149 175 177 178 181 193 214 221 230 238 255 265 300 305 322 335 338 354 371 372 399 404 413 435 437 455 461 473 483
96 84 101 106 108 110 148 152 159 170 206 210 211 218 219 222 238 249 250 277 285 287 289 296 307 311 316 338 340 346 351 381 389 397 438 442 445 453 456 465 473 484
97 97 100 111 114 121 138 163 172 173 192 198 199 212 238 245 256 259 273 277 293 294 306 313 333 338 349 364 369 374 386 414 442 447 449 466 471 478 480 490 491 500
98 85 106 118 127 138 143 163 169 188 198 218 234 238 250 259 268 287 299 317 324 332 355 361 362 374 383 416 420 438 446 454 456 458 460 463 468 473 474 477 483 500
99 81 105 107 115 123 125 132 134 146 147 156 193 219 220 230 237 245 248 254 257 260 262 276 278 292 301 320 324 334 339 345 348 365 374 376 381 382 392 435 441 442 444 448 464 488
100 61 110 112 125 134 141 146 149 155 167 169 173 179 219 222 229 242 248 251 255 257 265 268 274 281 282 286 299 301 306 319 339 353 354 362 408 421 444 446 447 465 466 469
101 77 111 117 151 158 194 200 213 216 222 239 243 268 271 281 298 303 312 313 325 343 344 353 359 404 410 411 429 433 434 461 465 482 490 496
102 82 106 119 123 193 205 211 214 231 245 263 271 276 277 278 293 299 316 332 342 343 345 347 352 361 364 367 373 387 393 398 401 433 442 463 476 493 500
103 60 104 106 115 118 119 121 136 151 156 160 167 174 177 192 194 195 196 205 209 217 240 260 274 279 288 294 301 307 308 317 321 325 330 332 334 335 345 351 357 360 376 381 388 391 408 411 416 426 430 441 448 451 464 494
104 85 118 158 159 184 198 208 258 261 264 268 274 279 290 294 303 336 337 357 368 379 383 408 410 463 485 495 497
105 96 109 110 118 121 127 145 151 166 178 180 182 187 197 205 223 235 237 239 247 255 264 265 278 282 308 315 317 321 369 373 393 426 427 430 434 441 459 474 479
106 77 127 136 145 157 166 188 211 222 233 238 256 257 261 267 285 288 297 306 314 316 328 331 346 354 375 379 391 395 411 418 419 425 429 432 434 439 458 466 499
107 67 109 132 139 155 167 168 173 186 197 210 217 223 228 236 239 247 251 287 295 301 308 309 316 336 338 344 350 352 353 360 385 389 398 421 429 431 454 458 460 467 483 490
108 58 120 123 150 162 163 166 182 183 205 218 230 245 252 260 266 300 315 332 334 339 345 348 362 374 387 414 425 443 445 447 460 479 480
109 90 130 135 136 140 145 164 175 179 201 206 211 224 228 249 250 260 266 269 271 277 298 300 301 302 303 306 307 308 311 322 344 347 361 362 365 369 377 386 399 407 408 410 433 444 446 448 449 455 467 471 472 480 485 491
110 86 113 118 134 135 149 162 168 178 191 193 195 205 216 227 248 250 276 289 310 311 320 361 369 378 389 394 432 437 440 443 454 455 464 471 483 487 490 497
111 88 115 120 123 135 142 147 154 167 168 178 179 180 187 190 205 215 222 250 276 298 299 304 336 343 350 354 362 365 373 390 392 398 406 425 444 449 468 474 477 485 487 499
112 91 138 143 148 171 183 197 202 203 204 205 209 243 265 281 297 301 304 317 341 342 350 359 360 362 367 384 400 411 417 436 444 445 457 461 488 491
113 85 115 118 119 123 158 168 171 180 187 209 213 231 236 249 250 251 256 282 284 294 318 335 340 352 366 370 377 394 402 408 411 424 444 456 475 489 497
114 78 115 118 124 132 140 151 160 175 179 200 206 219 228 241 261 265 267 275 282 303 314 315 320 322 326 334 341 351 355 366 388 395 397 406 412 418 429 448 452 455 486 491
115 51 131 137 139 147 157 165 177 178 182 200 225 230 248 252 263 266 270 273 278 281 283 286 291 302 307 313 345 346 352 357 360 371 383 402 410 412 416 417 432 455 458 459 460 461 493 494
116 63 126 148 152 165 171 175 179 181 184 190 208 231 243 244 251 257 265 306 322 337 342 345 364 380 387 392 422 425 433 445 447 450 470 495 500
117 71 122 126 133 139 162 164 179 198 206 230 247 255 263 266 290 309 359 361 368 369 384 385 388 392 400 414 427 428 437 450 453 460 466 480 489
118 76 146 151 153 155 158 161 180 189 193 201 214 236 238 239 252 261 270 280 283 285 319 347 352 356 358 360 361 364 374 386 395 421 423 427 450 461 462 467 468 473 477 497
119 84 122 134 151 154 188 207 218 226 243 244 283 291 292 309 322 325 341 359 373 383 387 394 396 401 427 429 431 436 453 469 495
120 89 167 170 182 214 244 245 253 269 272 282 286 287 291 297 313 340 345 351 361 372 374 377 381 387 391 396 405 413 415 423 441 445 448 452 454 455 468 475 479 487 490 491
121 59 151 152 160 181 197 199 202 215 227 229 246 255 266 270 293 297 303 306 316 323 331 334 376 391 395 403 405 421 437 470 475 481 499
122 68 134 145 150 163 170 174 175 189 200 203 209 217 227 228 231 235 252 258 278 279 298 300 303 326 340 346 356 359 362 391 398 410 434 435 446 454 464 465 493 500
123 82 125 138 150 164 172 174 193 205 219 221 228 229 244 245 276 279 280 282 283 292 300 305 324 346 360 374 375 378 392 431 435 439 444 457 494
124 75 125 128 160 166 167 170 176 178 184 202 203 209 217 219 231 242 248 271 284 295 352 366 389 391 400 410 425 428 457 468 483 487 493 496
125 53 129 138 141 147 148 149 154 155 161 170 198 213 214 220 231 232 239 242 250 262 267 269 295 299 303 340 341 345 347 348 364 391 392 406 418 434 437 465 491 496
126 79 132 136 138 160 164 169 190 192 216 241 251 267 268 269 273 274 308 314 315 341 358 363 374 388 395 401 415 435 439 458 487
127 98 152 163 168 174 185 218 224 239 262 272 293 301 308 329 347 364 367 370 407 426 429 432 433 437 438 440 442 447 457 464 471 474 481 484
128 53 134 165 183 184 207 246 288 301 307 316 328 349 351 359 360 375 379 392 399 401 411 412 421 427 431 441 442 469 476 478 482
129 84 141 144 155 165 172 175 177 185 199 203 204 207 209 211 221 238 251 264 265 268 269 280 286 300 308 316 327 331 335 340 348 355 357 402 417 419 421 433 436 446 451 456 473 486
130 86 152 162 208 212 215 218 219 220 236 238 249 255 260 262 269 275 278 281 284 301 303 314 317 321 338 354 360 368 377 392 395 408 430 443 450 452 459 462 480 496
131 59 136 146 164 171 191 200 212 217 236 240 245 265 267 272 275 284 297 310 323 332 350 355 357 362 371 372 382 384 389 398 399 430 437 438 457 472 486
132 90 136 157 171 173 183 202 218 221 224 245 263 274 278 281 308 312 322 328 333 349 367 369 373 374 388 411 421 428 429 431 434 456 458 480 499
133 57 141 150 156 160 165 174 177 187 194 201 209 219 223 229 234 249 258 270 274 276 278 283 293 294 297 298 313 319 321 322 325 331 333 334 337 343 348 350 371 375 390 415 425 443 452 458 469 472 474 479 498
134 66 156 184 187 203 217 219 225 237 239 247 250 282 284 300 303 312 325 330 332 334 341 352 367 380 407 411 447 456 461 464 467 468 471 487
135 73 155 160 174 175 216 234 244 256 268 285 301 319 333 340 345 350 363 364 384 394 397 413 418 421 428 457 460 462 474 475 495 500
136 77 143 146 149 152 175 181 209 233 241 243 245 256 257 268 270 289 321 326 332 337 344 345 378 388 420 424 442 454 456 462 466 482
137 56 141 147 159 160 170 180 183 185 202 218 225 233 239 244 268 280 290 297 300 307 309 323 327 336 341 345 346 373 384 393 406 427 443 490 495 496
138 70 141 146 167 174 203 212 224 234 256 274 281 283 284 298 309 313 314 328 331 332 338 339 340 344 351 372 381 382 405 408 427 448 451 469 481 496
139 65 142 143 156 159 167 171 173 179 186 198 213 219 239 266 267 273 280 294 307 310 311 316 338 348 355 362 363 366 379 381 389 391 405 415 441 448 461 466 492 495 500
140 67 142 157 175 185 187 193 200 219 220 224 225 226 235 257 263 275 280 286 294 296 326 333 353 375 393 395 406 411 421 422 427 433 444 458 490 492
141 88 171 186 215 220 230 237 238 244 248 287 289 306 315 318 320 325 334 344 358 359 381 395 400 413 426 431 434 437 446 453 458 461 464 467 476 500
142 58 163 203 221 261 275 291 292 295 305 318 328 345 353 372 375 381 390 399 406 422 438 446 470 475 477 478 479 492 494 498
143 82 152 154 200 208 223 224 233 244 249 259 268 278 289 292 321 324 356 367 389 393 397 424 429 441 463 483 485 487 493 497
144 74 149 155 186 187 198 200 202 221 228 232 247 249 255 257 264 270 271 301 317 318 332 341 346 364 379 385 387 391 400 411 423 425 429 435 439 446 459 461 468 476
145 86 148 161 162 178 193 195 196 209 213 221 224 228 247 253 267 275 286 305 341 364 366 375 390 404 407 423 425 426 451 454 467 473 474 482 484 485 487 500
146 83 149 157 165 166 172 182 209 210 223 229 235 238 249 259 272 273 307 313 327 328 356 373 377 382 390 405 417 428 439 441 442 447 450 457 462 465 471
147 94 151 153 161 166 169 176 199 215 217 228 249 254 259 292 297 316 327 340 341 351 364 366 369 370 395 404 414 436 460 478 483 492 500
148 82 151 155 160 164 175 196 202 204 213 217 230 239 258 262 270 271 278 290 299 301 307 308 309 310 322 326 338 345 346 351 365 369 374 384 395 399 411 428 437 443 450 454 459 463 464 465 483 484 496
149 89 154 156 161 173 179 226 230 246 258 268 273 283 286 294 298 311 331 350 361 366 387 409 418 421 424 441 444 447 477 489 493 500
150 67 156 180 186 190 192 195 216 218 230 233 239 242 247 253 257 267 283 289 295 297 304 329 368 371 387 412 413 422 426 437 440 452 465 473 475 494
151 63 152 163 168 174 185 209 210 211 212 215 224 250 256 267 269 281 282 296 302 318 332 333 334 350 354 356 368 375 421 422 454 455 457 460 483 484
152 71 153 157 161 168 169 172 217 231 240 245 258 260 275 277 280 298 311 320 330 331 353 354 355 369 371 374 379 383 421 439 443 449 459 469 473 479 480 483
153 75 161 175 190 211 232 244 258 264 265 274 282 286 308 310 311 322 331 333 343 346 372 379 395 399 402 417 420 443 447 449 451 457 461 480 490 496
154 61 168 177 179 194 197 200 203 204 206 224 226 258 269 277 284 290 322 325 328 335 352 381 385 386 387 398 399 403 407 424 427 428 429 431 447 449 453 461 496
155 95 160 180 195 196 203 213 219 228 236 247 250 253 262 284 290 291 324 330 349 352 360 370 383 389 406 408 415 421 424 432 435 437 442 444 482 483 488 495
156 54 181 182 195 202 219 237 255 284 286 294 296 303 315 323 344 352 393 404 409 418 433 462 468 474 491 492 499
157 53 186 196 213 231 238 240 251 271 275 276 280 290 342 344 347 351 353 373 379 380 385 398 402 414 421 430 436 439 449 450 463 472 473 481 486 489 490 492 499 500
158 62 160 182 185 194 196 210 211 213 229 239 242 274 275 294 314 350 367 372 374 381 395 399 402 404 427 431 434 438 445 449
159 60 166 207 218 232 273 291 294 300 324 329 330 331 338 348 354 372 391 393 401 411 431 440 444 483
160 80 162 182 194 204 207 218 233 240 243 254 264 268 269 284 292 294 309 310 342 358 362 367 392 404 408 413 415 430 433 437 485 496
161 59 189 195 197 208 210 212 238 241 253 263 268 274 281 290 292 298 310 324 327 331 335 363 370 381 402 409 434 441 453 477 495
162 52 168 170 182 191 211 218 223 229 246 249 252 255 285 290 299 315 319 326 353 356 376 381 382 385 389 397 399 404 409 418 436 437 442 466 496 499
163 67 177 178 180 193 202 221 237 245 251 252 259 261 268 270 271 326 328 350 369 388 418 423 434 435 454 461 465 474 478 483 496
164 57 167 196 218 234 241 244 247 251 269 281 299 312 314 320 348 351 376 389 433 435 437 438 441 447 466 478 479 487 490
165 92 166 170 174 181 185 200 218 230 242 243 245 250 257 262 272 285 292 308 321 323 324 333 336 337 344 359 368 369 374 378 379 381 387 389 390 409 410 411 433 444 462 463 465 469 474 485
166 71 170 177 181 208 211 221 225 227 228 231 235 254 259 264 287 288 295 303 310 315 338 363 365 379 385 417 437 460 463 465 489
167 75 170 194 204 206 218 225 231 236 239 269 291 302 307 326 333 351 432 444 454 456 458 475 486 490 497 498 499
168 95 172 185 191 212 229 260 263 267 285 324 327 335 338 342 353 367 368 418 421 424 428 441 452 455 467 468 480
169 100 174 176 231 259 261 262 271 277 283 287 292 300 305 308 328 331 334 346 351 352 354 359 394 398 399 401 408 421 427 429 450 456 461 462 480 491
170 81 171 175 220 240 245 254 255 259 284 293 302 314 338 362 370 379 384 387 397 412 414 422 428 432 442 445 447 451 455 468 469 496 497 500
171 65 192 199 205 216 218 224 226 251 252 260 266 277 287 294 300 301 337 344 370 372 388 394 404 413 441 442 479 480 483
172 62 179 186 193 215 216 217 221 223 225 241 248 257 265 280 287 298 308 329 344 358 369 375 379 404 414 421 442 452 455 463 494 496 500
173 52 195 211 223 231 261 262 263 283 291 304 327 331 359 360 370 385 400 418 422 437 445 449 454 467 470 472 479 482 496
174 58 183 210 211 213 218 274 280 291 310 318 320 323 341 344 350 352 363 366 374 398 406 420 435 444 447 458 460 468 472 482
175 73 179 188 193 196 225 230 232 234 240 245 248 256 258 270 276 278 280 283 312 313 314 350 365 379 385 402 414 423 429 433 445 448 455 487 494
176 78 181 182 211 214 222 223 253 292 294 305 310 312 322 323 334 341 349 374 395 399 405 419 424 432 437 440 454 469 474 475 495
177 87 184 192 207 225 239 240 255 257 265 281 282 284 290 307 315 319 326 328 342 346 347 349 350 352 377 384 398 412 423 436 438 441 469 470 488
178 93 198 204 209 239 275 285 288 315 318 321 330 331 337 344 345 357 373 374 394 398 402 404 405 428 432 434 447 453 456 461 462 469 479 483 489 500
179 51 186 188 193 203 205 207 215 220 235 241 253 257 274 280 284 296 305 317 321 343 365 367 374 387 390 391 403 419 422 449 479 485 495
180 62 185 213 220 247 273 282 291 297 302 303 306 319 336 337 341 355 360 362 365 380 390 391 401 432 438 461 470 471 484 485 493
181 50 187 192 201 219 223 253 261 264 275 278 280 282 283 303 311 313 322 324 330 343 345 348 350 365 376 383 392 405 408 411 418 423 427 439 446 453 454 463 477 481 486 491
182 94 184 187 191 198 199 214 228 232 238 244 258 262 264 303 305 308 309 320 329 331 337 338 340 341 354 355 369 378 387 395 401 408 413 423 426 429 459 460 467 482 500
183 94 193 216 226 243 265 266 274 279 283 289 294 326 327 337 342 349 382 402 417 426 431 438 440 447 453 468 469 480
184 76 222 260 266 285 300 304 313 314 320 336 345 372 397 403 407 417 420 431 434 467 477 478 480 497 498
185 95 202 210 212 217 218 231 258 267 273 274 280 281 295 300 302 309 320 344 358 363 368 390 395 406 408 422 474 479 489 493 497
186 87 198 202 219 225 233 237 256 263 272 275 282 289 291 295 301 318 320 341 351 355 359 388 398 400 405 424 437 459 473
187 67 192 201 202 203 213 243 250 255 274 276 279 296 300 319 329 336 343 346 358 359 360 370 371 388 420 431 435 454 456 492 498
188 76 190 193 200 205 211 216 226 237 238 250 253 256 260 278 288 295 297 301 316 320 326 332 365 373 389 395 399 404 421 424 433 450 458 469 482 500
189 57 199 202 235 254 259 266 278 301 346 355 365 377 387 397 405 407 428 430 433 435 451 454 472 482 488 500
190 93 196 208 217 225 251 252 266 268 269 287 294 300 301 304 323 339 344 345 356 357 359 364 365 378 387 389 432 457 475 483 492
191 69 199 216 217 224 236 241 245 252 271 296 302 305 312 316 330 335 342 352 360 374 427 428 432 434 451 469 474 477 479 488 500
192 60 202 203 217 240 252 256 271 283 304 305 331 336 363 366 372 399 402 422 428 445 461 467 481 488 494 497
193 95 227 254 264 274 299 300 304 306 308 319 327 333 334 341 355 368 381 389 390 404 415 434 436 445 449 468 479 489
194 72 201 203 222 252 261 271 273 274 295 302 315 317 318 319 340 372 373 399 407 431 432 444 445 449 451 457 465 479 482 488
195 52 197 207 228 229 254 257 260 267 275 276 282 287 296 307 319 335 336 346 348 370 372 393 395 400 433 437 441 458 475 495 499
196 83 198 212 221 223 231 233 240 246 249 250 261 278 286 288 304 309 316 325 337 347 363 375 386 399 430 435 437 450 472 485 493
197 87 198 204 215 236 237 263 277 301 317 318 326 341 369 391 392 395 398 401 409 420 457 463 468 484 488 490 493 495
198 90 216 221 222 241 251 252 258 287 299 308 318 321 330 342 353 365 376 381 382 389 402 414 447 452 464 466 467 475 481 487
199 99 201 235 251 264 274 289 297 334 338 340 343 356 358 363 395 425 432 433 436 459 472 475 478 491 494
200 58 210 222 224 225 226 228 234 253 277 283 287 296 297 314 320 322 325 335 336 337 368 389 393 398 401 412 416 446 458 459 460 461 466 471 483 485 490 495
201 80 208 216 228 229 251 268 272 292 300 329 332 336 339 350 368 383 386 401 420 428 442 476
202 60 205 219 232 233 235 238 240 241 242 270 276 277 283 289 303 319 321 325 331 335 345 348 351 373 377 380 388 397 404 411 428 446 460 474 490 491
203 71 213 215 222 235 241 252 254 294 299 334 336 337 345 365 370 371 379 389 390 395 399 414 424 435 447 455 459 465 485 491 492
204 94 225 235 250 265 304 317 339 346 350 363 376 393 400 418 426 450 455 457 469 482 485 495
205 98 216 237 244 274 275 279 303 320 354 390 401 424 429 441 442 453 454 464 468 470 476 478 480 492
206 50 214 230 241 244 260 263 264 270 275 292 306 307 310 313 329 336 343 354 371 373 391 399 405 408 410 445 451 496 497
207 80 227 230 240 248 249 251 277 298 319 336 345 347 359 367 383 391 393 395 406 407 411 430 446 454 465 474
208 60 209 213 265 267 273 290 291 296 302 304 335 347 358 365 374 379 407 411 414 417 429 438 445 454 464 468 474 476
209 83 217 220 222 245 246 274 284 291 293 326 327 334 343 373 384 387 394 398 404 430 436 462 486 492
210 88 243 244 248 262 285 298 299 304 305 306 333 346 350 361 398 399 405 407 428 451 472 478 482 483 488 489 491 495 500
211 98 222 225 232 249 254 263 266 289 295 298 300 315 316 331 333 337 340 349 352 358 391 415 433 458 468 484 490 491 499
212 97 230 233 239 245 251 273 284 294 295 320 322 334 366 371 372 389 393 398 407 423 435 436 440 442 443 452 462 467 487 493
213 94 221 252 254 259 260 281 323 333 334 335 338 354 357 366 383 386 391 405 413 414 419 440 441 465 489
214 52 222 226 243 261 275 277 282 314 316 337 341 363 379 381 385 387 393 407 417 424 428 433 458 467 468 471 475 476 485 495
215 96 216 225 234 245 257 260 269 303 318 328 331 332 348 355 360 365 374 377 393 401 402 406 407 417 419 421 429 441 448 455 457 471 476 481 483 489
216 56 229 234 238 239 241 265 272 279 283 307 322 323 362 367 389 395 403 421 441 455 464 474 485 490
217 66 244 261 270 314 316 332 337 340 355 359 378 391 398 402 408 409 413 418 423 435 441 462 464 472 480 481 491
218 64 219 236 248 259 260 268 269 270 286 297 316 322 337 361 365 400 403 409 417 434 435 439 448 456 461 476 477 490 495
219 54 221 233 250 253 318 323 334 338 348 351 374 381 389 403 405 410 420 423 434 438 440 448 457 460 473 474 483 485 493
220 87 223 225 242 245 252 256 276 283 285 292 299 300 304 317 331 334 337 342 344 365 369 370 372 386 400 406 410 413 426 441 469 475 481 483
221 87 228 236 251 258 264 274 280 294 301 302 313 330 334 340 355 363 368 375 382 390 409 412 431 435 436 464 467 477 489
222 61 226 245 255 272 288 290 294 309 315 328 339 342 350 353 367 412 413 421 424 426 433 436 447 461 467 476
223 56 226 237 246 270 272 274 276 277 301 305 316 318 334 338 341 361 362 367 377 378 379 381 384 397 407 421 445 448 449 462 474 477 483 485 486 490
224 59 229 239 241 249 252 253 255 260 261 275 284 297 299 303 309 322 343 347 351 364 372 383 388 398 403 405 413 446 460 463 466 478 485 500
225 56 226 232 236 240 241 248 251 254 260 272 288 298 303 308 347 361 371 378 383 442 454 469 481 499
226 67 233 234 259 266 272 274 276 287 292 329 333 340 346 350 378 381 391 400 410 416 424 440 443 458 473 488 490 495
227 63 232 240 243 244 245 253 254 255 266 267 281 294 303 318 327 343 378 384 396 414 425 429 441 444 447 450 463 465 477 485 496
228 81 229 237 250 251 255 261 267 268 270 294 301 307 308 313 321 324 330 333 358 364 377 380 385 387 393 408 418 422 433 440 442 448 453 456 461 475 490 495
229 62 233 258 283 288 307 322 325 356 383 389 404 421 429 450 459 478 488 491
230 75 251 260 292 297 303 310 314 337 347 378 379 393 435 443 446 450 484 487 494
231 50 236 238 241 251 261 263 275 305 319 329 354 374 375 414 416 423 436 442 445 450 477
232 58 246 253 281 295 298 308 309 316 323 344 346 350 351 364 367 377 388 392 410 411 424 436 444 446 450 454 468 483
233 88 240 241 242 246 255 265 278 279 288 295 296 303 305 311 312 313 344 355 364 366 368 369 373 378 383 414 436 441 466 468 476 485 487 495 497 498 499
234 97 240 271 273 275 280 297 319 335 339 346 357 394 398 410 416 424 440 449 473 478 485
235 89 264 267 271 308 322 342 346 352 359 361 378 395 404 413 421 422 437 438 439 440 446 454 481 488 491
236 54 245 259 261 268 272 279 289 299 306 321 323 329 333 342 357 388 415 424 429 430 431 453 475 479
237 54 248 250 253 270 275 288 295 301 322 334 350 368 378 395 400 401 411 424 425 429 464 465 469 487
238 56 240 242 248 257 259 269 271 278 284 296 317 345 385 387 405 422 431 440 448 449 454 466 486
239 98 261 266 268 275 282 316 321 335 338 343 353 373 388 391 400 419 431 432 437 443 444 460 469 471 473 482 488 489 491 495
240 96 253 260 266 280 293 303 304 309 312 313 325 371 373 381 384 386 387 395 402 430 432 434 472 479 494
241 57 242 250 254 256 262 265 279 286 289 295 304 308 317 318 319 327 329 330 331 336 354 355 368 371 375 390 396 402 408 412 440 442 443 460 479 489 491
242 79 246 269 285 292 304 309 310 315 330 350 352 356 357 371 376 396 405 406 411 436 443 469 471 478 499
243 57 244 264 273 275 277 278 284 297 335 337 343 345 359 362 365 370 386 388 389 392 394 396 401 411 427 434 451 465 473 486 487
244 70 248 249 256 264 267 287 288 298 315 368 388 394 405 406 445 458 462 481
245 69 251 278 297 316 346 351 359 360 366 371 373 374 380 381 387 388 400 414 418 422 423 438 440 458 459 461 464 466 473 476 478 486 491
246 50 257 271 279 293 298 299 310 326 341 357 381 396 401 406 427 429 431 432 434 451 473 483 485 487 489 495 496
247 65 251 252 253 269 281 282 316 317 322 332 337 341 344 369 371 381 382 398 416 423 446 447 449 461 468 470 474 492 499
248 88 255 260 265 270 279 281 283 290 298 320 339 346 352 376 393 396 408 410 432 441 458 469 471 475 492
249 78 266 275 281 290 295 297 300 306 309 313 316 341 353 363 368 373 377 410 437 440 441 449 486 488 491
250 97 251 268 276 298 306 340 352 354 365 391 405 408 414 421 431 445 461 472 473 479 480 482 484 490
251 64 272 279 280 287 292 298 315 330 352 354 358 361 364 380 390 410 414 417 419 421 485
252 80 259 275 278 301 303 329 350 361 368 374 382 399 400 408 428 451 453 464 470 484 497 500
253 78 256 263 267 287 288 293 305 332 336 339 341 346 358 361 366 379 380 385 386 393 395 398 405 409 417 420 448 456 461 463 489 490 496
254 72 263 293 297 333 342 354 357 369 373 375 385 392 397 399 414 425 426 427 431 475 476 485
255 82 258 259 267 268 281 282 285 332 373 375 379 383 437 446 462 463 467 476 479 480 487 500
256 65 258 259 266 268 279 334 335 339 354 356 358 374 377 382 386 398 417 428 440 466 470 486 492
257 96 267 269 275 289 303 314 321 323 325 326 346 352 365 377 396 404 406 417 427 430 433 434 438 463 464 474 478 482 496
258 90 274 310 317 322 334 338 343 346 364 367 369 372 374 379 382 392 431 437 440 459 471 472 490 498
259 50 281 296 300 302 309 311 312 314 349 358 359 361 365 368 371 384 389 395 431 436 450 458 469 476
260 60 274 277 286 293 338 363 376 380 387 392 440 452 454 456 462 470 473 474 498
261 52 268 282 290 296 305 307 313 314 333 345 347 348 365 369 370 385 389 400 404 423 435 439 450 470 481 489 498
262 85 275 280 296 317 322 324 345 349 351 356 366 377 394 402 408 410 430 434 435 438 440 442 475 479 488
263 64 285 292 320 327 353 372 376 380 384 400 413 417 420 423 424 429 462 470 474 485 498
264 54 282 285 328 332 339 347 367 376 384 385 396 406 425 426 430 439 442 444 448 471 472 480 482 486 489
265 55 286 301 317 318 322 331 338 354 364 373 376 425 431 443 466 471 497 500
266 55 276 277 289 294 301 313 336 348 361 362 365 369 381 390 404 406 414 441 444 472 481 488 492 496 497
267 77 272 288 303 320 323 330 331 334 351 364 378 420 426 432 450 459 480 495 499
268 85 271 275 281 283 284 292 310 311 316 321 324 332 351 355 367 373 377 382 383 387 394 400 418 421 431 433 465 469 473 476 489
269 66 271 276 284 302 312 332 334 337 340 347 356 366 369 376 382 383 385 400 403 408 443 457 474 478 480 488 490 500
270 58 302 312 326 340 347 349 390 420 444 452 455 472 474 499
271 99 272 275 305 306 311 317 323 324 325 326 329 330 332 333 359 361 364 379 400 406 418 425 426 433 441 442 443 447 459 468
272 82 279 293 306 330 331 341 346 364 366 371 375 379 384 436 439 458 466 476
273 81 280 287 288 311 324 333 337 340 349 357 362 364 365 368 383 394 398 416 420 429 435 466 467 483 490 491 494
274 64 276 292 299 311 317 320 334 336 342 372 382 385 386 392 418 423 436 437 458 467 487 488
275 58 278 282 289 291 292 295 320 331 363 383 392 402 428 431 450 475 479
276 66 299 312 321 342 343 346 379 381 390 410 422 437 439 449 458 480 487 495 496 500
277 96 280 288 301 303 314 320 332 343 349 384 408 416 429 430 432 437 458 466 467 472 474 477 488
278 50 289 312 320 335 338 347 369 377 380 388 390 403 432 436 439 461 465 471 477 497
279 74 287 291 293 301 303 311 322 326 329 336 339 346 351 352 374 379 396 428 437 449 461 463 468 470 472 486
280 65 290 297 303 314 316 318 320 321 324 335 337 349 372 393 419 426 433 447 461 467 469 488
281 54 300 306 311 316 328 344 375 381 401 411 416 420 430 436 454 461 462 489 496
282 67 284 287 296 313 314 321 328 330 335 340 352 353 363 371 375 384 423 432 454 459 463 473 487 493
283 55 289 294 303 317 321 324 346 349 357 360 361 371 381 449 452 469 474 478 491
284 91 292 301 318 324 327 336 358 362 367 368 395 405 409 423 425 428 432 433 445 495
285 85 296 318 322 323 329 332 343 352 379 390 396 398 411 469 470 481 483 492
286 83 295 296 299 305 318 319 330 333 340 351 357 370 372 374 384 386 393 401 407 412 414 422 430 432 438 453 455 461 474
287 80 291 322 341 348 354 369 381 407 408 419 423 428 443 455 466 469 488 496
288 83 297 309 313 314 333 337 352 361 373 374 384 390 397 404 409 410 430 439 441 446 452 460 463 466 479 480 482 487 496
289 54 290 293 319 322 326 327 344 347 354 364 372 380 382 383 386 391 394 396 397 401 404 406 447 452 453 461 476 482 493 500
290 77 291 309 310 322 326 336 343 345 347 360 362 368 370 383 384 394 398 404 410 466 482 489
291 69 295 307 324 330 343 345 362 364 377 384 391 421 429 439 448 474 481
292 76 295 325 326 380 397 407 419 420 430 434 442 457 476
293 56 298 302 316 329 351 356 357 359 371 372 380 397 398 423 431 434 438 446 461 473 478 481 492
294 89 299 300 301 329 335 337 338 352 360 361 362 366 387 395 401 410 422 432 440 457 464 474 487 493
295 51 303 304 322 327 333 343 353 357 390 395 397 400 410 426 430 434 464 468 474 482 493 499 500
296 77 315 323 387 396 402 406 408 412 423 424 447 453 458 464 475
297 54 324 331 342 354 360 362 363 364 379 385 390 392 396 408 411 419 431 445 463 466 474
298 89 305 312 348 358 361 363 398 406 411 415 421 430 440 446 470 471 479 480
299 95 325 327 332 337 339 340 351 362 381 397 405 431 462 470 476 481 489 490
300 69 306 321 329 340 370 375 383 384 390 409 411 417 419 427 438 464 476
301 92 321 334 335 353 370 374 417 441 445 452 456 461 463 469 482
302 92 303 314 341 344 376 378 385 395 397 412 420 432 456 475 489 491
303 81 312 337 340 361 372 375 378 397 398 406 439 458 471 479 482 491
304 86 317 320 323 336 361 363 383 400 420 431 432 440 445 447 451 457 460 483 486 489
305 68 324 336 359 361 369 371 373 379 417 422 452 469 470 486 493
306 69 310 314 315 339 345 367 375 377 405 411 421 423 427 428 430 449 463 479 488
307 78 309 311 319 326 340 341 344 349 353 362 372 377 378 387 390 397 453 468 469 471 480 489
308 61 311 328 332 334 336 342 344 350 386 389 390 391 396 421 424 439 467 469 470 472 474 487 489 492
309 52 318 325 333 343 359 376 385 408 411 412 417 424 430 431 477 479 486 489 497
310 73 312 314 323 354 363 372 374 379 381 389 391 394 401 411 416 421 422 432 435 439 449 452 464 483 486
311 71 364 367 370 372 376 384 399 403 408 414 417 420 426 439 453 463 473 482 489 497
312 55 342 350 357 361 363 367 369 376 377 384 390 398 406 407 427 446 449 473 486 488 493
313 61 314 326 333 338 366 369 375 383 410 430 433 462 478 492
314 94 345 356 367 378 383 388 391 400 404 420 424 429 431 450 454 470 481 486 490 498
315 86 317 320 321 326 331 341 344 353 355 360 374 376 394 409 410 411 414 422 455 488 498
316 51 332 341 342 345 357 374 385 392 397 398 402 445 457 485 499
317 70 323 328 335 337 347 357 360 381 385 386 404 418 440 464 492 500
318 60 326 337 348 352 357 359 377 388 392 398 399 403 404 409 418 421 438 461 466 470 484 488 496
319 61 321 348 354 377 382 397 431 435 436 447 469 483 484 485 492
320 91 321 338 345 352 362 365 374 381 410 416 420 423 427 434 453 481 483 496
321 65 329 330 349 382 387 399 411 414 438 440 446 458 459 461 490 493 495 496 499
322 100 323 325 330 331 338 343 353 365 366 369 377 380 383 391 415 421 446 461 467 478 480
323 71 332 336 363 371 388 399 402 408 427 441 453 464 493
324 79 343 366 379 397 407 408 409 424 444 471 478
325 87 326 342 346 353 355 361 363 365 372 387 398 404 412 444 455 461 462 469 479 489 495
326 59 346 350 382 399 406 414 442 453 457 458 467 468
327 100 340 352 377 383 393 394 424 427 430 434 435 439 446 481 482 492 499
328 79 358 362 365 371 376 382 398 408 429 439 446 452 455 480 491
329 93 335 336 338 343 360 363 365 382 384 393 416 432 454 472 473 481
330 80 337 358 362 373 377 378 385 400 459 485
331 51 336 344 349 351 352 357 365 375 385 387 394 404 431 441 444 449 479 482 487
332 87 335 338 348 359 363 365 366 370 372 383 384 399 400 402 416 424 427 433 438 470 481
333 53 339 350 362 367 368 374 383 394 406 417 429 444 445 449 475 488
334 54 342 345 349 355 380 393 401 402 412 426 428 439 441 453 473 493 495 497
335 69 347 354 356 365 377 379 390 394 423 424 430 438 443 448 461 476 490
336 95 348 354 357 359 365 368 369 383 388 458 493 495
337 66 350 351 355 356 369 389 399 402 405 407 411 417 418 485 487
338 55 344 347 363 382 387 389 390 405 427 433 435 436 452 474 475 500
339 98 342 351 359 378 388 389 390 404 408 419 443 446 447 470 485 488 493
340 79 356 366 369 371 381 385 389 390 398 410 415 424 442 455 464 467 472 488 493
341 84 343 351 352 373 384 386 391 408 415 421 436 440 446 458 471 473 488 490
342 98 350 362 374 386 394 400 417 424 425 427 463 467 475 482 486 488
343 82 346 348 351 358 369 372 388 403 407 409 415 419 422 427 438 439 444 494
344 95 369 379 382 385 389 392 418 432 450 452 474 496
345 52 369 384 389 390 401 434 440 457 465 483 484 486
346 77 360 361 378 379 380 384 397 410 411 419 431 441 447 476 481 487
347 69 349 372 374 375 380 383 388 393 415 425 460 466
348 93 363 372 389 400 404 408 410 414 415 416 425 426 445 457 471 488 491 498
349 63 362 363 364 372 375 398 411 419 424 429 433 454 463 474 487 494
350 80 352 355 357 412 431 436 437 441 456 463 480 483 490 493
351 66 354 369 386 387 388 389 400 408 421 425 430 448 459 462 482 483
352 87 354 364 370 391 392 409 416 426 462 464 479 492
353 97 370 381 385 392 397 408 423 426 433 438 474 476
354 58 367 370 390 393 394 398 402 416 421 436 445
355 62 362 370 376 397 425 428 445 450 460 469 471 476 495 500
356 62 366 394 397 401 410 425 430 432 435 443 445 457 461 493
357 68 370 375 385 391 430 452 453 455 464 469 485 492
358 81 366 373 382 390 406 412 422 428 431 440 456 465 480 481 489 499
359 71 363 365 388 390 413 417 438 440 452 458 486
360 79 364 372 388 391 394 402 403 424 430 436 443 444 446 451 477 482
361 69 362 368 381 387 393 401 409 427 441 445 467 477
362 98 363 375 386 404 405 408 426 442 449 460 467 479 487
363 61 369 372 385 401 417 424 443 463 486
364 64 378 380 381 382 426 438 439 446 493 495
365 87 366 367 369 372 373 377 397 408 409 427 439 447 451 457 458 463 479 495 496
366 99 395 397 417 419 420 425 434 472 481 488 491 499
367 66 372 388 417 424 454 456 457 463 477 489
368 65 383 386 392 401 402 415 421 433 437 474 478 489
369 67 377 381 382 426 427 430 448 449 455 457 460 464 492
370 67 372 379 402 419 422 428 453 464 471 479 480 485 487 492 496
371 98 405 409 411 420 421 453 485
372 86 395 400 401 405 407 415 439 467 486 493 496
373 99 374 402 419 424 428 429 440 446 453 460 465 474 477 500
374 61 414 416 432 443 482
375 58 380 396 405 414 433 437 438 447 451 465 469 487
376 89 380 414 418 442 464 472 473 474 480 481
377 72 387 392 432 483 497
378 100 382 383 433 439 440 463 478 486 488 495 496
379 68 386 391 402 405 414 422 427 431 432 447 456 462 470 481
380 84 385 410 423 424 433 436 440 444 446 456 457 458 460 464 468 472 478 481 482 483 488 498 500
381 59 401 413 444 453 462 475 488
382 74 384 410 450 452 456 476 485 496
383 59 405 438 446 453 468 469 475 481 483 488 490
384 87 386 397 403 411 414 417 421 429 438 442 443 445 449 454 457 463 470 471
385 58 398 401 402 413 419 420 421 422 426 428 454 459 468 473 490
386 89 398 405 409 417 419 425 431 460 465 472 490 494
387 50 389 398 411 461 462 468 472 474 476 481 485
388 68 390 392 394 397 403 406 409 433 442 446 448 457 458 462 466 485 489 490 492
389 94 404 406 410 433 443 445 446 449 476 481
390 95 423 439 442 444 449 457 466 469 488 491 493 494 495
391 56 403 408 414 420 424 431 435 440 464 495
392 70 395 439 460 466 470 476 494 498
393 72 395 407 420 422 428 458 465 474 491 496
394 89 404 430 434 447 465 470 489 494 496
395 87 399 405 415 421 430 432 436 478
396 72 398 401 404 414 418 434 445 473 488
397 94 403 414 418 420 426 430 431 437 441 443 488 496 497
398 87 407 412 416 420 422 429 437 460 461 465 467 475 497 500
399 99 406 407 418 419 420 425 430 431 435 438 440 446 453 454 456 461 466 471 479 482 499
400 77 410 414 417 437 450 461 480 484 495 497
401 100 412 415 433 438 446 447 465 474 480 490 494 497
402 81 428 430 440 455 460 463 471 489 490
403 61 404 411 426 430 432 440 442 454 466 479 482 496
404 97 407 414 426 429 441 465 467 478
405 69 413 418 427 446 453 463
406 58 409 416 425 469
407 79 413 415 419 424 438 443 448 458 469 498
408 64 430 436 437 442 450 467 470 479 481 482
409 50 421 432 441 472 487
410 78 414 422 423 439 448 458 459 475 478 483 496
411 97 421 428 429 432 436 447 462 468 472 473 491 496 498
412 96 413 415 430 435 462 468 484
413 64 419 454 470 487 494
414 83 435 442 457 467 476 489
415 81 416 421 425 431 435 448 450 467 484 498
416 81 432 436 466 480 493
417 100 426 432 437 447 454 464 470 474 479 491 492 493
418 59 444 451 473
419 96 420 424 434 443 444 447 455 461 466 476 485 498
420 83 446 451 479 494
421 66 432 438 447 464 469 497
422 99 430 446 455 464 496 498
423 73 426 442 478
424 64 425 430 462 475 482
425 79 428 439 461 498
426 88 439 451 463 483 484 493 494
427 95 442 446 458 468 476 481 482
428 76 439 450 460 479 480 488 494 499
429 87 433 441 451 472 473 474 480 494 498
430 87 436 450 472 482 484 490
431 73 436 440 441 445 447 455 458 462 463 469 470 472
432 77 443 451 452 454 458 464 482 488 499
433 80 442 448 454 463 468 473 475 478 483 486
434 55 439 440 447 465 478
435 74 448 456 466
436 70 439 441 446 449 451 453 471 485 491 494 498
437 83 438 486 488 500
438 91 444 448 464 491 492
439 100 445 458 478 494 495
440 69 451 461 469 488
441 59 454 470 475 478 492 497
442 60 444 452 471 498
443 72 468 469 471 483 497
444 92 470 492
445 100 450 455 461 483 484 491 494 496
446 54 452 456 464 475 486 498
447 100 458 464 479 481
448 77 450 464 474 493 494
449 55 484 486 500
450 70 473 490 496
451 56 453 457 467 473
452 87 456 461
453 55 457 467 488 491 495 496 500
454 98 459 480 492 493
455 65 457 467 477 484 485 490
456 94 489 497 499
457 53 477 491
458 58 466 479 483 487
459 50 460 462 474 480 492
460 88 463 469 481 487 488
461 95 464 483 500
462 78 463 471 475 486 500
463 69 469 475 487
464 84 484 485 498
465 65 474 477
466 82 475 498
467 71 479 485 490 495
468 58 484 489 494
469 90 474 488 495
470 70 480 488
471 51
472 70 473 476 493 498
473 60 483
474 78 481 484 486 493
475 61 500
476 80 490 494
477 50 478 489
478 95 488 491
479 59 492 499
480 52 485 492
481 53 489 492 496
482 54 486 487 488 490
483 96 484 497
484 57 491 494
485 94 498
486 58
487 50 491
488 60 490 497 500
489 51 496
490 100
491 75 496 498
492 63 500
493 61 495
494 93
495 96
496 88
497 51
498 87
499 90
500 62
