500
1 74 9 24 26 49 50 62 65 93 100 116 123 124 140 144 146 158 162 174 176 180 188 191 192 207 210 224 235 239 245 261 262 274 286 298 309 333 337 348 350 372 373 377 382 385 393 397 401 403 412 420 426 439 443 462 483
2 62 17 23 26 33 35 40 41 59 60 64 73 95 102 130 140 151 178 193 207 228 244 254 267 285 288 289 305 307 309 313 342 365 383 388 396 400 402 413 431 436 463 479 486 491 496
3 91 5 23 66 72 82 84 87 89 90 99 118 122 124 148 164 165 180 202 209 213 215 216 244 261 275 287 306 316 322 345 360 372 373 410 411 413 424 435 438 444 460 482 495
4 83 6 9 10 11 24 35 50 61 80 115 125 134 136 151 154 159 189 194 211 212 228 267 268 272 280 294 304 315 319 322 356 373 390 405 411 412 426 436 437 447 450 451 457 464 476 486 499 500
5 78 10 19 29 38 39 44 50 59 66 85 92 97 113 121 133 134 147 151 166 197 201 214 249 250 289 296 318 320 326 333 336 353 381 389 394 396 402 445 463 465 488
6 82 23 27 28 41 65 66 71 72 75 80 105 111 114 122 124 126 128 132 141 143 169 178 179 199 206 222 231 234 243 255 262 269 275 279 299 318 341 352 353 368 375 380 428 454 456 479 490 493 494
7 56 8 12 17 19 24 32 40 44 55 59 61 77 80 107 119 126 145 152 199 211 216 222 229 232 257 265 286 290 294 307 343 347 369 374 387 390 410 411 412 457 459 461 466 468 484 493 494 500
8 89 23 33 35 39 48 54 71 73 83 105 110 119 128 133 149 156 164 180 191 193 194 202 222 228 234 238 255 256 265 283 293 310 348 359 360 361 366 378 389 421 429 431 435 438 453 461 464
9 90 14 26 34 51 57 62 68 70 76 81 97 102 106 119 124 130 137 138 139 147 164 166 173 178 183 184 200 212 231 298 300 307 315 318 338 339 351 369 375 396 400 409 411 415 418 419 426 429 438 442 461 462 463 470 488 498
10 74 25 58 73 93 98 124 134 139 155 183 201 212 215 223 225 232 242 246 264 289 314 317 325 327 346 348 363 377 380 399 427 428 449 454 465 468 470 486 487 494 495
11 94 31 48 50 60 66 74 80 85 113 122 133 138 139 144 163 169 171 173 176 179 201 224 230 243 252 256 260 263 270 271 272 294 297 301 312 338 342 348 367 382 386 388 391 395 399 418 426 429 435 438 442 449 452 463 465 469 479 488 489
12 98 26 27 28 34 43 46 52 53 64 80 96 104 107 124 134 140 151 184 188 190 204 207 210 223 229 245 247 257 271 313 314 315 330 337 349 358 367 369 375 408 411 427 433 442 448 455 457 472 476 485 494 500
13 91 19 27 34 46 51 54 74 77 79 80 96 106 108 116 138 150 166 170 185 191 194 206 215 240 243 254 262 270 272 279 284 287 292 295 303 339 345 354 356 377 380 398 431 436 438 458 462 464 483 499
14 96 30 34 43 48 60 94 106 116 121 145 175 191 209 214 228 246 261 262 276 304 331 333 352 377 378 387 396 403 412 415 417 421 428 442 444 458 467 490 494
15 60 33 52 68 78 80 83 97 100 113 122 127 129 135 143 154 168 178 198 203 206 229 238 251 256 259 268 287 294 297 315 330 332 341 342 343 346 367 371 382 389 399 402 405 406 442 463 475 482 493 499
16 53 20 29 69 80 86 87 92 110 124 128 142 147 180 189 196 218 219 226 227 240 249 275 286 293 297 301 323 336 341 351 357 361 378 379 397 408 409 416 429 434 471 491
17 50 20 23 26 80 84 85 86 121 136 150 153 159 164 172 183 186 211 224 233 234 243 275 281 283 300 310 328 341 375 383 425 429 433 436 442 443 447 455 463 465 466 491
18 90 31 33 41 44 52 56 59 62 85 100 102 103 115 147 152 174 188 189 191 204 244 251 268 301 303 313 322 335 358 367 380 385 388 403 422 448 449 452 468 491
19 83 33 38 39 42 49 52 64 71 90 97 99 101 117 126 129 145 146 159 190 191 205 206 213 231 242 252 264 271 275 290 317 333 346 351 354 373 374 379 389 403 414 417 422 451 470 475 476 480 483 486
20 90 32 33 35 40 84 90 105 111 123 125 132 134 135 151 152 159 160 168 170 197 206 207 209 211 214 230 243 245 258 264 266 281 285 301 305 307 311 317 325 326 335 340 367 370 386 402 403 405 408 412 413 420 426 439 445 448 449 455 465 477 484 493
21 66 32 52 59 69 79 86 91 103 105 125 130 131 143 167 175 177 180 197 201 219 234 237 243 246 259 277 278 279 283 285 289 324 340 356 363 365 387 411 414 419 423 425 431 437 456 467 490 496
22 65 23 25 27 39 52 54 61 62 74 79 84 87 102 105 112 140 153 160 169 171 175 183 186 206 220 221 230 231 236 247 248 265 272 291 295 296 305 313 314 337 339 355 361 368 376 380 395 396 413 416 441 448 453 455 457 467 488 492 499 500
23 69 24 46 69 90 106 121 122 138 145 156 173 178 183 194 214 225 226 227 240 249 254 261 263 266 268 270 285 310 317 326 329 333 352 365 372 375 393 401 418 430 443 448 467 472 476 481
24 63 26 30 35 42 61 67 89 91 107 113 120 122 125 133 146 148 156 160 171 176 180 186 212 237 242 247 251 252 257 264 276 286 290 292 302 324 336 337 348 376 393 394 399 417 435 444 446 477 480 486 492 493
25 96 40 41 42 44 53 75 80 91 98 102 111 131 143 144 148 163 173 174 181 192 194 218 226 230 274 282 288 299 301 318 352 379 385 391 396 397 410 418 419 420 431 432 441 444 446 454 465 469 481 485 496
26 65 29 46 54 55 58 71 76 82 114 122 125 126 139 140 142 145 149 163 164 195 199 201 209 216 229 242 248 305 306 309 342 351 352 355 368 390 391 407 412 413 414 415 416 418 433 447 464 473 490 496
27 100 37 56 60 61 68 79 80 85 104 161 166 168 169 175 178 180 189 192 215 241 242 245 251 255 271 274 281 283 295 297 303 317 319 323 330 334 374 390 392 404 406 434 454 467 471 478 485
28 64 31 34 45 54 62 70 76 80 90 127 133 146 174 176 178 184 196 197 199 201 206 215 216 218 225 237 242 251 273 285 294 299 300 341 362 365 378 380 389 395 437 459 464 499 500
29 58 37 38 39 83 95 100 110 123 129 139 149 164 180 190 198 213 222 230 252 254 265 287 292 296 307 317 326 337 348 363 364 365 378 386 387 395 421 429 436 443 451 465 466 477 479
30 61 39 48 51 55 59 63 67 70 71 77 80 116 125 128 131 145 166 168 184 191 198 225 229 249 258 260 265 266 267 270 299 300 315 336 351 363 367 380 381 385 416 425 430 434 439 446 464 472 473 474 483 485 492
31 69 39 61 70 74 75 79 84 92 96 98 107 108 109 112 114 131 156 161 173 192 199 210 222 226 227 231 251 255 263 279 294 297 298 300 303 307 324 327 343 345 353 374 384 385 391 414 415 428 433 464 473 475 488
32 66 46 71 74 112 119 123 136 148 155 177 184 226 232 243 244 247 256 275 282 287 290 302 309 319 337 344 358 382 391 411 412 429 434 464 473 477 478 480 486 494 498
33 73 42 45 58 59 71 76 80 88 94 118 124 125 147 180 181 185 202 204 208 209 217 219 226 234 238 253 255 273 275 289 290 295 296 311 317 335 348 357 361 398 409 426 428 457 478
34 51 36 41 46 59 85 88 96 100 101 104 106 137 141 146 153 167 171 177 192 207 219 226 235 248 251 264 271 311 327 350 353 364 377 379 386 390 396 398 403 411 436 456 462 478 480 483 485 488 490 494
35 78 41 48 50 67 73 82 91 134 135 137 145 172 185 187 199 200 229 247 253 259 276 280 282 283 290 300 302 307 310 312 327 341 342 343 358 389 428 442 459 473 474 481 490
36 97 39 45 48 50 62 64 71 72 88 97 100 104 112 133 134 136 138 144 157 169 177 195 226 241 242 249 255 268 270 279 292 300 315 328 331 335 341 394 416 422 425 439 440 442 454 456 473 483
37 52 60 94 99 107 131 133 137 146 148 157 163 165 181 199 208 212 215 221 224 225 227 229 243 249 267 268 275 282 292 305 307 309 321 322 332 333 341 363 367 368 373 376 381 387 389 409 414 415 418 443 445 446 467 475 489
38 71 39 64 72 79 132 188 189 191 195 207 208 228 259 261 292 337 352 353 369 376 378 390 409 445 446 453 469 475 478 486 489
39 79 49 51 60 70 95 136 142 144 146 152 153 156 170 174 184 205 222 227 239 240 253 254 255 261 273 282 299 305 345 349 356 359 365 389 392 393 396 434 440 443 445 452 459 462 481 482 487 496
40 67 41 49 63 66 75 79 87 88 94 98 99 108 113 116 126 170 172 175 178 184 185 187 211 234 245 254 255 256 259 261 276 286 292 296 314 331 342 419 421 450 455 467 485
41 84 57 68 81 85 87 88 95 155 170 189 190 195 200 216 230 246 261 262 272 278 283 290 309 318 321 339 345 362 374 386 391 426 428 429 431 437 458 461 469 475 483
42 83 66 72 73 74 81 105 113 120 121 134 145 164 168 174 196 200 213 215 218 230 235 265 279 296 297 307 313 314 322 327 378 393 400 405 427 429 448 450 453 460 465 471 472 479 489
43 90 52 60 73 79 102 118 142 144 153 158 178 203 227 250 254 266 267 273 282 307 308 312 315 320 330 335 341 343 367 368 373 382 383 397 401 405 408 409 417 441 453 474 482 493 494
44 64 62 65 95 129 152 158 174 175 177 181 186 188 201 219 232 234 237 248 257 259 267 278 294 308 314 329 351 363 370 398 405 408 419 425 435 441 450 452 453 456 459 461 476 482 483 488
45 94 52 69 84 89 96 99 103 108 122 123 129 130 148 153 156 167 192 196 214 225 236 239 245 250 255 259 282 297 305 328 329 340 344 353 354 367 370 372 381 396 407 413 418 421 424 431 452 460 461 462 463 468 469 475 500
46 52 47 62 66 68 72 89 91 103 107 111 112 141 146 149 151 154 155 159 169 182 196 204 210 213 231 235 251 252 264 274 279 288 293 298 299 310 317 318 334 336 340 342 356 362 375 384 430 445 447 459 471
47 89 84 92 96 120 123 138 158 176 196 200 216 220 222 284 287 294 303 306 316 330 336 340 341 344 370 372 379 381 392 400 405 407 415 421 423 433 435 442 443 448 456 467 473 486 494 498
48 58 53 62 66 88 89 91 92 95 102 105 108 112 122 130 135 141 162 170 171 172 183 203 224 232 261 263 264 268 275 286 288 300 308 310 316 335 342 359 364 366 372 390 393 406 421 422 425 431 434 451 452 462 469 472 476 481 485 497 499
49 100 52 72 101 112 130 138 148 156 171 182 191 216 230 231 237 238 240 245 251 261 262 263 311 316 317 320 330 358 359 385 389 422 426 439 495 500
50 94 56 64 65 68 92 120 127 130 136 142 143 150 156 173 178 195 223 224 233 235 239 241 243 259 263 264 265 286 287 307 328 329 336 339 347 356 364 377 385 386 388 390 421 427 438 440 443 453 454 455 470 472
51 80 70 80 84 94 97 101 103 107 112 118 125 136 142 147 150 171 173 178 182 185 189 197 213 214 228 229 237 247 259 271 286 291 294 295 328 344 396 424 433 438 443 447 462
52 74 58 66 99 135 136 149 150 151 174 184 191 202 221 227 235 237 288 303 309 330 331 356 379 393 402 404 415 435 452 453 488
53 81 56 94 107 109 123 124 135 139 141 147 150 158 167 169 175 176 181 187 196 209 212 226 231 247 264 272 281 287 306 310 345 349 351 355 361 368 373 384 386 401 418 424 425 461 469 484 495
54 65 69 79 82 91 96 99 101 116 119 126 128 136 137 145 148 153 159 175 183 186 198 211 228 237 249 262 275 332 335 341 384 386 416 432 446 468 472 473 484 492
55 59 60 77 124 129 133 134 145 166 172 182 186 192 195 201 211 213 215 226 248 257 272 275 282 287 293 296 297 303 316 327 332 335 338 349 372 377 387 412 417 422 424 439 467 468 486
56 83 59 64 72 101 105 107 115 123 128 135 160 162 177 236 240 259 285 291 297 300 306 307 310 323 333 336 343 345 359 360 378 381 387 388 389 396 401 426 448 450 459 467 469
57 78 71 79 166 169 192 193 205 223 226 243 247 252 261 282 289 304 336 345 354 371 378 379 382 390 394 398 407 426 428 435 449 466 474 484 488 490 494 495 497 498
58 71 62 71 77 82 91 101 106 109 119 121 131 144 156 172 184 185 188 201 228 234 239 244 248 256 264 266 269 284 288 290 292 304 307 312 313 314 325 329 347 351 370 377 382 390 391 396 398 411 416 421 436 448 475 484 485
59 71 64 66 67 88 93 119 128 130 154 159 164 171 183 201 203 255 258 260 272 294 295 299 302 310 322 334 349 359 363 365 374 387 390 398 407 417 420 433 455 471 477 498
60 61 71 75 98 116 118 131 139 171 173 180 190 194 197 206 214 217 233 251 252 260 261 267 272 273 276 277 280 299 318 330 333 342 353 364 374 381 387 407 413 420 421 423 463 467 471 473 486 490
61 56 73 90 93 103 131 133 144 156 169 189 199 211 220 265 303 309 328 342 350 361 405 407 424 426 427 443 448 457 463 475 482 486 488 491 493
62 90 71 73 81 84 86 97 98 106 113 131 146 172 178 194 196 208 225 231 235 239 240 257 291 310 314 317 343 349 374 377 382 392 400 403 404 405 420 421 429
63 74 75 82 83 86 101 103 104 122 138 148 149 151 153 174 178 198 217 221 230 234 276 292 303 311 321 349 350 355 383 384 392 401 405 407 410 427 444 451 462 463 473 497
64 72 67 69 82 100 114 115 121 122 131 150 152 161 172 214 224 248 257 261 273 274 290 304 307 318 319 324 332 342 346 349 358 375 379 394 402 416 417 424 438 448 457 475 477 481 487 499
65 82 75 78 83 106 123 130 133 159 161 162 187 199 210 236 241 257 264 279 297 304 305 319 331 334 336 344 349 378 385 389 397 411 434 439 455 460 463 469 470 472 475 486
66 85 76 87 89 100 101 103 138 160 172 176 185 219 221 257 285 294 300 309 313 320 333 343 348 354 384 401 404 406 408 417 422 434 442 447 452 467 477 482 487 489 491 499
67 67 93 102 114 115 116 144 157 174 180 206 213 214 220 234 246 248 263 264 291 303 305 311 315 319 332 337 347 348 358 364 366 371 382 390 399 401 411 415 418 419 429 439 455 469 484 485 491 494
68 71 81 113 114 118 123 125 131 137 151 153 166 178 193 205 210 217 228 229 231 251 255 283 286 298 307 313 318 338 343 379 381 392 414 424 427 437 449 453 459 462 467 471 474 478 485 491 494 498
69 58 100 104 110 129 134 146 148 158 164 174 177 183 190 211 214 216 242 252 254 283 298 306 320 351 365 375 382 393 409 412 433 434 435 439 446 449 454 457 476 486
70 73 83 85 100 103 121 127 129 139 141 144 151 189 194 203 204 205 208 210 211 218 226 231 262 268 279 294 299 307 314 318 333 354 359 380 381 387 416 422 423 430 442 444 450 454 458 464 465 478
71 93 90 94 101 102 116 128 134 164 188 190 210 215 222 241 246 263 268 300 304 308 316 332 351 370 378 379 432 435 443 444 448 463 466 470 476 477 481 483 486
72 76 93 106 110 137 139 148 176 180 181 187 204 224 249 256 262 266 272 277 295 298 302 309 335 347 349 352 357 371 375 378 387 393 414 416 429 436 465
73 61 102 120 144 168 189 192 195 207 233 264 294 310 313 314 317 328 332 355 356 366 372 376 382 385 398 400 435 459 462 470 473 490 497
74 51 104 126 136 152 153 158 164 170 171 189 210 214 220 226 227 239 252 259 260 261 278 279 307 318 361 374 391 414 418 439 442 446 458 461 462 466 469 472 478 488
75 63 93 107 121 154 166 176 192 214 228 239 244 267 275 286 287 296 333 340 341 342 385 387 396 400 413 416 473 485 487 489
76 76 82 108 120 127 130 132 138 198 206 228 230 232 234 246 257 260 274 284 295 299 318 322 338 339 343 371 372 379 384 391 403 407 413 421 422 425 428 433 442 444 447 466 476 482 492
77 80 82 87 88 95 154 160 161 163 166 167 174 193 223 235 237 238 253 261 279 304 309 318 320 330 341 355 363 372 374 400 404 421 424 425 429 430 438 456 457 475 499
78 59 85 91 94 96 102 103 124 137 142 146 157 188 207 210 235 269 276 280 304 311 319 334 341 349 352 354 355 374 402 414 415 438 443 468 484 491 498
79 76 91 98 102 106 107 112 119 133 138 141 149 150 165 175 189 203 206 211 213 220 221 222 225 226 247 248 250 262 266 269 272 299 303 305 307 318 343 358 360 362 365 384 392 395 402 418 422 426 440 446 450 461 467 469 471 473 478 488 491 497
80 60 99 106 113 124 141 143 155 159 163 171 205 206 238 267 268 269 270 279 303 309 313 316 321 334 350 371 372 379 401 402 411 414 421 424 425 432 433 434 451 460 461 466 468 493 499
81 91 82 89 92 103 125 126 146 158 159 176 188 191 200 213 216 224 253 261 279 295 301 310 312 313 324 326 333 340 343 345 364 368 384 412 413 424 444 454 467 487
82 78 86 95 100 103 113 118 128 133 136 137 143 151 152 159 171 192 200 220 226 227 245 246 251 280 285 294 315 366 379 393 399 404 416 425 446 457 458 460 466 476 495 496
83 71 85 90 147 169 181 189 199 213 230 232 251 273 278 297 302 305 312 316 319 344 358 385 390 411 426 454 456 457 465 467 470 473 474 477 478 481
84 71 86 91 95 102 111 113 134 144 149 154 160 177 182 183 229 230 237 242 243 245 250 257 259 261 284 298 299 332 336 354 361 377 383 384 390 400 409 427 436 440 460 470 485
85 82 102 109 113 117 123 136 139 146 148 151 162 163 165 178 189 192 203 218 226 239 244 261 266 270 296 299 323 328 335 336 361 371 372 398 415 442 449 468 474 497
86 96 99 104 121 132 165 168 180 181 202 204 211 231 239 245 261 279 280 291 303 309 314 324 345 351 364 367 372 384 409 418 425 431 432 433 447 454 478 500
87 98 92 95 106 120 124 146 154 159 172 191 206 216 222 227 242 244 254 262 269 281 292 294 316 327 329 330 340 349 351 358 374 377 395 397 429 430 433 436 440 442 452 460 466 472 485 499
88 99 100 130 135 142 145 154 155 157 172 177 192 194 197 214 218 230 235 240 243 247 250 257 262 271 279 291 294 296 300 306 313 322 348 349 352 354 371 373 377 378 379 394 396 403 405 411 414 424 454 457 466 486
89 55 102 106 108 113 122 142 143 144 146 148 153 154 173 174 177 180 185 186 200 204 216 226 233 254 290 299 304 306 314 321 330 333 338 341 346 365 371 372 380 389 393 396 397 411 413 425 434 449 459
90 84 106 109 110 115 116 121 123 134 142 148 158 159 172 173 175 195 202 213 221 229 252 253 259 267 276 321 347 353 366 371 374 377 378 380 382 403 411 415 431 438 446 460 467 479 490 495
91 83 102 111 112 134 143 148 164 177 229 230 237 266 283 300 311 345 353 357 363 373 374 381 382 404 408 414 429 437 453 461 477 490 491
92 97 114 125 184 200 201 202 217 226 228 229 231 241 275 300 303 304 320 327 328 370 375 376 389 420 438 443 444 450 456 458 469 472
93 61 96 97 128 133 168 175 182 185 190 194 197 201 210 211 222 230 237 239 246 251 289 306 307 310 311 313 336 341 349 371 388 400 403 414 434 435 458 460 461 465 468 473 487 496
94 74 116 142 157 159 162 171 189 224 231 234 240 245 247 269 285 330 345 349 350 354 373 374 378 382 393 418 420 435 445 446 449 450 457 461 465 470 477 498
95 76 98 100 111 116 132 133 148 167 190 197 205 224 226 236 241 249 251 265 272 278 279 287 340 341 349 370 376 394 439 445 464 466 489 493
96 87 108 110 138 145 153 158 160 163 169 170 178 192 194 196 209 211 231 242 262 263 279 289 293 307 318 349 366 386 404 409 415 429 441 448 462 500
97 54 100 121 143 144 152 164 168 171 174 176 177 183 198 206 208 236 243 267 276 282 284 287 291 303 307 308 316 322 327 329 353 356 396 399 402 403 427 433 445 448 454 464 474 476 478 495 500
98 63 106 121 124 128 139 147 150 158 171 187 204 231 280 299 300 321 326 335 336 346 351 352 360 361 362 384 406 426 428 442 465 474 479 495
99 61 101 102 117 137 143 152 173 179 192 197 204 211 234 237 241 258 276 280 302 313 317 346 349 355 375 395 400 403 412 419 423 436 443 444 449
100 50 106 118 125 129 131 133 140 145 150 157 168 179 198 220 223 233 234 248 257 258 281 303 309 313 316 317 335 353 360 362 377 397 401 405 411 441 477 489 492
101 77 125 135 139 144 154 160 168 172 173 183 189 192 197 200 203 209 220 224 227 238 256 270 278 290 293 294 303 320 324 329 330 334 347 361 362 372 376 398 406 429 441 442 443 453 458 467 469 489 494
102 55 105 142 143 155 177 190 191 192 196 210 236 240 261 275 292 298 304 306 308 312 315 317 320 327 328 343 346 349 350 359 363 396 414 429 436 438 441 467 474
103 60 105 107 113 115 123 142 144 148 149 164 176 177 187 198 217 220 238 267 299 312 343 349 358 365 368 371 376 379 383 385 388 425 429 452 454 460 467 476 480 488 492 494 496
104 95 108 109 116 120 161 166 182 197 198 205 209 217 218 222 238 245 258 271 277 286 298 303 305 308 316 320 347 351 400 409 422 429 435 443 447 449 464 480
105 50 111 117 186 191 203 205 260 295 300 307 348 370 387 402 416 425 429 435 437 449 458 460 465 473 480 500
106 66 115 132 148 150 152 169 192 194 203 207 223 233 246 247 249 251 252 256 261 283 286 321 350 358 363 366 371 383 393 397 402 408 409 413 429 436 453 460 466 486 494 498
107 72 112 117 124 133 139 141 158 169 170 184 201 208 233 278 303 325 329 335 336 343 357 358 368 388 390 409 445 464 479 489 491
108 76 133 164 174 186 195 225 234 240 255 288 298 308 323 331 332 333 345 347 349 410 415 418 422 428 429 430 435 440 445 453 461 466 468 471 472 475 478 495 498
109 84 115 129 136 154 156 166 189 194 234 264 273 292 293 294 315 330 342 343 357 373 376 379 384 389 415 419 427 453 457 479 483 485 487 498
110 73 126 147 153 159 168 203 206 222 227 229 233 235 245 247 254 256 266 275 283 316 347 366 403 417 422 429 438 440 442 444 446 451 453 457
111 65 113 125 127 140 141 142 153 155 159 166 173 175 179 183 196 202 213 221 223 241 253 262 270 294 298 324 337 356 369 373 381 388 398 402 425 441 447 448 457 460 474 486 487 490
112 93 113 131 147 157 158 179 187 229 232 237 251 278 287 290 300 301 312 324 334 350 354 355 364 378 389 395 425 430 432 440 448 458 459 460 463 465 469 483 486 491 492 498
113 84 129 147 152 157 160 162 166 179 184 198 216 229 231 240 243 244 245 263 305 319 335 341 344 353 354 360 377 386 392 425 426 435 438 440 441 443 446 464 479 496
114 74 132 135 142 161 183 186 191 196 197 210 213 221 222 224 225 230 237 240 242 245 246 250 252 270 275 284 287 298 314 322 365 366 374 404 428 443 444 445 452 454 472 475 489 491 495
115 75 138 140 146 165 174 177 186 201 214 216 231 233 238 245 270 274 277 303 339 347 367 393 394 395 400 426 429 443 445 450 465 491 496 499
116 83 138 154 157 159 161 164 168 172 174 201 213 214 218 226 248 250 252 272 277 297 305 312 319 321 328 331 332 339 342 350 353 367 376 380 393 397 420 448 461 464 480 484 488 489
117 70 124 151 154 174 185 190 214 224 228 237 311 341 342 356 362 374 392 407 414 421 422 424 434 442 447 459 466 489
118 64 128 142 146 155 156 165 168 173 181 182 190 211 218 235 241 244 246 249 278 287 301 307 309 326 332 334 337 343 354 355 384 394 406 432 437 438 442 446 449 459 464 474 476 479 491 496
119 69 123 124 135 143 191 208 220 227 266 267 270 281 304 311 316 320 343 357 360 368 382 396 398 405 419 431 436 441 445 446 453 468 485 495
120 61 131 135 142 164 176 178 185 214 216 224 235 245 248 252 261 264 268 269 294 300 307 364 369 370 375 382 410 419 427 428 472
121 87 122 139 161 167 189 211 217 238 242 257 260 272 280 283 290 297 304 308 314 327 331 347 352 358 363 378 379 383 414 419 420 422 427 428 435 446 451 453 459 467 468 491
122 95 132 139 141 158 194 229 235 236 241 267 268 274 277 292 305 308 312 342 343 347 360 364 366 367 394 415 419 422 446 467 471 474 480 488 491 494
123 80 132 137 140 142 143 145 148 159 164 174 190 192 196 202 205 206 215 231 243 247 266 276 306 312 318 324 327 330 332 353 362 385 391 394 399 403 414 415 422 433 434 438 441 445 447 468 474 480 485 489 494
124 98 139 142 157 179 182 204 206 248 254 258 262 270 282 292 304 333 342 357 360 394 406 437 469 478 484
125 53 128 169 173 185 201 208 220 222 224 226 255 270 278 279 288 293 314 316 323 350 351 371 375 406 410 435 451 477 499
126 86 151 155 162 163 165 171 178 182 185 193 205 209 211 216 221 223 227 229 251 256 261 264 272 273 277 301 320 379 399 400 401 410 420 422 440 447 472 484 489 493 500
127 71 129 148 150 168 170 196 201 215 262 271 288 298 306 350 373 375 381 394 395 412 431 434 441 443 445 446 457 461 466
128 92 140 148 155 157 158 166 178 183 204 215 220 224 249 264 287 296 315 321 323 326 335 336 371 379 407 415 435 436 437 439 441 453 480 483 484
129 58 131 138 146 184 186 191 193 195 197 202 217 224 234 247 249 253 260 271 273 276 287 314 321 322 328 335 339 340 346 354 355 364 375 387 393 401 403 404 412 413 420 425 457 469 473 474 493
130 96 137 146 147 168 171 173 187 197 209 210 216 221 223 232 239 264 267 268 271 275 291 294 295 297 299 328 360 370 372 373 386 390 395 398 401 413 426 431 440 473 479 483 488 492
131 96 141 142 143 158 166 184 192 204 205 215 217 218 220 252 254 256 263 271 272 285 316 322 331 347 349 382 400 405 415 431 435 440 445 449 498 500
132 98 133 136 141 148 154 165 179 196 199 200 201 203 205 218 233 235 238 247 282 283 285 286 299 300 310 313 320 343 352 355 364 367 369 404 411 413 428 447 465 467 475 478 481 490
133 79 166 180 182 188 190 200 218 234 246 247 249 253 258 260 272 276 288 296 299 318 352 364 365 370 372 385 393 394 406 424 428 449 465 473 482 484 490 500
134 68 138 155 167 170 220 236 237 249 252 258 262 265 270 292 301 318 323 325 326 335 363 374 382 383 400 437 440 448 457 469
135 94 140 205 212 227 238 243 252 284 296 310 315 322 324 356 359 364 392 399 421 426 434 436 439 444 462
136 99 143 146 159 177 184 189 195 224 239 242 248 257 277 305 338 341 344 361 369 380 403 423 424 430 449 456 457 464 467 476 484 485
137 89 140 151 153 162 168 172 187 191 195 203 208 212 213 214 235 236 243 255 257 269 275 276 285 315 327 335 350 356 371 372 378 382 397 403 413 420 432 446 447 448 449 458 476 495 500
138 69 165 180 198 203 207 209 239 243 247 258 274 275 276 277 290 303 311 316 318 320 335 345 348 364 379 381 401 407 413 421 442 446 450 452 453 482 486
139 97 145 148 159 171 185 197 207 221 234 256 261 276 277 278 290 293 306 312 333 334 337 339 348 376 377 390 399 402 410 418 421 441 459 470 471 491 492
140 76 146 154 164 171 172 178 181 184 185 219 220 235 257 277 284 288 294 310 346 363 364 366 371 381 382 397 400 405 412 418 424 442 448 449 454 459 472 473 479 480 481 489 495
141 79 156 167 185 205 210 211 222 237 257 267 292 315 320 335 337 357 361 382 389 408 416 436 442 467 473 479 484
142 83 148 155 179 180 183 198 200 207 210 214 219 222 226 256 273 280 298 318 323 337 345 351 352 361 377 379 421 426 434 435 437 445 458 459 465 472 497
143 100 172 190 193 216 228 259 294 298 328 329 334 341 358 369 389 391 404 406 424 438 464 467 476 480 487 492 500
144 85 151 158 168 169 170 171 175 177 178 181 183 212 215 227 228 232 237 283 286 289 321 335 361 366 368 390 395 399 402 408 429 435 458 470 471 483 487 492 496
145 53 167 171 181 183 187 195 198 199 217 220 229 231 244 250 261 263 269 285 302 319 334 347 353 354 363 377 405 410 429 441 444 460 487 488 489
146 70 148 149 151 172 187 198 207 208 212 226 231 236 247 271 274 275 297 310 353 354 365 375 400 412 444 445 479
147 89 162 167 182 184 186 190 193 197 222 229 233 245 266 287 291 307 309 314 328 345 348 394 406 408 412 423 448 451 465 481 488 493
148 85 149 154 163 176 183 197 199 204 217 222 231 245 254 286 287 305 306 324 339 343 349 366 367 437 439 468 472 473 485 495
149 87 154 157 166 176 191 192 200 206 218 250 254 255 302 304 347 355 356 359 371 382 400 409 451 454 456 461 479 487 493 497
150 62 153 161 167 178 197 202 225 233 242 244 245 249 266 267 273 275 295 302 315 321 336 351 352 360 362 363 373 386 392 400 404 411 424 427 447 472 481 482 497
151 64 162 166 172 174 179 182 186 200 224 229 262 275 283 286 316 318 339 352 357 373 384 392 397 400 405 407 415 422 442 496 499
152 70 171 179 182 185 202 211 226 258 270 273 277 285 293 301 308 320 321 325 337 349 354 357 367 378 386 411 421 432 439 458 459 466 479 491 492
153 94 156 163 184 205 222 246 247 249 268 285 287 297 328 339 345 368 374 382 397 411 445 464 473 482 483 488 497
154 100 158 159 171 182 202 210 212 228 232 241 247 252 283 297 308 325 328 340 342 362 363 404 409 417 420 431 440 446 462 463 471 485 486 488 498
155 83 162 178 182 184 202 204 228 238 241 254 256 257 274 277 288 308 313 323 343 361 364 373 377 379 393 400 402 432 433 465 482 490
156 63 157 168 169 170 183 186 193 205 230 233 251 258 261 263 273 284 291 295 302 303 326 354 356 387 408 419 421 433 439 451 467
157 52 175 184 193 210 216 232 235 247 279 280 284 295 302 320 341 342 348 368 376 398 400 405 409 431 459 460 465 474 488
158 83 163 164 168 178 194 219 252 272 286 299 313 320 324 346 349 362 366 368 371 376 393 419 422 423 425 426 464 484 491 498
159 54 161 198 201 211 229 232 249 261 270 297 299 312 321 326 339 347 358 385 387 389 394 395 408 409 414 421 442 452 462 465 468 489 498
160 62 163 169 200 221 222 228 237 246 248 253 258 262 269 280 286 293 297 307 314 322 334 350 355 372 374 391 403 405 407 421 432 433 451 457 458 465 466 469 481 485 486
161 74 164 176 181 193 219 229 250 253 258 259 262 266 272 283 284 303 304 309 316 325 345 356 359 394 414 439 455 456 468 484 486 488
162 51 165 192 201 214 224 237 243 261 267 271 281 295 296 310 318 342 405 414 415 430 440 450 454 469 473 482 483 489 491
163 79 165 166 183 187 192 194 196 216 221 225 228 255 259 268 288 296 300 313 360 362 372 380 387 395 396 415 418 434 439 441 443 447 454 461 486 496 500
164 99 166 167 174 200 202 203 205 237 240 242 248 251 257 264 275 286 290 292 310 312 320 321 345 346 364 384 390 395 397 403 404 419 438 447 454 457 481 482 491 494 498
165 75 168 178 192 202 223 238 248 249 260 267 269 317 321 330 352 373 385 387 388 403 409 447 473 488
166 93 170 176 185 200 209 210 216 218 220 245 297 301 319 336 346 353 367 371 374 375 392 409 418 421 422 432 438 448 451 458 466 486
167 57 177 181 193 202 205 209 213 214 239 263 267 272 273 276 278 280 305 331 336 352 358 366 372 373 394 401 406 411 426 427 448 460 469 474 479 480
168 56 171 191 210 212 237 242 254 268 270 273 275 276 283 288 289 290 318 334 335 342 348 385 390 392 405 408 414 415 431 442 445 459 482 496
169 82 182 193 200 201 220 225 226 234 238 239 246 250 263 265 268 271 273 294 311 313 349 350 353 356 372 377 385 396 401 417 418 424 425 430 432 433 448 453 458 463 468 473 483 492 497
170 61 181 192 210 222 234 248 285 287 292 297 300 301 305 307 318 334 346 367 369 373 374 378 390 395 404 417 420 448 449 464 474 490
171 100 188 191 205 208 216 247 258 261 263 307 308 316 321 335 339 341 345 349 374 383 387 404 407 408 417 421 439 441 459 473 480 482 484
172 59 227 229 230 236 284 289 307 311 324 325 329 337 351 364 379 383 390 403 405 416 424 442 448 453 460 476 497
173 80 177 212 222 227 228 233 259 266 277 293 294 297 315 317 337 338 348 357 364 367 377 396 397 403 412 435 436 444 445 448 463 465 469
174 61 184 187 197 213 228 231 232 238 239 240 263 270 275 283 289 295 296 311 326 330 341 342 347 354 365 371 379 406 422 441 443 445 453 462 465 477 478 486 493 498 499 500
175 76 195 202 214 223 232 238 256 265 279 306 320 325 333 351 363 369 373 379 384 387 389 401 422 423 424 438 443 444 445 448 449 450 485
176 61 190 193 210 211 224 226 241 244 252 255 260 273 274 275 281 304 306 323 335 348 352 360 366 376 387 396 403 425 443 449 450 480 491 492 499
177 88 178 180 186 205 207 228 247 268 278 308 310 334 359 383 410 419 427 441 442 445 447 448 466 479 484 488
178 63 181 182 212 256 260 290 312 320 323 333 335 351 354 357 359 370 376 384 390 409 423 429 430 437 438 443 462 465 487 493
179 85 218 222 226 232 235 262 271 277 286 305 319 322 324 326 328 335 341 342 346 363 370 379 391 420 440 456 461 463 467 468 493 495
180 70 185 188 196 217 232 246 254 269 285 297 307 317 328 334 337 345 346 350 388 398 424 450 457 462 486 490 496 500
181 59 208 225 276 290 294 296 307 309 310 312 313 315 319 324 338 339 346 347 349 353 359 366 378 398 400 410 414 415 440 446 452 460 469 480
182 64 200 208 231 234 243 254 262 312 314 320 323 326 333 358 367 368 375 391 422 424 430 437 442 499
183 72 199 215 222 235 268 270 276 284 286 289 294 313 318 343 369 384 392 407 408 426 435 436 439 448 456 461 498
184 65 185 211 224 261 271 288 289 301 307 317 323 326 332 334 348 352 365 373 376 394 396 402 411 413 417 425 432 447 448 457 467 480 486 496 500
185 62 186 189 194 202 215 220 227 233 242 244 257 262 271 272 281 289 293 300 301 305 310 313 329 330 335 380 401 404 405 407 408 424 443 445 446 475 481 482 486 490 499
186 52 190 194 203 210 225 268 276 294 308 319 320 329 330 331 345 352 354 356 369 371 378 384 390 402 419 424 441 447 463 468 480 483 493 497
187 91 194 213 225 230 254 265 279 282 303 322 326 344 369 378 384 390 404 432 434 476 480 493
188 61 194 201 206 221 225 227 236 248 255 266 268 273 295 297 298 304 320 332 335 336 339 355 363 376 390 401 406 412 424 428 440 445 468 486 496 500
189 66 198 204 222 233 235 248 287 290 308 325 326 327 328 347 356 365 394 395 402 408 414 417 422 436 449 473 479 487 489 500
190 53 210 224 230 239 247 261 266 271 275 278 288 304 321 333 334 343 345 386 404 409 415 418 423 426 433 444 455 458 463 469 475 480 484 488 491 500
191 71 206 210 221 233 238 246 248 260 281 283 288 322 329 342 348 354 358 366 379 409 421 422 424 441 445 446 469 471 477 486 491 494 497
192 72 201 207 209 216 218 219 220 248 253 273 274 278 285 301 316 317 321 342 357 358 363 372 377 384 392 393 395 404 416 424 433 436 446 461 463 469 470 488 494 500
193 100 199 211 216 220 225 232 233 238 256 259 268 275 291 296 298 312 322 342 350 375 385 394 416 423 427 428 450 451 455 468
194 55 205 219 233 241 253 257 275 276 278 279 321 338 342 359 372 373 374 400 404 413 415 421 424 427 453 460 477 481 486 490
195 97 198 209 223 231 248 264 268 283 300 320 327 329 345 349 353 360 373 383 409 417 430 444 449 455 479 495
196 56 206 214 224 227 228 243 246 259 277 286 290 293 336 344 355 385 392 393 410 422 425 435 437 441 443 445 450 484 498
197 64 202 204 246 258 259 278 296 324 325 340 348 349 375 391 394 395 397 426 427 432 447 470 482 483 489 496 497
198 97 201 204 212 226 231 233 234 261 270 287 290 295 296 307 334 345 346 364 368 382 393 400 403 425 429 431 445 449 465 478 485 494
199 66 203 209 212 214 222 224 225 233 238 250 259 266 269 274 277 280 290 296 298 321 358 360 367 384 386 390 393 407 415 420 425 446 448 457 469 470 473 476
200 83 203 204 219 231 244 249 252 257 261 266 267 268 270 274 280 289 297 302 311 325 333 337 338 346 348 353 357 366 368 370 376 380 382 387 390 400 406 409 420 424 469 496
201 98 222 232 243 270 271 276 278 301 305 306 311 319 341 365 389 394 415 428 429 430 457 480 483 485 489 493 496 500
202 50 203 205 240 256 307 311 315 322 328 346 350 363 364 368 376 382 387 389 397 425 426 445 452 457 459 461 500
203 66 206 207 221 223 235 261 262 282 291 293 297 299 304 307 312 339 348 349 366 372 391 397 402 411 414 425 428 431 434 444 461 462 483 486
204 79 220 229 243 277 280 293 376 394 395 421 425 432 433 469 471 474 476 484 491 492 493 494 495
205 90 206 215 232 258 268 273 292 298 307 317 325 334 338 339 345 361 384 386 387 389 403 419 425 427 442 444 450 457 459 471 474 480
206 62 209 216 230 262 264 279 287 299 329 333 334 339 340 341 350 351 354 365 379 385 397 405 416 419 422 432 435 436 455 458 464 480 483
207 92 242 261 268 273 274 284 297 302 320 332 333 337 339 341 347 362 371 377 435 437 444 448 455 457 458 466 480 482 487 493 500
208 94 216 229 244 250 261 267 269 272 273 274 276 282 285 317 321 331 336 337 364 365 367 370 377 385 386 392 397 407 414 443 446 449 471 473 498 499 500
209 90 218 240 242 243 248 251 262 304 306 310 325 336 340 343 354 367 371 377 382 384 388 402 418 419 422 451 473 479
210 58 212 228 241 244 246 253 256 309 310 323 344 355 397 399 401 402 416 443 473
211 62 220 224 232 239 243 244 272 285 294 315 349 353 356 385 413 416 418 434 438 451 452 469 472 483 493 499
212 53 230 233 243 272 293 313 331 376 383 387 414 418 422 448 462 470 478 479 485 493 498 499
213 58 240 242 248 261 280 281 283 295 298 310 325 327 331 335 339 344 362 368 395 398 409 425 433 436 452 453 472
214 78 222 225 229 241 243 268 288 295 298 302 304 353 359 360 376 390 392 393 401 432 436 453 460 471 474 475 479 495 498
215 85 220 240 243 269 275 277 291 295 297 314 315 323 325 331 345 351 359 370 384 409 437 438 477 491 497
216 85 220 225 278 280 288 293 299 316 322 339 353 357 368 388 389 391 419 420 435 454 486 493 496 497
217 92 219 222 229 234 239 240 250 265 269 271 273 275 283 285 292 295 296 297 302 312 316 317 320 325 338 362 396 421 422 433 435 438 465 478 480 482 491 498
218 67 233 248 249 251 253 255 256 273 275 276 288 295 299 316 317 338 350 374 377 397 405 409 455 457 475 484 496
219 78 273 285 286 288 289 292 309 316 317 327 334 343 346 374 379 389 403 405 413 414 416 425 475 483 496
220 81 225 232 234 254 260 265 269 281 283 307 309 334 335 343 349 352 354 363 377 387 393 399 408 414 460 471 485
221 91 230 231 235 236 238 244 253 260 264 265 272 284 285 288 290 291 295 305 306 311 321 326 337 361 371 373 375 380 381 383 386 394 408 421 427 428 430 435 440 448 458 459 461 471
222 67 229 243 262 276 278 281 284 285 288 289 300 303 308 311 338 339 359 377 384 387 402 416 421 440 459
223 70 224 225 244 248 249 278 289 322 325 327 340 348 351 366 375 376 380 388 404 432 434 436 476 487 488
224 89 226 229 231 233 235 249 257 261 267 275 277 279 297 325 334 341 347 354 369 382 389 392 396 403 409 423 431 433 436 447 464 493 494
225 93 239 245 247 271 273 282 283 291 294 300 302 306 312 323 329 332 342 355 368 373 374 405 408 427 446 448 452 468 484 487 491 494 496
226 91 258 278 289 291 295 302 311 313 321 325 336 337 344 359 365 381 394 396 400 409 420 426 427 441 447 450 457 459 485 497 499
227 62 229 240 242 250 254 261 263 272 275 282 284 290 297 303 312 328 333 334 340 359 373 381 389 406 408 409 417 421 448 471
228 97 232 247 260 262 309 320 329 363 364 376 381 414 418 427 447 461 462 463 471 485 489 490 498
229 84 237 266 270 273 283 291 293 295 300 325 329 338 341 367 371 372 377 378 383 393 401 402 404 405 409 425 440 447 455 456 459 485 497
230 76 235 248 258 278 295 297 336 338 352 363 370 374 379 414 415 433 437 441 447 455 471 479 480 495
231 90 234 235 253 259 269 299 304 330 349 350 351 357 367 370 371 403 412 414 416 445 449 451 466 486
232 89 237 244 251 255 264 267 269 270 272 296 328 331 347 360 379 383 392 399 410 421 460 463 470 493 500
233 66 242 246 253 267 273 281 288 292 305 308 317 325 335 351 357 358 377 382 386 412 418 419 422 424 425 426 431 433 437 444 456 498 499
234 55 237 241 248 262 268 275 279 281 297 298 299 315 337 344 348 368 420 429 437 439 443 450 461 462 467 485 489 494
235 58 239 247 249 252 258 264 295 304 314 333 334 335 340 359 361 394 402 426 452 457 463 470 476 484 488 491
236 58 251 272 275 277 283 288 290 308 357 368 387 395 396 398 410 425 426 437 444 453 474 485
237 98 244 249 252 266 268 273 274 275 300 301 318 372 376 386 387 390 401 410 411 432 439 441 471 485 487 490
238 75 267 271 275 276 281 323 350 363 366 368 371 375 379 385 393 394 404 431 435 445 449 461 463 498 500
239 96 241 244 249 255 260 271 293 295 302 316 318 319 324 325 329 331 345 349 373 374 375 377 380 392 428 431 440 448 461 485 487
240 96 241 247 255 256 276 308 315 316 317 354 358 363 374 380 396 397 414 416 420 423 432 444 453 465 483 486 489
241 77 243 245 248 250 255 264 268 290 296 316 348 356 359 364 369 370 371 374 375 379 404 407 416 427 436 447 459 468 470 479 480 483
242 66 249 253 258 280 293 294 320 330 335 342 355 378 396 406 419 427 432 438 444 452 464 472 493
243 97 244 253 255 261 273 292 299 305 308 329 366 371 375 393 401 406 410 417 419 436 441 451 454 463 466 477 478 491 494 497
244 70 248 259 279 291 306 312 318 319 324 337 343 344 356 396 469 491 498
245 90 249 253 259 262 265 275 286 298 300 308 323 346 348 357 370 388 401 450 459 494
246 92 254 258 281 286 287 292 293 302 319 321 325 361 362 363 378 381 383 386 390 397 403 406 409 413 416 421 436 450 478 481 483 487 493
247 95 249 270 274 297 315 320 321 335 343 352 371 372 385 388 389 393 405 419 470 477 478 484 495 497
248 62 250 255 258 260 268 298 301 302 310 324 357 374 375 376 386 404 406 446 450 467 481 495 496 500
249 96 250 255 267 270 273 275 283 285 288 308 319 320 323 324 331 356 380 381 385 388 398 418 422 436 458 468 478 481 497
250 64 251 252 271 273 280 297 301 303 307 325 329 332 339 342 351 353 367 373 374 376 391 411 427 452 454 455 456 459 470 479 480
251 96 256 279 315 328 339 347 348 362 370 371 372 376 380 392 407 414 422 427 447 477 478 483 496
252 80 253 267 271 280 281 289 290 291 292 305 306 311 313 326 332 354 358 360 384 390 395 423 433 434 436
253 62 256 280 296 297 299 300 322 323 327 333 337 352 354 365 369 371 375 384 405 411 413 427 428 431 452 469 477 478 481 488 496
254 80 255 261 283 286 297 301 305 307 322 335 336 338 340 346 364 368 384 393 399 403 414 425 448 450 458 481 488 494 500
255 51 262 264 266 303 307 325 346 366 371 375 379 380 387 401 417 421 447 449 452 464 483 492
256 75 277 287 290 295 329 358 365 367 378 388 391 396 397 415 419 420 429 471 486 491
257 78 261 264 265 269 299 320 327 329 344 345 359 369 379 382 383 385 412 417 421 448 451 490 492 494 500
258 99 263 277 303 307 338 347 357 360 375 379 383 390 395 404 408 419 423 436 445 447 462 491
259 64 267 268 275 289 308 309 338 342 349 352 353 355 370 375 380 389 402 414 428 439 443 447 470 484 488 496 499
260 63 271 282 292 299 320 321 332 333 345 360 370 380 384 406 407 410 418 425 428 442 451 463 467 468 470 474 485 486 487 488 496
261 61 279 285 301 302 328 331 336 367 368 382 397 400 432 459 469 480 487 493
262 64 269 271 273 280 284 305 317 319 320 349 366 368 383 397 402 403 405 424 431 432 433 450 458 465 491 497
263 96 274 280 281 296 297 346 350 378 383 386 392 394 401 434 437 439 443 445 469 492 493 498 499
264 79 278 327 333 344 376 377 391 413 436 444 464 465 474 477 487 493 494
265 86 280 314 329 370 375 379 384 395 414 426 430 444 457 472 488 492 497 500
266 99 267 269 274 281 304 307 318 322 324 343 351 353 364 370 371 393 423 439 454 467 483 485 489 491
267 67 291 302 303 311 312 315 342 345 350 393 404 414 443 455 473 481 482 484 493
268 93 274 284 290 297 314 318 336 354 359 365 370 371 385 402 407 412 419 424 432 453 454 470 475 478
269 86 283 286 299 308 311 316 319 323 327 332 343 356 376 406 434 440 442 448 452 466 467 470 491 496 497
270 69 294 297 298 317 332 352 386 392 419 429 431 448 461 464 483 486 498
271 89 277 279 280 281 289 290 298 299 310 331 332 350 354 359 361 375 379 380 381 383 394 415 416 432 433 454 463 465 468 494
272 77 275 293 301 313 334 337 356 363 368 372 382 393 403 412 422 431 442 451 452 482
273 79 295 301 302 306 312 319 330 334 355 366 367 371 378 380 394 397 431 434 440 442 444 448 449 468 475 489 497
274 58 277 286 287 292 296 302 312 327 339 353 369 393 401 414 416 417 444 463 468 472 488
275 92 280 283 305 322 325 335 349 370 386 388 420 426 453 455 456 463 476 478 480 481 484 485 486 489 497
276 76 280 293 311 313 315 325 326 368 374 391 404 422 442 448 463 468 491
277 51 284 296 319 330 342 360 368 369 375 389 395 399 408 428 436
278 79 290 294 296 327 346 357 371 372 378 390 391 407 410 423 425 436 467 468 469 471 475 491
279 98 290 293 298 302 309 326 341 350 365 368 388 393 407 412 433 437 440 444 450 460 461 463 464 466 489
280 75 290 292 300 302 305 309 311 329 378 381 384 389 394 401 428 436 439 442 446 451 452 457 469 480 491 494 496
281 54 295 303 305 306 313 332 347 349 361 362 365 391 396 402 405 428 478 484 489
282 71 284 288 291 292 293 308 315 318 327 356 369 384 385 414 433 465 468 469 486 489
283 71 288 311 344 359 372 384 441 470 475 482 492
284 87 295 302 316 338 348 365 371 374 377 404 414 432 440 450 458 471 476 482 483 485
285 56 286 288 302 317 319 326 327 365 368 370 374 377 398 407 424 438 439 458 474 478 485
286 78 288 291 292 303 308 344 354 357 358 364 365 375 379 392 399 404 412 417 439 447 453 454 460 465 475 479 488 491 495
287 66 295 297 312 327 342 343 348 351 358 359 362 371 375 377 387 390 403 413 415 422 460 474 476 479 483 487
288 90 292 303 312 314 320 329 332 336 338 344 352 363 365 421 435 444 447 451 456 468 474 477
289 93 299 311 341 357 361 371 379 383 394 405 408 416 417 426 440 445 448 464 468 475 478 481 485 492
290 79 293 301 309 316 325 340 346 379 384 407 430 432 436 464 467 478 481 487
291 68 292 299 304 309 310 312 331 350 356 361 373 394 396 399 402 405 417 434 459 474 495
292 73 333 349 363 367 376 388 393 397 405 417 420 445 454 464 470
293 62 322 323 338 342 372 385 394 395 400 401 413 421 439 446 455 464 469 483 489 490
294 73 324 342 399 403 405 406 432 452 461 466 478 485 496 497
295 54 297 312 358 373 387 405 407 411 417 419 423 428 459 469 486 489 499
296 54 315 322 358 400 411 426 429 439 443 449 461 462 464 468 475 479
297 65 298 305 321 335 358 367 374 418 419 426 441 472 482 486 490 498
298 62 301 309 314 319 361 364 368 376 393 400 421 423 453 460 466 467 468 475 477 478 485 486 491 497
299 58 330 331 337 350 365 367 369 383 401 405 416 419 424 432 438
300 96 308 339 341 352 366 373 408 421 432 435 444 460 473 474 475 479 480 487 492
301 74 312 325 339 341 343 346 362 376 389 416 420 434 446 448 463 482 500
302 98 313 321 324 326 342 359 363 372 378 399 409 414 433 443 444 446 473 474 480 491
303 74 308 313 318 324 359 360 378 384 392 397 412 422 427 434 452 453 465 483 492
304 96 306 317 320 334 336 343 349 359 363 375 398 436 444 457 462 470 486 500
305 92 327 332 352 358 366 374 377 393 426 469 479 490 495
306 62 308 322 361 365 376 380 385 390 391 404 405 409 441 447 454 458 459 460 468 469 476 498 500
307 75 311 317 321 327 330 331 332 333 345 370 375 379 387 390 398 419 423 464 468 475 476 484
308 96 320 376 394 398 403 409 411 418 424 443 474 479 486 491
309 78 346 349 363 374 378 390 400 412 417 427 428 436 445 448 452 464 477 482 489 495 500
310 95 313 321 324 329 349 354 355 360 362 372 378 385 391 403 410 411 428 440 460 461 466 470 479 480 489 491
311 90 312 324 341 363 371 382 390 394 408 415 420 421 423 425 442 450 454 462 465 466 481 482
312 97 316 317 322 328 344 345 362 363 416 418 422 435 451 455 468 474 475 485
313 58 321 353 358 359 360 364 365 366 377 388 389 424 427 433 443 448 452 464 487 493
314 74 315 353 371 373 378 394 395 407 410 416 425 427 439 455 463 471 484 491 497 499
315 60 327 329 335 342 343 349 350 370 379 384 386 404 421 426 439 458 464 474 478 492 493 494
316 52 323 331 333 334 337 360 365 396 400 412 416 437 474 479 485
317 88 328 342 344 362 365 367 368 378 381 384 401 403 407 409 412 422 453 462 475 486 490
318 81 321 330 337 351 358 359 360 372 382 384 390 405 413 416 437 441 452 459 460 465 466 469 486 488 492 494
319 68 333 342 353 409 413 420 422 427 441 447 458 462 467 470 477 482
320 85 326 346 355 377 380 389 409 411 419 420 421 427 434 440 453 467 476
321 90 324 329 332 342 346 347 355 370 371 373 388 401 412 416 420 433 445 446
322 87 331 334 338 350 370 375 385 393 402 403 404 414 423 450 459 471 478 489 496
323 67 331 339 359 369 370 379 406 413 417 419 424 425 432 440 444 451 466 487 495
324 61 329 333 352 353 374 375 383 392 406 416 424 434 450 459 460 463 481 484 486
325 94 330 339 349 357 362 364 379 398 403 407 408 429 436 447 467 499
326 51 327 347 349 352 354 363 365 400 404 412 424 429 430 432 436 440 445 447 462
327 88 346 347 353 365 371 374 381 402 414 427 430 441 442 445 456 459 464 490
328 61 345 347 359 377 384 424 426 429 441 450 456 466 479 493
329 79 330 344 345 361 364 376 378 385 388 392 401 402 413 461 465 478 493 494
330 88 348 357 382 400 421 435 448 452 455 478 491 496 500
331 74 333 343 354 360 363 370 373 406 421 433 434 441 443 453 467 494 499
332 50 336 347 377 378 399 404 418 425 427 450
333 71 335 341 349 351 354 364 366 368 376 378 384 393 412 430 440 443 454 463 473 484 486 494 495 496 500
334 99 342 354 355 358 361 365 375 387 395 428 441 448 454 459 479 484
335 53 404 418 431 432 443 444 449 454 463 474 475
336 51 337 338 372 388 406 410 427 436 443 462 480 481 491
337 73 350 353 376 383 396 402 412 427 436 443 445 448 476 483 490 494 496
338 62 349 356 372 373 374 375 378 407 413 420 427 430 431 434 439 444 446 452 481 483 490 497 499
339 53 352 361 362 429 436 441 479 481 488 492
340 76 344 351 357 360 366 376 381 388 392 404 410 458 487 499
341 96 373 396 412 418 420 424 430 431 435 439 441 466 477 488 491
342 77 359 360 370 372 387 391 396 397 403 404 412 444 456 461 463 487
343 68 361 376 378 393 394 414 416 417 432 452 461 468 471 474 476 494 496 497
344 96 349 360 386 408 413 417 437 442 446 449 476 477 483 485 500
345 63 351 358 362 371 372 383 391 397 398 420 421 449 453 463 464 477 478 490
346 67 357 374 397 413 414 418 419 420 428 433 438 444 450 461 462 467 479 480 482 490
347 93 365 384 388 401 424 430 435 456 458 462 464 465 487 495
348 97 353 356 386 395 398 418 439 448 451 454 470 478 479
349 59 352 357 380 383 394 399 403 420 428 433 451 457 462 474 484 498
350 93 351 352 365 367 375 395 398 407 409 410 413 417 423 451 453 469 478 484 490 495
351 61 352 354 357 368 370 372 382 389 406 409 417 431 432 466 467 471 474
352 59 359 360 364 368 430 446 473 478 484
353 84 367 368 380 391 396 398 399 403 415 425 429 434 441 446 448 460 469 477 492 493
354 87 355 357 366 374 376 380 381 383 403 404 427 456 467 472 483
355 79 383 403 420 441 449 459 487
356 85 369 395 412 414 415 423 424 435 439 445 452 465 468 494 499
357 98 365 366 367 392 395 397 417 424 428 430 432 443 459 461 462 474 476
358 78 364 368 369 373 399 410 412 414 433 435 445 472 482 483 487 489
359 71 373 376 379 385 389 406 431 459 495
360 91 363 367 373 378 401 405 437 477 485 492
361 66 365 373 388 394 437 441 443 459 469 482 489 496 498
362 71 371 372 380 391 396 397 399 403 416 423 424 440 467 471 492 499
363 84 364 379 381 384 396 411 453 467 480 487
364 64 367 368 374 375 391 396 405 412 423 427 428 447 473 481
365 75 366 383 390 396 401 424 429 455 466
366 89 370 371 386 397 400 435 445 452 454 458 463 486 491
367 84 374 379 393 407 420 432 433 440 447 456 461 470 487 491 494 497
368 92 380 390 395 397 405 412 416 426 428 449 450 454 459 462 465 479 482 484 498
369 98 379 385 416 433 434 449 452 455 460 484 491
370 53 382 395 424 434 442 444 449 453 454 459 464 487 496
371 57 389 397 426 437 444 462 468 472 483 489
372 82 373 384 403 404 415 431 442 465 466 469 477 482 494 497
373 67 382 393 411 422 430 448 455 458 461 473 475 478 479 482 498 499
374 97 375 385 398 423 425 433 436 445 456 457 462 464 465 467 481
375 84 381 403 412 430 445 446 459 464 467 470 484 493 496 497 498
376 87 391 394 401 417 424 427 428 433 441 442 446 470 480 490
377 91 379 385 387 418 471 478 484 490 499
378 52 393 413 418 423 437 443 455 458
379 76 393 395 425 430 458 461 463 468 469 472
380 58 404 406 417 444 451 465 468 472 491 496
381 63 385 387 389 400 406 420 428 438 453 464 474 475 481 486 488 491 494 500
382 98 386 394 447 450 478 486 495 498
383 52 389 394 403 405 407 412 417 418 425 426 438 446 474 481 484
384 59 419 420 440 441 444 445 447 452 453 467 468 477 479 488 492
385 56 390 392 393 398 412 419 435 454 469 476 484 492
386 53 417 446 447 449 455 465 466 479 490
387 100 389 426 456 457 459 460 461 463 465 470 477 483 493 497
388 68 407 408 412 414 417 421 424 425 438 469 470 488 493
389 59 400 419 437 451 458 463
390 64 401 402 417 434 453 459 475 477 480 493 497
391 78 396 438 449 450 473 496
392 80 405 420 423 433 438 443 446 452 457 464 471 483 485
393 77 401 403 416 418 441 452 456 473 475 481 489 497
394 69 408 410 422 448 467 468 469 484 488 491
395 84 400 406 441 445 456 460 461 470 486
396 61 408 415 426 428 432 438 439 459 467 468 469 476 480 488 489
397 71 400 449 463 473 474 482 492
398 72 407 412 414 418 434 439 440 443 444 484 486 491 497
399 71 406 407 416 433 458 467 470 476 495
400 57 403 429 431 433 439 459 470 471 489 497
401 50 403 409 410 415 435 448 449 480 491 492 498
402 86 425 450 454 457 467 488 496
403 97 412 413 417 419 421 433 435 437 457 462 472 473 478 486 492 497 500
404 51 410 445 448 491 495 498 500
405 96 407 425 429 445 450 451 487
406 58 407 416 418 420 428 438 458 461 471 478 486 495 496
407 87 423 425 429 432 433 447 474 480
408 79 418 422 441 444 445 473 486
409 75 411 418 421 430 433 435 436 447 461 463 468 477
410 89 413 422 425 431 444 454 467 468 474 489 498
411 94 412 420 421 427 438 445 457 482 487 498
412 98 420 426 451 457 472 478 480 494
413 80 415 418 421 422 429 447 449 468 479
414 64 415 436 440 441 443 452 476 483 497
415 98 431 457 480 481 490 498
416 72 424 427 439 480 495
417 50 418 432 458 467 476 481 494 498
418 64 438 446 461 472 476 478 483 496
419 50 427 429 432 435 449 450 456 468 469 480 481 493
420 59 421 431 432 436 455 466 475 498
421 100 436 449 460 469 485 486 493
422 57 426 439 450 455 488 491
423 86 434 437 443 445 451 483 488 491
424 60 451 454 466 470 490 493
425 80 443 444 452 466 468 488 490 496
426 95 456 476 494 499
427 95 431 435 448 455 464 477 479 480 483 491
428 87 450 454 465 475 486 492 498
429 87 434 445 447 456 467 486 494
430 82 431 455 457 463 466 468 480
431 74 441 445 450 475 476 478 495
432 86 441 446 456 458 464 473 476 481 497
433 85 443 464 478 479 485 496
434 70 445 468 491 500
435 55 440 456 470 472 481 487 494 498 499
436 91 438 448 476 482 487 492 498
437 73 438 444 463 483 497
438 99 462
439 79 442 453 459 460 471 480 488 490 497
440 77 445 450 465 473 477 478 479 483 487 489 490 497
441 64 453 475 480 486 500
442 94 449 457 462 466 467 469 470 478
443 58 444 453 460 476 488 499
444 97 465 470 492 495
445 82 449 450 456 476
446 94 447 462 471 477 492
447 58 457 459 467 472 489 495
448 84 449 450 457 458 469 476 477 484 490
449 74 463 489 492 496
450 59 455 457 460 472 478 484 485 487 497 498
451 81 462 482
452 75 455 467 483 485 488 495 498
453 81 478 492 495
454 84 468 479 486 487 491
455 73 456 459 468 479 496
456 60 458 479 488 494 496
457 54 470 480 489
458 69 483 487 492 494
459 68 462 466 467 472 484 492 493 494 495
460 56 468 473 476 497
461 87 465 468 480 491
462 87 464 480 486 497
463 53 467 476 488 499
464 60 468 471 493
465 64 466 487
466 72 497 499
467 98 469
468 77 474 485 488 495 496 498
469 80 491
470 86 473 486 487
471 65 476 486 488 489 491
472 81 483 485 486 489 495
473 70
474 92 481
475 54 476 481 482 486 491
476 56 479 481 498
477 78 482
478 70 496
479 94 485
480 74 483 491
481 50 482 485 493 500
482 84 483 490 491 500
483 65 492
484 52 497
485 53 499
486 55
487 70 499
488 51
489 96 491 492
490 71 495
491 77 495
492 57 500
493 74 500
494 86 496
495 70
496 57
497 68 499
498 66
499 59
500 57
