200
1 121 3 4 6 12 13 17 18 20 22 25 27 34 37 38 39 40 43 44 46 47 48 50 54 55 56 59 60 65 67 68 70 71 73 75 84 85 86 87 88 91 93 98 99 100 103 104 106 107 108 109 110 113 118 123 124 125 126 128 129 130 132 134 135 138 140 141 143 144 145 146 147 148 152 162 163 170 172 176 177 183 185 191 192 193 197
2 73 4 5 7 11 12 13 14 16 19 22 24 27 29 36 37 39 40 42 43 44 45 46 47 48 49 50 57 58 61 63 64 69 71 76 77 78 79 80 81 82 85 86 88 90 93 94 98 101 102 104 105 106 107 109 110 113 122 123 124 125 126 127 130 131 138 139 140 141 142 143 144 145 151 155 156 157 163 164 166 168 169 170 171 172 173 174 185 187 191 195 199
3 59 4 7 9 10 11 12 20 22 24 25 28 30 31 33 37 39 40 43 44 47 50 51 55 59 64 69 71 77 78 81 82 83 84 86 87 89 90 93 99 100 102 106 109 112 114 116 117 119 120 121 122 123 125 126 128 131 135 136 138 139 140 144 147 150 154 158 160 167 168 170 171 172 173 175 176 179 181 192 194 197 198 200
4 88 8 9 10 15 17 20 21 22 24 25 26 33 36 37 39 42 46 48 49 50 51 53 54 60 62 67 68 69 72 73 80 86 87 88 89 90 91 95 96 97 98 99 100 104 106 108 109 110 112 113 117 121 122 124 127 131 132 134 139 143 144 148 150 152 155 156 157 159 160 161 162 163 166 167 169 172 176 179 180 181 182 184 189 190 192 199 200
5 111 9 13 17 18 21 23 26 29 30 31 34 35 37 42 44 45 47 50 54 60 64 66 71 72 74 80 81 83 87 89 91 92 94 96 99 102 104 105 108 109 110 113 117 121 124 125 126 127 128 129 131 136 137 140 143 147 149 150 152 157 162 165 167 169 172 173 174 182 184 189 190 191 192
6 131 8 11 12 14 15 17 18 19 20 21 24 25 29 30 34 37 41 44 45 46 49 56 64 66 69 77 80 85 86 87 89 93 97 98 99 103 105 107 108 112 114 116 117 119 121 122 126 127 131 132 133 136 137 140 141 142 145 146 148 149 152 153 155 157 159 164 167 168 169 173 176 179 184 187 189 191 192
7 185 9 11 12 13 14 17 19 20 24 25 26 27 29 34 37 40 41 43 48 49 51 55 58 60 61 62 64 66 73 74 77 78 80 83 86 88 90 93 101 102 105 106 109 112 113 117 118 119 121 125 126 127 129 131 133 134 138 140 144 145 146 150 152 156 159 160 165 166 168 169 171 172 173 175 176 187 194 196
8 171 10 12 16 20 23 32 33 35 37 41 42 45 46 47 48 51 52 59 68 77 78 79 80 81 85 90 92 99 101 103 105 106 109 111 116 117 119 120 121 125 126 140 142 144 145 146 149 150 152 155 156 158 159 160 161 165 170 173 177 179 181 182 187 191 193 194 196
9 165 12 13 14 15 18 19 21 24 29 30 32 36 43 51 54 57 59 60 61 64 65 70 76 80 84 85 90 91 93 103 104 105 107 109 117 119 120 124 125 126 127 129 130 131 138 142 144 148 149 150 152 153 154 157 161 163 165 166 172 173 174 176 177 181 183 188 194 199
10 11 11 15 17 19 23 24 25 26 30 36 40 44 47 51 54 55 56 58 59 63 67 68 69 70 73 74 75 79 82 84 85 86 87 90 91 94 95 96 97 100 101 104 106 109 111 112 118 121 122 123 127 128 131 135 140 141 143 149 151 153 154 155 159 160 162 166 168 170 173 175 176 177 180 181 183 184 187 189 191 192 198 199
11 51 13 14 15 16 18 20 21 22 23 31 32 33 35 39 41 43 45 52 53 55 57 60 64 66 71 73 74 82 84 85 86 88 89 92 93 94 95 96 97 100 101 102 104 105 106 108 109 111 116 118 120 121 123 124 125 130 131 135 137 142 147 149 150 152 156 157 159 161 162 163 165 166 167 168 171 173 174 175 178 181 184 189 190 192 194 196
12 133 13 16 17 20 23 28 29 34 35 39 43 44 46 47 52 54 62 64 66 67 68 69 71 73 74 75 76 77 80 82 85 86 87 89 90 97 102 103 107 110 113 115 118 119 120 121 123 124 125 126 132 133 135 136 137 139 143 148 151 153 156 158 159 164 165 167 169 171 174 175 176 179 182 185 186 187 188 193 199
13 100 19 20 26 27 28 34 36 37 38 39 42 45 46 53 55 57 58 59 61 62 66 67 70 71 73 75 78 79 83 87 89 95 99 104 106 110 111 115 116 120 122 123 128 131 133 134 135 136 140 142 145 146 147 148 149 151 153 155 160 162 163 170 171 174 176 182 184 185 188 190 191 192 193 195 199 200
14 243 16 17 21 22 24 27 28 30 31 32 33 34 35 38 40 41 43 46 47 48 49 50 51 57 59 60 63 65 66 70 73 75 77 78 79 80 82 84 86 88 89 91 92 93 96 107 109 115 118 120 124 125 128 130 132 136 137 143 144 146 147 156 158 159 160 161 164 166 167 168 173 175 177 178 179 184 187 191 195 196 198 199
15 22 16 17 19 21 23 25 27 29 30 33 35 37 38 41 43 52 54 58 60 61 62 63 67 73 74 75 80 82 85 91 92 93 95 96 98 99 100 102 104 112 113 114 118 120 121 124 126 128 131 132 133 134 135 139 141 142 143 145 146 147 148 150 152 153 157 158 160 163 164 165 167 169 170 172 173 175 178 179 183 185 186 192 196
16 161 19 21 24 25 29 31 32 39 40 41 44 45 46 48 50 54 56 58 59 61 62 65 66 69 73 78 79 83 85 86 88 89 90 91 96 97 98 99 101 104 106 110 113 116 118 121 122 123 130 135 136 142 146 149 151 152 154 160 161 162 163 166 167 172 174 175 178 179 180 181 182 187 192 197 199
17 144 19 22 29 31 34 37 41 47 48 49 50 52 53 54 57 59 60 61 63 64 65 68 71 74 76 77 78 85 88 90 95 97 99 102 103 108 109 111 115 117 121 122 128 130 131 134 136 138 143 147 150 151 152 155 156 159 160 164 165 167 169 170 171 172 173 174 175 178 180 181 182 185 188 190 192 193 199
18 132 20 22 29 30 36 39 40 42 45 49 50 54 57 62 64 73 74 75 76 78 79 89 90 92 93 95 99 100 106 108 109 111 112 115 117 119 123 124 127 130 135 136 137 139 143 146 154 158 166 168 170 172 178 184 185 187 188 193 194
19 74 20 21 24 27 29 30 31 33 36 38 41 52 56 59 61 62 67 70 71 73 75 82 84 86 91 93 102 106 108 111 113 115 116 122 126 129 130 132 133 135 138 140 141 142 144 146 147 148 154 155 160 163 164 167 168 169 172 175 180 184 186 188 189 196 198
20 6 22 28 29 30 37 40 41 42 44 46 47 49 52 54 55 63 64 65 66 67 69 70 76 77 83 84 86 87 90 92 93 98 99 101 108 110 114 116 118 121 123 124 126 127 129 131 132 133 134 136 138 145 146 149 153 156 158 164 166 167 169 171 172 176 177 179 180 182 185 186 187 188 189 194 198 200
21 116 22 25 26 29 36 37 43 44 45 49 50 54 58 59 61 65 67 69 70 71 72 73 77 81 84 86 87 89 92 95 100 101 102 108 115 117 119 126 127 128 129 131 133 135 138 141 142 147 149 151 153 155 156 158 163 164 168 169 170 174 175 179 180 183 184 189 190 193 195 198 200
22 137 23 25 28 31 32 33 35 39 40 41 42 44 45 46 48 49 50 51 53 55 58 63 64 65 66 70 75 77 80 82 84 85 86 87 88 90 91 93 97 98 99 104 108 109 112 115 116 117 119 123 126 127 128 131 135 137 138 142 143 144 145 147 148 150 152 153 155 157 158 160 165 167 168 172 174 175 178 180 182 183 188 190 192 199 200
23 206 30 31 35 39 44 45 46 48 50 51 55 56 63 65 66 69 70 71 73 74 75 76 78 83 86 87 88 89 91 92 93 97 98 100 101 103 107 109 110 111 113 117 118 119 121 122 124 125 127 133 136 138 140 141 142 146 147 148 149 150 151 152 154 155 156 157 160 161 162 165 171 175 177 179 187 188 189 195 196
24 179 26 28 30 31 33 42 52 53 54 55 58 60 63 70 77 78 79 83 84 85 89 95 97 99 102 103 104 105 106 109 111 112 114 115 118 123 126 127 129 132 134 137 143 147 148 149 150 151 153 155 158 162 165 167 170 171 173 176 177 179 182 188 190 191 192 195 199 200
25 110 27 28 32 33 35 36 39 43 44 49 51 52 55 57 63 65 68 73 75 76 77 79 81 83 84 85 86 90 92 93 95 100 103 104 106 111 112 114 116 118 119 124 126 128 131 133 134 136 138 142 144 145 146 147 148 149 155 156 158 160 161 162 163 164 166 169 171 176 179 186 188 190 192 193 194 197 199 200
26 225 27 29 31 32 34 37 39 41 45 50 52 56 57 60 61 66 69 70 74 75 77 80 85 89 90 98 99 100 102 103 104 106 107 108 110 111 115 116 117 118 120 122 126 129 130 134 135 137 140 142 143 145 152 153 157 158 160 163 169 171 172 174 177 180 181 184 185 187 191 192 193 194 195 196 198 200
27 157 30 32 33 37 38 39 45 46 51 52 53 55 57 62 63 66 68 69 71 72 75 77 79 82 84 86 87 89 99 102 103 104 106 111 119 120 121 122 123 127 134 135 138 139 142 143 145 151 152 155 156 157 160 161 162 163 165 170 174 177 180 183 184 189 190 195
28 176 30 31 36 39 40 41 44 45 46 48 50 51 52 53 58 61 65 69 70 71 76 80 82 84 86 92 96 99 100 104 113 115 116 117 118 123 124 126 127 128 129 130 131 133 135 138 147 148 149 150 154 155 156 159 162 163 164 170 172 174 175 177 179 180 182 184 190 192 195 197 200
29 102 33 34 42 43 46 47 52 53 54 58 60 62 64 69 76 77 79 82 84 87 88 89 91 92 93 97 99 100 101 102 104 107 109 110 111 112 119 120 121 122 124 125 127 128 139 142 143 148 149 150 151 152 153 156 158 160 166 168 170 172 173 175 178 181 185 188 189 195 197 198
30 197 34 39 40 41 45 51 52 53 54 62 64 66 68 69 73 75 79 84 88 91 92 96 98 102 103 106 107 108 109 111 116 117 118 119 120 122 123 124 125 126 129 131 133 134 136 138 139 142 147 153 154 158 160 167 168 170 172 173 177 179 180 183 186 187 190 193 196 197 198 200
31 193 34 37 39 41 42 47 50 56 57 59 60 61 62 63 64 67 68 69 70 71 77 78 83 86 87 91 92 101 103 104 108 109 111 115 119 122 123 125 126 132 133 135 138 142 143 144 145 147 149 153 154 156 158 161 162 163 164 169 173 174 175 176 181 184 185 187 189 194 196
32 48 33 34 35 37 38 39 43 45 46 49 51 53 65 67 69 71 73 75 76 79 80 81 85 86 87 88 89 93 97 99 102 103 105 106 108 109 111 112 114 121 123 125 126 127 130 131 132 133 134 136 143 145 153 156 157 158 161 163 165 167 171 173 177 181 182 184 185 187 189 190 191 194 198 200
33 21 35 38 39 41 47 48 51 54 55 56 59 62 63 65 72 76 79 82 83 89 93 95 98 100 101 104 107 111 112 116 118 126 127 132 133 135 136 139 140 142 144 146 150 151 154 160 166 167 173 177 181 184 185 186 189 194
34 147 37 38 40 45 46 47 50 56 58 59 60 63 64 65 67 70 74 77 78 80 82 84 86 89 90 92 99 100 108 109 113 120 123 129 130 134 138 139 144 145 147 148 151 152 153 154 155 156 157 169 170 171 172 175 176 179 183 184 186 187 194
35 35 39 45 46 47 51 55 56 58 59 60 61 62 63 66 69 73 76 78 81 82 83 84 86 87 88 90 91 95 97 99 100 107 108 109 112 113 114 116 121 122 127 131 133 136 138 140 144 145 147 149 150 152 155 162 164 166 167 169 170 171 173 179 182 183 184 187 189 190 192 194 199
36 16 37 38 40 41 43 45 46 47 49 50 51 52 54 55 57 59 62 63 64 65 68 72 73 74 75 77 78 79 80 82 84 86 87 88 89 91 93 97 107 109 113 114 117 119 120 124 126 128 130 132 134 136 139 142 143 144 147 148 150 155 157 158 163 166 167 170 172 175 179 180 181 182 184 185 186 189 190 191 199
37 189 39 42 43 44 49 50 52 56 57 60 64 67 72 73 74 77 83 90 92 95 96 97 99 102 107 108 110 111 112 113 117 118 119 120 124 125 126 127 128 131 132 133 136 143 144 148 150 154 155 156 158 161 163 164 167 168 169 170 181 185 187 188 193 194 197
38 30 41 43 44 46 49 50 52 53 54 59 60 70 71 72 73 81 82 84 85 86 87 88 91 92 94 96 99 104 106 107 108 112 114 115 117 118 119 122 125 131 132 133 134 135 136 139 142 144 148 150 154 157 160 162 163 166 167 168 171 182 185 191 194 195 197
39 167 41 43 45 48 54 57 59 61 64 67 70 75 77 78 81 83 85 86 87 89 90 92 95 100 101 104 106 110 111 115 120 121 122 126 129 132 134 135 141 142 144 146 149 153 154 160 163 170 172 173 174 177 179 180 183 187 192 193 194 196 199 200
40 192 43 44 49 50 54 58 59 60 63 67 73 75 84 86 91 94 96 98 99 100 105 110 111 112 117 120 121 122 123 125 126 127 131 135 136 141 143 145 148 151 153 154 159 160 163 164 165 166 168 172 174 176 177 178 185 189 190 191 193 195 196 198
41 184 43 45 47 48 50 58 60 69 70 72 74 75 79 81 85 88 89 91 93 97 103 104 106 108 109 112 115 116 118 121 124 126 128 130 135 138 139 141 143 145 148 149 155 156 158 161 162 168 170 171 173 174 176 179 181 182 184 185 187 192 195 196 197 198 199 200
42 243 44 45 52 53 58 60 62 65 66 68 69 70 71 73 74 76 77 79 81 84 86 90 97 99 101 111 112 120 123 125 126 127 129 131 135 141 144 145 147 151 152 153 159 161 164 165 166 177 178 180 183 184 186 190 191 194 196 198
43 134 44 45 47 48 51 53 61 62 63 64 65 72 75 77 78 79 81 84 85 86 95 99 102 106 108 114 118 119 120 127 128 134 135 136 137 139 141 142 143 145 146 147 148 149 153 159 162 164 165 169 170 172 175 177 179 186 189 195 199
44 113 46 48 50 51 52 53 54 56 58 63 65 69 71 72 73 76 80 81 86 87 96 99 106 108 109 117 118 120 129 136 143 146 148 153 154 155 156 158 160 162 164 165 171 174 177 178 182 185 186 187 196 197 200
45 24 46 48 51 55 57 67 68 71 75 76 78 79 81 85 86 90 93 94 95 97 101 102 104 105 107 109 110 111 116 117 119 121 124 125 131 132 133 134 138 139 141 142 143 144 145 146 150 153 154 158 163 167 168 170 171 173 174 176 178 180 183 188 190 192 199 200
46 222 49 50 56 57 61 67 74 76 77 78 80 86 87 89 95 96 97 100 101 102 103 105 107 109 114 115 123 127 128 133 134 138 140 142 144 146 147 149 151 156 157 160 163 166 171 175 180 192 193 194
47 35 49 50 55 56 60 61 62 66 67 73 75 76 77 81 87 89 92 93 95 97 100 103 105 106 110 115 119 120 121 122 123 124 127 128 129 130 134 136 141 143 145 147 148 149 150 151 156 164 165 167 169 170 173 174 178 179 180 182 186 188 191 192 193 194 196 198 200
48 147 50 51 60 65 66 67 70 72 77 80 81 82 83 86 89 90 92 93 98 99 106 109 110 113 114 115 117 119 120 123 125 130 131 136 137 138 139 142 144 146 149 159 161 166 167 169 173 175 176 178 179 180 183 185 186 189 193 195 196 198
49 225 50 52 55 56 58 59 63 64 66 67 69 72 76 78 79 82 83 87 88 89 94 95 96 98 99 100 101 109 113 114 118 121 125 129 134 136 138 140 143 144 149 151 152 156 157 163 166 168 169 171 172 173 179 180 185 188 190 193 194 195 199
50 178 54 61 63 69 72 73 76 77 80 81 82 84 88 89 96 97 100 102 104 107 123 124 126 128 130 133 136 139 141 145 147 150 153 154 156 157 160 162 169 172 175 177 181 183 184 190 191 196 197 198
51 83 52 54 55 56 59 60 63 64 65 74 77 79 85 86 87 88 90 91 93 95 99 100 104 105 110 111 112 116 117 119 121 122 123 124 125 126 127 128 138 140 142 143 146 147 149 156 158 160 163 165 166 168 170 171 176 177 182 183 187 188 193 194 196 199 200
52 228 53 57 58 60 61 64 67 69 71 73 75 76 79 80 82 84 85 86 88 91 92 94 96 97 102 103 105 114 117 122 125 127 129 134 140 142 144 145 148 151 154 155 157 162 164 167 170 171 173 174 176 177 178 180 181 184 186 190 191 195 197 200
53 136 55 57 61 62 64 66 67 70 72 74 77 79 83 84 85 86 88 89 90 91 96 97 98 100 101 105 110 111 114 118 120 123 127 132 135 136 141 145 152 154 156 157 161 162 166 168 172 173 181 182 185 188 194 195 198
54 246 61 62 69 70 73 79 81 82 85 86 87 89 90 93 94 95 98 99 101 103 107 111 112 113 114 119 120 125 129 133 136 138 140 144 145 149 150 151 154 155 156 161 164 166 171 180 181 183 190 191 193 194 195 197
55 203 57 60 62 63 66 70 73 74 80 81 82 85 87 88 89 91 92 93 95 100 101 103 108 109 113 115 116 125 126 128 133 138 143 146 151 153 159 164 165 167 168 170 173 174 175 180 183 187 188 189 191 193 197 199
56 226 57 71 73 80 83 84 86 87 89 92 94 95 96 99 100 101 105 106 107 108 111 112 114 115 116 117 118 120 122 127 128 129 132 135 141 145 147 148 151 154 155 172 179 194 196 200
57 97 59 61 62 63 66 71 73 74 75 82 83 86 89 92 96 97 101 103 104 105 113 116 118 121 124 125 127 129 130 132 133 134 138 139 141 146 148 149 150 151 153 158 161 162 163 166 167 170 171 172 174 178 181 182 183 188 191 194
58 167 59 67 68 70 78 79 80 83 87 90 92 93 94 98 99 100 102 104 105 107 108 110 111 113 114 117 118 122 129 132 135 137 140 142 144 145 149 151 153 155 160 161 163 167 171 172 174 176 177 178 180 185 190 192 193 194 197 199
59 6 63 66 67 68 69 70 71 74 76 79 81 82 84 86 96 97 99 100 104 106 110 111 114 116 124 126 127 128 131 134 137 138 139 140 141 143 144 149 153 157 158 159 161 172 173 174 177 180 182 188 192 194
60 164 61 62 65 66 72 79 82 85 88 90 91 92 95 105 106 108 109 112 116 118 119 123 125 126 127 132 133 135 137 140 143 146 147 154 159 171 172 178 181 184 186 188 189 197 198 199
61 82 64 66 67 70 76 79 81 85 88 90 91 95 98 99 100 101 104 115 116 117 118 119 120 121 122 127 128 130 135 138 139 140 141 147 149 155 156 157 159 160 161 162 163 164 166 168 169 170 172 179 181 182 184 185 186 187 188 196 198
62 20 63 65 67 68 69 72 73 74 77 79 80 83 88 90 91 95 98 99 101 102 104 106 110 112 119 120 122 124 125 132 135 136 140 143 147 148 150 151 153 154 156 157 161 163 168 169 170 172 186 190 192 195 196 199 200
63 140 68 71 72 73 75 76 79 85 87 88 90 92 98 103 104 106 107 112 113 114 120 124 126 131 135 138 140 142 144 148 149 153 154 155 159 161 162 164 165 166 168 170 173 176 178 179 182 183 185 189 191 194 195 199 200
64 89 66 67 68 69 74 76 78 82 84 85 89 95 97 100 101 102 106 108 109 110 115 116 118 119 120 122 127 128 132 134 137 140 146 149 152 154 155 157 158 160 161 162 164 165 166 169 173 174 175 180 183 190 195 199
65 116 68 71 73 77 78 80 86 89 91 100 101 102 103 106 113 115 116 117 119 122 127 129 132 136 137 139 143 144 146 148 151 152 153 154 156 158 164 166 169 170 171 172 174 178 180 181 182 185 187 189 192 195 197 200
66 123 67 69 71 74 75 76 79 82 83 84 86 89 90 93 94 95 97 99 101 104 109 112 116 121 123 128 130 131 133 135 141 142 143 146 147 149 150 152 153 154 155 156 158 159 161 171 172 174 176 177 179 183 188 191 194 198 199 200
67 98 69 72 73 78 80 83 84 85 86 89 92 98 99 101 103 106 109 111 112 116 117 118 119 120 121 126 127 130 138 140 141 143 144 146 150 154 155 156 167 168 170 175 176 181 182 184 185 189 193 194 195 197 199
68 45 69 70 71 73 74 75 76 77 82 85 87 89 92 96 99 100 104 105 106 110 113 117 119 120 121 122 123 125 126 128 129 130 131 133 135 138 139 143 146 147 148 150 156 157 158 159 160 161 167 168 169 173 177 180 181 187 188 190 192 197 198
69 125 73 92 95 96 97 99 100 101 102 103 107 108 112 114 117 121 125 129 134 136 141 142 143 144 148 149 150 154 161 164 168 169 170 173 175 178 182 187 189 195 196 198
70 132 71 73 77 82 83 85 87 88 89 91 93 94 99 102 109 111 112 113 119 122 125 129 130 135 138 139 140 144 148 150 152 154 157 161 166 168 172 173 175 178 182 185 186 189 193 198 199
71 218 76 78 79 80 81 82 84 85 86 87 91 95 99 100 102 103 105 109 112 114 115 116 118 121 123 124 129 130 131 135 137 138 145 146 147 149 151 154 155 158 162 165 167 168 169 170 176 178 179 180 181 182 185 187 188 189 190 193 195 196 197 198
72 224 73 78 79 86 87 91 95 96 102 106 107 109 112 113 114 115 116 117 119 121 123 131 133 141 143 144 145 146 147 148 149 155 157 164 166 168 170 173 175 181 182 183 187 188 191 194 199
73 24 74 79 80 82 89 94 95 100 103 106 109 111 112 120 125 127 131 133 137 142 143 152 157 158 159 160 161 164 165 166 169 172 173 175 179 182 184 185 186 188 194 200
74 199 75 77 78 79 82 86 87 88 92 95 98 101 102 104 106 109 110 114 115 120 121 126 129 134 135 137 139 144 146 148 153 158 160 166 167 169 173 176 177 179 181 182 183 184 185 186 193 195 198 199
75 232 76 84 87 88 91 92 94 96 97 102 104 106 107 109 110 111 114 116 117 119 121 124 127 135 139 141 147 148 155 157 161 164 165 166 167 168 171 172 173 175 178 180 183 185 186 189 197
76 239 78 79 80 81 88 90 92 97 103 104 110 112 114 116 123 126 130 139 140 141 146 147 148 151 154 156 157 162 164 174 175 178 179 182 187 189 190 191 192 193 194 195 196
77 187 78 81 82 85 86 87 89 94 96 101 102 109 110 111 114 121 123 124 126 127 130 132 133 137 138 140 143 147 148 149 151 152 155 156 158 160 161 167 169 173 175 176 177 178 179 181 182 183 186 189 191 192 193 194 195 196 197 199
78 214 80 82 84 85 87 88 90 92 93 94 95 98 99 102 103 104 105 109 112 113 114 117 119 120 124 133 135 136 137 138 139 140 143 144 145 146 151 152 156 158 160 161 164 165 168 169 170 173 177 179 181 183 184 185 189 191 192 194 197 198
79 81 81 82 83 84 86 87 94 100 101 105 106 108 112 113 119 121 128 131 133 134 136 137 138 140 146 150 155 156 160 162 164 165 172 175 177 179 183 185 186 187 196 197 200
80 77 82 83 85 87 93 94 95 98 101 104 106 109 110 115 118 120 121 123 125 128 129 133 138 142 148 150 152 153 156 158 160 164 166 168 170 171 172 173 177 178 181 182 184 186 187 189 191 192 194 195 198 199
81 96 83 84 85 86 87 89 91 93 95 96 98 101 102 103 105 106 107 109 110 111 112 115 117 119 120 122 123 124 126 127 129 130 131 133 135 138 142 149 156 157 166 169 172 175 178 181 187 190 191 193 194 197 198
82 248 83 84 86 87 88 89 90 94 96 98 99 101 104 111 114 116 119 124 125 129 134 135 139 141 144 147 148 152 153 154 156 159 170 172 173 174 175 176 183 185 186 187 188 190 195 197 199
83 98 84 85 88 91 93 94 96 97 98 99 103 104 105 111 114 115 119 120 122 125 126 127 130 134 135 138 139 145 147 148 152 153 158 159 160 162 165 169 170 172 176 180 181 185 186 187 195 196 197
84 200 85 88 89 94 95 96 98 100 101 102 105 107 109 111 112 113 116 117 118 123 124 125 127 128 129 131 135 138 142 144 146 149 150 151 152 153 155 160 162 166 167 170 172 178 181 183 192 194 195 196
85 93 89 91 93 96 98 100 102 103 104 105 108 112 113 115 116 120 121 122 125 126 127 128 134 135 136 137 139 146 147 149 151 152 153 155 156 162 163 164 166 167 171 174 177 185 189 190 194 196 197 198 199 200
86 224 88 90 93 95 96 97 99 102 106 107 108 111 115 118 124 127 129 130 134 136 137 139 142 143 144 147 148 157 161 163 178 184 187 189 190 191 193 194 195 196 197
87 50 93 94 96 97 98 100 101 106 107 108 110 114 116 120 124 125 129 133 134 135 136 143 145 147 150 154 155 156 157 159 160 161 164 165 166 169 171 172 174 176 178 181 183 185 186 188 190 191 193 195 198
88 92 92 93 95 97 109 111 113 116 117 118 122 124 127 128 131 135 136 137 140 145 149 150 152 155 156 157 161 165 166 172 173 174 175 181 183 185 187 189 190 193 194 199
89 10 91 92 93 95 98 99 102 104 108 110 113 114 117 119 121 125 127 128 129 135 138 140 142 143 146 147 148 152 155 161 166 167 168 172 173 175 177 178 179 182 185 186 188 197
90 178 97 101 102 104 105 111 112 114 117 121 123 126 127 130 136 137 139 141 142 143 145 146 147 148 150 153 154 160 161 164 167 169 173 174 176 178 180 181 183 186 187 188 195 196 199
91 118 92 94 99 103 108 110 112 116 117 119 124 125 126 128 146 158 160 163 165 171 172 175 176 177 178 179 180 182 184 187 189 191 194 195 198 200
92 211 97 99 106 107 108 114 117 119 122 130 132 138 140 141 144 147 150 151 157 158 161 163 166 168 170 171 172 176 177 178 180 184 186 187 192 194 195 196 198 199
93 93 94 95 96 100 101 102 104 106 107 108 109 111 112 114 115 118 119 120 121 127 128 129 142 149 150 151 152 153 154 157 158 159 164 165 167 168 169 170 172 174 176 178 181 182 183 188 190 192 194 198 199
94 135 99 104 107 110 112 116 121 122 123 131 132 133 134 136 137 139 144 145 147 149 154 155 156 160 164 168 174 179 180 184 185 186 188 194 195 196 197 200
95 60 97 99 100 102 104 105 106 108 109 114 115 117 119 122 124 125 132 133 137 139 142 143 146 147 152 153 154 160 164 165 167 169 173 178 179 181 182 185 187 189 191 192 194 197 198 200
96 161 98 102 103 105 112 114 118 119 121 122 126 127 128 130 131 133 135 137 140 144 147 151 153 155 162 163 164 165 166 171 173 180 185 186 187 189 190 193 196 197 198 199
97 18 99 100 101 103 105 109 111 113 116 117 118 120 122 123 124 128 136 138 139 145 146 150 152 154 157 158 159 161 166 168 169 171 175 178 180 186 190 191 196 197 199 200
98 222 103 104 107 108 110 123 124 126 127 128 130 132 133 138 140 145 146 147 150 155 156 157 158 159 160 168 172 173 175 176 177 178 179 181 184 190 194 196 197 198 199 200
99 150 101 103 107 109 113 115 116 118 125 127 129 131 136 138 140 141 146 148 149 150 151 152 153 154 157 159 160 162 167 172 175 176 181 184 185 187 195 196 199 200
100 32 102 104 105 107 108 110 111 114 115 116 119 122 123 124 125 128 131 132 133 134 135 136 139 143 146 154 157 158 161 162 163 164 165 170 174 175 179 185 187 190 191 197 199
101 157 102 105 107 108 109 115 116 118 122 124 129 131 132 133 134 136 138 141 143 145 146 147 152 159 162 164 166 170 173 175 180 181 184 185 186 188 191 197 198
102 29 105 109 111 112 113 119 122 124 125 127 128 129 130 132 134 136 137 139 145 146 148 149 150 153 155 156 157 159 161 164 165 167 169 170 171 175 176 178 180 181 182 184 185 187 188 190 191 194 196 197 198 199 200
103 122 104 108 110 112 117 118 119 120 121 122 125 133 135 137 138 141 142 145 146 147 152 156 158 160 163 164 170 171 175 176 177 178 183 187 190 194 195 196 197 198
104 223 105 106 107 109 111 112 115 120 122 126 127 131 132 133 134 135 136 137 141 145 146 151 162 163 167 168 171 173 177 181 184 186 192 195 196 197 199
105 130 107 108 111 112 119 120 121 122 123 124 125 127 129 130 131 135 136 137 138 139 142 145 148 154 156 157 160 166 168 169 171 173 174 180 182 185 186 189 193 198 200
106 108 109 111 113 116 117 127 128 130 131 134 135 145 146 149 151 153 154 155 156 158 160 161 163 166 169 175 178 180 186 187 188 191 193 200
107 218 114 119 120 122 131 132 133 134 136 138 139 142 143 144 145 148 149 152 154 155 156 162 163 167 175 176 178 183 186 187 189 190 191 200
108 205 110 111 112 113 114 119 121 122 125 126 133 135 137 138 139 140 142 143 145 153 157 159 164 168 170 171 172 174 176 177 179 180 181 184 186 187 189 191 192 194 195 196 197 198 200
109 64 110 111 114 115 118 120 121 126 127 128 129 130 131 135 137 143 145 146 148 152 155 156 166 169 172 174 178 179 181 182 185 195 197 198 199
110 100 112 117 120 122 124 126 127 130 132 134 136 138 139 140 141 144 145 147 153 154 156 157 161 163 166 168 174 176 181 182 184 185 187 192 196 200
111 72 112 115 116 118 119 120 124 127 128 135 137 139 140 141 142 145 148 149 152 153 154 158 159 161 162 163 164 168 172 175 179 181 190 195 196 197
112 25 113 116 117 119 120 122 124 125 129 132 136 138 140 143 144 154 155 156 158 159 160 163 166 167 168 173 176 177 179 181 187 188 191 194 200
113 92 116 117 120 121 123 125 129 133 135 138 143 146 147 148 150 152 155 157 159 160 161 163 171 174 176 177 178 180 182 183 184 185 186 192 195 196 197
114 144 115 116 117 119 124 126 130 131 137 138 140 141 143 145 146 148 149 155 156 161 162 164 166 168 173 183 186 187 189 190 191 195 196 197 200
115 25 116 118 120 123 124 126 128 131 137 138 139 143 149 151 155 156 160 169 171 173 177 179 180 183 185 191 192 193 194 197 198 200
116 19 119 121 125 127 130 136 137 139 140 141 143 147 149 157 159 165 166 171 174 176 178 179 182 183 185 189 195 197 198
117 13 121 125 130 131 133 135 137 142 144 152 153 154 155 156 159 161 162 164 170 171 173 176 181 183 184 186 190 191 192 193 194 196 198 199
118 58 119 123 126 127 132 135 136 137 138 140 142 149 150 151 152 158 165 167 169 172 173 180 185 186 187 197 198
119 100 122 125 130 131 132 142 147 148 150 151 153 156 158 162 163 165 167 168 169 170 172 173 174 176 179 182 183 184 192 193 195 196 197 199 200
120 35 121 125 126 132 137 140 142 146 150 155 156 157 160 162 163 164 165 173 175 176 181 183 187 188 193 194 196 197
121 141 124 127 134 135 139 140 141 144 147 148 149 151 158 159 160 161 162 167 168 173 181 183 184 185 188 190 195 199
122 194 123 124 126 128 129 131 135 136 138 144 146 158 159 164 170 173 175 177 180 182 183 185 186 188 189 190 191 192 193 195
123 245 126 128 129 130 131 132 136 140 142 144 145 147 150 152 153 156 159 160 161 163 164 168 171 172 174 178 180 181 184 185 187 188 193 194 195 196 197 200
124 124 125 127 130 131 132 136 138 141 145 146 151 153 155 157 160 163 164 165 167 168 169 176 177 183 185 186 187 190 193 196 197
125 21 126 135 138 140 146 148 150 152 154 162 163 167 168 169 170 175 177 180 181 182 184 185 186 187 188 189 194 195 198 200
126 195 131 132 133 136 137 140 142 144 146 147 151 155 158 160 165 168 171 174 180 181 184 185 188 190 191 193 197
127 57 130 133 135 139 142 144 145 146 148 153 156 163 170 177 179 182 183 186 187 188 189 196 199 200
128 15 130 139 140 142 144 149 150 152 154 158 159 160 161 166 167 169 170 171 172 175 184 192 194 195
129 38 133 134 135 139 140 141 142 143 146 147 153 156 157 165 169 171 174 177 178 179 181 183 184 186 187 188 194 195 197 198 199 200
130 78 131 138 141 143 146 155 156 157 158 160 161 163 165 172 177 178 179 181 183 185 187 189 190 191 192 195 196 198
131 102 133 136 142 147 148 151 152 155 156 158 160 162 166 167 168 169 174 177 179 181 183 185 190 191 192 195 197 199
132 61 133 135 137 140 141 142 147 149 150 153 154 157 159 160 163 167 168 169 170 172 175 176 180 181 182 184 193 195 196 198 199
133 97 134 135 136 138 143 144 145 148 154 156 168 169 170 172 175 178 187 189 193 197 198 199
134 104 135 136 137 138 139 142 144 150 151 152 154 155 158 159 160 163 166 167 170 171 172 176 177 181 186 188 189 190 194 195 196 198 199
135 48 136 137 138 139 140 141 143 144 146 147 149 150 156 160 161 163 164 166 169 170 171 174 179 182 183 184 186 187 191 192 197 198 199
136 247 140 144 146 148 152 154 158 162 163 164 167 170 171 172 174 175 176 177 178 179 180 184 185 199
137 141 141 142 143 148 156 158 160 161 163 164 165 166 167 168 169 173 174 175 182 185 186 190 191 192 195 196 197 200
138 115 140 141 142 143 144 147 149 153 154 155 158 162 164 165 168 171 172 176 178 181 183 184 185 187 190 192 194 196 197 198 199
139 223 146 148 149 151 152 153 156 161 164 165 168 169 170 172 174 175 176 180 181 188 189 190 195 197 198
140 184 141 144 148 149 150 153 155 156 157 160 162 164 168 169 172 173 174 178 179 180 182 183 184 189 190 191 192 200
141 203 143 146 147 149 150 152 153 155 159 161 162 164 167 170 171 172 176 177 180 184 187 189 190 191 193 195 197
142 55 145 146 149 150 153 154 159 160 167 168 170 171 173 174 175 176 179 183 186 188 190 191 193 194 195 197 200
143 55 145 147 148 149 150 151 153 159 160 164 171 177 178 183 190 193 194 195 196 197 199 200
144 169 147 148 149 150 152 161 164 167 168 171 174 175 178 184 187 188 189 192 196 197 198 199 200
145 247 147 149 150 153 154 155 156 159 160 163 164 167 169 170 174 175 177 185 192 194 195 197 199
146 81 147 149 150 152 155 156 158 159 161 163 164 165 168 171 174 179 182 187 194 195 196 198 199 200
147 27 150 157 158 161 162 165 166 168 171 173 176 178 180 181 184 185 188 192 194 196 197
148 7 152 156 158 163 165 170 172 173 179 180 183 184 185 186 188 189 190 194 197
149 240 151 152 153 155 161 162 163 166 170 171 173 176 177 178 179 182 196 198 199
150 25 151 153 156 158 159 160 161 162 164 169 171 172 174 175 179 185 186 194 195 197 199 200
151 87 153 154 160 163 164 174 177 179 186 188 192 194 197 198 199
152 163 155 157 159 160 165 167 168 170 172 175 176 181 183 184 185 187 188 189 190 192 194 199 200
153 225 154 156 162 163 164 165 167 168 170 174 177 185 186 190 191 193 194 197 198
154 66 155 156 159 161 162 165 166 167 171 173 182 184 186 187 189 191 193 194 196 198 200
155 145 159 160 161 164 166 167 169 170 171 174 178 183 185 186 188 191 192 193 196 198 199 200
156 190 157 158 159 161 164 165 167 168 170 171 175 179 183 184 188 196 199 200
157 72 161 163 167 170 174 176 177 180 181 184 188 190 191 192 194 197 198
158 143 164 167 169 175 185 188 191 195 196 199
159 117 162 164 168 169 171 173 175 177 178 180 182 183 192 193 198 199
160 3 162 163 164 165 168 170 172 177 179 181 183 186 187 188 190 191 194 195 197
161 181 163 167 168 170 172 174 176 177 183 188 189 192 199 200
162 239 164 167 173 176 180 181 182 186 188 195 196 197
163 119 164 169 173 175 177 178 182 183 185 194 195 196 197 198 199
164 192 170 172 174 175 176 177 178 179 181 187 194 196 197 198
165 74 166 168 173 176 183 184 185 188 191 192 193 196
166 27 167 169 170 171 172 173 188 189 192 193 194 195 196 198
167 48 171 174 176 179 180 186 192 193 196 199 200
168 204 170 171 175 181 182 184 186 191 194 195 196 199
169 142 170 173 174 182 186 188 190 191 192 198 200
170 28 171 172 174 176 177 178 181
171 133 175 177 178 182 185 187 191 194 195 198
172 74 175 177 179 183 184 186 188 189 190 194 196 197 199
173 220 174 177 178 181 187 191 192 194 195 196 197
174 38 175 177 180 181 182 183 184 187 190 193 195 197
175 207 176 177 180 182 183 185 186 190 193 195 197 198 199
176 37 178 180 184 185 192 195 196 198
177 37 179 180 183 188 190 192 194 195
178 192 179 180 181 186 187 191 192 200
179 26 180 184 187 193 195 198 199
180 213 181 183 186 187 189 192 195 199 200
181 190 183 185 186 190 191 193 194 198 199
182 190 183 184 185 187 188 193 197
183 129 184 187 188 189 197 198 199
184 187 189 190 191 193 196 197
185 197 186 187 190 192 193 197 198 199 200
186 59 187 189 193 194 197 198 200
187 86 188 190 191 197 200
188 170 189 192 197
189 24 190 194 195 196 200
190 209 199
191 110 193 194 197 198 199
192 80 197 198 200
193 146 196 198
194 169 195 198
195 128 199 200
196 214 198 199
197 41 198 199 200
198 6
199 54
200 106
