200
1 59
2 191
3 39
4 6
5 211
6 231
7 27
8 167
9 8
10 55
11 19
12 223
13 214
14 148
15 99
16 193
17 94
18 141
19 224
20 5
21 81
22 200
23 113
24 246
25 62
26 96
27 47
28 162
29 164
30 235
31 68
32 216
33 103
34 22
35 174
36 160
37 5
38 61
39 237
40 188
41 226
42 88
43 249
44 112
45 107
46 132
47 111
48 139
49 177
50 44
51 81
52 180
53 239
54 145
55 105
56 38
57 123
58 142
59 119
60 129
61 11
62 41
63 66
64 107
65 134
66 221
67 219
68 39
69 248
70 159
71 41
72 237
73 183
74 188
75 184
76 174
77 128
78 56
79 94
80 56
81 183
82 160
83 93
84 4
85 112
86 219
87 143
88 157
89 55
90 12
91 157
92 141
93 151
94 196
95 83
96 236
97 75
98 83
99 103
100 170
101 178
102 129
103 189
104 126
105 6
106 34
107 98
108 145
109 123
110 187
111 52
112 250
113 9
114 115
115 194
116 239
117 221
118 168
119 44
120 216
121 84
122 91
123 65
124 48
125 91
126 241
127 63
128 82
129 43
130 65
131 15
132 54
133 100
134 114
135 64
136 18
137 18
138 219
139 24
140 242
141 11
142 87
143 119
144 129
145 245
146 202
147 74
148 126
149 159
150 30
151 6
152 179
153 131
154 180
155 3
156 179
157 158
158 4
159 81
160 230
161 102
162 41
163 147
164 170
165 141
166 46
167 182
168 178
169 238
170 250
171 2
172 155
173 30
174 103
175 64
176 201
177 177
178 123
179 181
180 131
181 88
182 133
183 114
184 111
185 61
186 244
187 142
188 89
189 2
190 104
191 98
192 113
193 11
194 47
195 202
196 222
197 249
198 146
199 192
200 221
