200
1 44 2 5 6 15 18 20 42 54 86 98 110 119 130 142 152 157 160 163 167 192 195
2 122 31 36 47 52 53 54 64 90 94 95 99 111 119 122 139 141 154 157 166 173 187 191
3 214 12 29 57 71 73 76 83 104 116 130 153 179 182 194
4 193 6 12 21 23 29 45 65 67 93 102 112 121 130 136 144 156 180 181 190
5 159 15 25 27 33 37 90 118 134 137 139 148 153 161 190 198
6 191 24 46 54 70 102 104 139 144 164 182
7 26 15 23 27 30 31 43 46 56 59 66 73 92 129 133 141 146 150 153 154 163 174 184 196
8 184 22 35 38 41 46 92 94 102 106 118 129 138 144 149 166 184 196
9 208 11 13 18 28 40 48 51 54 66 68 116 122 134 140 147 148 159 161 162 173 184
10 51 11 29 33 35 36 41 50 56 60 65 72 90 105 111 113 119 138 139 145 156 159 177 184 187 191 196
11 182 30 44 45 53 70 109 122 133 136 142 146 174 180 186 188 191
12 218 20 23 38 40 49 98 110 111 122 166 167 182 200
13 233 23 30 32 39 40 52 57 59 62 66 83 97 98 100 112 116 118 130 134 138 144 146 151 165 166 175 197 199
14 214 20 53 70 116 120 136 137 158 190 200
15 126 32 69 70 100 104 116 129 153 194
16 140 22 31 57 58 66 69 91 95 102 125 128 142 143 179 194
17 23 50 52 55 59 85 98 103 115 116 135 154 156 163 165 188
18 210 19 65 67 72 73 91 97 100 130 149 152 156 163 197
19 199 21 56 58 69 73 76 78 79 83 84 101 106 113 119 132 157 158 181 189
20 24 23 28 32 35 44 65 107 133 134 145 172 174 175 187 196
21 207 33 35 40 74 76 84 86 98 115 132 135 143 165 168 178 182 195 196 197 200
22 221 25 34 51 59 60 81 84 97 103 104 106 111 113 116 137 138 154 155 158 160 162 163 173 175 178 181
23 13 25 36 43 48 50 52 73 80 93 104 116 124 133 138 149 150 173 182 187 190 194
24 189 25 40 74 108 113 115 119 122 134 138 164 176 188
25 232 32 38 59 81 101 110 125 137 148 166 174 181 188
26 63 36 38 50 52 53 62 67 72 77 97 107 119 129 133 139 142 146 147 149 165 175 180
27 29 42 61 67 84 99 110 120 124 130 135 136 140 147 160 164 176 193
28 125 32 50 51 53 56 58 91 101 115 116 159 166 175 183 184 187 188
29 129 32 50 64 87 88 90 103 104 125 126 136 142 143 144 145 158 164 167 184 185 187
30 33 41 44 52 58 67 82 89 94 117 121 130 135 179
31 67 32 36 57 60 61 108 121 122 128 138 144 150 156 174 176 178 186
32 128 36 50 86 90 107 109 134 135 157 158 160 163 172 179 185 196 197
33 122 35 41 47 50 57 60 63 64 80 85 91 96 101 104 106 113 124 127 133 136 142 150 154 158 169 175 188 196 197 200
34 239 46 48 63 64 72 73 75 94 98 119 125 134 140 148 166 171 173 178 179
35 85 41 66 115 125 138 140 143 156 174 178 188
36 111 39 44 45 49 59 91 105 116 129 152 164 167 173 175 182 183 184 186
37 238 41 47 56 64 66 77 85 100 108 123 130 137 145 174 179
38 179 60 62 67 85 92 101 116 123 125 126 131 136 141 151 170 180 199
39 218 41 50 54 63 67 68 70 96 114 122 133 135 143 146 163 176
40 145 50 54 61 64 68 77 81 99 102 114 123 140 142 143 171 176 192 196 200
41 204 49 51 57 65 79 84 89 90 91 92 93 97 103 109 114 132 145 148 150 152 156 157 158 160 167 172 179 185 192 194
42 209 70 78 92 100 111 121 125 130 143 157 159 166 167
43 169 45 46 86 89 95 106 107 125 128 130 131 152 160 175 189
44 193 52 60 76 96 98 105 113 115 121 124 136 165 175 197 198
45 49 47 57 60 69 88 106 116 122 125 131 136 146 166 189 193 198
46 139 59 60 61 66 68 70 85 97 115 117 132 168 175 194
47 188 91 95 102 112 113 126 131 150 158 159 172 190 199
48 80 58 88 96 98 102 121 123 124 140 151 159 160 164 178 181 188 197
49 198 52 78 87 92 129 142 148 155 175 187 190 195 197
50 112 60 78 80 82 91 95 99 103 110 134 138 145 182 189 193
51 228 89 109 122 126 128 141 143 158 162 170 183 185 188
52 175 61 102 119 122 126 132 146 151 179
53 220 54 57 63 67 80 98 110 116 118 119 125 138 179 195
54 6 71 75 89 90 158 165 167 187 189 195
55 19 72 84 92 102 106 109 119 120 126 132 135 140 146 152 157 165 171 179 194
56 86 121 132 134 188
57 30 59 82 90 91 106 116 119 138 149 164 165 171 184 192
58 246 70 105 115 122 130 137 144 148 151 154 159 167 177
59 151 81 83 91 102 104 117 123 133 143 144 170 173 177 200
60 66 61 86 106 119 124 130 131 144 147 171 174 195
61 191 71 76 82 90 104 106 113 122 124 127 151 170 174 178
62 47 65 74 97 98 99 108 136 147 167 170 184 185 186 187
63 139 71 81 89 92 95 96 134 138 140 145 165 168 187 192
64 206 66 79 89 92 132 140 144 150 172 173 180 185
65 121 72 83 91 109 111 135 137 165 174 187
66 200 83 103 113 115 116 126 133 138 143 150 151 154 174 179 188 192
67 93 69 102 112 114 142 145 167 182
68 107 75 76 85 91 94 110 117 128 140 172 187 190
69 114 72 83 88 112 116 130 140 143 151 155 173 177 188 189
70 174 82 84 94 98 109 128 135 138 164 167 172 175
71 193 86 87 96 142 149 166 179 183 193 196 200
72 98 99 100 101 109 115 129 158 159 160 176 184 193
73 206 75 76 101 102 110 111 113 116 119 126 133 170
74 161 88 90 91 99 121 126 128 138 141 143 148 149 160 165 185 188
75 84 76 89 92 96 98 102 105 108 112 119 120 135 157 159 160 165 167 178
76 201 106 118 123 124 128 132 143 158 159 168 171 189 191
77 64 82 88 99 108 110 114 127 130 152 154 172 200
78 70 79 90 120 121 126 128 157 172 182 197
79 173 93 129 131 174 175 192 194
80 165 85 89 96 113 116 119 122 134 142 143 146 148 168 172
81 179 88 90 95 111 116 122 123 146 163 175 184 189
82 113 95 102 103 105 117 128 130 138 148 157 162 163 174 179 182 185
83 163 101 107 108 110 134 151 156 164 182 192 193
84 1 88 93 105 133 142 144 148 152 163 166 167 187
85 24 87 103 109 120 142 150 153 163 165 168 174 181 199
86 222 138 142 149 150 178 190
87 68 95 105 110 138 140 178 184
88 103 97 116 124 127 132 141 151 154 171 174
89 226 92 108 122 128 160 173 178 192
90 200 98 101 121 137 145 150 156 163 164 178 183 192
91 49 107 116 123 124 133 145 150 154 155 168 181 199
92 148 104 111 115 118 131 168 171 173 175 188 189 191 198
93 157 106 124 134 144 171 174 183 184 193
94 105 98 104 130 131 153 156 164 168 171 183 188
95 51 99 101 128 160 167 169 173 175 179 185
96 88 109 119 134 135 162 165 171 185 191 195 198 199
97 235 99 100 116 118 125 129 149 152 162 177 197
98 241 104 106 111 112 120 123 130 133 138 155 172 182 197
99 92 102 113 114 154 179 183 186 189 195
100 181 126 129 166 168 169 172 174 188
101 106 115 122 129 136 139 163 166 167 170 175 183 185 187 189
102 33 107 121 124 128 148 160 178 179 183
103 189 114 126 130 143 146 171 176 177 182 186 195
104 138 109 114 131 160 173 187 193
105 236 109 115 120 130 147 153 159 161 163 169 172
106 153 114 120 127 130 134 138 143 146 147 157 173 175 181 187
107 2 109 115 161 168 171 174 186 193 198 199
108 80 137 139 143 145 147 164 170 189 190 192
109 82 129 141 142 165 171 172 174 179 193 195 196 198
110 157 141 145 150 167 168 183 184
111 198 119 121 131 132 134 138 150 153 157 167 173 176 182 183 197
112 113 113 116 125 147 166 173 178 179 181 184 199
113 131 116 123 131 139 148 153 156 163 168 184 189 200
114 30 123 131 132 176 193 198
115 114 125 129 146 149 186 192
116 237 121 122 160 172 188 193 196
117 223 122 137 145 148 160 164
118 121 119 121 127 142 147 162 174 191
119 214 121 124 142 154 160 176 191 197
120 137 123 141 142 145 151 158 159 180 190
121 192 138 168 176 200
122 129 134 136 158 186 187 199
123 180 144 145 150 151 152 158 163 164 181 190 195
124 72 150 154 162 164 165 176 180 194
125 242 126 138 145 149 170 176 178 186 187
126 127 148 149 156 164 191 194
127 110 128 141 148 150 167 181 192 193
128 166 146 150 154 161 166 168 174 182 200
129 100 135 165 167 189 192 196
130 13 135 157 165 171 182 189 195
131 196 137 178 188
132 56 140 146 154 161 171 177 180 181 183 188
133 102 141 142 154 163 181 184
134 155 147 158 176 185 199
135 79 149 156 166 172 173 186 192 194 197
136 214 148 163 170 185 194 197
137 13 144 158 166 168 186
138 95 171 185 189 194 195
139 7 145 159 178 184 189
140 140 148 149 154 169
141 228 142 163 175 176 183 187 192
142 88 150 165 175 190
143 11 151 153 169 183 195
144 241 159 178 182 191
145 164 158 159 172 173 190 194 196 197 200
146 95 161 177 178 182 193 194 197
147 197 168 171 177
148 98 152 154 158 160 180
149 241 158 169 172 186 187 191
150 245 164 170 183 188
151 145 189 199
152 189 153 158 166
153 242 155 160 168 183 186 197
154 149 157 166 173 177 180 190
155 4 163 170 171 172 184 195 197
156 13 162 172 185 194 195
157 231 166 169 193
158 70 161 185
159 6 182 197
160 182 165 167 181 184
161 49 165 179 199
162 79 166 167 200
163 23 164 176 192
164 183 166 178
165 61 193
166 224 167 170 198
167 115 183 185 199
168 126 179 182 192 194 195
169 198 175 196
170 60 173 178 185 192 193
171 190 172 174 191 194
172 172 174 175 188 193 199
173 197 179
174 89 175 179 185 188 199
175 243 182 187
176 217 185 197
177 84 180 186 193
178 204 184 196
179 36 186 198
180 21 199
181 70 184 190 194 199
182 174 200
183 182
184 108 192 197
185 137
186 42 189 192 198
187 241 193 200
188 124 197 199
189 230 199
190 180 195
191 62 194 195
192 232 194
193 111 194 199
194 168 196
195 204 200
196 242
197 12
198 216
199 187 200
200 25
