200
1 118
2 130
3 126
4 43
5 189
6 84
7 197
8 191
9 154
10 228
11 102
12 113
13 45
14 143
15 185
16 130
17 209
18 229
19 30
20 3
21 195
22 214
23 225
24 46
25 204
26 189
27 17
28 70
29 34
30 205
31 74
32 241
33 36
34 31
35 223
36 38
37 21
38 113
39 122
40 139
41 136
42 92
43 224
44 174
45 135
46 152
47 20
48 169
49 77
50 79
51 143
52 126
53 118
54 33
55 79
56 58
57 195
58 177
59 72
60 170
61 242
62 155
63 207
64 23
65 8
66 68
67 23
68 103
69 113
70 196
71 124
72 130
73 153
74 102
75 157
76 54
77 3
78 120
79 110
80 46
81 113
82 126
83 51
84 193
85 215
86 77
87 30
88 207
89 219
90 221
91 236
92 100
93 227
94 222
95 149
96 141
97 187
98 93
99 27
100 41
101 120
102 184
103 217
104 192
105 189
106 120
107 126
108 145
109 39
110 187
111 96
112 156
113 194
114 55
115 14
116 244
117 173
118 90
119 159
120 72
121 107
122 142
123 114
124 116
125 38
126 69
127 230
128 165
129 172
130 124
131 248
132 131
133 17
134 215
135 44
136 202
137 171
138 173
139 112
140 64
141 202
142 34
143 248
144 247
145 141
146 217
147 45
148 47
149 3
150 106
151 176
152 81
153 136
154 173
155 65
156 196
157 46
158 143
159 164
160 19
161 7
162 91
163 204
164 130
165 97
166 218
167 134
168 140
169 223
170 203
171 105
172 154
173 25
174 130
175 222
176 168
177 220
178 123
179 167
180 96
181 35
182 197
183 176
184 15
185 26
186 212
187 208
188 48
189 193
190 185
191 46
192 228
193 180
194 91
195 172
196 19
197 227
198 160
199 147
200 87
