200
1 186 2 3 5 6 7 10 12 13 15 16 17 18 22 23 24 25 26 27 28 29 32 33 34 36 37 39 40 42 43 44 45 47 49 52 53 54 55 57 58 61 62 63 65 66 67 68 69 72 73 75 76 77 78 79 82 83 84 85 86 87 88 89 90 91 92 93 95 96 97 98 99 101 102 104 105 106 107 108 110 111 112 113 115 117 118 119 120 121 122 123 124 126 127 128 129 130 131 132 134 135 136 137 140 142 144 146 148 151 152 153 154 155 156 158 159 160 161 163 164 165 166 167 169 170 171 172 173 175 176 178 179 181 182 184 186 187 188 189 190 191 193 195 196 198 199
2 171 4 5 6 7 8 9 10 15 16 19 20 21 22 23 25 26 28 29 32 33 34 36 37 39 40 42 43 44 47 48 49 50 51 52 53 55 56 57 58 60 61 64 66 67 69 70 72 73 74 75 76 77 78 79 81 82 83 84 85 86 88 90 92 93 96 99 101 102 104 105 106 109 110 111 112 113 114 115 116 117 118 119 120 121 122 123 125 128 129 130 131 132 134 135 136 138 139 140 141 142 143 144 146 147 151 152 153 154 156 158 160 162 163 164 166 167 169 170 171 172 173 174 175 176 177 178 180 181 183 184 185 186 187 189 192 193 195 197 198 199
3 116 5 6 7 8 9 10 11 13 14 15 17 19 20 21 22 25 27 29 30 31 32 34 35 36 37 40 41 42 45 47 50 51 52 54 55 61 64 67 68 69 72 73 75 76 79 80 81 82 83 84 85 86 87 89 92 93 94 97 98 99 100 101 102 103 104 105 106 107 108 109 110 111 113 114 115 116 118 119 120 121 122 125 126 127 132 134 136 138 139 140 141 142 143 144 145 149 150 152 154 155 160 161 162 163 164 165 166 167 168 169 171 173 174 175 177 178 179 181 182 183 186 188 189 190 191 192 193 194 195 196 197 198 199 200
4 163 5 6 9 10 13 14 15 17 18 19 20 21 23 25 26 27 28 31 32 33 34 36 37 38 39 41 43 44 45 46 48 49 50 51 52 53 54 55 56 57 58 59 60 61 63 64 65 66 67 68 69 71 72 73 74 78 79 80 82 83 84 85 86 87 89 91 92 93 95 97 99 100 101 102 103 104 108 110 111 112 113 114 115 116 117 119 120 121 122 123 124 125 126 127 128 131 132 134 135 137 140 141 142 143 144 146 147 148 150 151 152 153 154 155 156 158 159 160 162 163 165 166 167 169 172 173 174 175 177 179 181 183 185 187 188 189 190 191 192 194 197 198 199 200
5 22 6 7 9 10 11 12 13 14 16 17 18 19 20 21 22 23 24 25 26 27 28 30 31 32 33 36 37 38 39 40 41 42 43 44 45 46 47 48 49 51 54 55 56 58 59 61 62 64 66 67 68 69 70 72 73 74 75 76 77 78 79 80 83 85 86 87 89 90 94 96 97 98 99 100 101 102 103 104 105 106 109 110 113 114 115 116 117 119 120 121 123 125 126 127 128 129 130 131 132 133 135 138 139 140 141 142 143 144 145 147 148 149 150 151 152 153 154 155 157 159 160 163 164 166 168 169 170 171 172 173 174 176 177 178 179 180 181 182 183 184 185 186 187 188 189 191 193 194 195 196 198 199 200
6 141 7 8 9 10 18 20 21 22 28 29 30 32 33 36 38 39 42 43 46 48 49 50 51 52 53 54 56 57 58 59 60 61 62 64 65 66 67 68 69 70 71 74 75 76 77 78 79 81 82 83 85 86 87 89 93 94 95 96 97 98 99 100 101 102 103 104 105 106 107 110 113 117 121 122 124 125 127 129 130 131 132 133 134 138 139 140 141 142 143 144 146 147 150 151 153 154 155 156 159 160 161 162 163 164 165 168 169 170 171 172 173 174 176 178 179 180 181 182 183 184 185 186 187 188 194 195 196 197 198 200
7 239 8 9 10 11 12 14 15 16 18 19 20 22 25 26 27 28 29 31 32 33 34 35 36 37 38 40 41 42 43 44 46 47 49 52 54 56 57 58 59 60 62 63 65 66 68 71 73 74 75 78 79 81 85 87 88 89 91 92 93 94 95 97 99 100 101 102 103 105 106 107 108 109 111 112 113 114 115 118 119 120 121 122 123 124 126 127 128 132 135 136 138 139 140 144 145 146 148 149 150 151 153 154 155 158 159 161 162 163 164 165 166 167 174 178 179 180 181 182 184 185 186 187 188 189 190 193 195 196 197 198 199 200
8 65 9 10 11 13 14 15 16 17 19 20 21 24 26 28 29 31 32 33 34 37 42 44 46 48 50 51 52 54 55 56 58 61 62 64 69 70 71 72 73 77 78 80 81 82 83 84 86 87 88 89 90 93 94 95 96 99 100 101 102 103 105 106 107 108 109 110 113 115 116 118 120 121 122 123 124 125 127 128 132 133 135 136 137 139 140 141 142 144 147 148 149 150 151 153 154 155 156 157 159 160 162 163 164 165 166 169 170 171 172 173 174 175 176 177 180 181 182 183 184 186 187 189 190 191 193 194 195 198 199 200
9 135 10 12 13 14 16 18 19 21 22 25 26 29 30 33 34 35 36 37 38 39 43 44 45 46 47 48 49 50 51 53 54 57 58 61 63 64 65 66 67 68 71 72 73 75 76 77 78 80 81 82 83 84 85 86 88 89 90 91 92 93 94 96 97 98 99 100 101 102 103 104 105 106 107 108 109 111 112 113 114 116 117 118 119 120 124 125 126 128 130 131 132 133 134 135 136 137 138 139 140 141 144 145 149 150 151 152 153 154 155 156 157 158 160 161 163 164 165 166 167 168 169 170 173 174 175 178 179 180 182 183 184 185 186 187 188 189 191 192 193 195 196 197 198 199
10 182 12 14 15 17 18 19 21 22 23 24 25 27 28 29 30 31 32 33 34 35 37 40 41 42 44 46 47 48 49 50 51 52 54 55 56 58 61 62 63 64 66 68 69 70 71 72 73 74 76 79 80 81 82 84 87 88 89 91 93 95 96 97 100 101 102 103 104 105 107 108 109 111 113 115 116 121 125 126 127 128 130 131 132 133 134 135 139 140 144 145 147 148 149 151 153 154 155 156 158 159 160 161 162 163 164 165 166 168 170 171 172 173 174 175 177 178 180 181 182 184 185 186 189 190 191 193 194 195 197 198 199 200
11 190 12 13 14 15 16 18 19 20 22 25 27 28 29 30 31 32 33 34 35 37 38 39 40 41 42 43 44 45 46 47 48 49 50 51 52 53 54 55 57 58 59 60 62 63 65 66 68 69 70 71 72 73 74 75 76 77 78 80 82 84 85 86 87 88 91 93 98 100 101 102 103 104 106 108 110 111 112 113 114 115 116 117 118 119 120 122 123 124 126 129 132 133 134 135 136 137 138 139 140 141 142 143 144 146 148 150 151 152 153 154 155 156 158 159 160 162 163 164 165 166 169 171 172 173 175 176 177 178 179 180 182 185 186 191 192 193 194 195 197 198 199 200
12 85 13 15 16 17 18 19 21 22 23 28 30 31 32 33 34 36 37 38 39 40 42 43 44 45 46 48 49 50 52 54 57 58 59 60 61 62 63 67 68 70 74 75 76 77 78 79 81 82 83 84 85 86 87 88 89 90 91 92 93 96 97 100 102 103 105 106 107 108 109 111 112 113 114 116 117 118 124 125 127 128 130 131 132 134 138 139 140 143 144 145 146 148 149 153 155 156 157 158 159 160 162 163 164 165 167 169 170 172 173 174 175 176 177 178 181 182 183 185 186 188 190 191 192 194 195 196 198 200
13 163 14 15 17 18 20 21 22 23 24 25 26 27 29 30 31 32 33 35 37 38 39 41 42 43 44 45 47 48 51 53 54 55 58 60 61 63 64 66 67 68 69 70 71 72 73 74 75 76 77 79 80 81 82 83 84 85 88 89 91 92 93 95 98 99 100 101 103 104 108 109 110 111 112 113 114 115 116 117 118 121 124 125 127 128 129 130 132 133 134 135 137 138 141 142 143 145 147 148 150 153 155 157 160 161 162 163 164 166 167 168 169 170 171 172 173 175 176 177 178 179 180 181 183 184 185 186 187 188 190 191 192 194 197 198 199 200
14 221 15 16 17 20 21 23 24 25 27 28 30 32 34 35 36 37 38 39 42 43 44 46 48 50 51 53 54 55 56 57 58 59 61 62 64 65 66 67 68 69 70 71 73 74 75 76 78 79 80 82 83 84 86 87 88 89 90 91 92 93 94 95 96 97 98 99 101 102 104 105 106 107 108 110 112 114 116 119 121 122 123 124 125 126 127 129 130 131 132 133 134 135 136 137 138 139 142 144 145 146 148 149 151 152 154 155 156 157 158 160 161 163 164 165 166 167 168 169 170 172 173 174 175 176 177 179 180 182 184 185 186 187 189 190 191 192 193 194 196 198 200
15 49 16 17 18 19 20 21 22 25 26 27 28 29 30 31 33 35 36 37 42 43 44 46 47 51 53 54 55 56 57 58 59 60 62 63 64 65 66 68 71 73 74 76 78 79 80 82 83 84 86 87 88 89 90 91 93 94 95 96 99 100 102 103 104 106 107 108 110 113 114 115 118 119 121 123 125 126 127 128 129 130 131 132 133 134 135 136 137 139 141 142 143 144 146 147 149 150 151 153 155 158 161 162 163 164 166 168 169 171 172 175 177 178 179 180 181 182 183 184 185 186 189 190 191 192 193 196 197 198 199 200
16 28 17 18 19 20 21 22 23 24 25 26 27 28 29 30 31 34 35 36 37 38 39 40 41 42 44 46 47 49 50 52 54 55 56 57 58 63 67 68 69 73 74 77 79 80 82 84 85 86 88 89 90 91 93 94 95 97 98 99 101 102 105 106 108 109 113 114 115 116 118 119 121 122 123 125 127 128 129 130 131 132 133 134 135 137 138 139 140 144 145 147 148 149 150 153 154 155 156 157 158 160 161 162 163 165 166 167 168 169 170 175 176 177 180 181 182 183 184 185 187 189 190 192 193 194 196 199 200
17 170 18 19 20 21 22 25 26 29 30 31 34 36 39 40 42 43 44 45 46 47 48 50 51 52 54 55 56 57 58 60 62 63 64 66 67 69 70 72 73 74 75 76 78 79 80 81 83 84 85 86 87 90 94 95 96 99 100 101 103 104 105 106 107 108 109 110 113 114 115 120 121 122 123 124 127 128 129 130 131 132 135 136 137 138 140 141 143 144 145 148 149 150 151 153 154 155 156 158 159 162 163 166 167 168 175 176 177 178 179 180 181 183 184 186 187 188 189 190 191 195 197 198 199 200
18 239 19 21 22 23 24 26 28 29 30 31 32 34 35 36 38 40 42 43 44 45 47 48 49 51 53 54 55 57 60 63 65 67 68 69 70 72 73 75 76 77 80 81 83 85 88 90 91 92 93 94 96 97 98 99 101 102 104 105 106 107 108 109 111 112 113 114 116 117 118 119 120 122 123 124 125 127 128 129 130 131 132 133 137 138 140 141 143 144 145 148 149 150 151 153 154 155 157 158 159 160 161 162 164 165 166 167 168 170 171 172 174 176 177 178 179 181 182 184 185 186 188 189 190 191 193 194 195 196 197 198 200
19 243 20 21 25 26 27 28 29 31 32 33 34 35 36 37 38 40 42 45 46 47 48 49 50 51 52 54 55 56 58 59 64 65 66 67 68 69 70 71 72 73 74 76 77 79 81 84 85 88 89 90 93 94 95 97 98 100 103 104 107 108 109 111 112 115 116 117 118 120 121 122 127 128 131 132 134 136 137 138 139 140 142 143 146 147 148 150 151 153 155 156 159 162 165 167 169 171 172 176 177 178 179 180 181 183 184 186 187 192 193 194 195 196 197 199 200
20 134 22 24 26 27 28 29 30 31 32 33 35 36 37 38 39 40 41 43 44 45 46 47 49 52 53 54 57 58 59 60 62 63 64 65 66 67 68 69 70 72 73 76 78 79 80 82 83 84 85 86 87 91 92 93 94 96 97 99 100 101 103 104 105 106 107 109 113 115 117 118 120 121 122 123 125 126 127 128 129 130 131 132 133 136 138 139 142 143 145 146 147 152 153 155 156 157 158 159 160 161 164 165 166 168 169 171 172 173 177 179 180 181 183 187 188 189 190 193 195 196 197 198 199 200
21 11 22 23 24 26 27 29 31 32 35 37 38 39 40 41 42 44 45 48 49 50 51 52 53 54 55 58 60 61 63 64 66 67 68 69 71 72 73 74 75 77 78 79 80 83 85 87 88 90 91 92 94 95 96 99 100 101 104 105 106 107 108 109 110 111 112 113 114 115 116 117 118 120 121 123 124 125 126 127 129 130 131 132 133 134 135 136 137 138 139 140 141 143 145 146 147 148 149 150 152 153 155 156 158 159 160 161 163 164 166 168 171 172 173 176 177 178 179 181 183 184 185 186 187 189 190 196 198 199 200
22 70 23 24 25 26 27 28 30 31 32 33 35 36 40 43 46 47 49 50 51 52 53 54 55 57 58 59 60 61 63 65 67 69 70 71 73 74 76 77 79 80 81 84 85 86 88 89 90 93 96 97 98 102 103 105 106 107 109 110 111 112 113 114 116 117 118 120 121 122 123 125 127 128 130 132 133 134 136 137 139 141 144 145 146 147 151 152 153 154 155 156 158 159 160 161 162 163 164 165 166 167 168 169 170 171 172 173 175 177 179 180 181 182 183 185 186 187 188 189 190 192 193 194 195 196 197 200
23 177 25 26 27 30 31 32 33 34 35 37 39 42 44 45 46 47 48 50 52 53 54 55 57 58 59 60 62 63 64 65 67 68 73 76 81 82 83 84 85 86 87 89 90 92 93 95 96 97 99 101 102 103 105 106 107 108 109 111 112 114 117 119 120 124 125 126 128 130 131 132 133 134 135 136 137 138 140 141 142 145 147 148 149 151 152 154 157 158 159 160 161 162 163 164 165 166 167 168 169 170 172 174 177 178 180 181 182 183 184 185 187 188 190 191 194 196 198 199 200
24 78 25 26 32 36 38 39 41 42 43 45 46 50 51 52 54 55 57 58 60 61 62 63 64 65 66 67 68 70 71 72 75 76 77 79 80 82 83 84 85 86 87 88 89 90 92 93 94 95 96 97 98 99 100 101 104 105 106 107 108 109 110 111 113 115 116 117 118 119 120 121 124 125 126 127 128 130 131 132 133 135 136 140 143 145 146 147 148 151 152 155 156 157 158 160 161 162 165 166 167 168 170 172 173 175 177 179 180 181 182 184 185 186 187 188 190 191 192 193 194 195 196 197 198 200
25 106 26 28 29 31 32 33 37 39 40 41 42 43 44 45 47 48 49 50 52 54 55 56 59 61 62 63 64 65 66 67 68 69 70 73 75 76 77 80 81 83 85 86 87 89 90 91 92 96 97 100 101 102 103 104 105 106 108 109 111 112 113 114 115 117 118 120 121 123 124 125 126 127 128 129 130 131 132 133 134 135 137 138 141 142 143 144 146 147 149 150 152 153 155 156 157 159 160 162 163 165 167 168 169 170 171 173 175 177 178 180 181 182 183 184 186 187 188 189 191 192 195 196 197 199 200
26 5 27 28 30 31 32 34 35 36 37 38 39 43 44 45 46 47 48 49 50 51 52 53 54 55 57 58 60 61 62 64 65 66 67 68 70 71 76 77 78 79 81 83 84 88 92 93 95 98 99 100 101 102 103 104 105 106 108 109 110 111 113 114 116 119 120 122 123 125 126 127 129 130 131 132 135 137 138 139 140 141 142 144 145 146 147 148 149 150 151 152 154 158 160 161 162 164 165 166 167 168 169 172 174 175 177 178 179 180 181 182 184 185 186 187 191 192 193 194 197 198 199 200
27 213 32 33 36 37 38 39 41 42 43 44 45 46 47 48 49 50 51 52 53 54 55 56 57 61 62 63 64 65 66 67 68 70 71 72 73 74 76 77 78 79 80 81 82 83 84 85 87 89 90 91 92 94 95 96 97 100 101 102 103 104 105 106 107 108 109 110 112 113 114 115 116 117 118 121 124 125 126 127 129 130 131 133 134 135 136 137 140 142 143 145 146 147 148 150 151 152 154 155 156 157 158 160 161 163 164 165 166 167 169 171 173 175 176 177 179 180 181 182 184 185 187 188 190 191 194 198 199 200
28 204 29 30 31 32 33 34 35 36 37 38 39 40 41 43 44 46 47 48 49 52 53 54 57 59 60 61 62 64 66 68 72 73 74 75 76 77 78 80 81 82 83 86 87 90 92 93 95 96 97 98 99 101 104 105 106 107 109 110 111 112 113 115 116 117 119 120 122 123 124 125 126 128 129 130 132 133 135 136 137 138 142 145 146 147 149 150 154 155 156 159 160 161 162 163 165 168 170 173 174 175 176 177 178 179 180 182 183 185 186 187 189 190 192 195 196 199 200
29 17 31 33 34 35 36 37 38 39 40 41 45 46 48 49 50 51 54 55 56 58 59 62 65 66 67 68 69 70 71 73 76 77 78 79 81 82 83 85 86 87 88 89 94 95 97 98 100 104 105 106 107 108 109 110 111 112 114 116 117 118 120 121 124 133 134 137 138 139 140 141 142 145 147 150 152 153 154 155 156 157 159 160 161 162 163 164 165 166 167 168 169 170 171 172 173 174 175 176 180 182 184 186 187 188 189 190 193 195 196
30 203 32 35 37 38 39 41 42 43 44 46 47 48 49 50 52 53 54 55 57 58 59 60 61 62 63 64 65 68 69 70 71 74 78 80 81 84 85 86 87 89 90 91 92 93 94 99 100 101 104 105 107 109 110 112 113 114 115 117 118 120 122 124 125 126 127 129 132 133 134 135 136 138 139 140 141 142 143 144 145 146 149 150 151 154 159 160 161 163 164 165 166 168 169 173 182 183 184 186 187 190 191 192 193 194 195 196 198 200
31 208 33 34 35 36 40 41 42 43 44 45 47 49 50 51 52 54 55 57 58 59 60 61 62 63 65 66 68 69 70 71 72 73 74 76 78 79 80 83 84 85 89 91 93 95 97 98 99 102 104 105 106 107 108 109 111 112 113 114 115 119 120 121 122 123 125 126 127 128 129 130 132 133 136 137 139 141 142 143 145 146 148 150 155 157 158 159 160 161 162 163 164 166 167 168 169 170 171 172 173 174 175 176 177 178 180 181 182 184 185 188 189 191 192 193 194 195 196 197 198 199 200
32 55 33 34 35 37 39 40 42 43 44 46 47 48 50 51 52 55 56 57 58 59 60 62 63 64 65 66 68 69 70 72 73 74 75 76 77 79 80 81 83 85 86 87 89 91 92 93 94 95 96 97 98 99 101 102 103 104 105 106 107 109 111 112 113 114 115 116 117 118 120 122 125 128 129 130 132 133 134 136 138 139 140 144 146 148 150 151 152 153 155 156 157 158 159 160 162 163 164 166 167 169 170 171 172 173 174 175 176 177 178 179 181 182 183 184 186 189 191 193 194 195 196 197 198 199 200
33 132 34 35 37 38 39 41 46 47 48 49 52 55 57 62 64 66 68 71 73 75 78 79 86 88 91 92 94 95 96 98 99 100 101 102 103 104 105 106 107 108 110 111 113 114 115 116 117 119 120 121 124 125 126 127 129 130 131 132 133 134 136 138 139 140 141 143 145 146 147 148 151 152 153 154 157 158 159 161 163 165 167 170 171 172 173 174 176 177 178 179 180 181 182 183 184 185 186 187 188 189 190 192 193 194 196 197 200
34 50 35 36 38 39 40 41 42 43 45 46 47 48 50 51 52 54 55 56 57 58 59 60 61 62 63 64 65 66 67 68 69 71 72 73 74 75 81 83 85 87 88 90 91 94 96 97 99 100 101 102 103 104 107 108 112 114 115 116 117 118 120 122 123 126 127 128 129 132 134 136 137 138 139 144 145 146 147 148 149 150 151 153 155 156 157 158 159 161 165 167 168 169 170 175 178 179 180 187 189 190 191 192 193 194 196 197 200
35 225 37 38 39 40 42 43 46 47 48 49 50 51 52 55 57 59 60 61 62 63 64 65 66 67 68 70 71 73 74 75 76 77 78 80 81 83 84 85 86 88 90 92 94 96 97 98 99 100 101 102 103 104 106 107 108 110 112 113 114 116 117 118 119 120 121 122 123 124 125 129 130 131 132 134 135 137 138 139 140 141 143 144 145 146 148 150 151 153 154 155 156 157 159 160 161 162 163 164 165 166 168 170 171 174 175 176 178 179 180 181 184 186 188 189 190 192 193 194 195 196 197 198
36 158 38 39 40 43 44 47 48 49 51 52 53 54 55 56 57 58 59 61 63 64 65 66 67 68 69 70 71 72 79 81 82 84 85 86 87 88 89 91 93 94 98 99 100 102 103 104 105 107 110 111 114 115 116 117 118 119 120 121 124 125 126 128 129 133 134 135 137 138 139 141 142 143 145 146 148 150 151 155 156 157 158 160 161 162 163 164 165 166 168 169 170 171 172 175 177 179 180 181 183 184 185 187 188 191 193 194 195 196 199
37 115 38 40 41 42 45 48 50 51 52 54 55 56 57 59 63 64 65 66 67 68 70 72 73 74 77 78 79 80 81 82 83 84 85 86 90 91 92 93 95 96 97 98 100 101 102 103 104 105 106 107 108 110 112 113 114 115 116 118 119 120 122 124 125 127 128 131 132 136 137 138 139 140 141 142 143 145 146 147 148 150 152 153 156 157 158 159 163 164 165 166 167 168 171 172 174 175 177 178 179 180 181 182 184 186 188 190 191 192 193 194 195 196 198 199 200
38 219 40 41 42 43 48 50 52 53 54 55 56 57 59 60 62 63 64 66 67 68 69 70 71 73 76 77 79 80 81 82 83 84 87 89 90 94 95 97 98 99 100 101 104 105 107 108 109 110 112 113 114 117 119 120 121 122 123 124 126 128 129 130 131 133 135 140 141 142 145 147 150 151 152 153 154 155 156 157 158 159 163 164 165 166 167 169 170 171 173 174 176 177 179 180 181 182 185 186 187 190 191 192 194 195 196 198 199 200
39 137 40 42 43 46 47 49 52 54 55 56 57 59 60 64 67 70 71 72 73 74 75 76 78 79 80 81 82 83 84 86 87 89 93 94 95 97 99 101 102 104 106 107 109 110 113 114 115 116 117 118 119 120 123 124 125 126 127 128 129 130 132 133 137 138 139 141 142 143 144 145 146 147 153 154 155 156 157 158 159 162 163 164 165 168 169 170 171 172 173 174 178 179 180 181 182 186 187 188 190 191 192 193 195 196 197 199
40 108 41 42 43 44 45 46 48 49 50 51 52 54 56 57 58 59 61 62 63 65 66 69 71 72 73 76 77 79 80 81 82 84 85 86 87 88 89 90 91 93 94 96 98 100 101 102 103 105 106 107 108 109 111 112 114 115 116 118 120 121 122 124 126 129 130 131 134 135 136 137 138 141 143 144 145 146 147 148 149 152 153 154 155 156 157 159 160 161 162 163 164 166 168 169 170 171 172 173 174 175 176 177 178 179 180 181 182 183 184 186 187 188 189 191 192 193 194 195 196 198 199 200
41 160 42 43 44 45 46 47 48 50 53 54 56 57 59 63 64 66 69 70 71 73 74 75 77 79 81 82 83 85 86 87 89 90 91 92 93 94 96 97 98 99 100 101 102 103 104 105 106 107 108 110 111 112 113 116 117 120 121 122 123 125 127 130 131 132 134 135 136 137 139 140 141 142 143 144 145 146 147 148 149 150 151 152 154 155 156 157 158 161 162 163 164 165 166 168 169 170 171 172 173 175 176 178 180 181 182 183 184 185 186 187 189 191 193 194 195 196 197 198 199
42 58 43 49 51 53 55 56 57 59 60 62 66 68 69 73 75 76 78 79 81 82 83 85 86 87 88 89 90 92 94 95 99 100 101 103 104 105 110 112 113 114 116 117 118 119 120 121 125 126 128 131 132 133 134 135 137 138 141 142 143 144 145 147 148 149 150 151 152 153 155 156 157 158 160 161 162 163 164 165 168 169 170 172 174 175 177 178 179 180 182 183 184 186 188 189 195 196 198 199 200
43 227 44 45 46 47 48 50 52 53 54 56 57 58 63 64 66 67 70 71 74 75 76 77 78 79 80 83 84 86 87 88 91 92 94 96 97 98 99 100 101 102 104 105 106 107 108 110 111 112 113 117 118 119 120 121 122 123 124 125 126 128 129 130 132 133 134 135 136 137 139 140 141 143 146 147 148 149 150 151 152 153 155 156 159 160 161 162 165 169 171 172 173 174 175 176 178 179 181 183 184 186 188 191 192 193 195 196 197 198 200
44 175 45 47 48 49 50 51 52 53 54 55 57 58 61 62 63 65 66 68 69 70 71 72 73 74 75 76 77 78 79 80 82 83 84 87 88 89 90 91 92 94 95 96 97 98 99 104 105 106 107 108 109 110 111 112 114 116 117 119 120 121 122 124 125 126 127 129 130 131 132 133 134 136 137 140 141 142 143 148 149 151 152 153 154 155 156 157 159 160 163 164 165 167 168 169 170 172 174 175 176 178 179 180 181 182 185 186 188 191 193 196 197 198 200
45 214 46 47 50 51 55 56 57 59 61 62 63 65 68 69 71 72 73 74 75 76 77 78 79 80 81 82 83 84 86 87 88 90 91 92 93 95 96 97 99 100 101 103 105 106 107 111 112 113 116 117 118 119 121 122 123 124 126 127 129 130 132 135 136 137 138 141 143 145 146 147 148 149 150 151 153 156 157 159 160 161 162 165 168 169 170 171 172 173 176 179 180 181 182 184 185 187 188 189 190 191 192 193 194 196 197 198 199 200
46 82 47 48 50 51 52 53 54 56 57 58 60 61 62 63 64 65 68 69 70 71 72 73 75 76 79 80 82 83 85 86 87 88 91 92 93 94 97 100 102 103 104 105 106 108 109 110 111 113 114 116 117 119 121 122 125 126 127 128 129 130 131 132 133 135 136 137 139 140 142 143 144 145 146 148 149 151 152 153 154 155 156 157 158 160 161 162 163 164 165 167 168 169 170 172 173 174 176 177 178 179 180 181 182 183 184 185 187 188 190 191 194 195 196 198 200
47 16 48 50 51 52 53 55 56 57 59 61 63 64 67 68 71 72 74 75 76 77 78 79 80 82 83 85 86 87 89 90 91 93 94 97 98 99 100 102 103 105 106 107 108 109 111 112 113 114 116 117 118 119 120 121 122 123 124 127 128 130 131 132 133 134 136 138 139 141 142 143 144 145 146 147 148 149 150 152 154 156 158 159 160 162 163 164 165 166 168 169 171 172 173 174 176 177 178 179 181 183 185 186 187 189 190 191 192 193 196 198 199
48 236 51 53 54 55 56 58 59 60 61 64 65 66 67 68 70 71 72 73 74 75 79 80 81 84 85 86 87 88 91 92 93 94 100 104 105 106 109 110 112 113 114 115 116 117 120 121 123 124 125 126 127 128 129 130 132 134 135 136 137 138 139 140 141 142 143 146 147 150 151 152 154 159 161 163 164 166 167 168 169 170 173 175 176 178 179 180 181 183 184 185 187 188 189 190 191 192 193 194 195 197 198 199 200
49 207 50 51 52 53 56 57 58 59 60 63 65 66 68 69 70 72 73 74 75 78 79 80 82 83 85 86 87 90 92 93 94 96 97 98 99 102 103 106 108 109 110 111 113 114 117 118 119 121 122 123 124 125 126 127 128 129 131 132 133 136 137 138 139 141 142 144 145 146 147 148 149 150 152 153 154 155 156 157 158 159 160 161 164 165 166 167 171 173 174 175 176 177 179 182 184 187 188 189 190 192 194 197 199
50 180 51 53 54 57 59 60 62 63 65 66 67 68 69 70 72 73 74 75 77 79 81 83 85 87 91 92 94 95 96 98 99 100 101 102 105 106 107 109 113 114 115 116 118 120 121 123 124 127 129 130 132 133 135 136 137 138 139 140 141 142 145 146 148 149 150 151 153 154 155 157 159 161 162 163 164 166 168 169 170 172 173 174 180 181 182 183 184 185 186 187 188 189 190 191 192 194 195 196 197 199 200
51 159 53 55 56 57 58 59 60 62 63 65 66 68 69 70 71 73 74 75 76 77 78 79 80 81 83 84 88 89 90 93 95 97 100 102 104 105 106 108 109 110 112 114 116 117 118 120 122 123 126 127 128 129 131 135 136 137 138 140 141 142 143 145 146 147 149 151 152 153 154 157 158 160 161 163 164 165 166 167 169 170 171 173 176 179 184 186 188 189 190 191 192 195 196 197 198 199 200
52 235 53 54 55 56 57 58 59 60 61 64 66 67 69 70 72 76 77 78 79 81 82 83 84 85 86 87 90 91 92 95 96 98 99 101 103 108 109 110 111 113 114 115 116 117 118 120 124 125 126 129 130 132 133 134 135 136 137 138 139 140 141 142 143 144 146 147 148 150 151 153 156 157 158 159 160 162 163 164 166 168 170 171 173 174 175 176 178 179 181 182 183 184 185 187 188 189 190 191 193 195 196 198 199 200
53 211 54 55 56 57 59 60 61 62 63 64 65 66 67 68 69 70 71 72 73 74 76 77 78 79 80 81 82 83 85 86 88 92 93 95 96 97 98 99 100 101 102 104 105 106 107 108 109 111 113 115 116 119 120 121 122 123 124 125 126 127 128 130 132 134 135 136 137 138 140 141 142 147 148 149 150 151 152 153 154 155 156 158 160 163 165 166 167 169 170 171 173 174 175 176 179 185 186 188 189 191 194 195 196 197 199 200
54 60 55 57 58 59 60 61 63 64 65 67 68 69 70 71 72 73 75 77 78 79 80 83 87 88 90 91 92 93 95 97 98 99 100 102 103 104 108 109 110 111 112 114 115 116 118 119 120 121 122 123 127 129 130 131 132 133 135 137 138 142 143 145 146 147 148 150 153 154 155 156 157 158 159 160 161 162 164 166 168 169 174 175 176 177 178 181 182 183 184 185 186 187 188 190 191 192 194 197 199 200
55 145 56 57 58 59 60 61 62 63 64 65 67 68 70 71 73 75 76 78 79 81 82 83 85 86 87 88 89 91 93 96 97 98 100 101 102 103 105 106 107 108 110 111 112 113 117 118 119 120 121 122 125 126 127 128 129 132 133 134 135 137 138 139 140 141 142 143 144 145 146 147 148 150 152 153 154 155 156 157 158 162 163 164 165 167 168 169 170 171 172 173 174 176 177 178 179 180 181 183 185 186 188 189 191 192 193 195 196 197 198 200
56 238 57 58 60 63 65 66 67 68 71 72 73 74 75 77 80 83 84 85 86 87 88 90 94 96 97 99 100 101 104 105 106 108 109 111 112 115 116 117 118 120 122 123 126 128 129 130 131 132 134 136 138 139 140 141 143 144 146 147 149 150 151 152 153 154 155 156 157 158 160 161 162 164 165 166 167 169 170 172 174 176 181 182 183 184 185 187 188 189 190 192 194 197 198 199 200
57 51 58 59 60 61 62 63 65 66 67 68 70 71 73 75 76 79 80 81 82 85 87 88 94 95 96 97 99 100 101 103 104 105 106 110 112 113 115 117 119 121 123 126 127 128 129 130 131 132 134 136 137 138 139 142 143 146 147 149 150 151 152 153 154 156 157 158 161 162 164 165 166 167 168 169 170 171 172 173 174 176 178 179 180 181 182 183 184 185 186 187 189 190 191 192 193 194 195 197 198 199
58 58 60 61 63 64 65 66 67 68 69 70 72 73 75 76 77 78 79 80 81 83 85 87 88 89 90 91 92 94 95 96 97 101 102 103 104 106 109 110 111 112 113 114 115 116 117 118 119 120 121 122 123 124 126 127 130 131 132 134 135 136 138 139 140 142 143 144 145 146 148 149 150 151 152 154 157 158 162 163 164 166 167 168 169 170 171 172 174 175 177 178 181 182 183 184 185 186 188 189 191 192 193 195 197 198 199 200
59 153 60 61 63 64 65 66 68 69 70 71 72 73 74 75 76 77 79 80 81 82 83 84 85 87 88 89 90 91 93 94 96 97 100 101 102 104 105 106 107 108 109 110 111 112 114 115 116 119 120 121 122 125 126 128 130 132 133 134 135 136 138 139 140 141 143 144 145 147 148 149 150 152 153 154 155 156 157 158 159 161 162 163 164 165 168 169 175 176 177 178 179 181 183 184 186 188 189 193 194 196 197 198
60 26 61 62 64 65 66 67 68 69 70 71 72 74 75 76 77 79 81 82 83 85 86 88 89 90 91 92 93 95 96 97 99 102 103 104 107 108 110 111 113 114 115 116 117 119 120 121 123 124 125 126 129 131 132 133 134 136 137 138 140 141 142 143 146 147 148 150 151 153 157 158 159 160 161 162 163 164 166 168 169 170 171 172 173 174 175 178 180 181 183 185 187 188 189 191 194 195 196 197 198 199 200
61 50 63 64 65 68 69 70 71 72 73 74 75 77 79 80 81 82 83 84 86 88 89 90 92 93 94 95 96 97 98 99 100 101 102 103 104 106 107 109 110 111 112 113 114 115 118 119 120 121 122 123 124 127 129 131 132 133 135 136 137 138 139 140 142 143 144 145 147 148 149 150 151 152 154 155 156 158 159 160 161 162 164 165 166 170 171 172 173 174 175 177 178 179 180 181 182 185 187 191 192 193 194 195 196 197 198 199 200
62 71 63 64 65 66 67 68 69 70 71 74 75 76 77 78 79 81 83 84 86 89 90 91 92 93 95 98 99 100 101 102 104 105 106 107 111 112 113 117 118 120 121 122 123 125 126 127 128 129 130 131 132 133 134 135 137 138 139 141 142 143 144 148 151 155 156 157 159 160 161 162 163 165 166 167 168 170 171 174 175 177 181 182 185 186 187 188 189 190 192 194 195 196 198 199 200
63 32 64 66 68 69 70 71 76 78 80 81 82 83 84 85 87 88 89 90 91 92 93 94 95 96 97 98 99 100 104 106 111 112 113 114 115 117 119 121 123 126 127 128 130 131 132 134 135 136 138 145 146 148 149 150 151 156 157 159 160 161 162 163 166 167 168 169 170 172 173 174 176 177 178 179 180 182 184 185 186 188 191 192 193 194 197 198 199
64 60 65 66 67 68 70 71 72 75 76 77 80 83 84 85 86 87 88 90 92 93 94 95 96 97 99 100 101 102 103 104 105 106 108 109 110 111 113 114 115 116 117 118 119 120 121 122 123 124 127 128 129 130 131 132 133 134 135 136 137 139 140 142 143 144 145 146 147 148 149 150 151 153 154 155 156 158 160 161 162 164 165 166 167 168 169 170 171 172 173 175 176 177 178 179 181 182 183 184 185 186 187 188 190 191 193 194 195 196 198 199
65 181 66 67 68 70 71 72 74 75 76 78 81 83 84 85 88 91 92 93 94 96 97 98 100 101 102 103 105 106 107 110 112 113 114 116 119 124 125 126 127 129 131 132 133 134 135 137 141 142 144 145 146 148 149 150 152 155 156 157 158 160 163 164 165 166 169 172 174 175 176 178 179 180 181 182 183 184 185 186 187 188 190 191 192 194 195 198 200
66 244 70 71 72 75 76 77 78 79 81 82 85 87 88 89 90 91 92 93 95 96 97 98 100 101 102 104 105 106 107 108 109 110 111 114 116 117 118 120 121 122 125 127 128 131 132 134 135 137 139 140 141 145 147 148 149 151 153 154 155 156 157 159 160 161 162 164 165 166 167 168 170 171 172 173 174 176 178 179 181 182 183 185 186 187 188 189 190 191 192 193 194 195 196 198 199
67 15 69 70 71 72 73 74 75 78 80 82 83 84 87 88 89 91 92 93 94 95 96 97 98 99 100 101 104 107 108 110 113 115 116 117 118 120 121 122 124 125 126 127 128 129 130 131 133 135 136 137 138 139 142 143 146 147 148 149 150 151 154 155 156 158 159 160 161 162 163 167 168 172 173 177 178 179 180 181 182 183 184 185 187 188 190 191 192 194 195 197
68 243 69 70 72 75 76 77 78 81 82 83 84 86 88 91 92 93 94 96 97 98 100 103 104 105 106 108 109 110 111 113 114 115 116 117 118 119 120 121 122 123 125 127 128 129 131 132 133 134 136 137 139 140 141 146 147 148 149 150 151 152 153 154 156 157 159 160 161 163 164 165 166 167 168 169 170 171 172 173 174 175 177 178 179 182 183 186 187 188 189 191 192 193 194 195 196 197 198 199 200
69 53 72 73 75 76 77 79 80 81 82 84 85 86 87 90 91 92 93 94 95 96 99 101 102 103 104 105 106 107 108 109 110 111 112 113 114 115 116 118 122 123 124 126 128 131 132 133 134 135 136 138 140 141 142 143 144 145 146 149 152 153 154 156 158 159 160 161 162 163 165 166 167 169 170 172 173 175 176 178 179 181 182 183 185 186 187 188 189 192 193 195 197 198 199
70 179 71 72 73 74 75 78 79 80 81 82 83 84 89 91 93 94 96 98 99 100 101 103 104 105 106 108 109 110 111 112 114 116 118 119 120 124 127 128 129 130 131 133 135 137 140 141 142 143 144 145 149 151 152 154 156 157 158 160 161 163 164 165 167 168 169 170 172 174 176 177 178 179 180 181 182 183 184 185 187 188 189 190 191 193 195 197 200
71 142 72 73 74 75 77 79 80 81 82 83 85 86 89 90 91 92 95 96 97 98 99 100 101 102 103 105 110 111 112 113 115 117 118 119 120 123 124 126 127 128 130 133 134 135 136 137 138 139 140 141 142 143 146 147 148 149 150 151 152 154 155 156 157 158 160 162 164 165 166 167 168 169 171 173 174 175 177 179 180 181 182 183 184 185 186 187 188 189 190 195 196 198 199 200
72 60 73 74 75 77 78 79 82 83 84 85 86 88 89 90 91 92 93 94 95 96 97 98 102 103 104 105 106 107 109 110 111 112 114 115 116 119 120 121 122 123 126 128 129 130 131 132 134 135 137 138 139 141 142 143 146 147 149 150 152 153 154 155 157 158 159 164 167 168 170 171 172 173 175 177 179 180 181 182 184 186 187 190 192 193 194 196 199 200
73 13 74 75 76 78 79 80 81 82 84 86 89 91 92 93 94 95 96 97 99 101 102 104 105 106 108 109 110 114 116 117 118 120 121 122 123 124 125 127 128 131 132 133 134 135 137 139 141 142 143 144 145 146 147 148 149 150 151 152 153 154 157 158 159 160 161 162 164 167 168 169 170 172 173 175 176 177 178 179 180 181 182 183 184 185 188 190 192 193 195 196 198 200
74 30 76 77 78 79 80 81 82 83 86 87 88 90 91 93 95 96 97 98 99 101 102 103 104 105 106 109 110 113 115 116 119 120 121 122 123 125 126 127 129 130 131 132 133 134 135 136 137 139 140 141 145 146 147 150 151 152 153 155 156 157 158 160 162 163 164 166 170 171 172 173 176 177 178 183 185 186 187 189 191 193 194 195 198 199 200
75 238 79 80 82 83 85 86 87 88 89 91 92 94 95 96 97 98 99 100 101 102 103 104 106 108 109 110 115 116 118 121 122 123 124 126 128 129 130 131 132 134 135 136 137 138 141 143 144 145 147 148 149 151 152 153 154 157 163 166 167 169 170 172 173 177 179 180 184 186 188 189 190 192 193 194 197 198 199 200
76 52 77 78 79 80 81 82 83 84 85 86 87 88 90 91 95 96 97 98 99 100 101 102 103 104 105 107 108 109 110 112 113 114 115 117 118 119 120 122 123 124 127 128 129 130 132 134 135 136 137 138 139 140 142 144 145 146 147 148 149 151 153 155 156 159 161 162 163 164 165 166 167 169 170 171 174 175 176 177 178 179 180 181 183 184 186 188 190 191 193 194 195 196 197 198 199 200
77 31 78 79 80 82 84 85 86 88 89 90 91 92 94 95 97 98 99 101 102 103 104 105 106 107 108 109 110 111 112 115 117 118 119 120 123 124 125 126 128 129 130 131 132 133 136 137 138 140 141 142 143 145 147 149 150 151 152 155 156 157 160 161 162 163 164 165 166 168 172 173 175 176 177 178 180 184 185 186 187 188 191 192 195 196 198 200
78 9 81 82 83 84 85 86 89 91 92 93 95 96 99 100 101 102 103 105 107 108 109 110 111 112 113 115 117 118 123 127 128 130 132 134 135 137 139 140 142 144 145 146 147 148 149 150 151 152 153 154 156 157 158 159 160 162 163 164 166 168 169 170 171 172 174 178 179 180 181 183 184 185 186 187 189 190 192 193 195 196 197 198 199 200
79 179 80 81 82 83 84 85 86 88 89 90 91 92 94 95 99 100 101 103 106 108 109 110 111 112 114 115 116 117 118 119 122 123 124 125 127 128 133 134 135 136 137 138 139 140 141 143 145 147 148 149 150 151 152 153 154 155 156 157 161 162 169 170 171 172 173 174 175 176 177 179 183 184 186 188 189 190 191 192 193 195 196 197 198 199 200
80 166 82 83 84 85 86 88 89 90 91 92 93 94 96 99 100 101 105 106 108 109 111 112 113 115 116 117 118 119 121 122 123 124 126 130 132 135 136 137 139 140 141 142 144 146 147 148 149 150 151 152 154 157 158 159 160 161 162 163 165 166 167 168 169 172 174 177 180 182 183 184 185 187 188 189 190 191 192 194 196 198 200
81 150 82 83 84 85 87 89 90 91 92 93 94 96 97 100 101 103 104 108 109 111 113 114 115 117 119 120 121 122 123 125 126 127 128 130 131 132 133 137 138 139 140 142 143 144 146 147 148 149 151 153 154 155 156 157 159 161 162 163 164 166 167 168 169 173 174 175 176 177 178 181 182 183 184 185 186 187 188 190 192 193 195 196 197 199
82 182 83 85 87 88 89 90 92 93 94 95 96 97 98 99 100 101 103 104 107 108 109 111 113 114 116 117 118 119 120 121 124 125 126 127 128 129 130 131 132 133 134 135 136 137 138 139 140 144 145 146 147 148 149 152 153 154 157 159 162 163 164 165 166 167 169 170 171 172 173 174 175 177 179 181 182 185 187 188 191 192 193 194 195 196 197 198 200
83 46 84 88 90 91 92 93 94 95 97 99 100 101 102 103 104 107 108 109 110 111 112 114 116 118 120 121 122 123 124 125 126 127 128 129 130 131 132 133 136 138 139 142 146 148 149 151 152 154 157 158 159 160 161 162 163 164 165 167 169 170 171 173 174 175 176 179 181 182 183 184 185 187 189 191 193 194 196 198
84 210 85 88 90 91 92 95 96 98 99 100 101 102 103 104 105 106 107 109 110 111 112 114 115 116 117 118 119 123 124 125 126 127 129 131 132 133 135 136 138 139 140 141 142 144 145 146 147 148 149 151 152 153 154 155 156 157 159 161 162 164 168 170 171 172 173 174 176 177 178 179 180 182 183 185 186 187 189 192 193 194 195 197 198 199 200
85 183 86 87 93 94 98 99 102 104 106 107 108 109 110 111 112 113 114 115 116 119 120 123 124 125 126 127 128 130 132 134 135 137 142 144 145 146 147 149 150 151 152 154 156 158 159 162 164 165 169 170 171 172 173 174 176 178 181 183 185 188 189 190 191 193 194 196 197 198 199
86 54 88 89 90 91 93 94 95 96 98 99 101 104 106 107 108 110 111 112 113 114 115 116 118 119 122 123 124 125 126 129 131 133 136 138 139 141 142 144 145 148 150 151 154 155 158 160 161 162 163 164 165 167 169 170 172 173 174 176 179 180 181 182 183 186 187 188 189 190 192 194 195 196 197 198 200
87 140 89 90 91 92 93 94 95 96 97 98 99 101 102 104 106 108 109 110 111 112 113 114 115 120 121 122 123 125 126 127 128 129 130 131 134 135 136 139 141 142 143 144 145 146 148 149 150 151 152 154 155 160 161 162 165 166 168 169 170 171 172 173 174 176 178 179 180 184 185 186 187 189 190 192 193 195 196 197 198 200
88 203 89 90 91 95 97 98 99 100 101 105 106 111 112 113 114 115 117 119 120 121 124 127 130 131 132 135 138 139 141 142 144 145 146 149 151 153 155 156 157 158 159 160 161 163 164 165 166 167 168 169 170 171 172 173 174 175 177 178 179 180 181 183 184 185 189 190 191 192 193 194 195 196 197 200
89 167 90 91 92 93 95 96 101 102 103 107 108 110 112 113 117 118 119 120 121 122 126 127 129 130 131 132 135 137 138 139 140 141 142 143 144 145 147 148 151 152 153 154 155 156 157 158 159 160 161 162 163 165 166 168 170 171 172 173 174 175 176 179 180 181 182 185 186 187 188 189 190 191 192 194 196 197 198 199 200
90 85 91 92 94 96 97 98 99 100 101 102 103 107 109 110 112 114 116 118 119 122 123 124 126 128 130 131 133 134 139 141 144 147 148 149 152 153 154 155 157 158 161 162 163 164 165 166 167 168 169 170 171 172 173 174 175 176 177 178 179 180 183 184 185 186 187 189 190 191 192 193 194 195 196 198 199 200
91 217 92 93 96 97 98 100 101 103 104 105 106 107 108 109 111 113 115 116 118 119 120 121 122 124 125 128 130 131 132 133 134 135 137 138 139 140 142 143 144 145 146 147 148 150 153 155 156 157 159 161 162 163 165 167 169 171 173 175 177 179 180 181 185 186 187 188 189 192 193 194 195 196 197 198 200
92 89 94 95 96 97 98 102 103 104 106 107 108 109 110 112 114 115 116 117 119 120 121 124 125 126 128 129 131 133 134 135 137 139 140 141 142 143 144 145 147 150 153 154 156 157 158 159 160 161 162 163 164 165 167 168 169 170 171 173 174 175 176 178 181 182 183 185 186 187 189 190 192 193 194 195 196 197 198 200
93 23 94 95 96 97 98 100 101 102 103 105 107 108 110 112 113 115 116 117 118 119 120 122 124 125 126 127 128 129 132 133 135 137 138 139 141 143 145 146 147 148 151 153 154 155 156 157 158 159 164 166 167 169 170 174 175 176 177 181 183 184 185 186 187 188 189 190 191 193 195 197 198
94 146 96 98 99 100 101 102 104 105 106 107 110 112 113 114 117 118 119 121 123 124 125 127 128 129 130 131 132 133 134 136 137 138 139 140 141 143 144 146 147 148 152 154 156 157 159 160 161 163 164 165 166 167 169 170 171 173 174 175 178 179 180 181 183 184 188 189 191 193 194 195 197
95 159 96 97 98 99 100 101 103 104 105 106 109 110 112 113 114 115 117 118 119 120 123 124 125 126 127 129 131 132 133 134 136 137 138 139 140 141 142 143 144 145 146 147 148 149 150 153 156 158 159 161 162 163 164 165 166 167 168 169 170 171 172 173 174 175 177 179 180 183 184 185 186 188 189 190 191 192 193 194 196 197 198 199 200
96 118 98 99 100 101 103 105 106 107 108 109 111 112 113 114 116 117 119 120 122 123 127 128 129 130 131 133 134 135 136 137 138 143 145 148 149 150 151 152 153 154 155 157 159 161 162 163 165 166 168 169 170 171 172 173 174 177 178 179 180 181 183 184 185 186 189 192 194 195 196 197 198 199 200
97 176 100 101 104 105 106 108 109 110 112 114 116 118 119 120 121 126 127 128 129 136 137 138 139 143 144 145 146 147 148 149 151 152 153 154 156 157 158 160 161 163 164 165 166 168 169 170 172 173 174 175 177 178 180 181 183 186 187 188 190 191 192 194 197 199
98 37 99 100 101 102 103 107 108 110 111 113 115 116 117 118 119 121 122 123 124 125 126 127 128 129 130 131 132 133 134 135 136 137 139 140 141 142 143 144 145 146 147 148 149 150 151 152 153 154 155 156 159 160 164 166 168 169 170 171 172 173 174 175 176 177 178 179 182 184 185 186 188 189 193 194 196 198 199 200
99 193 103 104 105 106 107 111 112 113 114 116 118 120 121 122 124 125 126 127 128 129 130 131 132 133 135 136 137 138 139 140 141 142 143 144 146 147 148 149 151 152 153 154 155 156 157 158 159 160 161 162 164 165 166 168 169 171 172 173 174 175 176 177 180 181 182 183 184 185 188 189 190 192 193 194 195 197 199 200
100 104 101 109 110 111 113 114 115 117 119 120 122 123 125 126 127 128 129 133 134 135 137 138 140 142 143 144 146 149 150 151 153 154 156 157 158 160 162 164 166 169 170 173 175 176 178 180 184 185 187 188 189 190 191 192 194 195 196 198 199
101 84 102 103 107 109 111 113 114 115 117 118 119 120 121 123 124 125 129 130 133 134 135 136 137 138 141 142 145 147 148 151 152 153 154 155 156 158 160 163 164 167 168 169 171 172 173 174 176 177 181 184 185 186 190 191 192 196 197 199 200
102 86 103 104 105 106 107 108 109 110 113 115 118 120 121 122 123 124 126 127 128 129 130 132 134 136 137 138 139 140 141 142 143 144 145 146 148 149 150 151 152 153 154 155 157 159 160 162 163 164 165 167 168 169 170 171 172 173 174 175 176 177 178 179 180 181 183 184 185 186 188 189 190 191 192 195 196 198 200
103 128 106 107 108 109 110 111 112 115 116 118 119 120 121 122 123 124 125 126 127 128 130 131 132 133 134 135 137 138 139 140 141 144 145 146 148 150 151 152 153 155 157 158 159 160 162 163 164 165 166 168 169 170 172 173 174 178 179 180 181 182 183 184 186 187 188 191 194 199
104 115 105 106 107 108 109 110 111 112 113 114 115 116 118 120 121 122 125 126 129 132 133 135 136 138 139 140 142 143 144 145 146 150 151 152 153 154 155 156 160 162 164 165 166 168 169 170 171 172 174 175 178 180 183 186 191 194 196 198 199
105 178 106 107 109 111 113 114 115 116 117 118 119 120 121 123 124 125 126 129 130 131 132 133 134 135 137 142 143 144 145 146 147 149 150 151 153 155 156 158 160 161 162 163 164 165 166 167 168 169 170 172 174 175 176 178 180 181 182 183 184 185 186 187 188 189 191 193 194 196 198 199
106 206 107 110 112 113 115 116 117 118 119 120 121 122 123 124 125 128 129 132 133 135 136 137 138 139 140 142 143 144 147 148 149 150 152 153 155 156 157 158 160 161 162 163 164 165 166 168 170 171 174 175 176 177 179 182 183 187 188 189 190 192 193 196 197 200
107 214 111 112 113 114 115 116 117 118 119 120 122 124 125 126 127 128 131 132 134 137 138 140 142 143 144 145 146 147 152 154 155 159 162 163 164 165 166 167 169 171 174 175 176 177 178 179 181 183 184 185 186 187 188 189 190 192 196 197 198 199
108 53 109 110 111 112 113 115 117 118 119 120 121 124 126 128 130 134 135 137 138 139 142 143 144 146 147 148 151 153 157 159 160 161 164 165 166 168 169 170 171 172 174 176 177 178 179 182 183 184 185 187 190 191 192 193 194 197 198 200
109 163 110 111 112 113 114 115 117 118 119 120 121 122 125 126 127 128 130 131 132 133 136 138 141 142 143 144 145 146 149 150 152 153 156 157 158 159 160 161 163 164 165 166 168 169 171 172 173 174 175 176 177 178 179 180 181 184 185 186 188 191 192 195 196
110 170 111 114 115 116 117 118 119 120 121 122 124 125 127 128 129 130 131 132 133 134 135 136 137 139 140 142 143 145 147 148 149 150 152 153 154 156 157 159 161 162 163 164 166 167 168 169 170 172 173 176 179 180 182 183 185 186 187 188 190 191 192 193 196 197 199
111 100 113 114 115 116 117 119 120 122 123 124 125 126 127 128 130 133 134 136 137 140 141 142 143 146 147 152 153 155 156 157 158 159 160 161 162 163 167 168 170 171 173 176 179 180 182 184 185 186 187 188 189 190 192 193 194 195 196 198 200
112 192 113 114 115 116 118 119 120 125 126 127 131 133 134 135 137 139 141 142 143 144 147 148 149 150 151 152 153 155 157 158 159 160 161 162 166 167 168 170 173 174 175 177 178 180 181 182 183 185 186 188 189 191 192 194 195 196 197 199 200
113 191 114 115 116 119 120 121 122 123 125 128 129 130 131 132 133 134 136 138 139 141 142 144 145 146 148 149 150 152 153 154 155 156 157 159 160 163 166 169 170 172 173 174 176 177 178 179 180 181 183 185 186 188 190 193 194 195 196 197 198 199
114 238 115 116 119 120 121 122 124 126 127 129 130 131 132 134 135 136 137 138 141 142 143 144 145 146 147 149 150 151 152 153 154 155 156 158 159 161 162 164 165 166 167 169 170 171 172 173 174 176 178 179 180 181 184 185 186 188 189 190 191 192 193 194 195 196 197 198 200
115 241 116 117 118 119 122 123 124 125 126 129 130 131 132 134 135 136 137 138 139 140 141 143 147 150 151 152 153 160 161 162 163 164 165 166 167 168 172 173 174 175 176 178 180 181 182 184 185 186 187 189 190 191 193 195 196 199
116 109 117 120 121 122 123 124 125 126 127 128 131 132 133 134 135 136 137 138 139 140 141 142 144 145 146 147 149 150 152 154 155 157 159 160 161 164 165 166 170 171 172 173 174 175 177 178 179 180 181 183 184 187 190 191 193 194 195 197 200
117 88 118 119 121 122 125 126 128 129 130 131 132 133 136 137 138 141 144 146 147 148 150 151 152 153 155 157 158 159 160 161 162 163 164 167 168 170 171 173 174 176 178 179 180 181 182 183 184 186 187 188 191 192 193 195 197 199
118 134 120 121 122 125 127 128 130 131 133 135 136 138 141 142 143 144 145 146 148 149 151 152 154 155 156 158 159 164 166 167 168 169 170 171 172 173 175 176 177 178 179 181 182 183 184 185 186 188 191 192 193 194 195 196 198 200
119 227 121 123 125 126 129 130 131 132 134 135 136 138 139 140 141 142 144 146 147 149 150 151 152 153 154 155 156 157 159 160 162 164 165 166 169 170 172 173 174 176 178 179 180 181 182 183 184 186 187 188 189 190 191 193 194 197 199
120 93 121 122 125 126 127 129 131 132 133 134 135 136 137 140 141 142 143 144 145 147 148 149 150 153 155 156 157 158 159 160 161 162 163 165 166 167 168 169 172 175 176 177 178 182 184 185 186 187 188 189 190 191 193 194 195 197 198 199
121 161 122 123 124 126 130 131 135 136 137 139 141 142 143 145 148 149 150 151 152 153 154 155 156 157 158 161 162 164 166 168 169 172 173 174 175 177 180 181 182 183 184 185 187 188 190 192 193 194 195 196 197 198 200
122 25 123 125 126 128 129 131 132 133 134 135 137 139 141 143 144 145 147 148 149 150 151 152 153 154 157 158 159 160 161 162 163 164 165 166 168 169 170 171 173 175 176 177 178 180 184 185 187 188 189 190 193 195 196 198 200
123 151 124 125 126 127 128 129 132 133 135 136 137 138 139 140 142 145 147 148 149 152 156 158 159 160 161 162 163 164 165 166 167 170 172 173 174 175 176 177 179 181 182 183 184 185 186 188 189 191 192 193 194 195 196 197 199 200
124 218 129 130 131 133 134 135 136 137 138 139 141 142 144 146 147 148 149 150 151 152 155 156 157 158 159 160 163 165 166 167 168 169 172 173 175 178 179 180 181 182 183 186 187 189 191 192 193 194 195 197 198
125 17 126 127 128 129 130 131 132 133 134 135 136 137 138 142 143 145 147 148 149 152 155 156 158 160 161 163 164 166 167 169 170 171 173 174 175 176 177 178 182 183 185 186 187 188 189 192 194 195 196 198 199
126 241 127 129 130 131 132 133 134 135 136 137 138 139 141 142 143 147 148 150 151 152 155 156 158 159 160 161 163 167 168 170 171 172 174 175 176 177 179 181 185 186 189 191 192 193 194 195 196 198 200
127 220 128 129 130 131 132 135 137 138 140 141 142 144 147 148 151 152 153 155 157 158 159 160 161 165 166 167 170 171 174 175 176 177 178 179 180 181 183 184 187 189 190 193 194 198 199 200
128 153 129 131 132 133 134 135 136 137 139 140 142 144 146 147 149 151 152 153 154 155 156 158 160 161 162 163 165 166 167 168 169 170 171 172 173 174 175 177 179 181 183 184 187 188 191 192 193 195 196 197 198 199 200
129 156 130 131 135 136 137 138 139 141 145 146 147 149 150 151 153 154 155 156 157 160 161 162 164 165 166 168 169 170 171 172 173 174 176 177 178 179 180 181 182 185 189 190 191 192 193 194 195 196 199
130 128 131 133 134 136 137 139 140 142 143 144 145 146 150 151 153 154 155 156 157 158 160 161 163 165 168 169 170 171 174 176 178 179 180 182 183 184 185 186 187 188 189 191 192 196 199 200
131 225 132 134 135 136 137 138 139 140 143 144 145 146 148 149 150 151 152 153 154 155 156 157 158 159 160 162 163 164 165 168 169 170 172 174 175 179 180 183 185 186 188 189 193 194 195 196 197 198 199
132 157 134 135 136 138 139 140 142 143 144 145 146 147 148 149 150 152 153 155 156 157 159 162 163 164 165 167 168 169 170 171 173 174 176 177 178 179 180 181 183 185 186 187 188 189 190 191 192 193 194 195 196
133 29 134 135 136 137 138 139 140 141 144 145 146 147 148 149 150 153 155 156 159 161 162 163 165 167 168 169 170 171 174 175 176 177 179 181 182 183 184 186 187 188 189 190 191 192 193 194 195 197 198 199 200
134 41 136 137 138 140 141 142 143 144 145 146 147 148 149 150 151 152 153 154 157 158 159 160 161 162 164 165 166 167 168 169 170 171 172 173 174 175 177 179 181 183 184 185 186 187 190 193 194 196 197 198 200
135 100 136 137 138 140 141 142 143 144 148 149 152 156 157 158 159 160 161 163 164 165 166 168 169 170 171 172 174 175 176 177 178 179 180 181 182 183 184 186 188 190 191 194 195 196 198 199
136 66 137 138 139 140 141 143 144 145 146 147 149 150 151 152 153 154 157 159 160 161 162 164 166 167 168 170 171 172 173 174 175 176 177 178 180 181 182 183 185 186 188 190 191 192 193 195 196 197 198 199 200
137 87 140 141 145 146 147 149 150 151 153 154 155 157 162 163 167 169 171 175 176 178 181 182 183 184 185 188 191 192 193 194 196 198 199
138 107 140 145 149 152 155 157 158 159 162 164 167 168 170 171 172 173 174 175 176 177 179 180 183 184 186 191 194 195 196 198 199 200
139 154 141 142 143 145 146 149 151 152 154 155 159 160 164 165 166 167 168 171 172 173 174 176 177 178 179 180 182 183 184 185 186 187 188 190 191 192 193 194 195 196 197 198 199
140 244 141 142 143 144 145 146 147 150 151 153 154 155 156 157 159 160 163 164 167 168 171 172 174 176 177 181 182 183 184 187 188 191 192 194 195 197 199
141 230 142 144 145 146 149 151 152 153 155 156 159 162 163 164 165 166 167 169 170 171 172 173 174 176 177 178 179 180 183 184 185 187 189 192 193 194 198 199
142 21 143 144 145 146 147 148 149 150 151 152 153 156 157 159 160 161 164 165 166 168 169 171 172 173 177 178 179 180 183 184 185 186 188 189 190 191 192 193 196 197 199 200
143 226 144 145 146 147 148 149 150 153 157 158 161 162 163 165 167 168 169 171 172 173 174 175 176 177 178 180 181 185 186 187 188 189 190 191 193 194 195 196 197 199
144 40 145 146 147 151 152 156 157 158 159 160 161 162 164 165 166 168 169 170 171 172 173 174 175 178 182 184 185 187 189 193 194 195 196 198 199 200
145 215 146 147 150 153 155 156 157 159 161 162 163 164 165 169 170 173 175 176 178 179 180 182 184 185 187 188 189 190 191 192 195 196 197 199 200
146 2 149 150 152 154 155 156 157 159 160 161 163 164 165 168 171 174 175 176 178 179 182 183 184 186 188 189 192 193 194 195 196 197 198 199 200
147 88 148 149 150 151 152 153 154 157 158 159 160 161 162 164 167 169 170 171 173 175 176 177 180 181 182 183 185 186 187 188 189 190 191 196 197 199
148 210 150 151 152 153 154 155 156 157 158 159 160 161 163 164 166 167 168 169 170 172 173 174 175 176 177 178 179 180 181 183 184 185 186 187 189 190 194 196 197 198 199 200
149 155 150 151 152 154 155 156 157 159 160 161 162 163 164 166 167 168 169 170 171 172 174 176 177 178 179 180 181 184 186 188 192 193 194 195 196 197 198 199 200
150 171 151 154 155 156 157 159 160 161 162 163 164 165 166 167 168 169 171 172 173 174 176 179 180 181 182 186 187 188 189 191 192 193 196 197 199
151 103 152 153 154 155 156 157 158 160 161 162 163 165 166 169 170 171 175 176 177 178 180 181 182 183 185 186 187 188 190 191 192 193 194 195 197 198
152 126 155 156 158 159 160 161 164 165 166 167 168 169 170 171 172 173 174 175 179 182 184 185 188 190 191 192 193 195 196 198 199
153 187 154 155 156 158 159 160 162 163 164 165 167 168 171 173 174 175 176 177 180 181 182 183 184 185 186 190 193 194 195 196 197 198 200
154 230 155 156 159 160 161 162 163 164 165 166 168 169 170 172 173 174 175 176 177 178 179 180 181 183 184 186 187 188 189 191 193 194 195 196 197 198 199 200
155 209 156 157 159 160 164 165 166 167 168 169 170 171 173 179 180 182 183 184 185 186 187 188 189 190 191 193 195 196 197 199 200
156 216 157 159 161 162 163 164 165 166 167 168 169 171 172 173 174 175 177 178 179 180 183 184 185 187 188 189 190 193 195 198 199 200
157 188 159 160 161 163 164 167 169 170 171 172 174 175 177 178 179 180 181 182 184 185 186 187 188 189 190 191 192 193 194 195 196 197 200
158 205 159 160 161 162 164 165 166 168 170 172 173 175 176 177 178 180 181 182 183 184 185 186 187 189 190 191 193 194 195 196 197 200
159 226 161 162 163 164 167 173 174 175 176 177 178 179 181 182 183 184 185 188 189 190 191 192 193 194 195 196 197 198 199
160 193 162 163 164 165 166 167 169 173 174 176 177 178 179 180 181 182 184 186 187 189 190 191 192 193 194 195 198 199 200
161 103 162 166 168 170 171 172 174 175 177 179 180 182 184 185 186 187 192 195 196 197 198 199 200
162 130 163 164 165 166 170 172 174 176 177 181 182 183 185 186 187 188 190 191 192 194 195 196 198 200
163 86 164 165 167 168 169 170 171 172 173 175 176 177 179 180 182 183 184 186 187 188 189 191 192 193 195 196 197 198 199 200
164 41 167 168 169 170 171 172 173 174 177 179 184 187 188 190 191 192 193 194 195 196 197 198 199
165 28 166 167 169 170 172 176 177 178 179 180 181 182 184 185 186 187 188 190 196 198 199
166 186 167 168 170 171 172 173 175 176 177 178 179 180 181 184 186 187 188 190 191 192 193 194 195 196 197 198 199 200
167 197 168 169 170 176 178 179 180 181 183 184 185 186 187 189 192 193 195 197 199 200
168 59 170 171 173 175 176 177 178 179 180 181 183 184 185 187 189 192 193 194 195 196 197
169 113 171 172 174 175 177 178 180 181 182 183 184 185 186 187 188 190 193 194 195 197 198 199 200
170 168 171 173 174 175 176 177 178 180 182 186 187 188 189 190 192 194 195 197 198 199 200
171 66 173 174 176 177 178 179 180 181 182 185 187 192 193 197 199 200
172 166 173 175 176 177 178 179 180 181 185 188 191 193 194 195 196 199
173 171 174 175 176 177 179 180 181 183 185 187 188 190 191 192 193 194 195 196 197 199
174 55 176 178 180 181 183 184 188 190 191 192 193 197 198 199 200
175 134 177 180 181 182 184 185 188 189 190 192 193 196 197 198 199
176 37 177 178 179 180 181 182 183 184 185 186 187 188 190 191 192 194 195 197 198 199 200
177 52 178 179 182 183 184 185 186 187 190 191 192 195 196 197 198 199 200
178 45 182 184 185 186 187 188 189 190 192 197 198 199
179 192 180 181 183 184 185 186 187 188 189 193 194 195 197 198
180 16 182 183 184 186 187 188 189 190 192 193 195 197 200
181 185 182 183 184 185 186 187 189 190 191 193 196 197 198 199 200
182 77 183 185 187 188 189 193 194 195 198 199
183 99 184 186 188 189 190 191 194 196 197 199 200
184 125 185 187 188 189 190 191 192 194 195 196 197 198 200
185 92 186 187 188 189 192 193 194 196 198 200
186 219 187 188 189 190 191 192 194 195 197 200
187 150 188 190 191 192 194 195 196 199 200
188 112 189 191 192 194 195 196 197 198 200
189 11 190 192 194 196 200
190 178 192 193 194 195 196 197 198 199 200
191 73 192 193 194 195 196 198 199
192 114 194 196 198 199
193 195 196 198 199 200
194 70 195 196 198 200
195 7 196 197 198 199 200
196 124 197 199 200
197 42 198 200
198 200 199 200
199 192 200
200 91
