200
1 201 2 6 7 9 10 11 13 18 21 22 23 24 25 26 29 30 33 36 38 44 45 46 47 48 53 54 55 56 58 61 63 64 66 70 73 80 85 86 90 91 93 95 98 99 100 102 104 105 108 110 111 112 114 115 116 118 119 121 124 125 127 130 138 139 148 150 158 161 163 167 170 172 174 176 178 179 183 185 197 200
2 239 5 6 8 9 13 15 20 26 30 31 32 33 37 38 42 43 48 55 58 63 65 66 67 68 69 73 74 75 78 81 84 87 88 89 90 93 94 96 100 102 104 106 112 114 115 117 118 119 120 121 122 123 126 127 132 134 135 139 140 142 146 151 153 156 158 159 161 165 166 170 173 174 175 176 180 181 182 185 188 195 197 199
3 95 7 9 11 14 16 17 19 20 22 23 32 35 38 41 45 46 48 54 55 56 57 60 61 66 67 68 70 71 74 75 77 79 80 81 82 83 84 85 88 89 95 96 97 98 104 105 107 108 112 113 116 117 118 123 127 128 129 133 135 143 144 146 150 151 153 154 155 157 159 160 164 165 168 169 174 179 184 189 191 193 197 198 199
4 123 9 13 16 17 25 27 28 29 33 34 35 36 37 38 40 43 45 48 51 55 56 57 59 62 66 72 74 77 81 83 84 88 91 93 96 97 98 99 100 101 104 107 108 109 116 117 119 120 121 125 131 133 134 136 141 142 144 145 146 149 151 153 154 155 160 163 165 166 168 175 176 179 181 183 185 188 189 190 192 193 198 199 200
5 94 8 11 15 17 21 23 25 26 31 38 41 44 47 50 55 57 59 62 64 65 66 68 73 75 76 78 83 84 88 93 94 95 99 101 104 106 107 108 110 112 113 118 123 124 125 126 128 130 138 140 142 144 147 149 150 151 153 155 156 159 164 169 170 171 175 176 179 180 181 186 187 188 190 191 195 200
6 114 7 10 11 12 15 19 20 25 28 30 32 36 37 38 39 40 41 42 48 51 53 54 57 58 60 62 65 67 69 73 74 75 79 83 84 85 86 88 90 91 93 94 96 103 105 106 107 109 111 113 116 118 121 124 128 132 133 134 135 138 139 140 141 142 143 146 148 151 154 155 163 167 168 169 171 173 176 179 181 183 184 185 186 192 194 197 199
7 95 9 12 15 16 17 24 27 28 29 30 33 35 39 42 43 44 45 47 50 51 53 54 55 57 58 61 64 68 71 72 73 76 84 89 90 92 94 97 98 99 100 102 104 109 111 112 113 115 116 117 120 123 126 127 129 131 132 136 139 147 149 154 158 163 165 166 168 169 171 174 175 176 178 179 180 184 186 189 190 192
8 139 10 11 13 17 20 21 27 32 33 35 38 41 48 51 54 55 59 62 63 66 68 69 70 73 77 83 84 85 93 95 96 101 102 105 107 109 110 113 114 115 116 117 119 122 124 134 140 146 148 150 152 155 167 170 173 174 179 184 188 193 199 200
9 89 11 12 14 19 20 21 23 27 28 29 31 34 35 37 38 39 44 47 49 50 52 57 58 60 61 62 63 64 65 78 79 81 83 84 85 86 87 88 93 94 95 96 100 101 103 104 106 109 110 111 117 123 126 128 131 137 138 139 140 142 145 146 150 151 154 157 160 161 164 167 170 171 172 174 176 177 178 180 181 182 184 187 188 198
10 235 13 16 17 20 26 27 28 30 32 33 34 35 38 39 40 41 43 44 47 48 54 56 57 58 60 63 64 65 67 68 70 72 73 90 91 94 96 99 100 104 106 109 113 118 125 128 129 131 132 135 138 140 142 144 148 149 152 154 155 156 157 158 159 160 163 164 165 167 170 176 177 179 180 181 186 195 198 200
11 206 12 17 18 19 24 28 29 30 32 33 36 38 39 42 44 49 51 54 55 58 59 63 64 65 68 69 70 71 74 75 77 79 80 84 85 86 90 92 94 99 100 101 104 105 109 110 111 115 117 118 120 121 122 123 128 129 131 132 133 138 139 140 141 144 145 147 150 153 154 158 162 163 165 166 169 171 173 175 177 178 179 182 184 185 189 191 192 193 195 199
12 244 13 20 21 22 23 28 30 31 32 33 35 39 40 45 46 47 48 49 55 58 63 69 71 75 78 81 87 89 92 93 96 97 98 99 102 106 109 113 119 125 131 132 135 138 140 142 145 150 159 162 163 164 165 166 168 169 172 173 174 179 180 183 184 190 193 194 195 196
13 120 14 17 20 21 22 23 27 28 30 34 36 39 40 43 45 47 48 53 60 63 65 67 69 71 73 74 76 77 80 81 82 84 85 88 89 93 96 97 101 102 103 107 109 110 115 117 122 123 124 130 132 133 135 139 142 143 146 155 156 159 160 162 166 167 169 170 173 177 180 181 183 184 186 187 194 195 196 198
14 127 17 21 23 28 30 39 40 42 45 46 47 51 53 56 57 64 65 66 70 77 78 79 80 81 83 84 85 86 87 90 91 93 94 99 100 103 113 116 117 118 122 124 125 133 134 138 140 141 142 145 150 151 153 155 157 159 160 162 164 169 170 171 172 174 175 176 177 181 182 183 188 189 190 193 198 200
15 1 21 22 26 28 30 33 34 36 38 40 43 45 48 49 50 51 53 56 65 67 70 71 72 74 75 79 81 82 83 85 87 88 92 94 95 100 102 107 112 118 119 122 125 129 134 136 137 148 152 153 156 157 159 160 164 167 171 172 173 174 178 180 183 185 189 191 192 193 199 200
16 159 17 20 23 24 25 28 30 31 34 35 36 37 40 47 51 52 59 60 61 62 63 66 69 77 78 80 82 83 84 85 87 88 90 91 92 95 96 100 101 102 104 107 108 113 118 119 120 121 123 125 126 129 130 132 133 136 138 139 141 145 148 150 151 152 154 155 157 160 161 162 168 172 176 179 180 182 184 189 200
17 76 20 23 25 26 29 31 33 34 38 39 41 45 46 48 52 56 57 58 60 61 66 68 71 72 77 81 91 93 94 95 96 97 99 100 101 103 106 108 113 114 115 118 119 122 123 126 127 129 130 131 132 134 139 140 141 144 145 146 150 151 154 156 157 159 163 164 167 169 171 174 177 178 179 182 184 186 187 194 197 198
18 93 19 20 21 22 23 24 25 27 28 29 30 34 35 36 41 42 45 46 51 55 57 58 61 66 69 72 74 76 78 80 81 83 85 86 89 90 91 93 95 96 98 99 102 104 106 108 112 114 115 117 118 119 121 122 124 128 130 131 133 134 135 139 140 141 142 143 148 149 152 153 154 160 161 163 165 169 170 172 175 176 179 184 185 188 189 193 195 197 199 200
19 40 24 31 32 35 36 39 41 42 43 45 49 50 55 56 57 59 62 64 65 67 71 72 73 75 79 83 84 86 89 91 95 99 104 106 110 112 113 116 118 121 123 125 132 133 134 139 143 147 150 152 153 155 157 161 167 169 172 174 175 176 182 185 187 195 198
20 181 24 26 29 30 32 33 35 37 38 39 45 49 50 53 54 57 58 59 62 63 65 68 69 70 75 76 77 79 80 82 84 92 94 96 98 100 101 103 105 108 109 110 111 115 118 119 122 123 125 127 128 137 141 142 144 148 149 150 151 152 153 154 156 157 158 159 162 170 172 173 176 178 179 180 183 184 188 189 190 193 195 196 197 198
21 19 24 30 32 34 35 36 37 40 41 42 44 45 47 52 57 60 61 64 66 68 69 70 71 76 79 80 82 89 94 95 97 98 99 101 102 103 104 105 107 108 109 110 111 112 118 120 123 124 125 127 130 131 134 135 139 140 142 143 144 145 148 150 153 155 157 161 162 165 168 172 173 176 177 179 185 186 187 189 190 194 195 197 199 200
22 216 29 30 37 38 39 43 45 47 48 50 52 53 55 60 65 76 77 80 82 87 89 91 92 95 96 103 104 112 114 116 117 118 120 122 127 129 133 140 144 146 147 148 154 156 158 160 164 168 175 178 180 181 186 190 198 199 200
23 139 27 28 29 30 32 33 34 35 40 41 43 45 47 50 51 54 55 57 59 61 64 66 69 74 75 77 78 80 81 82 88 89 90 91 92 93 109 117 118 119 120 121 124 127 128 129 130 134 135 136 137 146 147 151 153 157 160 161 162 167 168 169 171 173 175 176 179 180 181 189 190 195 198 200
24 25 26 28 30 32 33 35 37 39 40 41 46 50 53 54 55 56 57 59 62 63 65 67 68 72 73 76 79 80 81 83 86 87 91 94 97 100 101 104 105 107 108 109 110 112 118 119 121 122 124 125 126 127 128 129 133 137 139 142 144 146 148 151 153 154 159 161 162 163 165 168 169 172 174 177 178 179 182 183 184 185 188 190 193 194 196 197 198 199
25 188 30 32 34 35 40 43 44 47 48 50 53 54 56 58 59 64 67 68 69 71 75 76 84 85 87 92 94 96 97 99 100 103 105 106 107 108 109 110 111 112 114 119 120 123 124 125 128 130 131 133 138 139 140 141 142 147 148 152 153 162 164 165 166 169 171 172 176 178 181 182 183 188 189 191 192 197
26 248 27 28 32 34 36 40 41 43 49 50 53 59 62 63 65 72 73 75 76 79 82 83 85 87 88 90 92 96 98 103 104 107 109 112 114 116 117 121 125 128 129 130 131 132 134 135 136 138 139 140 146 147 150 156 161 165 168 170 173 176 178 179 180 181 186 189 191 194
27 249 31 33 35 38 39 41 42 44 46 50 51 53 55 58 59 61 65 67 69 70 71 73 74 78 82 83 89 92 93 95 97 99 106 109 111 112 113 116 117 119 121 122 123 124 125 126 129 137 139 140 142 144 145 146 150 152 156 157 159 160 161 165 168 170 171 173 175 177 179 180 181 182 183 185 186 188 189 190 193 196
28 95 29 32 34 36 38 40 44 45 47 48 49 51 53 55 56 58 59 61 63 67 68 70 72 73 76 80 82 84 91 92 95 96 98 101 102 103 104 107 108 111 112 118 119 120 124 126 127 128 129 134 135 138 143 146 147 148 149 155 156 162 163 166 167 172 173 175 177 181 183 184 185 186 188 189 194 195
29 215 32 34 37 44 49 51 52 53 54 55 56 61 62 64 65 69 70 71 74 76 81 82 83 84 88 93 96 98 102 104 105 106 107 109 113 114 115 117 122 123 124 125 126 127 130 132 133 136 137 139 140 147 148 149 151 152 155 157 158 164 166 167 170 171 173 178 179 184 187 188 190 192 193 195 197 198 199
30 131 31 36 38 43 51 55 56 57 59 60 61 67 71 75 79 80 82 83 84 86 90 93 98 99 101 102 103 104 105 108 109 111 112 113 114 119 120 121 123 125 126 127 130 133 134 139 144 146 147 148 149 153 155 158 160 161 162 165 166 168 169 170 175 176 177 178 180 183 185 186 189 191 192 193 194 198 199
31 166 34 35 37 38 39 40 42 45 46 47 52 53 54 55 56 58 59 63 67 68 72 76 78 80 81 85 86 88 89 90 92 93 97 98 99 102 103 105 108 109 112 117 118 119 121 122 123 124 125 126 129 133 136 137 139 141 143 150 151 154 156 157 161 166 169 170 171 172 175 177 178 179 182 183 190 194 196 197 200
32 15 37 43 47 54 55 57 60 61 62 63 64 68 70 74 77 78 82 84 86 87 89 90 104 106 110 111 113 114 117 119 122 123 124 129 130 133 134 135 138 140 141 144 152 154 158 162 165 166 167 172 176 178 179 185 191 193 194 195 197 199 200
33 75 36 37 39 43 45 52 53 58 64 66 67 69 71 76 79 83 86 88 89 91 93 94 96 106 107 114 121 124 125 126 127 128 130 131 135 136 137 138 139 140 141 142 143 145 147 148 149 153 154 155 157 158 159 163 164 167 170 171 172 173 174 178 180 182 183 184 191 193 196 197 198
34 42 37 40 50 57 63 67 68 69 70 71 72 73 75 77 81 83 87 89 90 91 92 95 99 100 101 107 112 114 116 117 122 123 124 126 127 133 134 136 139 142 143 144 145 148 151 152 153 154 157 161 163 165 168 172 176 177 178 183 187 192 194 197 198 200
35 178 42 47 48 49 50 53 55 57 59 63 64 66 69 70 71 73 74 75 79 89 90 97 98 104 106 110 111 112 113 123 124 125 126 128 131 133 134 136 137 138 139 141 143 147 148 149 150 152 153 154 156 162 167 168 169 170 175 179 180 182 185 186 188 189 191 192 194 195 196 198 199 200
36 95 39 40 41 43 46 47 49 52 57 64 67 68 70 71 72 74 75 77 78 80 88 89 91 94 96 97 98 102 106 107 110 112 113 115 117 119 120 122 124 130 131 134 135 137 139 143 145 148 155 161 163 168 171 175 177 179 180 184 186 187 188 193 195 196 199
37 197 39 41 42 48 52 57 58 60 66 68 69 76 80 83 88 89 96 102 103 105 107 108 113 114 115 120 121 124 125 126 127 128 130 131 132 136 137 142 145 150 151 153 154 156 159 160 164 165 166 169 170 172 175 177 179 182 183 184 185 188 193 198 200
38 221 39 40 44 46 47 48 52 55 57 60 61 63 65 69 73 78 79 82 83 84 86 89 92 94 96 97 103 104 110 112 118 119 123 130 131 132 133 137 140 141 145 147 148 152 154 155 158 159 160 161 162 164 166 169 170 172 173 174 175 177 178 181 183 185 188 190 193 195 196 197 200
39 112 44 46 48 50 52 54 55 56 59 63 65 69 76 81 82 83 87 91 94 97 98 101 103 104 108 111 119 125 128 129 132 133 134 137 138 140 141 143 146 147 148 152 154 156 158 160 161 162 163 164 167 168 169 172 174 175 176 178 180 181 183 184 185 186 194 195 198
40 82 42 47 51 53 54 55 56 58 60 62 63 68 73 77 82 84 87 88 90 91 92 98 99 101 107 113 114 115 118 120 121 122 123 124 126 131 132 133 137 138 139 141 143 145 146 147 148 149 150 151 152 153 159 160 162 164 166 167 175 179 180 181 182 184 185 186 187 189 190 193 194 195 199
41 19 45 47 48 54 56 57 58 59 61 63 64 68 69 74 82 83 85 87 88 92 95 99 100 101 104 105 108 118 120 121 124 128 129 130 131 134 135 136 137 143 144 145 151 152 153 155 161 162 175 176 178 179 180 181 184 185 186 188 191 192 193 196 197 198
42 205 43 46 48 50 52 57 58 62 63 64 65 69 70 76 79 80 85 86 87 93 94 96 98 100 102 103 105 106 110 111 113 117 119 120 124 125 130 132 135 136 137 138 139 145 146 147 148 153 158 159 160 166 168 170 171 172 175 176 178 180 181 184 185 188 198 199
43 161 45 46 47 48 51 54 61 62 68 70 71 74 75 82 83 84 86 87 89 93 94 95 96 97 98 99 100 102 104 107 111 116 117 119 124 125 126 128 130 133 134 137 139 140 143 146 150 152 156 157 165 167 169 172 173 176 179 180 183 188 190 193 195 196 197 199
44 106 46 52 53 54 55 56 57 60 63 64 66 67 70 72 75 78 81 84 85 86 88 90 93 94 95 98 99 101 102 108 109 112 117 120 126 130 133 135 137 142 143 144 148 149 154 155 156 161 170 171 178 179 185 186 190 191 192 194 199 200
45 158 46 47 49 52 55 57 59 60 63 65 66 67 68 73 75 76 78 81 84 85 88 90 93 95 97 99 104 106 119 122 124 125 133 134 141 142 143 144 146 147 151 153 154 155 164 166 168 171 172 173 174 179 180 187 188 190 192 195 198
46 242 47 49 53 55 57 59 63 69 76 78 81 82 87 93 94 95 102 109 110 113 114 115 116 117 120 122 123 124 125 126 127 128 130 134 135 139 142 143 147 148 150 152 153 154 158 161 163 165 168 170 171 172 175 176 178 179 180 183 185 191 192 193 194 197
47 181 50 51 52 53 56 57 58 66 68 74 75 77 78 82 83 85 90 94 95 96 99 100 101 104 107 110 113 114 116 118 120 122 124 133 134 135 136 137 138 139 140 141 143 146 147 150 151 152 154 157 158 162 164 165 167 168 169 170 174 175 180 183 184 185 186 189 192 196 198
48 176 51 52 53 57 58 61 62 63 67 69 74 75 76 79 81 83 88 89 91 94 95 97 98 102 104 106 107 110 111 113 114 116 118 123 125 132 134 138 139 140 141 142 143 145 146 149 152 153 155 157 159 160 163 165 166 168 169 172 173 174 175 177 178 179 183 185 194 195 196 197 198
49 219 53 58 60 71 74 76 77 79 80 81 89 90 91 96 98 99 100 101 103 104 106 115 117 118 126 127 135 138 141 142 144 145 154 162 167 168 170 171 175 180 181 182 183 184 188 189 190 191 192 195 197
50 248 51 53 55 57 58 61 63 66 67 69 71 73 74 76 79 80 84 85 88 90 93 94 98 100 101 110 112 113 114 117 119 121 123 125 127 130 131 133 135 136 139 141 144 145 147 148 150 154 159 163 168 170 171 175 179 182 183 184 189 191 193 194 197
51 95 52 53 54 55 57 62 65 76 79 82 83 84 86 90 91 92 93 99 103 105 106 112 121 123 126 127 132 133 134 137 139 141 147 152 154 156 157 159 162 163 171 175 180 182 185 187 190 191 194 195 196 197 200
52 143 53 56 57 60 61 62 68 69 71 79 80 82 85 89 90 91 93 96 97 99 102 104 109 112 114 115 119 121 123 125 128 132 134 135 137 139 140 142 143 144 147 149 152 154 155 156 159 164 166 169 170 171 173 174 178 181 184 186 187 190 192 193 194 195 197 199
53 177 55 56 58 59 62 63 67 70 74 79 87 88 90 96 97 99 104 106 109 110 112 118 121 123 128 129 132 133 134 136 138 139 140 143 146 151 152 157 159 160 169 170 172 182 187 197 198
54 82 55 56 57 60 61 62 63 64 66 67 69 70 71 73 74 76 78 82 87 88 91 92 97 102 103 105 106 108 116 117 119 125 131 134 137 140 141 144 150 152 153 154 155 156 157 160 162 166 167 168 171 172 176 177 178 180 183 184 190 197 199
55 99 56 58 61 64 65 67 70 86 88 93 96 101 103 104 106 109 110 112 113 119 120 124 125 126 127 128 129 130 131 132 133 134 135 136 139 143 144 145 147 148 149 159 160 166 167 168 171 175 180 182 183 184 185 186 188 196 199 200
56 221 58 61 62 65 68 69 75 78 79 83 89 90 92 94 95 96 101 102 103 105 106 108 109 112 114 115 118 119 122 123 124 128 131 133 135 137 138 139 145 146 151 155 156 157 161 164 173 175 176 186 190 196 197 198
57 107 59 60 62 63 64 66 71 75 79 81 83 85 90 91 93 96 98 100 101 102 103 108 111 112 114 116 117 120 122 123 125 127 131 136 140 142 143 148 149 150 151 153 155 157 162 166 167 171 172 173 178 179 183 184 185 188 193 194 196 197 199
58 11 60 61 62 63 68 75 77 80 83 91 93 97 98 100 102 103 106 108 114 116 117 118 122 123 126 127 130 132 133 134 141 142 146 155 158 162 163 165 167 170 176 177 178 184 188 189 194 196 200
59 49 60 61 62 64 66 67 69 73 75 77 81 83 86 87 96 97 99 103 104 105 106 108 110 113 115 118 121 125 128 131 137 139 141 142 143 147 150 152 155 156 157 158 160 163 164 168 169 170 175 176 178 179 180 181 183 189 190 196 197 198
60 244 61 64 66 72 73 74 77 79 80 81 84 86 91 93 94 95 99 106 107 109 112 113 114 115 120 125 128 130 132 136 139 140 142 144 145 149 155 156 158 161 163 164 165 171 173 178 180 182 183 186 187 188 191 199
61 175 65 67 68 77 79 80 81 83 84 88 90 93 94 103 104 105 109 113 116 119 122 126 127 128 129 130 132 133 135 139 143 147 149 153 154 156 162 165 166 168 170 171 177 180 182 184 187 189 190 192
62 131 66 67 68 70 71 72 73 78 81 82 83 89 91 93 96 105 107 109 110 111 112 113 114 117 119 123 124 126 130 131 133 135 137 138 139 140 143 145 147 148 149 152 153 155 158 159 161 162 163 164 165 166 168 169 171 172 177 178 182 183 184 187 188 189 191 192 197 198 200
63 232 70 71 73 74 76 78 80 84 86 87 88 91 92 93 94 101 109 112 114 122 123 128 129 133 134 135 136 138 141 142 144 145 148 149 155 157 158 165 171 172 179 180 181 182 184 187 188 189 190 195 197 198
64 248 68 69 70 72 74 75 76 78 81 82 84 85 95 98 102 103 105 110 112 113 115 116 117 122 123 125 127 131 134 144 146 147 148 150 154 155 157 158 160 161 162 164 166 167 178 179 186 190 191 194 197 198 199
65 198 67 71 74 76 77 81 83 87 88 91 92 94 97 100 102 109 110 111 115 116 118 120 121 125 127 128 132 134 135 137 138 139 144 145 147 148 151 152 153 154 159 160 165 172 176 177 179 180 181 182 183 184 185 188 190 191 192 196 198 199
66 117 67 68 70 72 73 74 78 80 82 84 87 92 94 96 98 105 106 107 110 112 120 121 122 124 126 127 128 129 132 133 134 135 138 148 149 150 151 152 153 154 156 157 159 162 163 164 168 169 172 174 175 176 177 180 182 184 186 188 192 193 195 196 198 199
67 146 69 70 77 80 81 83 84 90 98 99 101 102 108 116 117 123 127 130 139 140 141 143 149 150 152 154 161 164 166 169 171 173 174 179 184 188 189 195 197 199
68 54 69 70 73 74 75 77 80 81 86 88 89 92 93 94 97 99 100 102 104 106 109 110 113 114 116 117 118 119 120 121 122 125 130 132 133 135 136 139 140 143 144 146 147 148 154 159 160 163 170 171 172 174 176 177 178 180 181 185 186 187 188 193 194 196 197 199 200
69 154 76 79 80 82 83 84 90 91 93 94 95 96 97 100 101 103 104 106 108 111 112 115 116 117 120 124 127 130 132 134 135 136 139 140 144 146 147 153 154 156 158 159 162 170 172 176 180 183 184 185 186 188 189 192 193 194 195 199
70 68 71 75 76 77 79 80 81 85 87 88 90 99 100 101 102 106 114 116 118 120 123 124 138 140 141 146 147 148 149 150 153 154 155 156 158 161 164 167 170 176 182 183 184 188 195 196 200
71 240 72 74 75 78 79 87 88 89 94 102 103 107 109 113 114 119 120 124 126 127 129 132 133 136 139 140 142 145 146 148 149 152 153 155 156 160 161 163 165 167 169 175 178 180 181 185 187 188 191 194 200
72 187 76 82 83 84 89 92 95 96 100 104 108 110 111 116 117 118 128 129 134 136 139 141 142 143 146 147 148 149 150 152 153 155 156 157 159 163 166 168 173 177 182 183 188 190 193 195 196 199 200
73 220 76 77 78 80 83 88 89 95 97 98 100 101 103 104 115 116 118 120 121 123 124 127 128 129 130 138 144 148 154 155 156 158 159 161 162 163 168 169 171 172 175 177 180 184 185 189 195 198 200
74 81 77 81 83 85 88 89 91 93 94 96 99 100 102 103 104 107 108 109 111 112 113 114 120 122 125 130 131 132 136 143 147 148 149 152 153 156 158 160 161 162 163 164 169 172 173 176 177 181 190 193 194 195 197
75 239 76 77 79 83 85 86 90 96 97 100 101 106 107 118 119 120 122 126 131 135 137 138 143 144 146 148 154 156 158 160 161 162 163 165 166 168 170 171 172 174 177 179 181 182 183 186 188 191 197 200
76 71 77 80 81 84 86 88 89 90 91 96 99 101 103 105 106 109 114 117 119 120 123 126 130 134 136 137 139 141 142 147 150 151 154 155 157 158 159 163 166 169 174 176 180 182 183 185 186 188 189 194 196 197 198 200
77 218 81 85 86 87 89 93 95 97 102 104 105 106 109 110 121 122 125 126 127 129 130 133 148 150 156 160 167 169 171 172 173 174 176 178 179 180 184 186 188 189 191 194 198
78 48 79 80 81 89 92 93 96 97 98 101 102 103 109 111 115 119 120 122 124 125 132 136 138 139 140 143 146 147 151 155 161 164 166 168 171 172 173 175 176 179 182 185 186 188 190 191 192 196 197
79 13 82 85 86 88 94 95 96 104 106 107 113 114 116 118 121 122 123 124 125 127 130 131 134 137 138 139 142 150 154 156 157 160 161 162 164 170 172 174 175 176 177 178 179 180 184 185 187 190 191 192 193 194 196 198 199 200
80 63 82 86 87 90 92 95 96 99 100 101 105 108 113 117 119 120 123 125 127 128 131 134 135 139 140 141 145 146 148 151 152 158 162 163 165 166 169 170 172 173 174 175 176 177 178 182 183 184 185 188 189 192 196 198 199 200
81 27 83 93 95 96 97 101 102 104 109 111 113 115 117 119 121 126 129 131 133 135 139 143 144 145 146 148 151 158 159 160 162 166 169 172 175 178 186 187 191 193 194 196
82 79 93 95 101 102 107 109 110 111 112 119 121 122 123 125 126 127 129 130 132 134 135 136 137 138 139 143 144 146 150 152 156 162 163 167 168 174 176 179 182 186 188 190 194 195 198 199
83 105 85 88 90 95 100 105 106 109 112 114 115 116 118 122 124 127 128 134 138 140 143 148 152 153 154 155 159 160 161 162 165 170 172 173 177 178 180 185 188 189 194 196
84 41 90 94 95 104 107 112 113 117 118 119 121 124 125 126 127 130 133 134 137 140 141 143 144 146 151 153 154 157 161 165 166 167 169 172 175 180 182 183 186 189 193 194
85 124 88 94 95 98 101 111 114 116 119 122 124 125 126 129 131 134 137 139 140 143 144 147 149 151 152 154 157 164 167 170 172 176 177 178 183 185 188 193 195 197 200
86 45 87 88 89 91 92 95 96 98 100 103 105 106 109 111 112 113 117 119 133 137 142 143 144 148 149 155 156 157 158 162 165 169 170 171 174 176 177 178 179 182 183 187 190 191 192 193 197 198 200
87 135 90 92 93 94 95 98 102 111 113 114 116 123 125 127 128 130 133 136 137 139 145 150 151 155 161 164 167 168 169 171 174 176 178 183 184 186 187 189 192 195 198
88 94 90 91 94 95 98 104 106 109 110 114 116 117 120 122 123 125 133 140 141 144 149 150 154 157 160 163 164 167 168 169 170 174 176 181 182 185 186 188 190 199 200
89 35 100 101 103 106 117 118 119 122 126 129 131 133 135 138 140 142 143 144 149 150 153 154 155 156 161 163 167 168 175 177 179 183 187 191 192 196 200
90 121 93 94 95 97 101 104 107 108 116 117 118 121 124 126 133 137 139 141 142 144 145 148 151 153 155 157 158 159 161 164 166 167 169 171 172 173 174 180 181 182 183 187 189 190 192 193 194 197 198 200
91 183 97 98 100 102 105 109 112 115 118 120 122 124 125 126 130 133 135 137 138 140 145 150 159 162 163 167 168 169 176 177 179 181 190 192 195 198
92 20 97 99 101 104 106 108 111 112 114 116 133 134 136 142 143 144 150 152 155 156 160 161 162 166 168 170 171 172 173 176 178 180 181 188 189 190 192 194 195 198
93 116 97 99 100 101 104 105 107 110 113 123 124 125 127 129 133 135 138 140 141 144 146 147 148 150 153 156 158 162 163 164 166 169 173 176 180 182 186 187 188 190 192 193 199
94 105 95 96 97 98 99 101 102 103 108 109 111 114 115 116 122 124 128 129 134 137 138 141 148 151 152 156 159 162 163 164 165 166 168 169 170 171 172 173 175 178 179 183 186 188 189 192 193 197 198
95 133 96 99 102 105 106 110 111 113 114 118 120 121 122 125 128 139 140 143 145 147 150 151 153 154 155 157 158 159 160 162 163 164 168 176 177 178 183 187 189 190 191 192 194 196 198 200
96 207 97 103 108 109 111 112 113 114 115 118 120 121 124 126 129 131 136 138 139 142 145 146 149 150 151 152 159 161 163 164 165 167 169 171 173 176 177 179 189 192 193 194 197
97 202 100 102 105 107 111 112 113 118 119 120 123 126 127 130 134 136 137 138 139 141 146 151 152 154 157 160 165 167 173 176 178 182 183 194 196 198
98 125 99 103 105 106 112 117 119 122 123 125 131 133 134 135 138 143 145 151 153 155 156 161 162 163 166 169 172 173 176 179 183 184 186 187 188 189 191 194 195 200
99 78 100 103 104 107 109 111 112 115 116 118 119 122 125 129 131 135 140 141 142 145 148 150 152 154 157 158 160 163 164 165 166 167 173 177 183 185 186 190 191 193 195 198
100 80 101 102 106 108 109 111 116 117 123 126 130 133 141 144 147 150 151 152 156 157 164 165 167 169 171 172 173 176 177 179 180 181 182 183 186 187 188 190 191 195 198 199
101 39 105 112 114 116 117 120 124 125 126 127 128 131 132 137 139 140 142 143 147 148 158 161 162 164 170 171 174 175 178 179 181 183 187 188 191 193 194
102 3 103 104 109 110 111 114 115 116 119 120 123 124 127 128 131 139 145 146 149 151 153 159 161 170 172 173 174 176 179 180 181 183 187 189 190 194 195 196 200
103 3 104 105 106 107 114 116 118 119 120 121 122 123 129 133 136 137 138 140 142 144 147 149 154 156 157 158 159 160 162 163 168 170 171 172 173 180 182 183 191 192 193
104 198 105 107 111 112 116 123 125 126 133 137 138 140 141 143 148 150 151 156 161 162 167 168 173 177 182 185 187 189 193 197 200
105 31 107 108 111 112 113 114 115 118 125 132 133 136 137 138 141 144 145 147 148 161 164 168 171 172 173 182 183 184 185 186 187 188 195 196 199
106 160 107 108 109 112 115 118 120 121 122 123 129 135 136 137 141 142 143 144 145 148 149 152 156 165 169 170 173 175 182 183 187 188 190 192 195 196 198 200
107 113 109 110 113 114 117 118 123 125 127 133 134 136 141 142 154 157 159 161 163 164 165 168 169 171 178 180 181 187 188 192 193 194 196 197 198
108 181 116 121 123 125 126 128 129 131 135 139 140 141 148 153 155 156 162 165 170 172 173 174 176 182 183 188 189 193 195 196 197
109 234 111 114 117 118 122 123 125 131 135 136 137 141 142 145 149 152 153 154 157 158 161 163 164 166 167 168 170 173 174 179 189 194 195
110 57 111 115 118 121 123 124 127 129 134 135 139 140 141 143 144 145 150 152 153 154 156 158 161 165 167 171 172 173 175 176 178 179 180 182 183 185 186 187 190 194 197
111 22 113 114 124 129 133 135 136 137 139 141 142 143 147 150 151 154 156 158 161 164 167 170 171 172 173 175 176 177 181 187 192 194 195 197
112 55 116 118 124 126 127 129 134 139 140 141 143 144 148 151 152 154 156 158 160 162 167 172 178 179 190 191 192 193 194 195
113 106 114 115 116 117 118 119 124 126 127 128 130 132 136 140 150 151 153 155 158 159 163 164 165 167 171 179 189 190 192 193 194 195 196 198
114 80 121 123 124 125 127 131 139 142 145 148 149 150 151 154 158 161 164 166 167 170 171 172 174 176 180 181 183 185 186 190 194 196 198 200
115 152 116 118 120 121 123 124 131 132 138 140 141 142 143 144 145 147 149 150 151 155 156 160 161 162 163 166 170 171 176 179 181 184 186 194 195 197 199
116 193 118 119 120 127 130 132 133 138 139 140 143 145 146 150 151 153 157 159 160 162 164 165 166 169 173 175 177 182 183 184 187 189 190 191 197 198 199
117 216 119 120 123 125 127 130 133 134 136 139 140 155 163 165 167 168 171 173 177 178 179 187 190 193 195 196 197 198 199 200
118 95 123 126 128 132 134 136 138 140 142 143 144 145 146 147 149 150 152 153 156 158 164 166 168 169 171 174 177 179 181 183 185 187 190 191 195
119 86 122 123 126 132 133 136 137 138 141 144 145 147 151 153 156 158 160 164 166 170 171 175 183 184 185 187 189 190 192 193 196 199
120 186 125 130 132 137 138 139 140 149 150 151 152 154 156 157 158 160 161 162 163 165 167 171 177 181 182 185 187 188 191 192 200
121 159 124 125 126 127 128 129 131 134 136 138 142 145 146 147 150 152 155 156 159 161 164 166 167 170 172 174 176 177 178 179 181 185 186 187 192 194 197 200
122 80 126 130 133 136 138 144 146 148 149 150 156 158 164 165 169 171 172 176 179 183 187 188 190 191 195 196 198 200
123 203 126 127 128 130 131 134 136 138 144 146 151 155 158 160 161 162 163 164 170 177 178 181 183 187 188 192 195 196 199
124 79 125 126 127 132 133 134 135 138 139 140 143 144 149 152 153 154 156 159 160 162 164 165 168 169 172 174 175 178 179 180 183 184 187 189 191 194 200
125 130 127 129 132 133 134 135 138 140 141 149 152 153 156 162 163 166 167 170 180 182 194 195 196 197 198 199
126 84 127 133 135 139 141 142 144 145 148 149 151 157 159 160 162 163 166 168 173 174 176 180 181 182 183 186 193 196 198 200
127 86 129 130 132 133 134 135 136 147 148 154 158 159 162 163 164 167 170 177 181 183 185 186 190 192 193 198
128 51 134 137 138 139 140 141 142 143 147 148 149 150 155 156 158 161 162 169 172 173 175 177 178 179 184 186 188 190 191 193 195 196 197 199
129 167 130 134 135 137 138 145 146 148 151 162 164 166 167 168 169 170 175 176 177 179 183 184 186 187 189 192 193 194 198
130 143 131 137 138 142 146 149 152 154 155 159 160 163 164 166 167 169 172 174 175 182 183 188 190 193 199
131 58 132 135 141 142 145 147 151 152 154 160 162 163 167 169 170 171 181 182 185 186 187 188 189 197 198 200
132 229 134 135 144 146 150 151 153 158 161 163 165 171 173 175 177 180 181 184 186 188 194 200
133 242 135 136 137 139 142 144 145 146 148 150 151 152 159 161 164 166 167 169 175 180 181 183 185 189 196 197 198 200
134 161 136 145 149 153 158 159 164 165 166 169 170 171 172 173 175 176 180 182 186 188 189 191 193 195 197 200
135 57 137 139 143 145 147 148 149 154 155 177 178 179 181 182 184 185 186 187 189 191 192
136 205 138 139 147 152 155 156 158 159 164 170 177 179 180 188 190 191 193 194 197 199
137 236 139 140 143 144 146 149 152 156 160 163 166 173 174 179 180 185 194 195 198 199
138 151 140 142 144 145 147 151 155 156 158 160 161 162 175 178 179 181 183 184 191 192 195 197 199
139 216 142 146 147 148 151 152 154 155 156 161 162 165 167 171 173 180 185 186 187 191 192 195 196
140 207 143 146 147 151 152 165 168 171 176 177 181 186 190 196 197
141 209 145 146 148 149 153 156 157 158 160 161 165 166 167 169 172 173 174 178 180 182 183 185 186 188 189 195 196 198
142 71 143 144 148 150 151 154 155 157 160 162 163 171 174 178 187 190 191 193 195 196 200
143 116 144 145 146 151 152 153 157 158 159 162 163 164 165 166 167 169 173 179 182 184 185 187 191 192 193 197 198
144 240 148 154 155 159 160 161 163 164 167 169 170 172 175 176 180 183 186 188 189 193 199 200
145 9 149 150 152 155 156 157 158 163 165 168 169 173 176 184 186 187 190 191 192 195 199 200
146 159 147 148 149 152 154 157 158 159 160 163 165 166 168 170 171 173 174 175 176 178 180 181 182 183 185 186 189 190 197 198 199
147 74 151 152 154 160 162 164 165 166 167 171 172 176 178 184 186 187 188 189 190 193 194 196
148 145 149 150 153 155 159 160 165 167 169 172 178 180 183 187 193 194 195 197 200
149 131 154 155 156 158 159 163 164 171 173 174 175 177 178 180 183 186 187 188 195 198
150 13 151 153 154 155 158 161 162 163 164 168 170 172 173 174 177 178 179 182 183 184 185 190 194 195 198 200
151 176 154 155 157 159 161 162 164 167 168 169 170 171 172 174 175 176 178 180 181 186 188 189 190 192 194 196 200
152 141 154 155 161 164 172 173 174 176 178 179 180 183 187 194 195 196 197
153 110 154 159 160 161 162 166 169 170 175 179 180 183 188 191 195 197 198
154 57 155 157 159 160 162 166 167 173 176 178 181 182 183 185 186 187 192 193 194 197 198
155 169 156 158 159 162 165 167 168 170 173 176 177 178 188 189 190 191 193 197 199
156 55 159 163 166 167 168 172 173 174 175 177 179 180 182 183 185 187 200
157 132 158 160 161 162 163 165 166 168 171 174 175 178 182 183 184 188 193 194 196
158 140 162 168 169 170 174 175 177 178 180 184 187 189 192 195 196 197 198 199 200
159 192 163 164 165 167 169 175 176 182 184 185 187 191 192 196 197 198 199
160 45 163 166 168 169 170 175 177 183 184 186 189 192 193 194 195 196 198
161 116 166 168 169 170 174 176 177 181 185 186 187 189 190 191 192 193 196 198
162 159 163 164 169 170 171 175 180 182 183 184 186 191 199
163 181 169 180 181 183 185 186 187 188 194
164 36 165 167 169 173 179 181 184 186 187 188 191 193 197
165 227 167 168 169 175 177 178 179 181 182 184 190 193 194 197 199
166 216 167 169 170 171 172 176 177 180 181 184 185 186 189 193 198
167 193 168 170 171 174 177 181 186 189 190 191 193 198
168 154 171 173 175 176 180 181 184 187 189 190 191 193
169 63 175 184 186 188 191 194 195 196 197 199
170 181 172 173 174 180 181 182 183 184 185 187 189 190 193 195 197 198 199
171 234 172 174 177 179 182 183 186 192 193 194 195 196 200
172 144 174 175 178 180 183 186 196 198
173 218 178 179 183 185 186 187 188 189 191 195 197 198
174 181 175 176 177 178 179 180 181 183 185 186 189 190 196 200
175 88 176 177 181 182 188 190 191 195 199 200
176 56 177 179 181 183 184 187 189 190 193
177 233 181 184 185 186 188 190 192 193 197 198
178 137 179 180 185 186 188 190 191 193 195 196 198
179 219 181 184 187 188 189 190 192 194 196 197
180 167 181 182 183 184 185 188 191 196
181 116 184 189 191 195 196
182 118 191 196 198 199
183 9 187 188 189 191 192 193 195 198 200
184 205 188 190 192 193 197 198 199
185 217 187 189 192 196 198 200
186 134 187 188 190 192 193 195 196
187 149 188 191 193 194 197 199 200
188 56 189 190 191 194
189 105 190 192 197 199 200
190 132 191 195 196
191 182 193 194 197 199
192 53 193 198
193 21 197
194 79 195 196 198 200
195 46 200
196 8 197 199 200
197 27
198 131 199
199 81
200 90
