200
1 27 3 4 5 9 10 12 15 18 21 23 24 27 29 31 37 38 40 42 43 44 48 50 51 52 58 59 68 70 71 75 77 78 82 83 85 88 91 93 96 98 99 100 101 105 107 111 115 116 117 119 121 122 126 129 137 143 144 149 153 156 158 160 162 164 167 171 172 173 174 176 177 178 180 182 188 190 192 200
2 172 7 9 12 14 16 19 20 21 22 25 28 33 34 36 37 39 40 46 48 49 50 54 59 61 62 64 68 69 70 71 72 73 74 77 78 83 84 85 88 92 97 98 99 101 103 105 106 108 109 111 115 117 119 121 125 126 127 128 130 133 134 136 137 139 142 144 145 149 150 151 152 161 165 166 173 177 180 181 185 186 190 193 199
3 111 4 6 7 14 19 20 25 29 31 32 33 35 40 47 48 51 54 60 61 62 63 64 65 71 73 79 86 87 88 89 93 94 98 104 106 109 111 115 117 118 125 126 141 143 144 152 153 154 155 156 158 164 166 167 168 169 174 175 180 182 183 185 186 188 192 196 197 198 199 200
4 6 10 11 12 15 17 20 23 24 27 31 32 33 34 35 36 45 46 47 49 51 57 58 59 60 61 63 65 67 68 74 76 77 78 79 80 82 84 86 88 89 90 91 93 97 99 100 104 106 107 109 111 112 113 116 118 120 121 123 127 129 133 134 136 137 138 142 143 144 148 149 150 151 153 156 157 158 160 161 166 167 179 180 181 182 186 188 190 192 200
5 52 8 11 12 17 18 22 30 32 34 37 39 41 44 51 53 54 58 60 65 68 69 72 73 75 79 80 81 83 85 86 87 88 89 90 91 93 97 99 100 103 104 108 109 114 115 117 119 120 124 129 130 132 133 138 143 146 149 158 160 161 162 163 167 169 170 176 181 183 184 185 187 189 192 195 197
6 227 11 12 14 15 18 22 24 27 28 29 32 33 34 35 36 39 41 42 45 48 50 53 55 57 59 61 63 64 65 73 74 77 80 81 83 91 92 95 97 103 106 107 109 110 113 117 118 121 122 126 128 132 133 136 137 139 142 145 148 152 154 156 161 163 164 166 173 176 184 189 191 193 198 199
7 98 10 11 12 17 20 24 26 27 29 30 31 34 39 41 46 48 49 50 51 57 58 59 60 62 63 67 68 69 71 75 77 78 80 83 87 89 90 91 92 93 94 97 98 102 106 109 111 114 116 117 122 123 124 125 126 129 131 133 134 135 138 149 150 157 160 161 162 164 165 168 169 171 173 175 176 177 179 180 182 185 188 189 193 200
8 170 9 11 13 17 21 22 25 26 28 32 35 36 42 46 50 54 57 58 61 63 69 71 73 75 80 81 82 86 88 89 93 95 99 102 103 104 105 106 107 109 110 111 113 115 119 129 136 137 140 142 144 146 149 152 154 155 157 158 159 161 163 166 168 170 171 172 173 176 177 180 181 190 191 193 199 200
9 159 10 11 12 16 17 18 19 22 23 24 26 27 29 31 35 41 45 47 48 51 52 53 56 57 58 68 69 70 71 75 77 80 81 84 86 87 95 97 99 101 105 106 111 112 114 115 117 121 124 126 127 129 131 133 134 136 137 139 151 154 155 157 159 163 164 165 166 168 170 172 176 178 179 183 187 189 193 194 200
10 177 12 13 18 20 22 24 26 27 33 35 36 37 38 39 40 42 44 45 51 53 54 60 66 69 70 71 72 73 74 80 84 88 90 91 95 99 100 103 109 112 113 118 120 121 126 127 129 130 131 132 134 135 139 141 142 145 147 148 149 152 156 160 161 167 171 172 175 180 183 184 186 187 190 191 195 196 199 200
11 5 12 14 19 20 21 23 24 25 26 28 29 30 32 33 35 36 40 41 46 51 52 56 57 60 61 62 64 68 71 75 77 82 86 88 89 92 94 97 99 100 101 109 110 114 116 120 122 124 126 127 128 130 132 141 142 144 153 156 160 161 162 164 165 166 167 170 171 173 175 180 183 185 188 189 191 194 196
12 249 17 19 26 29 30 33 34 35 36 40 44 45 46 56 58 61 62 66 67 69 70 75 79 87 91 92 93 94 99 100 103 109 112 114 115 116 121 123 125 127 129 135 136 137 138 147 149 151 155 157 158 160 161 166 169 170 171 173 174 176 179 183 188 197 200
13 76 15 20 21 23 29 30 32 33 34 35 37 38 40 41 44 48 49 52 56 57 60 61 62 63 64 65 66 67 68 70 72 76 78 79 80 82 83 84 87 92 95 98 106 109 110 113 114 116 118 123 124 125 128 131 134 135 136 139 142 147 149 150 151 153 154 155 158 159 161 162 163 165 168 169 170 173 175 176 178 180 186 188 196 199
14 67 19 20 21 23 28 29 30 31 35 37 41 43 44 46 47 50 52 54 58 59 65 69 70 71 74 76 77 79 80 82 83 90 92 93 95 101 103 106 107 108 111 113 116 117 122 126 127 128 129 132 133 134 139 143 144 146 149 150 154 156 157 158 159 163 164 165 167 168 170 171 172 173 174 177 178 179 182 186 189 192 197 198 200
15 109 19 25 26 27 32 38 41 44 45 47 48 49 52 53 54 55 58 59 60 65 66 70 75 81 83 86 90 91 95 98 102 106 107 108 111 112 113 114 120 121 122 123 125 129 131 134 135 138 144 145 152 154 155 156 158 162 167 168 169 174 175 176 181 182 184 187 188 191 192 194 196 197 199
16 40 20 22 23 25 27 28 29 32 36 37 38 40 44 47 51 53 56 57 58 59 66 73 75 76 78 81 84 87 88 90 93 97 98 99 102 104 105 107 109 110 111 112 113 114 116 119 124 126 127 128 129 130 132 134 138 140 142 146 150 151 152 154 155 157 160 164 165 171 172 174 175 178 179 180 183 186 187 188 189 192 196 198 199 200
17 141 21 28 32 34 37 38 39 41 43 45 46 56 59 60 62 65 66 67 68 69 70 72 73 74 76 78 80 83 84 89 91 92 94 96 98 100 102 105 108 110 111 115 116 117 118 122 126 127 132 134 136 142 143 146 148 153 154 155 156 159 163 164 174 176 177 179 182 187 189 192 194 195 197 198 199
18 75 20 22 23 24 27 28 30 31 33 37 39 41 43 44 47 50 61 63 68 69 73 75 76 77 84 86 88 94 96 100 102 104 105 106 109 110 114 115 116 117 124 128 129 130 136 137 138 142 143 145 146 148 149 150 153 154 156 163 168 176 177 178 179 180 181 182 184 188 189 196 198 199 200
19 169 28 29 31 32 39 41 42 43 44 46 50 55 56 57 62 63 65 69 71 72 74 76 78 82 83 84 87 89 92 93 94 95 98 103 105 106 113 114 116 117 118 122 124 125 126 128 130 131 132 135 137 138 140 142 143 145 146 149 151 152 154 155 156 158 160 161 162 164 166 167 168 169 170 173 175 178 179 180 182 183 188 189 190 191 192 196 199
20 244 21 22 23 27 30 36 37 41 44 45 47 48 50 51 54 56 60 61 63 65 66 67 71 74 76 77 78 85 92 94 96 98 100 101 103 105 106 110 118 120 126 127 140 147 150 151 152 153 156 157 159 160 163 166 168 169 171 174 183 186 187 188 190 192 193 195 196 197 199
21 189 22 25 27 31 33 39 40 43 44 47 49 50 51 52 54 55 56 57 59 60 64 65 68 69 70 74 76 78 79 82 84 87 88 89 90 92 93 99 102 103 106 111 113 114 119 121 122 123 124 125 131 133 135 136 137 139 140 147 150 151 152 154 158 159 160 161 162 164 165 166 171 175 176 177 178 180 182 183 188 189 190 192 193 194 199
22 3 23 24 26 28 30 31 32 36 38 40 44 46 47 48 50 58 59 60 62 70 72 78 79 80 83 87 90 92 95 96 97 98 101 103 105 115 117 119 121 122 123 124 125 126 128 129 131 133 136 138 139 141 142 143 145 146 151 152 154 160 161 164 165 166 168 171 172 174 175 179 180 189 194 195 197
23 1 24 25 30 33 36 39 41 46 49 52 53 54 56 58 60 61 62 65 67 68 69 70 72 73 80 82 84 85 87 89 95 101 102 104 106 112 113 115 116 119 121 124 127 128 129 132 133 134 136 141 143 146 148 153 154 157 158 164 165 170 172 173 177 179 180 184 186 188 194 196 200
24 144 25 28 35 36 39 40 41 43 44 46 47 49 51 52 53 54 55 58 59 61 62 67 72 77 81 82 83 84 85 87 90 92 93 94 95 99 104 107 110 114 116 119 122 123 124 126 127 129 131 133 141 142 144 147 148 151 152 156 157 160 161 163 166 167 169 173 175 178 180 181 183 188 191 194 195 197 200
25 60 28 30 32 33 36 45 47 48 51 52 53 55 57 58 60 62 65 66 68 69 70 71 72 73 76 81 83 84 85 88 89 90 93 103 105 107 108 112 114 117 118 119 120 122 123 125 126 128 136 137 139 143 148 149 150 153 154 156 157 159 163 166 171 172 174 176 177 183 184 185 186 190 191 192 195 196 197 199
26 151 28 29 33 35 37 38 41 43 44 46 49 50 52 56 58 59 67 70 71 72 73 82 83 84 85 90 91 93 96 98 101 102 103 105 109 111 115 117 118 121 122 123 125 126 130 137 142 144 145 150 155 159 162 168 170 172 175 176 178 182 183 185 187 193 194 200
27 116 28 31 35 38 47 49 52 53 54 55 59 60 63 64 68 69 74 77 80 81 83 84 91 92 93 94 96 98 99 109 115 116 118 119 122 126 127 129 134 135 136 138 141 145 146 147 148 150 152 156 161 165 167 168 169 171 174 178 183 185 187 188 192 195 197 198 199 200
28 96 29 33 37 38 40 42 43 44 45 49 52 53 54 57 58 59 61 62 63 65 70 72 73 75 79 81 82 84 86 89 95 99 100 102 104 106 107 110 113 116 119 121 128 129 132 134 140 141 142 143 145 146 150 153 155 156 159 160 162 165 167 168 169 170 171 175 179 180 183 185 187 189 190 192 194 197 198 199
29 140 30 31 32 35 38 41 42 45 50 52 65 69 70 72 73 74 75 78 80 82 84 85 92 93 95 96 97 105 106 111 112 114 115 119 120 127 131 138 139 144 147 163 166 167 168 169 170 176 177 180 181 182 183 187 192 194
30 107 32 34 35 38 39 41 43 45 47 50 53 54 56 57 60 61 62 65 68 70 71 72 73 81 82 83 85 88 92 93 94 98 104 105 108 110 111 112 116 118 119 120 123 126 127 128 129 130 131 132 138 140 141 142 146 154 155 158 162 163 164 168 171 172 175 176 179 182 183 184 189 191 192 195 198 199 200
31 140 32 33 34 36 37 42 43 47 48 52 59 63 67 70 75 78 79 81 83 85 89 91 95 96 98 103 108 110 111 112 113 114 116 118 120 126 129 130 131 132 133 134 135 138 139 140 143 152 154 160 161 164 165 166 173 178 180 182 183 190 193 196 198 200
32 178 37 40 41 44 60 62 63 64 67 68 70 71 72 73 74 76 79 82 83 84 90 93 94 98 101 102 103 104 106 108 115 117 119 125 128 134 136 138 141 144 145 146 148 149 155 156 158 159 161 162 164 168 170 173 177 182 185 188 193 196 198 199
33 219 41 43 44 46 48 50 53 54 60 61 63 65 66 70 71 72 79 86 88 89 90 91 93 94 97 99 101 103 104 105 106 108 114 116 118 119 122 128 129 132 138 139 141 145 147 151 153 156 158 162 163 164 166 167 171 172 173 177 182 183 184 186 187 188 193 197 198 199 200
34 71 36 42 43 44 45 47 58 59 65 67 69 72 73 76 80 83 85 86 87 88 97 101 105 106 107 108 113 115 118 119 120 127 128 130 131 132 134 138 150 151 152 158 160 164 166 167 168 173 175 177 179 181 182 185 186 190 192 193 194 195 197 199
35 122 39 40 44 45 46 49 50 51 54 56 57 60 62 64 69 70 77 81 84 85 87 91 96 99 100 107 109 110 112 113 116 117 122 124 126 135 140 141 143 146 150 151 155 158 159 165 167 170 171 172 173 177 183 185 186 187 189 191 196 199
36 157 39 40 45 49 51 52 59 62 65 66 67 69 72 77 79 80 81 82 85 86 87 89 90 92 95 96 101 103 106 108 113 114 117 120 122 123 124 127 133 136 141 143 147 148 149 150 152 156 162 165 167 170 171 172 173 174 177 178 181 182 184 185 190 193 197 200
37 93 40 41 43 44 48 50 51 53 59 62 64 67 73 74 76 77 81 84 85 86 87 88 95 96 97 98 105 108 110 113 115 116 119 121 122 132 134 140 141 142 147 148 152 155 156 158 162 163 164 168 170 173 181 182 184 191 193 194 195 197 198
38 224 41 43 45 46 51 55 56 59 62 63 64 66 69 71 72 76 83 85 87 88 90 91 96 99 102 104 111 112 114 116 118 120 123 125 126 127 130 131 132 134 135 138 139 142 143 145 146 149 151 154 155 156 161 165 167 170 171 177 178 179 184 187 188 189 192 194 195 196 198
39 213 40 41 43 44 47 48 51 55 56 57 60 61 62 63 64 68 70 71 73 77 78 79 85 89 92 94 102 103 104 106 107 117 119 122 123 126 128 129 132 133 138 140 142 143 145 147 148 149 152 153 155 156 158 159 160 162 163 164 169 172 173 174 176 178 184 185 188 189 190 191 192 194 195 196 198 199 200
40 139 46 47 50 59 62 66 68 69 72 73 75 78 83 85 86 87 91 95 96 97 99 100 104 106 107 110 113 114 115 117 118 120 122 123 124 126 129 130 132 134 137 141 143 144 145 148 149 160 161 164 166 167 171 174 175 181 182 186 187 199
41 174 42 43 44 45 46 48 51 53 56 58 59 60 66 71 72 75 79 80 81 83 84 85 87 89 92 94 99 103 105 106 109 118 119 121 130 132 133 134 135 137 143 150 151 153 155 156 161 167 169 171 182 184 185 187 189 190 191 197 199
42 25 53 56 60 61 64 66 67 68 71 74 76 77 78 81 82 86 87 90 91 93 95 96 97 102 104 106 108 109 113 114 116 119 121 123 124 128 129 130 131 132 133 134 138 139 145 149 155 157 159 160 161 163 165 167 170 177 178 180 182 185 188 194
43 48 44 45 47 48 50 51 52 54 61 65 70 74 75 80 83 85 89 92 95 97 100 102 105 107 109 115 118 119 121 124 126 128 129 130 131 133 136 144 145 148 150 152 154 155 156 158 163 171 175 177 179 180 187 189 190 195
44 50 45 46 51 54 56 57 60 61 62 63 66 68 69 70 71 72 78 79 81 84 85 87 93 95 101 103 108 111 113 119 122 125 128 129 133 135 137 140 142 143 144 145 147 148 153 155 156 158 159 160 161 163 170 173 179 182 185 188 190 192 193 195 196
45 57 47 49 52 57 60 61 65 69 70 73 77 78 83 85 86 89 91 93 95 97 100 101 102 103 104 105 107 110 115 116 118 122 123 124 125 126 127 130 131 133 134 135 142 146 150 155 157 158 160 161 164 167 168 173 175 176 177 178 181 182 187 190 191 194 196 198 199 200
46 196 47 48 50 52 54 55 57 58 59 62 69 70 71 72 75 77 81 82 85 90 91 96 97 98 99 107 108 109 110 111 112 113 117 119 122 126 133 135 137 138 139 141 142 143 145 153 154 161 168 170 174 176 177 178 181 182 184 186 188 189 191 197 198 200
47 80 48 52 53 56 58 61 63 64 66 67 70 76 77 79 83 84 86 87 89 90 93 101 107 109 111 112 115 116 119 124 125 126 129 139 140 146 149 150 151 154 156 157 161 163 164 170 171 172 175 179 180 182 189 191 192 197
48 55 51 52 54 59 62 64 66 70 71 72 73 74 76 77 78 79 80 81 82 84 89 92 94 97 98 100 103 104 105 108 110 112 117 123 124 125 127 131 135 137 142 144 145 147 149 152 153 154 156 158 159 164 165 166 169 171 174 177 178 179 186 195 196 199
49 50 51 53 54 56 58 59 63 64 66 67 74 76 78 82 85 86 87 88 91 93 95 96 99 101 102 104 109 110 111 113 114 118 124 125 127 132 135 136 139 143 148 150 155 157 159 161 165 168 169 170 171 176 178 181 184 191 197 198
50 23 51 54 58 60 63 65 67 77 78 81 82 83 85 86 89 92 94 96 97 98 102 105 111 112 113 114 118 119 120 124 125 128 130 132 133 136 138 139 145 147 151 152 153 154 155 157 158 160 162 168 170 172 173 174 176 178 183 184 189 190 191 199
51 200 52 53 54 60 62 64 65 71 73 74 79 81 84 86 88 89 90 91 92 95 96 102 103 110 111 113 118 119 121 122 127 131 132 135 137 140 141 142 146 148 152 160 161 163 164 169 170 171 174 176 179 180 181 183 185 189 196 199
52 96 53 57 58 60 61 62 70 77 78 79 82 84 86 90 96 97 99 100 101 102 104 105 106 108 110 112 114 119 120 121 122 124 131 133 134 135 137 139 141 142 143 144 145 147 150 152 154 156 161 162 163 164 169 170 171 174 175 178 179 180 183 185 186 187 189 192 193 194 195 197 200
53 97 54 56 57 58 59 60 61 63 64 67 68 69 75 77 78 80 81 85 86 87 89 94 95 103 105 106 107 108 110 111 112 116 117 119 120 122 130 131 132 135 137 140 143 145 147 149 150 152 154 158 159 161 164 170 171 172 179 180 183 184 185 190 191 197 199
54 237 55 58 59 61 67 72 77 81 83 85 93 94 96 97 99 100 103 104 106 107 108 109 115 118 123 125 127 128 129 132 133 135 137 138 139 140 142 151 156 157 159 160 161 165 169 170 176 178 179 183 185 186 187 188 189 192 199 200
55 136 57 58 59 63 64 70 72 74 78 81 85 88 89 90 93 94 102 106 107 108 109 114 116 117 118 119 121 122 123 124 125 127 129 132 134 137 145 146 148 150 151 155 158 159 162 167 169 173 177 185 188 189 191 195 198
56 113 63 65 69 73 75 77 78 79 80 82 85 88 91 93 94 95 100 103 106 109 113 115 117 124 126 128 129 131 132 133 137 139 142 145 150 152 153 157 163 170 175 176 177 180 181 184 185 190 193 194 200
57 141 58 59 64 66 67 70 72 73 74 75 78 81 83 86 87 90 92 94 98 105 106 108 109 111 113 117 118 119 120 121 124 126 129 130 132 133 134 135 137 140 142 149 151 152 153 154 156 160 161 169 170 173 174 176 178 179 180 182 183 186 187 188 191 192
58 100 62 63 64 68 70 72 73 76 79 80 81 84 86 87 88 90 91 93 94 95 97 98 99 102 104 105 109 111 114 116 117 123 124 127 132 134 138 140 141 142 144 145 146 151 155 156 160 163 166 167 168 170 171 172 173 176 183 185 188 189 190 192 195 196
59 214 61 63 64 67 68 70 73 74 76 78 80 82 88 90 94 95 97 98 99 101 102 103 104 106 108 109 110 111 112 120 125 128 132 135 143 145 146 148 152 153 154 157 165 167 169 171 173 176 179 180 183 185 188 189 191 192 194 196 197 199
60 157 65 67 69 71 73 75 77 85 88 89 90 92 95 98 100 102 103 104 112 113 119 122 123 124 127 131 134 138 139 140 141 145 150 153 159 161 163 167 169 172 174 181 188 190 191 193 198 200
61 67 62 63 66 67 70 72 74 78 79 85 86 87 89 90 92 93 96 97 98 101 104 105 106 109 113 115 118 119 124 125 128 129 130 133 135 136 137 141 144 146 147 151 152 153 163 166 167 169 170 172 175 176 182 184 188 191 194 195 196
62 216 64 66 67 70 71 76 77 80 82 83 84 86 92 93 95 96 98 99 100 101 103 105 110 112 113 115 123 127 128 129 130 133 134 137 140 149 152 153 154 155 157 159 160 161 163 167 172 173 181 183 186 187 188 190 191 194 195 196 198 199
63 223 68 69 72 73 78 79 80 85 86 87 88 90 91 92 93 94 95 96 101 103 107 108 109 111 112 114 118 119 121 123 124 132 134 135 137 140 141 144 146 147 148 149 150 152 154 158 161 163 164 165 167 170 171 172 176 178 179 180 184 188 189 190 192 193 198 199 200
64 205 67 69 70 73 75 78 80 83 85 86 87 89 90 94 97 99 100 101 103 105 106 107 113 119 120 121 124 125 129 132 133 134 135 137 138 139 140 141 150 153 159 162 164 165 166 168 171 173 176 179 181 183 185 194 196 199 200
65 41 67 69 71 72 77 78 79 83 84 85 87 88 91 92 98 99 101 105 109 111 116 128 129 131 133 137 138 144 146 147 148 151 153 158 162 166 167 170 171 172 178 188 189 190 191 192 193 195 196 199
66 179 73 74 75 80 81 85 87 93 94 99 100 102 103 106 109 110 112 113 114 120 121 124 127 129 133 134 135 136 137 140 147 148 150 158 160 163 164 166 168 169 170 171 173 176 179 181 183 185 188 194 200
67 227 68 76 79 80 85 87 88 91 93 95 96 103 107 109 110 111 112 116 119 120 123 132 134 136 140 144 147 151 155 156 159 162 163 164 165 166 167 169 170 174 176 177 178 180 181 183 184 185 189 192 193 194 195 196 197 198 199
68 126 69 74 75 77 79 81 83 84 89 91 95 102 103 111 113 115 120 122 131 132 133 135 136 138 139 140 141 143 144 145 147 150 152 157 158 163 165 167 169 176 177 178 184 185 186 189 190 192 193 196 197 198
69 136 70 72 74 75 76 80 83 87 89 90 92 93 94 95 98 99 100 102 103 104 105 113 114 115 118 120 124 129 131 133 135 136 140 141 143 144 146 151 153 155 156 157 158 159 161 162 163 165 167 168 170 173 175 177 182 183 186 187 190 193 197 199 200
70 94 73 75 78 84 89 90 92 93 95 96 98 99 100 101 102 108 110 111 120 125 126 128 129 131 132 138 140 142 147 149 156 157 167 168 170 176 177 179 181 182 183 186 187 190 191 192 200
71 57 74 76 78 83 86 93 94 96 97 100 104 105 106 112 116 121 122 124 125 126 128 129 132 133 135 139 141 143 145 147 149 150 153 156 157 158 159 161 167 169 173 174 175 185 189 194 199
72 121 74 78 82 83 91 96 97 98 103 104 105 106 112 113 114 115 117 119 120 121 122 127 128 129 131 134 137 138 142 144 145 151 152 154 155 158 159 162 163 164 169 172 174 176 177 180 183 185 188 189 194 196
73 53 79 82 83 84 85 86 87 88 89 91 98 99 100 103 105 106 107 108 109 110 111 112 113 114 116 118 124 126 127 129 133 136 139 141 142 143 144 150 151 154 155 156 158 159 160 164 166 168 169 172 173 174 175 178 180 181 187 190 192 194 195 197 199
74 81 77 78 84 87 89 90 91 94 95 96 101 102 103 105 110 112 114 115 118 119 120 121 126 129 133 137 138 140 145 146 147 150 152 153 155 157 158 159 161 162 163 168 173 175 176 177 178 180 185 186 189 194 195 196 198
75 76 76 77 79 81 83 91 92 93 94 95 97 99 100 102 103 104 105 106 112 113 117 123 125 127 128 129 135 138 140 141 143 146 148 150 152 155 157 160 162 167 168 169 170 172 175 177 178 182 186 189 191 192 193 194 196 200
76 75 80 81 82 85 88 90 94 95 97 98 103 104 106 107 109 110 112 114 115 118 119 120 122 126 128 129 130 134 142 143 144 149 150 151 152 154 157 158 160 162 166 169 172 174 175 178 179 180 183 185 188 190 192 193 196 199
77 86 78 80 81 82 89 90 92 93 94 96 98 99 102 103 105 107 108 120 124 126 127 129 130 131 134 136 139 141 143 146 150 151 153 154 157 158 159 162 163 164 165 167 168 169 170 172 173 181 183 185 187 189 193 195 196 199
78 22 79 80 84 85 86 87 88 89 91 100 101 105 106 107 109 114 116 117 120 121 124 127 128 131 132 133 134 136 140 141 142 144 145 146 147 148 150 151 152 156 158 163 165 169 172 176 177 180 184 186 190 192 197 198
79 200 80 81 83 84 85 86 88 90 91 92 96 97 100 102 104 106 110 116 123 125 126 128 130 132 133 134 145 149 152 153 154 160 162 166 167 169 170 173 175 179 180 181 182 190 191 192 193 195 197 200
80 151 81 82 86 90 93 94 95 101 108 111 112 114 117 119 120 121 126 130 135 137 139 143 145 146 147 148 149 155 156 158 159 162 165 166 167 168 169 170 171 172 173 174 175 177 182 183 184 186 188 190 191 195 196 197 199
81 131 82 84 86 87 88 89 90 94 95 97 99 100 102 106 107 112 114 115 117 119 120 121 123 126 128 129 132 133 137 139 140 141 143 145 147 150 151 152 154 156 157 158 160 161 164 167 171 173 174 178 183 184 185 190 192 193 194
82 204 83 84 90 101 109 115 116 117 119 123 127 131 132 134 137 140 143 145 146 147 151 153 155 157 159 160 162 164 168 169 170 171 175 177 181 186 187 189 192 194 197 198 199 200
83 28 85 87 88 90 92 93 96 97 102 104 109 110 115 117 118 121 123 124 126 127 133 142 147 151 153 155 157 158 161 167 172 174 178 181 187 193 194 195 196 197
84 63 88 90 93 100 103 107 108 111 113 114 116 119 120 123 127 130 131 133 134 136 138 139 142 144 145 148 151 157 160 165 166 167 173 175 177 178 179 180 183 186 187 190 193 194 199 200
85 146 96 99 103 104 105 120 121 122 123 125 126 129 132 138 139 143 145 146 148 156 161 165 172 173 181 183 185 186 189 191 193 195 198
86 87 88 90 92 97 98 99 100 101 102 110 111 112 115 119 120 121 122 124 125 126 128 129 130 132 138 143 147 149 150 152 153 155 157 158 162 164 169 171 175 178 179 183 184 186 187 189 191 193 194 195
87 51 88 90 94 99 100 104 105 109 112 114 115 116 117 121 122 124 125 130 131 133 138 142 144 145 149 150 154 156 158 162 163 165 173 174 175 176 177 180 181 182 183 185 186 187 188 193 194 197 198
88 99 91 97 99 101 103 105 107 113 118 119 120 121 123 127 128 129 130 133 134 136 138 140 142 144 145 146 148 149 152 153 160 161 163 167 168 170 171 174 176 178 179 180 182 183 184 190 196 200
89 106 91 92 93 98 100 101 102 108 110 111 113 115 117 119 121 129 132 140 141 148 149 150 153 154 156 160 162 163 165 166 169 170 175 176 177 183 187 188 189 194 195 197 198 200
90 101 91 94 95 102 103 105 110 111 115 117 119 120 121 124 125 126 128 129 134 135 137 140 143 150 160 167 171 172 177 178 181 183 185 187 188 192 196 199
91 47 92 94 95 100 106 110 111 112 114 117 118 119 121 122 126 127 130 131 132 135 136 141 143 145 146 148 150 151 152 153 154 157 160 161 168 172 174 175 182 185 188 189 192 194 198
92 98 95 97 101 102 104 107 111 115 117 126 127 129 134 135 138 139 142 143 145 146 148 149 153 156 162 164 167 172 180 185 190 192 194 195 198 200
93 110 95 97 103 113 115 116 117 119 122 130 131 132 134 136 138 139 143 145 146 147 148 149 152 154 159 160 162 165 170 180 183 187 189 196 199
94 223 96 98 103 107 112 117 120 121 122 123 125 126 127 129 130 133 137 139 140 144 148 151 153 155 156 159 163 164 171 177 179 182 185 190 192 195 196 198 200
95 132 96 98 102 103 104 107 109 110 111 114 118 122 123 128 131 132 136 137 140 143 144 146 149 150 152 164 165 173 179 184 189 190 192 193 194 196 200
96 190 98 100 101 104 105 106 109 111 112 113 116 119 121 122 123 124 125 127 131 132 135 138 141 142 143 148 150 155 158 160 161 165 166 175 176 177 181 182 186 187 188 189 191 192 193 195 196
97 190 100 101 103 107 109 111 112 116 118 120 122 127 129 133 134 136 137 142 144 146 147 154 155 156 158 159 160 161 163 167 168 169 172 174 175 176 179 181 182 184 189 190 194 196
98 212 103 106 107 111 112 114 115 116 117 120 122 124 126 128 130 133 137 138 139 140 144 145 146 147 149 150 153 154 155 156 159 160 161 162 165 174 177 178 180 187 193 194 196 197 199 200
99 83 101 104 105 111 112 114 115 116 118 119 122 126 128 130 131 132 133 134 139 140 143 145 151 154 155 156 158 162 168 169 171 173 174 176 178 179 180 181 182 183 184 194 195 196 198 199 200
100 2 101 105 107 112 116 117 124 125 126 130 131 132 136 138 140 145 146 147 148 149 150 156 157 161 162 164 165 166 167 169 171 176 177 178 187 188 191 192 199
101 225 106 111 112 116 117 118 119 121 128 130 133 134 135 143 145 148 151 152 154 157 160 162 163 164 166 167 168 174 176 182 183 186 189 190 192 193 195 197 200
102 23 104 105 109 113 120 121 123 125 127 129 132 134 135 136 140 143 147 150 151 156 158 159 161 163 164 169 170 172 174 175 179 180 183 185 186 188 190 192 193 195 196 197 198
103 140 107 109 110 115 117 118 122 129 130 131 134 136 137 142 143 148 149 153 154 158 162 165 168 169 171 172 173 174 175 177 179 180 181 182 183 184 185 187 191 193 195 198 199
104 147 105 107 110 111 113 118 119 122 124 126 128 129 133 135 138 139 140 141 143 144 147 148 153 154 155 156 157 161 162 166 167 168 170 177 178 179 180 181 182 184 186 190 195 200
105 10 108 109 110 112 114 119 122 126 127 132 134 135 138 139 141 144 149 152 161 164 165 167 172 174 176 182 185 186 188 191 192 194 195 196 198
106 10 108 115 116 122 125 126 127 129 130 131 134 136 138 140 141 144 146 151 153 157 164 165 166 168 173 176 177 178 182 187 188 191 195 197 198
107 152 109 111 112 119 122 123 124 130 133 134 136 137 139 140 146 147 148 151 154 158 160 163 166 167 170 171 177 180 185 188 198 200
108 190 110 111 113 116 123 127 129 135 137 139 144 145 152 154 158 159 160 164 167 169 170 173 175 176 178 179 180 183 185 190 191 193 195 196 197 198
109 127 110 111 112 115 119 122 123 124 125 128 129 132 134 139 141 147 149 150 160 162 165 168 169 172 173 174 175 177 179 180 182 183 185 186 187 193 195 199
110 209 112 117 118 129 130 131 133 134 138 140 143 148 149 155 159 160 161 165 169 170 176 180 185 187 188 189 191 192 194 198
111 43 115 116 119 120 122 123 129 136 138 139 141 142 145 147 150 165 168 169 174 181 182 184 185 190 191 193 195 196 199 200
112 168 115 117 118 128 132 139 140 141 143 146 153 158 159 161 162 163 165 167 168 169 170 173 175 179 184 185 186 187 188 189 190 192 194 195 198 199
113 179 114 117 123 124 125 128 129 131 132 136 137 142 143 145 151 154 156 158 161 164 166 167 170 171 172 183 189 192 199
114 45 118 123 124 126 129 136 143 147 148 150 154 155 157 159 163 164 165 167 168 169 170 172 173 174 176 177 179 181 183 184 187 189 190 192 194 196 197 198 199 200
115 188 121 122 123 126 128 129 131 132 135 138 140 144 146 148 152 154 155 156 157 160 161 162 164 165 166 168 170 173 177 179 181 182 184 186 188 193 194 196 199
116 99 121 122 131 132 136 137 138 142 148 149 150 155 156 158 161 162 165 167 170 173 177 178 181 184 185 186 189 191 195 197 198
117 39 121 124 128 130 131 133 142 146 147 149 153 157 159 160 164 170 175 180 183 188 191 193 194 195 198
118 8 119 121 125 127 129 132 136 143 144 145 147 150 152 158 159 161 164 167 168 171 172 173 178 183 184 186 188 194 196 199
119 198 121 128 129 134 139 145 149 155 163 164 171 172 176 177 179 180 181 183 186 188 189 198 200
120 59 121 127 128 131 133 137 141 142 143 146 147 151 156 157 158 159 162 163 169 170 171 173 176 177 182 184 185 194 200
121 143 126 131 134 135 139 143 145 147 149 150 153 156 159 160 162 163 164 167 169 172 174 175 176 177 178 179 181 183 186 194 195
122 151 123 126 128 139 142 144 149 152 153 156 157 158 159 164 165 166 167 168 170 171 172 174 177 178 179 180 184 185 187 191 192 193 196 198
123 183 124 125 126 130 131 132 134 137 138 146 148 151 152 154 162 168 172 173 176 178 181 186 187 188 190 195 197
124 21 130 131 132 133 135 136 142 143 144 147 149 151 155 159 161 165 167 168 170 172 175 178 180 185 187 191 193 196 199
125 18 127 133 136 138 140 142 144 145 150 152 154 156 163 166 167 168 170 171 175 176 180 181 183 189 195 198 199
126 186 129 130 131 132 133 141 142 144 145 151 153 154 155 157 158 164 167 168 171 176 177 179 182 185 192 193 194 196 199 200
127 8 132 133 136 139 140 145 146 150 156 157 159 162 164 166 167 169 171 172 174 176 177 181 195 198 200
128 21 130 135 139 142 143 148 149 151 152 153 156 161 166 168 170 176 177 179 180 181 184 188 190 194 198 199
129 58 131 132 133 135 139 140 144 145 147 148 149 150 158 162 163 165 168 169 173 175 178 181 183 184 185 186 187 189 190 193 197 199
130 55 131 132 135 138 144 146 147 152 153 154 163 164 165 172 173 175 180 182 184 192 193 194 198 199 200
131 106 133 134 136 141 146 147 148 149 152 153 154 159 160 167 168 171 179 180 185 189 190 192 194 196 197 199
132 102 136 139 140 141 143 145 147 148 151 158 160 162 163 165 170 171 172 174 180 182 183 184 185 187 190 191 196 198 199
133 224 138 142 146 149 154 156 157 158 160 162 163 166 167 168 174 178 179 182 184 187 190 197 198 200
134 232 136 142 143 146 147 148 150 156 158 159 161 162 164 165 166 168 172 173 177 178 179 186 187 189 191 196 197 198
135 105 137 141 143 144 145 147 148 151 154 155 156 158 159 164 166 168 170 171 173 174 175 177 181 182 183 187 189 190 191 195 197 198 200
136 102 137 139 140 146 150 153 158 165 175 176 178 181 186 187 188 192 196
137 207 140 144 145 147 152 155 156 157 158 160 161 162 163 165 166 167 172 178 179 180 181 182 184 193 197 199 200
138 143 139 141 144 146 149 152 154 160 164 166 169 173 175 176 182 184 188 189 190 196
139 102 141 143 144 148 152 155 159 160 162 165 168 172 175 180 184 187 193 194 197 199
140 238 142 143 151 152 155 156 157 159 162 163 164 165 166 169 171 173 183 185 186 188 190 193 198
141 218 142 144 145 146 147 148 149 150 156 157 158 159 160 162 165 166 167 171 172 174 176 177 179 186 187 189 190 192 193 194 195 196 198 199
142 207 149 151 153 154 155 157 165 169 170 175 176 178 179 180 181 184 190 191 200
143 67 150 154 156 161 162 163 164 165 169 170 176 177 180 181 183 184 185 186 190 191 197 199
144 46 145 146 148 150 151 152 153 154 156 158 159 160 164 167 168 169 171 174 177 178 179 180 181 182 183 184 187 188 190 191 193 194 197 199 200
145 187 146 147 148 149 150 151 155 156 166 168 170 173 176 177 181 182 184 185 187 189 190 200
146 135 148 151 157 158 161 163 164 166 168 170 171 172 174 176 177 181 184 185 190 193 195 197 200
147 226 149 152 155 158 159 163 167 171 178 180 182 187 188 189 191 192 198
148 133 155 156 157 159 160 161 163 164 165 166 169 171 172 173 174 175 178 179 180 184 186 188 190 192 194 195 196 198 199 200
149 48 150 156 157 158 162 165 167 169 172 173 174 176 179 181 183 186 187 191 192 193 195 196 199
150 243 151 154 155 156 157 158 164 165 167 168 170 172 173 174 178 179 180 181 182 184 186 187 190 191 192 199 200
151 160 154 156 158 167 172 174 179 180 182 183 185 186 189 193 194 196 200
152 52 153 157 158 159 161 163 169 170 174 178 182 183 185 188 190 191 192 193 195 196 197 199 200
153 136 159 161 164 165 169 171 173 177 178 179 183 187 191 196 197 198
154 162 160 168 172 176 177 179 181 184 186 187 192 195 197 198
155 201 156 157 161 163 165 166 167 168 170 171 179 182 185 186 188 189 190 192 196
156 7 158 161 165 166 168 169 171 172 173 175 176 177 178 183 189 192 193 195 196
157 115 159 162 163 165 170 177 179 180 181 187 188 189 190 191 194 196 197 198 200
158 201 164 169 171 174 175 180 184 187 188 194 196 197 198
159 124 161 168 169 171 172 173 175 177 178 180 181 188 189 190 195 196 199
160 190 162 163 165 166 169 170 172 173 175 176 177 178 179 181 182 186 193 198 200
161 236 164 166 170 175 176 178 179 180 182 184 185 192 197 199
162 2 165 166 170 175 178 181 182 187 188 189 192 194 195 196 197 199
163 218 164 165 168 171 175 180 181 183 184 185 186 188 189 191 195 196 197 198
164 218 170 171 172 177 183 185 187 189 193 195 196 197 200
165 65 166 167 168 170 172 173 175 177 178 184 189 190 192 193 194 199
166 234 168 170 171 172 173 177 178 180 184 186 187 189 190 191 193 195 196 199 200
167 228 169 175 178 179 180 181 182 184 185 189 192 194 197 198
168 221 170 171 172 175 182 185 190 191 192 194 196 197 198 199 200
169 250 170 171 175 176 177 183 185 186 188 191 194 195 196 200
170 223 175 176 178 179 180 181 183 193 195 196 199
171 7 174 175 178 180 182 184 187 189 191 194 195 198 200
172 36 173 176 183 186 187 188 196
173 216 174 179 181 182 183 184 185 190 191 192 193 198
174 7 177 181 183 185 188 189 193 198
175 111 176 178 180 182 183 184 185 187 189 192 194 195 196 197
176 77 178 179 180 181 182 183 184 186 187 190 192 194 197 200
177 90 180 183 184 185 186 189 190 193 195 196 199
178 227 180 182 183 184 188 191 194 196 197 199 200
179 193 186 189 190 195 200
180 71 181 182 185 187 189 198 200
181 19 183 184 191 192 193 194 196 199
182 73 184 186 187 188 190 194 198
183 155 184 185 187 190 191 198 200
184 240 188 193 195 196 200
185 164 186 187 191 192 193 194 200
186 209 187 191 192 193 195 196 197 200
187 186 193 197 199
188 112 191 195 196 199
189 43 190 193 195
190 154 192 193 195 197 198 199 200
191 137 193 194 196 199
192 40 193 200
193 6 195 196 198
194 15 196 199 200
195 101 196
196 121 198 200
197 2 200
198 82 200
199 167 200
200 91
