200
1 186 11 13 16 21 29 30 34 37 41 42 45 49 51 53 54 57 66 75 79 80 87 100 109 111 123 124 125 140 149 150 155 159 160 171 172 179 192 193 194 199
2 171 5 9 10 16 18 31 32 50 63 67 76 80 82 88 89 92 101 118 120 138 139 140 142 155 160 161 162 163 179 184 189 200
3 116 4 11 12 14 16 36 44 46 47 51 56 68 72 75 77 78 80 86 90 102 108 119 123 125 136 140 141 144 147 151 156 166 169 180 186 190 193
4 163 6 27 39 45 47 52 56 65 74 90 102 104 105 111 117 119 121 124 126 140 142 156 159 165 178 190 199 200
5 22 23 25 29 33 51 53 57 64 65 71 77 83 92 96 101 104 107 108 114 121 128 134 142 146 157 158 164 165 176 187 194 197
6 141 9 12 13 19 25 30 32 40 41 43 48 52 55 59 63 75 79 81 88 89 91 97 99 100 102 116 121 122 125 126 127 128 130 153 158 186 189 193 199 200
7 239 17 18 19 31 33 34 40 41 42 43 44 46 48 50 51 52 54 55 58 79 87 88 91 97 98 100 107 111 117 118 120 121 127 134 151 166 169 178 186 191 192 195
8 65 9 16 32 33 34 59 66 79 84 88 95 100 114 117 122 123 125 133 137 139 140 141 145 147 154 156 162 181 186 200
9 135 24 32 49 53 60 65 67 70 86 87 90 95 96 97 108 112 118 121 123 129 135 143 152 153 155 160 175 177 181 185 187 195 196 197 199 200
10 182 33 40 44 47 48 51 56 58 59 60 62 67 69 73 75 77 84 86 87 99 103 107 108 110 112 113 120 133 144 147 159 167 168 170 175 176 180 183 189 193 195 196 198
11 190 22 25 32 42 52 74 78 81 90 95 99 103 104 110 112 116 124 125 127 131 135 158 169 172 177 180 194 198
12 85 13 21 24 36 39 41 43 44 47 48 50 52 53 54 56 63 68 78 82 94 96 99 103 105 106 111 119 122 128 131 132 133 136 139 145 147 158 169 180 181 183 188 191 195 199
13 163 23 36 46 50 54 69 71 73 87 93 94 97 108 120 132 133 135 145 150 151 156 159 163 176 180 182 199 200
14 221 18 21 37 38 39 41 45 47 48 49 51 64 67 70 75 79 82 89 91 99 108 117 118 121 126 151 154 156 157 164 166 167 169 172 173 187 190
15 49 17 19 21 25 31 35 43 49 51 56 60 71 75 80 85 88 91 93 96 102 103 112 114 117 132 136 139 143 148 152 154 168 171 175 187 192 198 199
16 28 17 18 20 24 31 36 50 60 64 73 74 75 82 90 91 95 97 101 106 112 137 139 146 148 153 157 160 169 179 183 184 187 189 192 196 199
17 170 26 32 33 38 41 42 47 53 57 62 64 66 69 71 75 79 82 90 104 108 111 116 121 124 133 140 149 155 161 162 164 170 178 179 180 181 183 188 190 194
18 239 25 26 32 41 53 54 63 64 74 77 86 92 97 102 123 128 132 144 149 150 158 191 194 198
19 243 26 35 41 47 51 54 57 58 72 91 97 105 108 109 129 130 137 163 168 175 179 181 182 196 198 199
20 134 23 25 45 49 58 66 70 73 92 102 103 106 110 116 120 130 138 143 147 149 154 156 158 160 164 166 176 179 180 181 188 191 195
21 11 23 25 28 29 41 46 53 56 57 67 68 70 82 84 89 98 100 107 110 111 112 118 125 143 149 152 153 157 158 161 164 167 168 172 177 183 190 192 193 196 199
22 70 37 43 47 58 64 72 73 75 80 81 82 84 92 98 99 103 106 120 123 125 130 136 140 145 148 153 157 160 161 165 167 168 179 187 199 200
23 177 24 27 36 38 43 47 51 62 63 66 68 72 76 80 87 88 98 99 102 110 115 117 129 144 155 157 162 179 181 185 187 188 191 195
24 78 25 31 39 44 46 47 51 54 64 67 72 77 83 85 92 97 98 113 119 120 134 145 149 150 153 156 159 160 167 170 172 179 190 192 193 199
25 106 26 29 32 37 40 53 57 58 60 64 65 74 83 86 87 88 99 106 113 124 125 127 128 131 148 156 164 171 181 188 189 191 195 198
26 5 31 37 45 46 53 56 57 60 64 69 90 98 103 104 107 112 113 116 119 125 130 132 140 144 152 160 178 188 194 195
27 213 34 35 57 63 66 82 85 87 88 93 96 97 110 111 112 118 123 128 130 136 137 142 143 145 147 153 158 167 169 176 194
28 204 32 37 53 56 57 69 73 82 84 85 91 98 101 103 105 109 115 118 120 128 138 139 144 149 150 155 156 163 169 179 180 196 198
29 17 31 36 43 49 52 60 73 75 90 94 102 113 115 123 125 131 132 137 142 148 149 155 165 166 172 184 185 187 189 196 198
30 203 40 43 44 47 53 58 60 73 77 78 79 80 88 93 96 97 110 114 125 129 141 147 150 152 157 158 160 163 168 175 177 192 194
31 208 37 42 43 47 48 54 59 61 63 70 74 75 81 82 83 88 101 103 112 114 123 126 128 131 136 144 160 166 169 170 174 178 186 187 193 195
32 55 35 37 38 39 45 46 48 50 51 57 58 64 72 74 87 89 90 97 106 108 109 121 125 128 131 133 136 139 141 148 159 167 171 177 180 191 197
33 132 36 45 48 50 52 53 58 60 61 76 86 99 108 110 114 122 124 132 136 138 145 147 149 155 167 169 177 181 183 186 190 197
34 50 46 50 57 62 73 74 75 92 93 94 99 108 125 133 134 143 145 151 152 154 159 163 166 172 182 183 187 192 194
35 225 41 44 49 56 62 69 91 94 95 96 102 103 116 128 135 143 150 153 166 171 174 178 182 184 187 194 196 198
36 158 41 42 44 45 49 51 52 55 56 59 62 66 68 73 74 78 87 89 92 97 99 100 101 102 104 109 110 112 115 120 122 127 130 134 139 144 145 148 154 162 170 173 174 178 184 188 191
37 115 38 50 57 63 77 82 84 89 102 115 116 125 126 129 141 142 155 169 171 177 182 196 198
38 219 42 45 47 55 65 72 75 83 90 97 105 107 126 131 132 139 143 156 158 161 163 167 172 173 177 186 189 193 194 198
39 137 51 56 60 63 74 75 78 83 89 93 99 105 106 116 121 124 127 131 134 137 138 142 144 155 157 158 161 163 170 175 182 186 188 190 199
40 108 44 47 48 56 59 64 66 71 79 80 83 88 99 103 104 105 110 112 123 127 133 134 140 143 145 149 160 168 178 187 190 199
41 160 46 50 63 65 69 70 83 85 86 91 93 101 102 111 112 116 119 120 123 127 133 138 140 141 144 148 150 152 155 169 170 172 176 179 186 189 196 200
42 58 53 54 59 60 65 67 73 75 84 86 100 109 116 120 130 134 144 145 146 148 149 155 157 161 169 175 177 188 194
43 227 48 54 64 66 72 76 78 83 87 93 95 103 104 111 115 117 120 129 135 142 167 168 169 174 192 193 197
44 175 45 53 62 66 73 77 80 89 91 94 95 102 107 108 115 122 125 126 128 132 135 141 142 152 154 155 161 164 167 173 174 175 183 185 186
45 214 47 53 55 58 59 60 61 63 66 67 69 72 76 80 81 94 95 111 116 122 123 132 137 142 143 155 159 161 162 163 169 178 184
46 82 48 51 65 68 69 70 80 81 83 88 91 95 100 104 105 114 145 146 151 159 160 161 162 164 165 172 178 184 185 186 192 195 197 200
47 16 53 55 69 74 82 84 85 100 102 104 107 109 116 123 125 126 137 139 141 142 143 146 148 152 153 155 160 168 175 180 181 185 186 188 193 200
48 236 50 54 56 62 65 68 70 75 77 82 86 89 98 99 100 104 106 108 109 120 126 128 131 144 149 154 156 170 176 177 186 187 188 191 194 199
49 207 52 57 61 68 70 83 84 91 93 110 111 114 119 120 137 141 146 164 165 167 171 174 185 192 198
50 180 55 59 63 68 74 86 92 94 99 102 104 112 122 128 135 137 147 154 156 157 160 163 167 176 180 181 182 183 190 193
51 159 54 61 63 65 66 67 68 69 73 85 88 92 97 100 102 109 113 114 115 116 120 123 133 141 144 149 160 165 170 171 178 182 194 200
52 235 56 57 60 62 67 74 87 90 111 113 118 126 128 131 132 136 143 148 152 154 155 164 172 175 176 177 178 184 186 190 191 194
53 211 54 55 62 73 74 78 80 84 85 90 98 115 120 124 127 130 132 137 141 144 150 156 157 160 170 171 176 180 182 183 184 187 195
54 60 55 56 58 68 70 84 98 101 113 117 130 133 136 145 146 148 150 155 157 158 165 166 189 199
55 145 56 67 69 76 80 88 90 96 99 104 108 109 113 126 132 138 142 143 147 149 153 157 159 161 180 188 193 200
56 238 71 75 78 99 107 112 116 119 121 122 133 136 137 141 148 151 157 167 179 181 190 191 198 200
57 51 69 72 79 82 84 93 98 100 105 112 115 116 127 132 136 145 149 152 154 158 165 167 168 169 170 174 182 186
58 58 64 74 82 83 86 92 93 99 100 103 104 107 115 118 120 121 125 128 135 136 146 149 156 161 162 166 167 173 179 181 182 184 185 193 198 199 200
59 153 61 65 70 72 75 86 93 94 95 102 105 107 109 116 118 119 122 126 136 146 153 164 165 174 175 178 181 184 187 191
60 26 65 68 70 74 89 91 93 94 101 108 112 118 124 126 133 134 140 143 144 149 152 163 164 172 177 183 184 188 198 200
61 50 65 68 70 73 77 82 90 92 97 103 109 113 117 125 126 127 131 144 147 150 154 155 156 159 164 166 169 173 180 197 198
62 71 63 66 71 74 77 89 94 95 99 109 110 113 123 125 131 142 148 161 165 168 171 172 179 180 187 189
63 32 67 71 72 75 76 83 92 93 94 96 97 98 105 114 115 116 119 121 127 134 138 139 164 187 190 196
64 60 70 73 74 80 85 87 90 98 101 109 111 117 132 134 143 146 156 159 162 164 168 172 174 177 179 186 193
65 181 69 70 76 81 87 94 96 97 98 103 110 114 118 123 128 144 147 148 151 160 167 169 175 180 185 192 198 200
66 244 70 73 74 89 90 93 97 102 107 127 134 136 141 144 146 150 154 158 159 176 178 183 194 196
67 15 69 72 85 91 108 118 123 124 128 133 143 145 147 148 154 166 167 172 174 178 182 187 189 191 195
68 243 71 72 74 77 79 80 83 86 92 93 98 103 104 105 115 116 120 121 123 126 136 145 152 156 157 161 172 176 183 188 189 191 195 199
69 53 70 87 109 116 117 118 121 127 132 134 139 152 162 163 165 167 169 185 188 197
70 179 73 77 78 82 83 92 93 98 102 105 110 116 123 127 130 152 155 157 159 162 165 169 170 176 179 180 182 191 195 199
71 142 72 76 77 85 86 87 93 96 101 103 105 107 111 121 123 127 129 134 140 146 147 156 160 163 164 165 168 170 171 181 194 195 200
72 60 76 88 90 96 100 108 120 128 129 130 131 135 136 137 139 147 150 155 157 161 162 170 171 175 183 185 186 188 190 194 196 199
73 13 81 83 87 88 93 95 96 98 101 106 120 129 142 143 146 148 149 151 153 154 155 159 168 179 181 182 184 192 195 196 200
74 30 77 84 85 94 95 103 106 109 126 142 150 157 161 164 172 176 179 183 188 190 191 200
75 238 78 81 82 85 88 95 100 101 103 108 120 123 125 129 135 148 149 151 153 154 160 169 176 178 182 188 192
76 52 79 87 88 90 95 101 103 106 112 114 115 119 127 129 132 133 142 152 154 155 161 163 172 174 177 187 193 197 198
77 31 78 79 81 84 88 94 95 100 102 107 108 111 114 115 116 119 124 133 138 145 149 153 162 170 178 182 185 195
78 9 83 88 90 95 101 108 109 113 119 124 125 126 140 141 142 158 159 162 166 169 175 176 180 187
79 179 83 86 98 99 106 114 125 129 144 146 150 151 154 156 174 186
80 166 89 95 100 104 117 127 129 132 136 138 139 143 145 147 151 152 153 155 159 160 169 188 189 197
81 150 93 94 114 115 116 120 127 141 142 148 155 172 173 174 177 178 180 185 186
82 182 83 85 87 92 96 101 104 109 113 114 117 123 126 127 136 139 145 156 164 177 193 194 196
83 46 86 97 98 109 110 112 119 130 133 146 151 160 166 167 171 176 177 194 195 198 199
84 210 87 96 98 104 105 110 115 120 121 123 134 140 143 144 149 157 164 169 172 179 180 184 185 190 193
85 183 93 95 97 98 100 105 106 109 115 120 132 133 135 136 141 143 152 155 165 178 181 185 186 193 196 197
86 54 91 92 97 102 112 116 132 134 141 142 148 154 159 163 166 180 186 188 189 192
87 140 89 90 94 117 127 140 146 156 160 164 170 171 172 175 178 180 181 185 191 193 197 200
88 203 97 98 104 111 112 128 129 130 134 137 141 143 144 153 159 168 176 178 184 188 192 194 198 200
89 167 91 93 94 96 100 107 108 116 118 119 121 123 125 128 133 134 138 143 154 157 165 174 178 183 190 194 196 199
90 85 93 101 102 104 107 110 112 116 119 122 129 133 136 146 156 164 166 171 174 178 182 183 185 186 189
91 217 97 102 112 116 117 121 127 155 157 165 167 170 172 174 176 182 184 187 189 190 192 197
92 89 94 99 106 107 110 112 114 121 133 137 151 154 162 163 176 177 180 181 182 184 187 193 195 196 198
93 23 100 109 110 111 114 115 120 121 124 134 135 142 143 146 147 152 153 160 181 184 187 188 189 190 192 194 197
94 146 95 96 97 103 111 115 123 144 151 154 158 167 173 183 193 194 196
95 159 101 102 104 105 107 109 114 119 120 127 132 134 141 156 161 162 166 167 170 171 172 173 176 178 179 186 195
96 118 99 104 105 107 117 121 122 131 135 143 145 146 150 151 152 156 157 161 170 177 183 187 188 193 199 200
97 176 98 105 108 110 115 123 126 129 135 136 137 145 155 157 159 161 162 174 178 179 181 182 183 190 191 194 196
98 37 102 103 113 116 117 127 131 132 141 144 147 150 151 154 155 156 158 168 169 179 186 190 191 193 194
99 193 103 106 119 120 125 126 127 129 136 142 147 157 158 161 168 170 174 175 177 180 181 184 190 199
100 104 103 111 115 117 119 121 122 128 129 134 136 140 142 143 154 160 165 170 171 173 178 181 188 189 192 195
101 84 103 104 114 117 118 133 135 136 139 146 155 162 169 172 174 177 181 185 187 193
102 86 107 109 110 128 134 138 153 154 155 159 165 167 176 178 186 187 196 200
103 128 107 116 132 133 141 143 148 152 155 157 158 159 163 165 176 177 178 179 180 182 184 187 191 193
104 115 107 117 124 138 139 152 154 165 167 170 174 178 182 191 194 196 197 198
105 178 107 115 116 119 120 123 136 137 140 141 146 152 159 165 171 172 183 184 187 193
106 206 116 123 130 133 139 142 148 152 155 161 163 167 170 173 175 196
107 214 110 118 121 123 128 131 133 147 151 163 170 171 175 188 192
108 53 110 112 113 115 117 120 144 148 154 155 161 172 173 183 193 194 196 199
109 163 112 116 121 126 133 150 151 154 158 163 165 176 179 186 187 189 191 192 194
110 170 111 121 126 130 132 147 151 157 158 166 173 174 178 179 185 186 188
111 100 121 128 139 146 148 149 163 165 168 188 192 198
112 192 113 120 121 123 135 140 141 145 152 156 162 163 173 177 179 190 192 196
113 191 116 123 125 130 132 139 142 149 150 156 159 161 168 172 187 195 198
114 238 115 117 132 134 136 137 142 153 160 161 162 166 167 168 184 187 189 193 195 196
115 241 118 121 125 129 133 136 139 140 141 147 150 153 157 176 180 181 184 186 189 194 195 199 200
116 109 119 120 121 124 139 140 141 147 148 151 154 156 164 166 170 175 176 191 192 195
117 88 119 121 129 131 142 144 150 160 163 165 166 167 168 179 184 185
118 134 121 130 136 144 146 147 151 153 158 160 172 173 175 177 182 189 196
119 227 123 132 138 145 149 151 152 157 160 165 167 168 174 184
120 93 126 138 145 151 159 164 175 179 186 195 196 198
121 161 126 128 133 134 142 146 149 151 153 161 164 180 182 193 195
122 25 127 129 140 149 150 159 166 182 192 194 198 199
123 151 135 136 137 143 153 155 157 169 177 179 181 186 191 193
124 218 127 129 134 137 138 143 145 150 159 172 174 175 181 182 190 191 194 196
125 17 136 137 142 154 162 169 172 175 182 193 198
126 241 133 145 148 152 159 164 166 168 169 172 182 184 185 190 192 195
127 220 130 133 134 136 143 144 152 156 165 178 183 185 187 190 195 196 199
128 153 131 143 151 155 185 187 193 200
129 156 130 136 139 148 153 160 175 185 189 194 197
130 128 132 137 142 151 152 153 154 155 158 164 175 178 179 180 183 186 188 192
131 225 132 156 160 162 163 174 175 178 180 181 186 190 193 195 199
132 157 137 145 146 147 150 155 156 158 164 171 176 179 187 197 200
133 29 136 138 141 142 143 145 146 148 165 167 173 177 178 191
134 41 139 143 147 150 158 162 166 167 174 175 183 186
135 100 145 152 159 160 166 167 168 173 174 179 180 184 187 189
136 66 138 144 157 159 161 164 174 175 178 179 181 183 186 187 190 199 200
137 87 150 155 158 160 163 171 177 189 190 191 200
138 107 140 143 145 149 154 155 157 162 163 168 171 175 180 182 184 187 188 190 191 193
139 154 153 155 159 171 172 173 178 184 187 199 200
140 244 141 145 147 150 159 180 187 197 199
141 230 145 151 160 170 172 174 182 184 186 187 191 193
142 21 148 153 157 160 170 172 176 179 181 190 200
143 226 144 151 161 169 175 176 177 181 185 193 197 200
144 40 161 162 166 173 174 175 180 182 185 191 197 198
145 215 147 161 163 164 168 170 176 177 179 180 183 185 187 190 195 199 200
146 2 148 153 154 157 175 177 181 183 188 194 199
147 88 148 153 157 180 184 185
148 210 151 154 156 176 182 184 190
149 155 162 168 180 187 188 189 190 191 192 193
150 171 158 166 176 179 181 182 187 191 194 195 197 200
151 103 152 165 167 173 175 180 185 189 190 200
152 126 153 156 157 172 177 190
153 187 154 158 160 161 165 166 170 184 186 189 192 199
154 230 157 158 168 174 183 189 191 192 193 194 197 200
155 209 158 164 169 170 180 182 184 186 192 194 195 197 198 200
156 216 171 172 181 184 189 192
157 188 158 160 165 168 170 175 179 183 184 186 188 189 194 199
158 205 160 174 177 181 183 185 190 197 199
159 226 161 164 165 168 169 179 181 182 183 193 194
160 193 163 164 170 171 181
161 103 166 176 177 193
162 130 164 166 169 174 175 181 186 189 196 197
163 86 164 167 170 176 178 184 190 194
164 41 171 176 179 189 190 195
165 28 170 171 174 181 189 197
166 186 168 169 171 173 177 180 184 190
167 197 170 179 180 181 185 186 190 191 192 195 199
168 59 173 174 175 177 179 186 190 195 196 200
169 113 182 191 197 198 200
170 168 183 193 196
171 66 174 175 176 180 184 185 189 200
172 166 176 177 178 183 187 190 192 194 195 198
173 171 174 177 178 179 186 191
174 55 175 182 187 191
175 134 181 183 184 186 188 191
176 37 179 183 189
177 52 180 182 184 185 190 196 197 200
178 45 180 184 190 192
179 192 185 191 195
180 16 188 191 194 198
181 185 188 191 199
182 77 183 186 190
183 99 188 189 194
184 125 185 197
185 92 187 190 192 193
186 219 188 191 197 198 199 200
187 150 190
188 112 192 200
189 11 191 192 195
190 178 191 193 195
191 73 195 200
192 114 198
193 195 194 196 200
194 70 199
195 7 197
196 124 199
197 42
198 200 200
199 192
200 91
