200
1 59 9 12 24 26 28 30 40 45 46 47 54 55 58 63 66 70 74 75 76 78 85 91 92 96 106 108 112 125 132 134 141 146 150 153 154 156 158 160 167 171 180 187 188 194 197
2 191 5 10 11 14 15 25 31 48 51 53 58 63 81 85 94 96 98 99 112 113 115 116 123 124 130 131 132 134 138 143 146 153 158 165 174 175 178 179 184 187
3 39 6 11 21 23 34 47 49 53 55 66 69 79 80 83 88 98 104 107 113 132 135 137 139 141 142 143 149 152 154 161 163 164 178 179 187 188 189 190 198
4 6 6 8 9 11 13 18 19 30 31 33 36 37 44 47 54 59 75 82 84 86 87 103 106 115 120 126 127 130 131 134 135 136 139 141 148 156 168 171 172 175 180 187 188 195 197 198
5 211 6 8 9 14 17 20 24 26 27 31 39 40 43 50 61 72 76 80 89 93 98 99 104 114 115 117 119 122 125 126 128 133 134 141 142 143 146 149 152 155 158 165 174 193
6 231 17 19 21 23 29 32 33 39 48 51 59 61 64 70 73 75 84 85 88 89 98 102 103 108 116 119 122 124 125 128 137 141 143 145 148 149 166 173 180 181 188 189 191
7 27 8 9 12 13 32 35 44 45 46 48 58 61 65 69 73 77 80 89 92 109 117 119 121 145 151 152 154 157 158 163 169 170 171 181 184 188 194 198
8 167 11 32 33 34 38 49 51 57 58 59 61 75 94 96 97 99 103 105 111 115 116 122 124 132 135 149 151 154 157 168 169 170 172 175 183 189 192 194
9 8 13 15 29 30 31 42 47 49 59 66 79 81 85 87 89 98 99 103 104 109 113 116 117 118 126 127 134 138 140 143 151 153 157 170 180 183 184 185 186 187 189 193 198
10 55 13 15 17 22 47 48 53 55 57 62 64 67 73 94 99 104 118 119 123 125 128 131 133 146 154 163 165 173 174 175 180 187 188 190 191
11 19 12 13 14 15 17 19 27 29 49 54 62 64 71 81 94 101 102 104 106 109 112 126 129 130 131 142 146 147 150 159 164 165 169 178 179 184 185 186 187 199
12 223 13 15 27 29 32 36 51 53 55 56 57 59 65 68 69 70 72 79 89 95 99 105 109 125 126 133 134 138 141 143 147 149 151 158 165 169 170 172 176 182 188 189 194 195
13 214 15 17 19 34 36 37 40 43 44 48 52 56 60 68 78 81 82 83 89 93 97 100 106 107 108 119 123 127 131 134 141 150 152 155 157 160 169 176 179 182 183 188 196 198
14 148 24 25 33 34 35 37 44 48 49 57 58 59 60 64 73 74 87 97 99 102 103 104 106 108 114 116 126 129 133 149 153 160 161 163 166 179 184 187
15 99 20 26 29 39 44 45 46 50 52 53 56 60 61 64 68 69 75 80 82 91 99 102 112 113 120 123 140 144 146 147 148 160 165 174 175 182 186 187 195 198
16 193 17 19 29 32 40 42 62 65 67 73 90 93 95 96 113 117 119 130 132 135 139 141 143 146 147 152 156 157 158 163 164 165 172 174 188 194 199
17 94 22 40 41 53 60 62 78 87 92 97 99 105 106 108 109 111 115 116 121 122 129 131 134 148 171 172 174 179 185 189 190
18 141 42 48 57 66 71 74 87 90 99 116 122 124 127 129 132 137 147 150 154 155 159 160 161 164 170 186 195 197 200
19 224 33 35 48 57 59 70 78 79 80 85 87 91 92 97 102 103 111 112 113 123 124 125 145 150 152 156 159 163 166 172 192
20 5 21 23 24 40 55 56 59 72 74 79 81 84 89 93 94 95 102 107 111 113 118 136 141 153 159 163 166 167 183 193 197 198 200
21 81 26 37 41 43 50 54 58 62 69 71 79 84 88 104 109 110 115 127 134 144 165 176 178 179 182 185 186 190 191 194 200
22 200 26 33 38 40 43 45 49 51 73 75 90 91 93 94 98 112 132 140 143 144 147 148 160 162 164 167 170 172 173 177 183 185 191 194 196
23 113 25 30 35 42 47 50 58 66 69 72 73 101 107 108 123 125 127 129 135 137 143 144 145 151 152 153 162 163 165 169 176 179 180 182 189 190
24 246 27 31 32 33 39 40 41 42 43 48 52 54 58 62 63 67 69 77 90 92 94 98 99 109 116 128 131 133 137 138 160 161 171 172 188 197 198 200
25 62 41 47 49 50 58 64 81 82 87 92 96 102 104 105 112 123 125 130 139 145 158 175 179 187 195 196 197 198
26 96 30 32 34 35 36 37 42 45 52 57 63 65 67 69 73 83 88 106 111 114 121 122 129 135 140 142 143 144 147 149 150 154 156 159 161 164 165 175 178 179 183 192
27 47 30 32 33 43 44 57 59 63 70 77 78 80 81 85 86 87 89 90 103 104 105 106 116 123 125 141 144 152 154 156 159 160 163 166 168 170 176 180 181 190 192
28 162 29 32 37 39 41 50 54 55 57 69 82 94 96 104 106 110 119 130 131 143 144 145 147 153 154 166 168 175 197 198 199 200
29 164 31 33 43 47 51 60 67 72 76 77 85 86 89 91 94 101 102 106 114 122 123 127 138 141 145 151 159 169 172 176 178 181 185 195 196 200
30 235 31 42 45 49 63 67 71 76 80 82 98 106 108 117 118 122 127 136 138 150 154 160 164 174 178 179 180 188 190
31 68 40 41 42 46 47 50 54 55 66 70 75 79 81 104 107 108 110 115 119 120 128 131 132 136 142 161 163 170 193 198
32 216 34 35 36 44 45 46 47 51 55 73 76 79 88 91 97 102 104 114 123 127 129 137 140 145 150 153 161 164 185 188 190
33 103 37 39 48 51 63 72 73 78 83 86 89 90 92 110 113 115 123 125 128 139 143 145 146 155 161 168 176 177 179 182 186 191 193 195
34 22 36 37 40 41 54 65 66 70 73 74 77 78 79 82 83 84 94 114 119 120 130 143 152 156 158 159 162 170 184 186 193 199
35 174 38 43 46 47 59 61 68 74 79 87 99 103 110 126 130 132 137 142 145 146 147 155 156 161 163 166 169 170 174 176 181 187 190
36 160 40 41 48 54 67 71 72 74 77 83 87 89 103 107 108 121 127 130 132 137 146 147 150 153 156 162 163 166 172 174 175 179 187 189 190
37 5 41 49 53 65 66 75 86 100 106 108 110 120 121 123 128 129 132 134 140 147 148 149 152 155 156 158 173 174 175 190 191 195
38 61 44 46 53 58 69 71 72 90 92 93 94 96 97 99 104 106 111 114 116 126 127 131 132 134 135 141 148 151 158 163 164 170 173 179 181 183 186 188 199 200
39 237 40 44 46 47 49 50 54 55 56 58 61 67 68 70 75 83 87 93 100 103 106 107 118 129 132 145 149 150 153 169 173 174 180 182 185 194
40 188 44 47 50 51 54 57 59 62 66 67 69 71 81 84 87 88 97 99 107 108 111 112 115 121 130 144 145 151 179 185 189 190 191 192 193 199
41 226 44 45 62 64 70 71 79 81 83 85 91 102 106 107 112 117 128 130 135 144 157 162 163 168 169 170 195 196 200
42 88 51 55 58 59 61 62 65 69 72 75 93 102 104 106 110 115 119 120 131 134 135 145 166 171 172 185 192 194 195 198
43 249 44 52 54 58 81 83 84 85 86 89 92 98 104 105 108 110 122 124 126 138 149 150 160 165 177 181 184 195 198 200
44 112 51 52 56 58 61 68 71 85 89 90 94 95 100 109 117 123 124 129 136 139 153 159 161 166 171 174 177 180 188 194 199
45 107 55 57 59 65 77 80 83 85 86 88 113 115 122 127 128 130 131 136 141 144 149 150 151 152 157 159 160 161 162 166 178 182 184 187 191 194 198
46 132 60 61 62 71 76 78 79 82 92 93 96 97 100 102 103 104 110 114 117 118 121 128 129 135 138 140 143 157 171 176 179 182 190 192 193 195 197
47 111 48 56 61 73 74 78 79 80 90 96 97 98 107 113 116 122 126 136 137 141 142 144 155 161 165 170 174 175 179 183 184 187 191 193 195 196
48 139 51 53 56 59 71 75 84 95 110 113 118 138 141 143 145 152 157 158 160 165 167 181 194
49 177 53 58 59 60 73 75 93 95 100 103 108 110 113 116 118 127 131 133 141 147 149 150 172 178 183 191 193 199
50 44 71 80 90 92 93 103 107 111 112 113 115 123 128 136 138 139 146 150 152 153 166 182 183 186 187 192 195 197
51 81 54 56 58 61 63 66 72 78 86 88 97 99 103 110 112 113 115 116 117 130 131 133 137 147 149 153 159 164 166 171 172 184 187 190 191
52 180 57 63 80 81 83 91 96 103 110 111 132 136 144 148 153 160 165 168 173 184 191 198
53 239 56 57 70 96 97 100 103 106 115 117 119 120 121 122 123 131 138 142 168 171 172 173 183 186 188 189 198
54 145 55 57 59 64 68 73 74 82 84 87 88 93 95 102 108 111 118 127 140 143 152 153 155 158 164 179 180 187 192 196 198
55 105 60 65 69 70 78 79 80 86 92 97 98 99 119 120 123 130 133 138 149 154 156 167 168 179 190 192 197
56 38 58 70 71 80 84 106 109 119 120 122 133 141 143 153 154 159 165 167 168 169 170 182 189
57 123 61 63 65 70 78 79 87 91 95 102 105 109 119 122 132 134 139 152 153 158 160 163 167 180 183 185 192 194 196 198 200
58 142 62 74 79 81 88 91 92 93 106 108 113 119 120 124 126 131 132 137 145 152 155 160 161 166 167 171 172 179 182 190 191 193 194
59 119 67 82 86 87 92 97 99 118 123 127 137 141 146 149 152 156 157 169 173 176 184
60 129 64 65 68 70 81 85 87 93 98 99 103 107 111 118 123 130 140 142 144 147 149 151 153 154 155 158 159 165 167 171 177 179 181 185 186 193 200
61 11 68 72 78 80 81 98 101 107 114 127 131 135 137 139 140 151 154 157 160 162 163 164 170 176 180 185 193 194
62 41 65 67 68 79 86 88 105 108 111 114 118 125 126 128 131 133 142 145 146 149 156 162 166 176 187 188 189 190 195
63 66 65 68 83 85 91 97 103 106 117 122 124 128 129 131 134 137 149 151 155 161 164 170 173 175 177 180 181 186
64 107 68 76 79 81 87 94 102 105 107 108 111 115 123 129 130 148 181 186 187 189
65 134 91 92 101 123 131 137 138 145 148 149 150 162 163 165 166 175 176 181 183 184 188 193 195 200
66 221 67 69 87 90 91 93 96 101 112 115 118 126 129 134 146 148 149 151 152 156 159 172 174 180 191 193 195 199
67 219 73 78 79 92 93 101 105 111 112 125 126 127 136 141 143 146 149 151 152 157 163 168 173 187 191 193 199
68 39 71 72 74 75 79 92 95 96 110 114 122 123 128 129 131 133 135 137 150 151 153 154 160 164 170 183 185 194 195
69 248 76 82 87 88 89 90 92 101 104 118 119 120 131 133 141 150 152 157 159 161 162 173 183 191 195 198
70 159 78 83 87 88 100 103 118 127 129 134 140 143 189
71 41 80 92 95 113 114 124 131 139 144 146 150 154 163 165 179 184 188 196
72 237 81 87 96 103 108 110 111 123 124 126 130 137 138 141 154 156 163 166 177 186 187 193 195 198 200
73 183 75 79 84 89 90 92 93 97 103 106 107 109 111 113 121 133 134 136 142 143 145 158 161 162 164 165 166 170 178 183 184 186 188 190 198
74 188 76 77 79 81 83 86 87 99 102 105 111 113 123 126 127 139 140 142 145 146 158 174 178 185 191 195
75 184 77 105 113 114 125 132 141 145 147 149 158 160 161 166 167 168 173 176 185 190 192 196 200
76 174 85 88 93 100 108 114 117 120 126 128 129 132 133 147 149 153 155 167 168 171 173 176 178 180 182
77 128 79 83 85 86 90 91 107 112 114 117 127 131 133 139 140 143 156 160 163 165 168 171 179 182 197
78 56 80 81 86 90 92 101 106 107 112 120 127 131 138 149 154 160 167 172 173 179 194 195 198 199
79 94 80 81 85 91 99 102 104 107 113 114 115 116 117 121 134 136 138 143 144 152 160 174 176 183 188 198
80 56 83 87 97 106 109 111 112 113 114 117 119 122 124 136 147 156 160 162 164 166 169 170 173 182 184 200
81 183 85 88 93 96 97 109 112 115 148 152 154 155 156 157 158 159 161 165 170 175 178 181 186 187 192 193 196
82 160 86 89 90 91 94 106 108 109 114 117 120 121 126 127 130 131 139 145 151 156 166 169 174 177 181 184 185 198 199
83 93 84 86 90 94 96 97 100 102 104 106 111 117 119 131 139 144 156 164 186 189 192 193 195 196 198 199
84 4 86 100 104 110 114 117 118 133 140 148 152 157 162 171 173 180 182 187 190 193 198 199
85 112 90 100 106 109 116 120 125 128 131 139 152 155 156 157 160 183 185 187 189 193 196
86 219 92 98 99 105 126 132 133 141 142 144 145 150 152 154 156 164 165 172 178 186 192 196
87 143 94 95 104 105 112 113 116 117 119 121 123 129 130 131 132 136 147 149 150 152 154 155 159 162 166 168 170 171 175 183 191 195 198
88 157 89 90 92 93 96 99 100 103 104 108 111 113 116 119 121 124 127 128 129 141 152 154 159 161 164 165 178 179 194 195
89 55 90 94 97 100 104 123 125 129 132 133 140 141 146 148 151 162 165 173 179 183 193 200
90 12 92 99 100 101 110 111 113 125 126 132 135 142 143 145 146 150 152 155 160 165 180 183 194 196 197
91 157 93 108 113 114 116 120 124 129 131 135 137 150 151 156 159 166 171 177 189 191 195 197
92 141 106 111 119 121 122 123 124 126 129 130 133 146 153 154 158 166 168 174 181 185 189 190 199
93 151 101 107 111 122 124 127 129 139 145 151 154 159 162 164 169 171 184 186 190 196 197 199
94 196 100 106 112 113 118 124 128 132 133 134 136 139 141 146 154 158 161 171 179 191 196 199
95 83 104 108 111 114 131 132 134 140 151 157 162 172 173 178 189 194
96 236 104 105 110 116 122 127 130 132 133 140 144 145 162 167 168 175 176 183 185 196 199
97 75 100 101 103 120 121 139 141 142 143 146 148 150 153 160 164 169 171 173 182 184 199 200
98 83 99 102 110 112 116 122 126 131 135 163 167 168 172 175 178 181 185 189 190 193 196
99 103 110 115 120 128 140 141 160 167 168 170 172 179 198
100 170 103 107 113 117 119 124 125 126 128 136 143 149 151 161 162 167 169 170 172 174 179 181 182 183 189 190 193
101 178 105 114 116 130 139 144 149 159 161 163 164 188 192 194 197
102 129 110 122 131 132 134 135 138 142 144 154 162 170 182 187 191 192 197
103 189 107 123 126 132 137 141 143 157 160 176 191
104 126 119 120 132 150 175 183 184 186 188
105 6 109 117 118 119 120 122 124 134 139 149 151 167 170 173 175 178 179 193 194 197
106 34 107 109 118 119 129 130 138 140 147 156 157 159 161 162 165 192 199
107 98 111 112 113 115 116 120 123 127 130 138 139 141 142 143 148 152 158 160 165 172 175 183 190 191 193 195 196 200
108 145 110 111 113 120 133 143 144 148 160 173 177 181 182 186 194
109 123 116 126 127 136 142 148 150 152 158 160 164 167 170 177 189 191 193 196 198
110 187 111 116 118 121 127 133 144 146 151 156 157 174 175 179 182 184 190 200
111 52 113 115 117 131 143 145 148 149 156 164 168 169 180 184 185 186 187 189 191 192
112 250 116 117 118 120 124 140 141 144 152 156 157 158 166 168 171 174 179 181 186 195
113 9 119 122 125 127 128 139 141 145 146 149 159 164 171 173 174 181 183 184 197 199
114 115 115 116 120 121 126 127 129 130 135 142 154 169 182 186 188 195 199
115 194 116 119 124 130 135 142 146 147 149 154 174 181 183 195 196 198 199
116 239 122 136 147 159 166 172 179 183 190 196 199
117 221 119 124 125 127 129 131 133 137 150 162 170 173 177 178 181
118 168 125 127 137 139 142 144 147 150 156 163 165 172 174 176 186 190 191
119 44 126 140 159 183 184 189 192 194 199
120 216 121 129 130 133 134 136 153 156 165 171 174 178 186 187 188 194 195 199 200
121 84 122 123 136 137 149 151 163 166 176 192 193 194 195 198 199
122 91 124 125 133 135 138 139 143 149 152 159 161 163 172 174 183 185 197
123 65 124 131 148 149 150 152 160 161 174 179 180 188 197
124 48 127 132 135 136 149 150 156 160 163 166 167 171 172 176 178 186 188 190 196 199
125 91 139 141 152 155 156 157 158 165 172 177 179 180 182 186 187 193 196 197
126 241 136 145 146 153 160 166 172 173 174 197 198
127 63 136 141 147 148 152 161 165 166 167 178 179 180 183 196 198
128 82 129 133 136 137 138 139 143 145 153 157 159 162 164 165 166 173 178 183 194 195
129 43 131 135 144 155 156 157 158 159 160 161 162 168 174 179 195 196 199
130 65 133 136 138 146 163 164 168 172 174 177 178 181 186 189 190 193 200
131 15 132 143 146 148 150 160 164 168 172 175 181 192 196 199
132 54 135 146 148 152 157 159 179 180 181 182 185 197
133 100 135 157 159 181 190 191 194 196
134 114 136 149 151 155 159 161 171 174 178 179 187 189 192
135 64 136 140 144 153 157 158 162 169 175 179 184 185 191 194
136 18 143 144 157 167 168 172 174 181 185 187 190 192 200
137 18 143 145 151 159 160 164 169 181 183 190 199 200
138 219 143 147 152 156 159 169 176 178 179 184 185 192 193
139 24 141 145 149 159 168 173 175 176 187 192 194 198
140 242 151 152 154 155 157 166 174 179 181 187 189 191 192 194
141 11 148 154 164 167 171 172 181 184 193 195 197 199 200
142 87 147 152 153 155 156 168 171 181 185 195 200
143 119 148 152 162 163 164 171 172 177 184 193 199
144 129 157 164 197
145 245 147 152 155 157 158 175 182 184 186 188 190 192 195 196
146 202 150 151 155 161 170 171 177 178 183 189
147 74 163 166 169 171 175 184 185 192 200
148 126 151 153 158 160 170 175 176 177 189 190 191 195
149 159 153 155 163 182 185 193 200
150 30 151 154 162 163 164 166 168 188 190 194 198
151 6 159 161 169 176 185 190 200
152 179 157 163 165 169 172 180 183 184 188 192 193 195 196 198 199
153 131 157 159 164 166 171 173 174 175 178 179 182 184 191 193 196
154 180 166 178 181 184 186 187 194 195 197 198
155 3 158 165 168 169 176 177 186 187 195 199
156 179 158 160 167 174 177 179 180 181 182 186 194 197
157 158 164 170 174 176 179 186 190 192 198
158 4 160 168 172 187
159 81 165 166 171 175 179 182 186 187 188 192 193 196
160 230 161 167 169 180 181 185 194 196 200
161 102 167 174 179 186 189 190 192 195 196 197 198 199
162 41 165 170 172 173 177 181 183 188 190 191 198
163 147 169 170 180 186 187 192
164 170 165 169 171 176 191 192 198
165 141 172 180 185 186 187 189 193 196
166 46 169 177 181 183 187 191 194 197 198
167 182 169 173 190 199
168 178 169 181 184 188
169 238 175 179 182 192
170 250 177 188 192
171 2 177 178 185 188 190 196 200
172 155 174 188 191 200
173 30 174 175 176 179 183 185 190 194 200
174 103 179 182 196 198
175 64 193 194
176 201 191 197
177 177 178 180 184 185 189 197 199 200
178 123 185 186 190 199
179 181 180 181 200
180 131 181 182 184 186 189 195 198
181 88 184 186 188 194 197
182 133 184 188 189 193 194 195 196
183 114 189 190 192 193 194 197 199
184 111 187
185 61 187 191 193 194 198
186 244 187 190 193 194 195 197
187 142 190 198 199
188 89 191 196
189 2 190 191 193 194
190 104 193 196 198
191 98
192 113 197
193 11 197 200
194 47 195 197 198
195 202 199
196 222 199
197 249
198 146 200
199 192
200 221
