200
1 27 2 3 4 6 7 9 11 13 15 16 18 21 22 24 25 27 28 30 31 32 34 35 36 37 39 41 43 44 46 49 50 51 54 56 57 58 59 60 62 68 69 71 73 75 77 78 80 81 82 83 88 89 90 92 93 94 95 96 97 99 101 102 103 104 106 107 108 109 111 112 113 114 115 119 120 121 124 125 126 127 129 132 133 134 135 136 138 139 142 143 144 145 146 150 151 152 154 155 158 160 161 162 163 164 165 166 169 170 171 174 175 176 177 178 179 180 182 184 185 188 194 195 197 200
2 172 4 5 6 7 8 9 10 11 12 13 17 18 19 20 22 23 24 25 26 28 29 32 33 36 38 39 40 41 43 46 49 51 52 55 57 61 62 67 69 70 72 73 81 83 84 85 86 88 89 90 91 92 93 94 95 97 100 102 103 104 105 106 107 108 109 111 112 113 114 115 116 117 118 119 120 121 123 126 131 135 137 139 143 145 147 149 151 152 153 154 155 157 158 160 161 162 164 166 167 169 172 177 184 186 190 191 192 196 197 198 199 200
3 111 4 5 6 7 8 12 15 18 19 26 27 29 30 33 34 35 38 42 43 44 45 49 51 54 55 56 57 58 59 61 62 63 64 66 68 69 70 71 72 73 74 77 78 80 81 82 84 86 87 88 89 90 93 94 95 97 98 99 100 101 102 109 110 112 113 114 115 116 117 118 121 122 123 124 128 129 130 133 134 136 137 138 139 142 144 145 146 149 150 152 154 155 156 157 159 160 162 163 164 167 170 171 173 176 177 178 179 180 181 183 184 187 188 193 195 196 197 199 200
4 6 5 6 8 9 10 12 13 14 15 17 18 20 22 23 24 27 28 29 30 33 34 35 37 38 39 40 41 44 45 46 47 49 51 53 54 55 57 58 62 63 64 66 67 69 70 72 73 76 77 79 80 82 84 85 86 87 91 92 93 94 95 97 98 100 103 104 106 108 109 110 112 113 114 118 119 120 122 123 124 125 128 129 131 133 138 142 144 148 149 150 151 153 157 158 159 160 161 162 163 164 165 166 167 168 174 177 179 181 183 185 186 187 190 191 193 199 200
5 52 6 8 11 12 16 17 18 19 21 22 23 25 26 28 31 34 35 38 40 41 42 44 45 47 48 49 51 58 59 60 61 62 63 65 69 70 71 72 73 74 76 78 82 84 85 86 87 88 89 90 91 93 94 96 97 101 102 104 105 106 108 109 111 113 116 117 118 120 124 125 128 129 133 134 136 141 142 146 148 149 150 151 153 154 157 158 160 162 164 166 167 172 173 175 176 177 178 179 182 183 184 186 187 188 189 191 192 193 195 196 198 199
6 227 8 9 10 11 12 13 15 18 19 21 23 27 28 29 30 31 32 33 34 36 42 43 44 45 47 50 53 54 57 59 61 62 63 64 65 67 68 69 74 77 79 81 82 89 91 92 93 95 96 97 98 99 104 107 108 109 110 111 112 113 115 116 118 120 121 122 124 125 127 129 132 133 134 135 136 137 139 140 141 142 143 144 146 151 152 154 155 156 158 159 162 163 164 165 166 170 171 173 174 175 176 179 181 182 183 184 186 187 188 191 195 196 198 200
7 98 8 9 10 13 14 15 18 19 20 21 22 23 24 25 26 28 29 31 33 34 35 36 37 38 40 41 42 43 44 46 48 49 50 53 56 57 59 61 62 68 69 70 72 73 74 75 76 77 78 82 83 85 87 88 89 90 91 92 94 95 96 97 98 99 101 103 104 106 108 109 112 113 117 121 123 124 125 126 127 128 129 130 131 132 133 135 138 141 143 144 145 146 148 149 150 151 155 156 159 165 166 167 168 170 171 172 173 174 175 177 179 180 181 184 187 189 190 191 193 194 195 197 198 199
8 170 9 11 12 13 14 15 17 18 22 23 24 25 26 27 35 36 37 40 42 43 44 45 51 53 55 59 60 61 62 65 67 68 69 72 73 74 75 76 78 79 80 81 82 83 84 85 88 89 90 91 92 96 97 100 101 102 103 106 108 112 114 115 116 117 118 120 121 122 123 124 125 126 127 128 134 136 138 139 140 141 142 143 144 147 148 149 150 151 152 153 158 159 160 161 162 163 166 167 169 170 171 172 175 176 179 180 181 182 183 184 186 188 190 192 193 194 197 198 199
9 159 12 15 17 18 19 20 21 23 25 26 27 28 29 30 32 33 34 36 39 41 42 43 46 48 49 53 54 56 57 58 60 61 62 64 65 68 69 71 72 73 75 76 77 78 80 81 82 84 87 88 89 90 92 94 96 99 100 102 103 106 108 110 111 113 114 116 117 118 119 124 125 127 128 131 134 135 136 137 138 139 140 141 142 144 145 146 147 148 149 150 154 156 159 161 162 163 164 165 166 167 168 170 171 172 173 174 175 177 178 179 180 181 182 184 185 186 187 189 190 191 192 193 194 195 198 200
10 177 12 16 17 20 23 24 29 30 31 32 33 35 36 37 38 41 42 46 48 50 51 56 57 59 61 65 66 68 69 70 71 72 74 76 77 85 86 90 91 93 94 95 96 97 99 100 101 102 103 104 106 109 110 112 113 114 115 117 118 121 123 125 126 129 131 132 133 134 137 138 139 141 143 144 146 151 155 156 157 158 159 160 161 163 164 165 166 168 169 172 173 174 175 176 177 180 181 182 185 186 189 190 191 192 193 195 197 199 200
11 5 15 17 18 19 20 23 27 28 29 30 32 33 34 36 38 41 43 44 45 48 49 50 52 53 54 55 56 57 58 59 61 63 65 66 67 69 70 72 73 74 75 76 77 78 79 82 83 84 86 88 89 91 93 95 96 98 99 104 105 106 108 111 114 115 117 118 120 121 125 128 129 131 132 133 134 135 136 137 139 140 141 142 144 147 149 150 153 157 158 160 163 164 165 168 170 171 172 174 175 177 179 180 181 184 192 193 198 200
12 249 13 14 16 18 19 22 23 25 28 30 31 32 34 36 37 38 40 41 43 46 47 49 50 52 54 56 58 59 61 64 65 66 67 68 70 72 74 77 78 79 81 82 83 84 85 87 88 89 90 91 94 95 96 99 103 109 111 112 115 117 118 119 121 124 125 126 127 131 132 133 135 138 140 141 143 144 145 146 150 152 153 154 162 164 165 168 169 171 172 174 175 176 177 178 179 181 183 184 185 188 189 191 192 193 194 196 197 199 200
13 76 14 15 16 17 18 20 21 22 23 25 28 29 30 36 38 40 41 42 44 45 46 47 48 49 50 52 53 54 55 57 58 60 63 64 67 68 70 71 72 74 75 76 78 80 81 82 83 84 85 87 88 92 93 95 97 100 102 103 104 106 108 109 112 113 115 117 118 119 120 121 122 123 124 127 128 129 130 131 132 134 135 136 137 140 141 143 144 146 148 151 153 154 155 156 158 159 160 161 163 164 167 168 171 172 173 174 176 177 178 179 180 182 185 187 190 191 192 195 196 197 200
14 67 16 18 22 23 24 25 29 35 37 41 43 44 48 49 50 51 52 55 58 59 60 61 63 65 69 71 72 73 75 77 78 80 82 83 84 85 88 94 95 96 97 98 100 106 110 111 112 115 116 117 118 119 120 123 124 125 128 129 133 134 135 137 138 140 142 143 144 145 146 149 152 153 155 156 157 158 159 161 163 165 166 171 172 173 174 176 177 179 181 182 184 185 186 189 190 192 193 194 195 197 198 200
15 109 18 19 21 22 29 30 31 32 33 34 36 37 41 42 44 47 48 49 50 52 54 55 56 58 59 60 62 64 65 66 69 70 71 72 74 75 76 78 80 81 82 87 88 90 93 94 95 96 98 99 100 101 102 103 104 105 108 109 110 113 116 118 119 121 122 123 127 128 130 131 132 133 135 137 141 142 143 144 147 150 151 152 154 156 157 158 159 160 161 166 167 168 171 172 173 174 175 176 177 178 179 181 182 183 185 186 188 189 190 191 192 195 197 198 199 200
16 40 17 20 22 23 26 27 28 30 32 35 37 38 40 41 42 44 45 46 47 48 49 51 54 55 56 57 58 61 62 63 66 67 68 69 71 72 73 76 78 79 81 83 86 89 90 93 94 95 98 99 100 102 104 106 114 118 119 121 129 130 132 134 136 137 138 140 141 142 143 145 148 149 151 152 154 155 156 162 163 165 166 168 170 172 174 175 176 177 179 180 181 182 184 185 186 187 190 193 195 196 198 199 200
17 141 18 19 23 24 25 26 27 29 31 32 33 34 37 38 39 40 44 45 47 48 49 50 51 54 55 56 59 60 61 62 64 65 66 67 68 69 70 71 72 74 75 78 79 80 83 84 89 90 91 92 93 94 99 102 103 104 106 107 109 113 114 115 117 118 119 120 121 122 123 125 127 129 130 131 135 137 138 139 140 141 142 143 144 147 148 149 152 155 157 158 163 165 166 167 168 169 170 171 172 173 174 176 181 182 184 185 186 187 188 189 190 195 197 198 200
18 75 19 20 21 22 23 24 27 28 31 35 38 39 42 43 45 47 48 49 50 51 52 55 57 58 60 61 63 64 66 68 70 71 73 76 77 79 80 81 88 89 91 92 94 96 97 98 100 103 106 107 109 110 112 113 114 116 120 122 124 125 130 131 132 134 137 138 140 141 145 146 147 148 149 151 153 154 159 160 161 163 164 165 167 168 169 170 171 172 174 175 177 178 179 180 181 183 184 185 187 188 189 191 192 193 194 195 197 200
19 169 20 24 25 27 29 31 33 34 36 37 38 42 44 47 48 49 51 52 54 58 59 61 63 65 68 69 70 71 75 76 78 79 80 81 82 86 87 89 90 91 93 95 97 98 99 100 105 106 107 108 109 110 112 114 116 117 119 120 121 124 127 130 131 132 133 135 137 138 139 140 141 142 144 147 148 150 151 152 154 157 158 159 160 162 163 164 165 166 168 170 171 172 173 174 175 176 177 184 186 188 189 191 192 193 196 197 198
20 244 23 24 26 27 29 30 31 34 35 37 40 41 43 47 48 51 52 56 57 58 64 66 68 71 73 74 77 78 80 82 84 85 86 87 88 91 92 93 94 95 96 97 98 100 103 104 106 108 110 112 114 115 116 120 121 125 126 128 130 132 133 137 138 140 141 146 147 148 149 150 151 152 153 154 157 159 160 161 164 165 167 172 174 175 176 177 178 179 180 182 183 184 187 190 193 194 195 197 199
21 189 23 24 25 28 29 30 31 33 35 36 37 38 39 40 41 44 47 48 50 52 53 54 55 56 58 59 60 61 62 65 67 68 69 70 71 73 74 75 76 77 78 79 80 87 89 91 92 94 95 99 100 101 104 105 106 107 108 110 111 113 114 115 117 118 121 125 127 131 133 136 137 140 141 142 143 145 146 148 150 151 152 154 157 158 159 160 162 163 164 165 166 168 169 170 172 173 174 175 176 177 179 180 184 185 189 191 192 195 196 197 198 199 200
22 3 23 24 25 27 28 29 30 31 33 35 36 37 38 39 41 45 46 47 49 50 51 52 53 54 56 57 58 60 61 63 64 65 67 69 70 71 72 74 76 77 79 80 81 82 83 85 87 89 90 91 92 95 98 99 101 102 103 104 107 109 111 114 119 122 124 127 130 131 135 138 139 141 142 143 147 148 149 151 152 153 154 155 158 164 165 166 167 168 169 171 172 174 175 176 178 180 182 184 185 186 187 188 189 191 194 195 196 198 199
23 1 24 25 26 27 28 29 32 35 36 38 39 41 42 48 53 54 55 59 60 61 62 63 66 67 68 70 71 72 73 74 75 76 77 78 79 81 82 83 84 85 86 87 88 89 90 91 92 94 96 97 98 99 102 103 105 107 109 110 111 112 114 116 117 118 119 120 121 122 124 126 129 130 132 134 135 136 137 138 141 142 144 145 149 150 151 152 155 156 157 158 159 161 162 164 167 169 171 174 176 178 183 184 190 191 192 193 195 197 198 199
24 144 27 29 30 31 32 35 38 39 40 41 42 44 45 46 49 50 51 55 57 58 61 63 64 68 73 74 75 76 77 78 81 82 84 85 86 87 89 91 93 94 95 96 97 98 99 100 101 102 105 107 111 113 114 115 116 117 118 120 121 123 125 127 128 129 130 131 132 134 138 139 141 143 146 147 148 151 155 159 160 164 167 168 169 170 171 173 177 180 181 182 183 185 186 187 188 189 191 192 193 194 196 197 199 200
25 60 26 27 28 29 31 33 36 37 41 44 45 46 47 48 49 50 51 55 57 60 61 63 66 67 68 69 72 73 74 75 77 78 80 81 84 87 89 90 91 93 94 96 101 102 104 105 107 109 110 111 113 114 115 116 117 118 123 125 126 128 129 132 133 134 138 139 142 143 145 147 148 151 152 154 157 160 161 164 167 168 169 170 171 172 173 179 180 181 182 183 184 187 190 192 194 195 197 199
26 151 29 31 33 34 35 36 37 39 42 43 46 47 48 49 50 51 52 53 57 60 61 63 65 66 67 68 70 71 74 77 78 79 83 86 89 93 94 95 96 97 100 101 102 104 107 108 109 112 114 118 121 126 127 128 130 131 132 133 134 136 137 138 139 140 144 145 146 147 148 150 152 153 154 158 160 161 162 163 164 167 168 169 170 171 172 174 175 180 181 182 185 186 188 189 190 192 196 197 198 200
27 116 28 30 31 32 33 34 35 37 39 40 42 43 44 45 46 47 49 54 55 56 58 59 60 61 62 65 66 67 69 70 73 74 75 76 78 84 88 91 94 95 97 99 100 101 104 105 108 109 111 112 113 115 118 119 121 122 129 130 132 135 136 137 138 140 142 143 144 146 148 150 152 154 159 161 162 163 166 168 169 172 173 174 175 176 179 181 182 185 186 187 188 190 191 192 194 196 198 200
28 96 29 30 32 33 34 35 37 38 39 40 42 44 45 46 48 49 50 52 53 54 56 57 59 60 62 63 64 65 66 67 68 69 70 71 72 73 75 76 77 79 80 81 83 85 86 88 90 91 94 96 99 100 101 102 103 104 105 106 107 109 110 112 113 114 117 118 124 125 129 130 131 132 133 134 137 138 139 140 141 142 144 145 149 150 152 153 159 160 161 162 163 164 166 171 173 174 175 177 178 179 180 181 182 183 184 187 188 190 191 193 194 195 199 200
29 140 30 35 36 37 41 43 45 46 47 48 49 50 51 52 53 54 55 57 58 60 61 62 63 64 65 67 68 70 72 73 76 77 78 79 80 82 84 86 87 89 90 91 92 93 94 95 96 97 98 104 105 108 109 110 111 112 116 117 121 123 124 125 130 131 133 134 137 139 142 143 145 146 147 150 152 153 154 156 158 159 160 161 162 163 164 168 172 173 174 175 176 177 179 180 181 182 185 186 189 190 192 194 195 196 198 199 200
30 107 32 34 35 36 38 39 40 41 42 43 44 45 46 48 52 53 54 55 57 58 59 61 66 67 68 71 74 75 76 77 78 79 80 81 83 84 85 86 87 88 90 91 92 95 96 97 98 102 103 104 105 106 107 109 110 111 113 115 118 119 120 121 126 127 130 132 133 135 138 139 142 143 144 147 148 149 151 156 162 166 167 168 169 171 173 175 178 180 182 183 186 187 188 189 190 195 197 198 199 200
31 140 34 35 39 40 43 44 46 47 49 51 53 54 55 56 57 59 60 61 64 65 67 68 69 70 71 72 73 75 77 78 79 80 81 82 83 85 87 89 95 96 97 98 100 101 103 105 106 108 110 114 116 119 124 125 126 127 131 133 137 138 139 140 144 146 147 148 149 150 151 152 155 157 158 159 160 162 163 164 165 167 169 170 171 172 174 175 176 177 179 181 183 184 186 187 188 190 192 194 196 197 198 199
32 178 33 35 36 37 38 41 43 47 48 50 52 54 55 57 59 60 61 63 65 66 67 68 69 74 78 79 82 83 86 87 88 90 92 94 95 96 97 99 101 102 104 105 107 108 109 115 116 118 119 120 121 129 130 134 135 137 138 140 141 146 147 148 149 150 151 154 157 158 159 160 162 164 165 167 168 170 179 181 185 186 188 189 190 191 193 195 196 197 198 199
33 219 35 36 37 38 39 40 41 42 43 44 45 46 47 49 51 54 55 56 57 58 60 61 62 68 70 71 72 74 76 77 80 83 84 85 86 87 88 89 91 92 93 94 96 97 98 99 100 101 103 104 106 107 108 109 110 111 112 113 116 117 118 119 120 121 122 124 127 129 130 132 134 137 140 141 144 145 146 148 150 151 152 153 154 156 163 164 165 168 169 170 172 175 176 183 184 185 187 192 193 194 195 196 200
34 71 35 36 37 40 43 44 46 47 48 49 50 52 53 55 56 58 59 60 61 65 70 71 72 73 77 78 79 80 81 82 84 86 87 88 89 91 95 96 97 98 99 103 105 106 107 108 109 110 113 114 115 117 118 122 123 125 127 128 130 131 133 135 137 138 143 144 145 149 151 152 153 155 156 157 159 162 163 166 171 172 174 175 176 178 179 180 181 182 184 185 186 187 189 191 194 195 196 197 199 200
35 122 36 37 38 39 40 44 46 52 53 54 55 56 57 58 62 63 65 66 67 69 70 73 74 75 76 78 84 85 88 89 90 92 93 96 97 98 99 100 101 102 104 105 106 107 108 109 110 113 114 115 117 118 123 124 125 128 129 132 133 136 138 140 142 143 146 148 150 151 152 154 158 161 163 164 165 167 168 171 172 173 176 179 180 181 182 183 184 185 187 188 189 190 195 197 198
36 157 37 38 39 40 41 42 43 45 46 47 48 50 51 54 56 57 58 59 60 63 65 67 68 70 72 73 75 76 80 81 85 90 91 92 94 97 98 99 101 102 104 106 108 109 111 113 117 118 119 120 122 123 124 125 126 127 128 129 132 133 134 135 137 138 139 140 144 146 147 148 150 151 152 153 156 158 159 160 162 164 171 172 175 178 179 180 181 182 183 184 185 186 189 190 191 193 194 195 196 197 198 199 200
37 93 38 39 41 42 43 44 48 49 51 53 55 57 58 59 60 61 62 64 65 66 69 71 73 74 75 76 78 79 80 81 82 84 87 88 91 92 93 94 96 98 99 100 101 102 104 105 106 107 109 110 111 113 114 115 116 118 119 121 126 130 131 133 134 136 137 138 139 141 142 146 147 148 149 150 153 154 157 158 159 161 162 165 166 167 171 172 174 175 176 177 178 179 180 181 183 188 189 190 191 193 194 195 200
38 224 39 41 44 45 47 48 50 51 54 55 56 57 60 61 62 64 65 66 68 69 70 72 73 75 77 80 83 86 87 89 90 92 94 95 97 98 100 101 103 106 109 111 112 114 116 118 121 123 125 128 129 131 132 133 134 137 138 140 141 142 143 144 146 147 149 150 152 153 154 155 159 161 162 163 164 165 167 169 170 171 172 173 175 178 179 181 182 183 186 187 189 191 192 193 194 195 197 200
39 213 40 41 47 49 50 52 54 57 59 60 61 62 64 65 68 69 71 73 75 76 77 78 79 80 81 82 84 86 89 90 91 92 95 97 98 99 100 103 104 105 107 109 111 112 114 115 117 119 120 123 124 126 128 129 131 133 134 135 136 137 138 139 140 142 143 146 147 149 150 151 152 153 154 155 160 162 163 164 168 170 171 172 173 177 179 181 183 184 185 190 191 194 195 197 198 199
40 139 41 42 44 45 46 47 48 50 51 52 53 54 56 57 59 60 61 65 66 67 68 70 71 72 73 74 77 78 79 80 81 84 87 88 90 91 92 94 95 96 100 101 103 105 107 109 111 112 115 119 122 124 126 127 129 130 131 132 133 135 136 137 138 140 143 144 146 147 148 149 152 154 156 157 158 159 161 162 163 166 168 169 171 175 178 179 181 182 183 184 187 188 191 192 193 197 199
41 174 42 43 44 46 48 49 50 51 53 55 56 57 60 62 63 65 67 69 70 71 72 73 74 75 76 79 80 82 83 84 85 86 87 91 92 94 97 99 100 101 102 104 105 106 110 111 115 116 118 119 120 122 124 126 127 128 131 132 135 136 139 140 141 142 143 144 145 149 151 153 154 155 156 160 161 162 163 164 166 174 179 180 181 183 184 187 188 189 191 192 193 194 196 199 200
42 25 43 44 46 47 50 52 54 56 57 59 61 62 64 71 72 73 74 76 77 78 79 81 84 85 86 87 89 92 93 94 97 100 101 103 104 106 109 110 112 115 117 120 122 125 128 129 130 131 135 137 138 140 142 143 144 145 146 147 148 149 150 152 153 154 156 157 159 160 161 162 163 164 165 166 169 170 171 173 176 177 181 182 184 186 188 189 190 191 192 195 196 198 199
43 48 45 47 48 49 50 52 55 57 59 60 62 63 64 66 67 68 70 71 74 75 76 84 85 86 88 89 90 91 92 93 94 96 97 99 101 103 104 105 106 108 111 113 114 116 117 118 121 122 123 124 125 126 127 129 130 131 132 133 135 136 138 139 140 141 142 143 144 145 146 149 150 153 154 157 159 160 162 163 165 167 168 170 173 177 179 182 183 184 185 186 189 190 192 193 194 195 196 199 200
44 50 46 47 48 49 50 51 52 53 55 57 58 59 60 62 63 64 66 67 68 69 70 71 75 77 79 80 83 85 86 87 90 91 92 95 97 99 100 101 104 107 108 109 110 111 112 114 116 117 123 124 125 126 128 131 133 135 136 138 139 141 142 143 146 147 148 157 159 161 165 168 169 170 172 177 179 180 181 182 183 188 189 190 191 196 198 199 200
45 57 48 50 53 54 55 58 59 61 64 66 70 71 74 76 77 78 81 82 83 84 86 88 89 91 92 94 95 96 98 99 100 103 106 108 109 110 111 112 114 116 118 120 121 122 123 127 129 130 132 134 135 137 139 141 143 146 147 148 150 152 153 156 157 159 160 162 165 166 167 169 171 173 175 177 180 181 182 183 185 187 188 189 191 192 193 194 195 196 198 199 200
46 196 48 49 50 51 53 54 56 57 59 60 62 64 67 70 73 75 76 80 81 82 83 88 89 91 93 96 98 103 106 108 111 112 113 114 118 122 123 124 126 129 130 131 132 133 134 137 138 140 141 142 144 146 149 150 151 152 154 155 158 161 162 163 164 165 167 168 169 170 172 173 174 175 176 177 179 180 184 185 187 188 189 191 192 193 197 198 199
47 80 49 54 57 59 61 62 63 64 65 66 67 68 70 71 72 74 75 76 77 81 82 83 84 85 89 90 91 92 99 100 102 103 104 107 112 114 115 116 117 118 119 121 122 123 124 126 127 128 129 130 133 134 135 137 140 142 144 145 146 147 148 149 151 152 154 157 159 161 162 163 164 165 166 167 169 171 172 173 174 175 176 177 179 180 181 184 186 187 188 189 190 191 193 194 195 196 198 200
48 55 49 52 54 57 59 60 61 65 66 68 71 72 74 76 77 78 79 81 82 84 85 88 89 92 95 96 98 102 103 104 105 107 108 109 110 111 112 113 115 116 118 119 120 122 123 129 130 136 138 139 141 144 145 146 148 150 152 160 161 163 166 170 171 172 173 175 176 177 178 179 180 181 184 187 189 190 191 193 194 196 197 198 199
49 50 50 52 55 56 57 58 59 61 62 63 64 66 70 73 74 78 79 81 82 83 84 86 87 88 89 90 92 94 96 98 99 101 104 105 106 108 109 110 111 112 114 116 117 119 121 122 123 124 126 127 128 129 130 133 134 136 137 138 139 140 141 142 144 145 146 147 148 150 153 156 167 168 170 172 173 175 177 178 179 180 181 182 183 187 188 189 190 192 193 194 195 199 200
50 23 51 52 53 57 58 60 63 64 66 67 68 69 70 71 72 74 75 76 79 81 83 85 87 88 89 91 93 94 95 96 97 98 99 102 104 105 106 107 109 110 111 112 113 114 115 117 120 121 122 124 126 127 128 131 132 134 136 137 141 144 146 147 148 149 150 151 157 160 161 164 166 168 170 172 173 174 176 177 178 181 182 184 188 190 191 192 194 195 196 197 199
51 200 52 53 54 58 61 62 63 64 65 66 67 69 73 74 75 77 78 82 83 84 85 86 87 88 89 90 91 94 95 96 97 98 100 102 103 104 105 106 108 109 110 114 116 117 118 119 121 122 123 124 127 128 130 132 133 134 136 138 140 141 142 143 144 148 149 150 151 152 153 154 155 158 160 161 163 164 166 169 171 173 174 175 177 178 179 180 181 182 185 187 190 192 196 197 199 200
52 96 54 55 59 64 66 68 69 70 71 72 73 77 79 80 82 83 85 88 91 95 96 97 100 103 105 107 108 109 112 113 114 116 118 120 127 129 130 132 133 136 137 139 141 142 143 145 146 148 149 150 151 152 154 156 160 161 163 165 167 169 170 171 172 173 175 176 177 178 180 182 185 187 188 189 190 192 193 195 196 197 198 200
53 97 54 55 56 57 58 60 61 62 63 64 65 67 69 70 71 72 73 74 75 77 78 79 83 85 86 87 88 89 90 91 93 95 96 97 109 112 114 116 118 119 120 121 122 124 125 126 127 128 129 130 132 133 135 138 139 140 145 147 148 149 151 156 157 159 160 163 167 170 173 175 176 177 178 180 181 182 185 188 190 193 195 196 198 199 200
54 237 55 56 59 60 62 63 64 65 66 67 68 69 72 78 79 80 83 85 86 87 88 90 92 93 97 98 99 100 105 106 108 110 112 115 116 117 119 120 121 122 124 125 126 127 128 129 132 133 135 136 137 139 140 142 144 147 151 152 154 156 157 159 165 167 168 171 174 176 177 178 180 181 183 184 189 190 193 196 199
55 136 56 58 60 63 68 69 75 77 78 83 84 90 92 95 97 100 103 105 106 107 109 110 112 113 116 117 118 119 120 122 123 126 127 131 132 134 135 136 138 139 140 141 144 145 148 150 151 152 153 155 156 157 162 164 166 167 168 169 170 171 175 176 179 180 181 184 186 188 190 191 193 196 197 199
56 113 61 62 63 65 67 68 71 74 77 82 83 84 85 86 87 90 92 93 95 96 98 99 100 101 102 106 107 108 110 111 114 115 116 118 119 120 123 124 126 128 129 131 132 134 136 137 140 143 145 147 148 149 150 152 153 155 159 160 161 162 166 169 170 171 172 173 174 175 176 181 182 183 187 189 190 191 192 194 195 196 197 199
57 141 58 59 60 63 65 66 68 69 70 72 73 74 75 77 78 79 80 84 87 88 91 94 95 96 97 98 99 101 103 104 106 107 108 109 110 113 114 115 116 118 119 120 121 125 127 130 131 132 134 137 138 139 140 141 144 145 147 149 153 154 157 161 162 163 164 165 166 167 171 172 173 174 175 176 177 181 182 183 184 187 188 189 190 191 193 194 196 197 200
58 100 59 61 62 63 65 66 69 74 75 77 78 79 80 81 82 83 84 86 91 93 95 96 97 101 103 105 106 109 111 113 115 117 118 120 122 123 125 127 128 129 130 131 132 133 136 137 140 141 142 143 146 150 153 156 158 159 161 163 164 165 167 170 171 172 173 175 177 178 179 182 183 184 187 188 190 192 194 195 197 198 200
59 214 60 62 63 69 70 71 72 73 81 82 83 84 85 88 91 92 93 94 95 96 97 98 100 102 103 105 106 108 109 113 114 116 119 122 123 125 127 128 130 133 135 137 138 139 140 143 145 147 149 150 151 156 157 158 160 162 163 166 169 170 171 173 175 177 178 179 181 182 183 184 185 186 188 190 191 193 194 195 198
60 157 61 63 65 67 69 71 74 75 78 79 81 82 83 85 87 91 92 94 96 97 98 99 100 101 102 105 106 108 110 112 113 114 115 119 121 122 124 127 128 131 132 138 139 141 142 143 145 146 147 148 149 150 151 152 154 155 159 161 162 164 166 167 168 169 171 173 174 177 178 180 182 184 185 186 187 188 189 190 192 194 196 200
61 67 62 65 66 68 69 72 73 74 75 77 78 79 80 81 82 83 84 85 88 89 90 91 94 96 99 101 102 104 106 108 113 114 115 116 117 120 122 124 125 126 129 134 135 136 137 138 141 143 144 145 147 148 150 152 155 156 157 158 159 162 163 164 165 167 168 169 170 171 174 175 179 180 181 182 184 185 187 189 190 192 195 197 198 200
62 216 63 64 66 67 68 70 72 76 77 79 80 82 83 85 86 88 90 91 93 94 96 98 101 102 105 107 108 109 110 111 113 115 117 118 119 122 123 128 129 130 133 134 135 137 138 139 141 142 143 146 147 149 150 151 152 153 156 157 158 160 161 162 164 166 168 172 175 176 177 180 182 184 185 186 187 191 193 195 196 198 200
63 223 64 65 67 68 69 70 71 73 74 75 79 80 81 83 84 87 89 90 94 96 99 100 101 102 103 104 105 106 107 109 111 112 113 115 116 117 120 122 123 126 127 129 131 134 135 136 137 138 141 142 143 144 145 146 147 154 155 156 158 159 161 163 164 165 168 169 170 171 172 177 178 179 180 181 183 185 186 187 188 189 190 192 195 197 198
64 205 66 67 68 72 73 74 76 79 80 81 82 89 90 91 93 95 98 99 100 105 106 111 113 114 115 116 119 121 122 123 126 128 130 133 134 141 142 143 144 149 150 152 156 158 159 161 164 167 169 170 172 173 174 175 176 178 179 180 183 184 188 189 191 192 193 194 195 197 198
65 41 66 68 70 72 75 79 80 82 86 88 89 90 91 92 93 95 96 98 99 101 106 107 114 118 119 120 121 122 123 124 128 130 132 133 136 138 139 141 143 145 147 149 151 152 154 155 156 159 161 162 163 164 165 168 169 170 173 174 175 176 178 179 184 188 189 190 195 196 197 199
66 179 68 69 70 72 73 76 77 78 79 80 81 82 85 88 97 98 101 102 103 104 107 109 110 113 114 120 121 122 123 125 127 128 130 131 132 135 136 137 138 140 141 142 144 146 148 150 152 153 155 156 158 160 161 162 164 165 166 167 170 171 172 173 174 175 176 179 180 181 182 183 184 185 186 187 189 190 191 193 195 199
67 227 68 69 70 72 73 74 75 79 80 81 82 84 86 87 89 90 91 92 93 94 96 103 105 109 111 114 116 118 119 121 122 123 128 129 131 133 134 136 137 139 140 141 142 145 146 148 149 150 151 154 155 157 158 160 161 162 163 164 166 168 169 171 172 173 174 176 177 178 180 183 184 185 186 187 188 189 190 191 192 193 197 198 199
68 126 70 71 72 75 77 78 79 80 81 83 85 86 87 88 89 90 91 92 93 94 95 96 97 98 99 100 101 102 103 104 106 111 112 114 115 117 120 121 124 128 129 130 132 137 139 140 141 142 143 146 147 149 152 153 154 156 158 159 160 161 163 164 165 173 176 180 187 189 190 191 192 193 194 196 197 199 200
69 136 70 71 72 73 74 76 77 78 79 81 82 83 84 85 86 87 89 91 92 93 94 95 96 97 99 100 101 102 109 110 111 112 113 114 116 117 118 120 122 123 124 125 129 130 131 132 134 135 136 137 138 140 141 143 144 146 147 148 150 151 154 156 157 158 163 165 166 167 169 170 172 173 174 176 177 178 180 181 182 183 186 187 189 191 193 195 197 198 199 200
70 94 71 73 74 75 76 77 78 79 82 83 87 88 89 90 94 97 98 99 100 101 103 104 106 107 108 111 113 116 117 119 120 121 123 125 126 127 128 130 131 132 133 134 135 138 139 140 141 142 145 146 147 149 151 153 154 155 156 160 162 164 165 167 169 172 173 174 178 179 180 181 182 186 188 189 191 192 193 194 195 196 198 200
71 57 75 76 77 78 79 80 81 82 84 85 87 88 91 92 96 97 98 104 108 110 111 113 114 115 116 122 124 125 126 127 131 132 133 134 135 136 138 140 141 142 145 146 148 149 150 151 152 153 155 156 161 162 163 164 166 167 168 170 171 172 174 176 177 179 180 182 183 184 185 186 187 188 190 192 194 196 197 199
72 121 74 76 79 81 84 87 88 91 95 96 98 99 100 103 106 108 112 113 117 118 119 121 123 124 126 127 128 129 130 132 133 134 135 136 138 139 146 147 148 149 150 151 153 154 156 157 159 163 164 167 168 169 176 180 181 182 183 185 186 187 188 189 190 191 192 193 195 196 197 199
73 53 75 76 77 79 81 84 86 87 91 92 95 97 98 99 100 101 103 106 108 109 111 114 116 121 125 127 128 129 131 133 136 137 138 139 142 144 145 148 154 155 156 159 161 163 164 165 166 167 168 169 171 172 175 176 177 180 182 183 185 187 190 193 194 198 199 200
74 81 75 78 80 82 83 84 85 90 94 95 96 97 98 99 100 103 104 106 109 111 112 114 115 118 119 121 123 124 125 126 127 128 131 133 137 138 139 140 144 145 146 148 150 151 155 156 157 158 159 160 164 165 166 167 168 169 172 174 176 178 179 183 184 185 187 188 189 191 192 193 194 196 197 198 200
75 76 76 77 79 80 81 83 84 85 87 88 89 97 100 101 102 104 105 106 108 110 111 112 113 114 116 117 120 121 122 124 127 128 129 130 132 133 134 137 140 141 142 143 144 145 150 156 157 158 159 160 166 168 169 170 171 173 174 175 176 178 180 181 182 184 185 188 190 193 194 198
76 75 77 78 79 80 81 83 84 85 86 87 88 89 90 92 95 97 98 99 101 104 105 107 108 110 111 112 113 114 115 118 119 121 123 124 125 126 127 128 129 131 132 133 134 135 136 138 139 140 142 143 145 149 150 152 154 157 158 160 162 163 164 166 167 168 169 170 171 172 174 176 177 181 184 186 188 190 191 193 194 195 198 199 200
77 86 78 79 80 81 82 84 85 88 92 93 94 96 97 101 102 104 108 110 112 113 114 117 118 119 120 121 126 127 130 131 132 133 134 139 143 146 150 157 159 160 161 162 167 168 169 170 172 173 175 179 180 182 183 184 185 186 188 189 191 192 193 195 196 197 198 199
78 22 79 81 82 83 85 87 89 95 97 99 100 102 103 104 106 107 108 115 118 119 122 123 125 127 129 130 132 133 134 135 136 140 141 142 144 146 147 148 150 151 154 156 157 158 160 161 162 163 164 165 166 167 168 170 171 172 173 174 175 176 177 179 180 182 183 186 190 192 194 196 197 199 200
79 200 80 81 82 83 84 86 87 88 89 94 96 97 98 99 100 102 104 105 106 107 108 109 111 112 113 114 115 116 121 122 124 125 126 129 130 131 135 136 140 141 145 148 150 151 152 155 156 157 159 160 161 162 164 165 166 167 168 169 170 171 173 175 176 177 178 179 180 181 182 185 186 187 188 190 192 193 199
80 151 81 82 83 86 89 91 92 93 95 96 97 99 100 101 103 104 105 106 107 108 109 110 111 114 115 117 119 121 123 124 126 127 128 129 130 131 132 133 134 136 137 138 140 141 144 145 146 147 149 151 152 155 157 158 160 167 168 170 171 172 173 174 176 177 179 181 183 185 186 187 188 189 191 192 195 198 200
81 131 82 86 87 88 89 90 92 93 95 97 99 100 102 103 104 106 107 109 110 112 113 115 117 119 121 122 124 125 127 128 129 130 132 133 134 135 139 140 142 143 144 147 151 152 153 156 158 160 161 162 164 165 166 168 170 171 173 174 175 177 179 181 183 184 185 187 189 192 193 194 196 197 199
82 204 85 86 87 96 98 100 101 102 103 104 105 109 110 111 112 113 116 117 119 120 121 122 123 124 128 130 132 133 136 137 138 142 145 146 148 149 150 153 155 157 158 159 161 167 169 170 171 174 175 176 177 178 179 180 182 183 184 185 186 189 190 195 196 197 198 200
83 28 84 85 86 90 93 94 95 100 101 102 104 105 106 108 109 112 114 115 116 117 120 121 122 123 125 127 129 130 132 133 134 137 138 139 140 144 145 147 151 152 153 158 159 165 168 169 173 174 175 176 177 178 179 180 182 184 185 187 190 191 192 194 195 196 198 200
84 63 86 92 93 94 97 100 103 105 107 109 110 113 115 116 118 121 122 123 124 126 127 129 130 131 132 133 134 137 141 142 143 145 146 148 149 150 153 154 155 157 158 159 161 163 164 165 168 169 170 173 174 175 176 177 179 180 181 183 186 191 192 195 196 198 199 200
85 146 86 88 89 90 93 94 96 97 98 104 105 106 111 113 114 115 118 121 122 123 124 125 126 127 128 130 131 132 133 135 137 139 140 141 143 144 147 148 150 151 152 153 155 156 157 160 161 162 164 165 166 169 172 174 179 180 184 185 187 192 193 194 195 196 198 200
86 87 88 89 94 95 97 98 102 104 107 109 110 111 112 113 116 117 120 121 122 125 126 127 128 129 131 134 135 136 137 139 141 144 145 146 155 157 158 159 161 162 163 165 167 169 170 171 172 174 175 177 178 179 180 181 182 184 189 192 194 195 196 197 199 200
87 51 88 90 91 92 93 94 95 96 97 98 99 101 102 105 106 107 110 112 114 115 116 117 118 119 123 124 125 127 128 129 131 135 137 139 140 143 144 145 149 154 156 157 159 161 163 165 168 170 171 173 174 175 177 178 179 181 182 184 185 187 188 189 190 192 195 198 199 200
88 99 89 90 91 94 96 98 99 102 104 105 107 108 109 110 111 113 114 116 117 118 120 121 122 123 125 126 127 129 135 138 139 140 144 146 148 149 152 153 154 155 156 157 158 160 161 166 167 170 171 174 175 179 181 182 183 184 185 188 189 191 193 197 200
89 106 92 93 94 95 96 98 99 100 103 104 106 107 108 112 113 114 115 120 122 124 126 127 128 130 131 135 137 138 141 143 144 145 146 147 148 149 150 151 152 154 155 156 157 158 159 161 164 165 166 168 169 170 172 173 174 175 177 180 181 182 184 187 189 190 191 194 196 197
90 101 91 94 96 100 101 102 104 109 110 113 117 121 122 124 125 126 129 130 131 132 135 136 137 138 140 141 142 144 145 147 149 150 151 152 153 154 156 159 160 161 163 165 166 167 170 173 176 177 179 180 181 182 183 184 185 187 188 191 193 195
91 47 93 94 95 96 98 100 103 104 105 107 109 110 111 112 113 115 117 119 122 123 124 125 126 127 129 130 131 132 136 139 141 142 143 144 145 146 151 152 153 154 155 156 157 158 161 162 163 164 165 166 167 168 169 170 172 173 175 179 181 182 183 184 185 186 187 188 189 191 192 193 194 196 198
92 98 95 99 100 101 102 103 106 109 110 111 112 113 114 115 116 118 119 120 122 123 124 125 126 127 129 130 132 133 134 136 137 138 140 144 145 147 148 149 151 152 155 156 157 159 160 161 163 164 167 168 173 176 178 180 184 186 188 192 194 197 198 199
93 110 95 96 98 101 106 108 110 111 114 118 119 125 128 131 132 133 134 136 138 139 140 141 142 144 147 148 149 151 155 156 157 159 160 161 163 164 165 167 170 171 173 179 181 182 183 184 185 186 188 192 193 194 195 196 198 199 200
94 223 98 101 102 103 104 105 107 108 109 110 112 113 114 116 117 119 121 124 125 126 128 131 134 135 136 137 138 139 140 141 145 146 147 148 149 150 151 152 153 154 156 157 160 162 163 164 166 167 171 172 173 174 176 179 182 183 186 187 188 191 194 196 197
95 132 96 97 98 99 100 106 110 112 113 115 116 117 120 124 126 128 130 131 133 134 135 137 140 141 143 144 145 147 148 149 150 153 154 156 157 158 159 160 162 164 165 166 167 168 169 172 173 174 177 180 183 186 188 189 194 198 200
96 190 98 100 101 102 108 109 112 113 114 116 121 123 125 128 129 130 131 133 134 135 136 137 139 140 142 145 149 150 153 158 160 161 162 163 166 167 168 169 170 173 174 175 176 177 178 179 180 181 182 183 186 189 193 194 195 196 197 200
97 190 98 100 101 106 107 108 110 112 113 114 116 117 118 120 123 126 127 128 129 130 132 133 134 135 136 137 139 141 142 144 146 148 149 150 152 154 155 156 158 159 160 161 162 163 166 168 172 174 175 176 177 178 181 183 184 185 186 187 190 191 192 193 195 197 198 199
98 212 100 101 102 103 104 105 106 107 109 111 113 114 115 117 118 119 121 122 126 128 132 134 136 137 138 139 140 141 142 143 145 147 148 149 150 152 153 155 158 159 160 162 165 166 167 168 169 170 172 173 174 176 177 178 179 180 184 187 188 189 190 192 193 194 196 198 200
99 83 100 101 103 104 105 107 108 111 112 114 115 116 121 123 125 126 127 128 130 131 132 133 134 135 137 139 141 143 145 146 147 148 149 151 152 156 158 159 160 161 162 165 166 167 171 172 173 175 179 180 181 184 185 186 187 189 190 192 194 197 200
100 2 102 103 104 105 107 108 109 111 112 113 114 116 117 120 121 122 123 126 127 128 130 133 134 137 138 139 141 142 143 146 147 148 152 153 154 155 156 157 158 160 162 163 165 168 170 171 172 173 175 177 178 179 180 181 183 184 185 187 189 190 191 195 196 197 198 199 200
101 225 104 107 108 111 112 113 114 115 117 119 120 121 122 123 124 125 127 128 130 131 132 133 134 138 143 145 146 147 148 149 150 152 153 155 156 157 160 161 162 164 165 169 170 171 178 185 186 187 188 189 194 199
102 23 103 105 106 107 108 109 115 116 117 119 122 123 125 128 129 130 131 132 133 136 138 139 140 144 145 146 147 148 149 151 153 157 159 160 161 162 163 165 167 168 170 172 175 176 177 179 180 181 182 184 187 189 190 191 192 193 195 196 197 199
103 140 104 106 107 109 110 111 115 116 117 118 119 120 121 124 125 126 129 130 131 132 133 134 135 136 137 138 141 142 143 144 145 146 147 148 150 151 152 153 154 158 160 161 162 164 165 166 167 168 169 170 171 172 176 179 180 182 184 185 186 190 191 193 195 196 197 198 199 200
104 147 105 106 107 108 109 110 112 113 115 118 120 121 122 123 124 125 126 127 128 130 131 134 135 136 137 138 141 144 146 150 151 153 154 156 158 159 160 163 164 166 167 168 172 176 177 178 180 181 182 190 193 194 196 197 199 200
105 10 106 107 108 109 110 112 113 116 119 120 121 122 124 125 126 127 128 129 130 131 132 135 136 137 138 142 144 145 147 148 150 151 152 154 155 161 162 163 165 167 168 170 171 174 175 179 180 181 184 186 190 191 192 194 195 197 198 199
106 10 107 108 109 111 112 114 115 117 118 119 121 122 125 128 130 132 133 134 135 136 137 138 141 143 144 145 147 148 149 150 151 152 153 156 157 158 161 162 163 164 165 166 167 172 173 175 176 178 180 181 182 183 184 186 190 191 192 193 195 197 198
107 152 108 111 112 113 114 116 117 118 119 120 121 123 124 125 126 127 130 132 133 134 135 136 137 138 139 142 143 146 147 148 150 152 153 154 155 156 158 159 162 163 164 166 167 169 171 172 173 174 175 176 177 180 183 184 185 186 187 188 190 191 193 195 197 198 199 200
108 190 110 111 114 116 117 118 119 120 123 124 125 126 129 130 131 132 133 134 136 141 142 143 145 146 148 150 152 153 154 156 157 158 159 160 161 164 166 171 172 177 178 179 181 183 185 186 187 189 190 191 193 197 198 199 200
109 127 110 111 112 114 115 116 118 119 122 123 126 129 130 133 138 139 144 151 152 153 156 157 158 159 160 163 165 166 169 170 171 174 175 176 177 181 183 185 186 188 190 191 192 198
110 209 111 112 113 114 115 116 117 118 119 121 125 126 127 130 131 135 136 137 138 139 141 142 145 147 150 152 155 156 157 158 160 162 166 169 171 172 173 174 175 181 182 184 186 187 190 191 192 196 199 200
111 43 112 113 114 117 118 119 120 121 123 126 127 128 132 134 135 136 138 140 141 144 145 147 148 150 151 153 155 157 158 159 160 161 163 164 165 166 168 170 171 173 175 176 178 181 182 183 185 187 191 196 199 200
112 168 113 114 115 117 119 121 122 124 125 126 128 129 130 131 133 135 140 142 143 144 146 148 152 154 155 156 157 158 161 162 165 168 171 172 178 179 181 182 183 184 186 188 190 191 192 193 194 196 197 198 199
113 179 114 115 116 117 120 123 124 126 128 129 130 131 132 133 135 138 139 141 142 146 149 154 156 157 158 160 161 163 164 165 166 167 168 171 172 173 176 177 179 181 182 183 184 185 187 189 191 193 194 200
114 45 117 118 120 121 122 123 125 126 127 128 130 131 134 135 136 137 138 144 145 146 151 152 154 155 157 164 167 168 169 173 174 175 177 178 179 180 181 182 185 189 191 194 197 200
115 188 116 117 118 121 123 125 126 127 128 129 130 134 139 140 141 142 144 145 146 147 148 149 155 156 157 158 159 160 161 162 164 165 166 169 170 171 173 174 177 178 179 181 182 185 186 188 190 191 193 196 199 200
116 99 118 120 121 122 124 125 128 129 130 132 133 137 138 141 142 143 144 146 147 148 149 150 151 152 154 155 160 162 164 166 167 168 169 170 172 173 176 178 180 182 183 184 185 187 188 189 192 193 194 196 197 198 199
117 39 119 120 121 125 127 129 130 131 133 134 135 139 141 143 145 146 148 150 151 153 155 156 157 158 160 162 163 164 165 173 174 178 181 182 184 185 186 190 193 194 195 196 200
118 8 119 120 126 127 129 130 131 132 133 136 137 140 141 144 145 146 148 151 152 153 154 155 158 159 164 166 167 168 171 173 174 175 176 178 182 183 185 186 189 190 191 192 195 196 198 199
119 198 121 123 124 126 127 131 132 135 136 138 139 141 143 145 146 148 149 150 151 153 155 157 158 159 160 161 163 164 166 169 170 172 175 177 181 187 188 189 190 192 193 196 197 198 199
120 59 121 123 126 130 131 132 135 136 137 138 139 140 141 142 143 144 145 147 148 151 153 155 156 158 159 160 162 165 168 170 171 172 173 175 176 177 179 180 181 186 187 189 190 192 193 194 195
121 143 122 124 129 130 131 133 134 135 136 138 139 140 141 142 143 145 146 147 148 149 152 153 155 156 158 159 160 163 165 166 169 172 173 174 176 177 178 179 180 181 184 188 190 193 194 195 199
122 151 124 125 127 129 130 133 135 136 140 141 143 145 147 148 149 150 151 152 153 154 156 158 159 161 163 164 165 166 168 170 174 175 176 177 181 182 183 184 186 187 188 190 191 196 197 198 199 200
123 183 125 130 131 133 134 135 136 137 139 141 142 143 145 146 147 148 149 150 151 152 154 155 156 157 160 161 162 163 165 167 168 171 175 176 180 182 183 185 186 187 190 192 193 194 197 199 200
124 21 130 131 132 133 134 137 139 140 141 144 146 147 152 154 156 157 159 161 163 164 174 176 177 178 180 181 183 184 185 186 190 192 194 195 196 198 199
125 18 126 127 128 131 132 133 134 135 136 137 138 139 142 144 145 146 147 148 149 150 151 152 153 156 157 159 160 161 162 163 167 171 174 175 177 179 181 183 184 187 188 189 190 191 192 195 196 197 198 200
126 186 127 129 130 133 134 135 136 137 140 141 143 144 145 146 147 150 151 156 157 158 160 161 162 163 164 165 167 169 172 173 174 175 179 181 182 183 184 185 186 187 188 190 192 194 195 196 198
127 8 129 134 136 137 138 139 141 143 147 150 151 152 154 155 157 158 159 160 161 162 163 166 167 168 172 175 176 181 185 186 187 190 193 194 195 199 200
128 21 130 132 133 134 135 136 138 139 140 142 144 148 149 150 152 153 154 155 156 157 161 162 164 165 166 170 173 174 176 179 180 181 183 184 185 186 187 188 189 190 191 192 195 197 198 199
129 58 130 131 132 135 137 138 139 141 142 143 144 145 147 148 149 150 155 157 158 159 160 164 165 166 167 170 172 173 174 176 178 180 181 184 186 187 189 191 193 194 197 199
130 55 134 135 138 139 141 142 143 144 147 148 149 152 153 155 159 160 164 165 168 169 170 171 175 177 178 179 180 181 182 183 184 189 191 192 193 194 195 196 198 199 200
131 106 132 133 134 135 136 140 143 145 147 148 149 151 154 156 157 160 161 164 165 168 171 173 175 177 178 181 184 185 186 190 191 192 193 194 197 200
132 102 133 134 135 136 137 139 140 144 145 146 147 148 151 155 157 158 159 160 161 163 164 165 167 168 169 170 172 173 175 177 178 180 182 183 184 186 187 189 193 194 196 198
133 224 134 135 138 139 140 141 142 143 144 147 150 152 153 154 155 157 159 160 162 165 166 168 169 173 174 175 176 177 178 180 182 183 185 187 188 190 193 195 196 197 199 200
134 232 135 138 139 142 144 145 147 148 149 150 151 152 153 154 155 158 159 160 163 164 165 167 170 171 172 176 178 179 180 181 182 183 184 187 189 190 195 196 197 198
135 105 136 137 141 142 143 144 146 150 151 153 155 156 160 162 164 165 172 174 176 177 178 179 180 181 182 184 185 186 187 190 194 197 198 199
136 102 138 139 142 145 146 147 153 154 155 156 157 160 163 166 167 168 169 170 172 173 176 179 181 185 186 187 189 192 193 195 196 197 199 200
137 207 138 140 143 144 145 146 147 151 152 153 156 157 160 162 163 164 165 166 169 170 174 176 177 178 179 180 181 182 183 184 186 192 194 195 196 197 198 199 200
138 143 139 140 141 142 149 150 152 155 156 157 158 159 160 161 163 164 165 167 168 171 172 174 175 176 177 179 180 182 183 184 187 189 190 192 193 196 198 199 200
139 102 145 149 154 156 157 159 160 161 164 165 166 167 169 170 172 173 175 179 180 181 182 183 185 187 189 191 192 194 195 199
140 238 141 142 143 147 150 151 152 157 159 160 161 162 164 165 171 172 173 174 175 176 178 180 182 183 185 186 188 189 193 194 196 199 200
141 218 146 147 148 151 152 153 154 157 158 159 161 162 164 165 167 169 170 171 173 174 175 176 177 179 180 182 183 185 188 189 191 195 196 197 198 200
142 207 144 145 146 147 152 154 155 156 157 159 162 163 166 171 174 175 178 182 183 184 185 186 187 188 189 190 192 195 200
143 67 147 148 149 151 152 153 155 156 157 158 163 164 165 167 168 170 174 177 178 179 180 181 182 183 184 185 189 191 193 194 195 197 198 199 200
144 46 145 147 150 157 158 161 162 163 165 166 167 168 173 174 176 178 179 180 182 186 188 189 191 192 193 194 195 196 197 200
145 187 148 149 151 152 154 155 156 157 160 163 164 165 166 167 168 169 170 171 172 173 174 175 176 177 179 180 183 185 186 190 193 194 195 196 198 199 200
146 135 148 151 152 153 158 162 163 165 168 171 172 173 175 176 177 178 179 180 182 188 190 193 194 196 198 199
147 226 152 153 154 155 159 161 164 168 169 170 171 172 173 175 178 179 180 181 183 184 185 186 189 192 193 194 196 198 200
148 133 150 151 153 154 155 156 157 158 159 160 161 162 165 167 168 169 170 172 174 175 176 178 179 180 181 182 184 185 186 189 196 197 200
149 48 151 152 153 155 156 159 160 161 162 163 164 165 166 168 169 171 172 173 174 177 178 179 180 183 184 185 186 187 188 191 192 195 197 198 200
150 243 152 153 154 155 159 160 161 163 165 170 171 172 173 174 175 176 177 178 183 184 187 191 192 194 197 199
151 160 152 154 155 156 157 158 160 161 164 166 168 170 171 172 174 175 176 177 178 181 183 184 185 186 187 191 194 195 198 199 200
152 52 153 154 156 157 158 159 160 161 163 164 165 167 169 170 171 172 174 177 178 179 180 181 183 184 185 186 189 190 192 193 195 197 198 199 200
153 136 154 155 156 158 159 160 161 162 164 165 166 168 169 172 174 176 177 178 179 180 181 182 183 186 187 189 190 192 193 194 197 198 200
154 162 158 162 163 164 166 167 168 169 170 172 176 178 179 181 182 183 185 187 188 192 193 195 198 199 200
155 201 156 157 158 160 161 162 163 164 167 169 171 172 173 175 176 178 180 181 184 187 189 191 193 197 199 200
156 7 158 159 161 163 164 165 168 170 171 173 177 179 181 183 184 185 186 188 190 191 192 193 195 197 199
157 115 158 159 160 161 163 164 166 167 168 170 171 172 174 175 176 177 178 179 181 183 186 191 192 193 195 197 198 200
158 201 159 160 161 162 163 164 165 166 169 170 172 175 178 179 180 181 183 185 188 190 191 195 197 198
159 124 163 165 168 171 173 174 176 178 179 180 182 183 184 185 186 188 189 190 191 192 193 194 195 199 200
160 190 161 162 164 165 169 170 172 173 174 175 176 178 180 181 182 183 188 189 192 193 194 197
161 236 162 164 165 166 168 169 172 173 175 176 178 179 181 182 183 184 187 188 189 191 193 194 195 196 198 199
162 2 164 165 169 171 172 173 174 175 176 177 179 180 181 183 185 187 188 190 191 192 196 197 199
163 218 164 165 166 169 171 172 173 175 177 178 179 180 181 182 185 186 187 188 189 190 191 193 194 199
164 218 165 166 169 170 172 175 176 177 178 179 180 182 183 184 185 186 187 189 191 193 194 195 196 197 198
165 65 166 170 171 172 174 177 178 179 180 182 183 184 185 187 188 190 192 195 199 200
166 234 167 168 169 171 173 175 176 177 178 179 180 182 183 185 186 187 190 191 192 195 198 200
167 228 169 170 173 174 176 177 178 179 180 182 183 186 190 191 192 194 197 199
168 221 169 171 174 175 177 178 179 182 183 184 185 186 187 188 189 191 192 193 195 198 199 200
169 250 173 174 177 179 180 181 183 187 188 189 190 192 193 194 195 196 197 200
170 223 171 172 173 177 178 180 181 185 187 188 192 194 195 196 197 199 200
171 7 173 174 175 176 177 178 179 183 184 185 189 190 191 196 198
172 36 182 183 184 185 186 187 193 196 197 198 200
173 216 175 178 179 181 182 183 184 189 190 195 196 199
174 7 175 177 178 179 181 182 183 185 186 188 191 192 193 196 198 199
175 111 177 178 181 182 183 185 186 187 188 191 194 195 196 198 199
176 77 177 178 180 183 184 185 187 188 192 193 194 197 198 200
177 90 180 183 184 188 190 194 195 196 197 199 200
178 227 181 182 183 184 185 187 189 190 192 193 194 195 196 197 199 200
179 193 180 181 182 183 185 186 187 192 195 196 197 198 199 200
180 71 181 182 183 184 185 186 187 189 193 195 196 197 198 199
181 19 182 183 184 185 186 187 188 190 195 196 199
182 73 190 192 193 194 197 198 200
183 155 185 187 190 191 194 195 199
184 240 186 189 190 192 194 195 196 197 198 199
185 164 186 190 191 193 195 197 198 199
186 209 188 189 191 192 194 197 198 199 200
187 186 188 190 193 194 198 199 200
188 112 189 192 193 194 200
189 43 190 196 199 200
190 154 192 195 196 199 200
191 137 192 193 194 196 197 198
192 40 193 194 196 198 199
193 6 194 195 196 199 200
194 15 195 197 198 200
195 101 196 199
196 121 198
197 2 199 200
198 82
199 167 200
200 91
