200
1 27 12 13 15 22 28 45 47 49 57 61 64 65 68 69 72 73 74 75 77 84 89 90 92 101 105 111 113 116 119 120 124 126 128 129 132 134 140 141 144 147 151 156 158 160 163 167 168 169 174 178 195 198
2 172 7 16 18 19 20 23 30 33 34 39 42 50 51 54 56 66 68 71 72 74 77 81 85 86 87 90 91 95 96 97 99 102 107 110 118 119 122 123 128 131 138 148 151 153 158 159 162 163 170 172 178 186 192 197
3 111 6 8 11 14 15 21 22 29 32 34 39 40 43 51 53 60 62 63 64 70 73 75 76 79 81 82 88 93 94 100 104 106 113 114 119 123 129 132 135 140 141 142 145 147 148 149 155 158 164 167 170 172 173 178 183 192
4 6 6 19 20 21 23 27 35 37 47 49 50 51 55 56 59 60 62 65 72 73 74 77 78 79 80 81 82 84 90 94 97 98 100 101 103 104 107 108 109 110 112 119 129 134 138 144 147 150 157 161 162 164 167 172 174 175 176 183 184 185 186 187 188 191 198 199
5 52 6 7 8 9 13 15 16 19 20 21 24 29 30 38 39 42 43 45 48 49 51 52 58 59 66 68 73 75 80 83 86 90 93 95 98 100 102 104 106 107 112 116 118 122 123 125 127 131 134 136 145 147 151 158 164 168 169 175 181 184 186 190 191 192 195 197 198 200
6 227 8 13 14 15 18 21 28 29 32 34 36 37 38 42 46 47 51 52 53 54 56 59 62 63 68 70 77 80 82 88 90 98 100 115 117 123 125 137 138 139 140 141 146 147 148 150 151 152 153 154 156 162 167 169 171 174 175 177 179 180 182 183 186 188 189 195 197 199 200
7 98 11 12 13 14 17 24 25 30 32 34 42 43 47 48 58 68 69 70 71 75 77 79 85 89 93 96 100 101 102 104 106 111 112 113 115 122 134 136 143 145 146 151 154 155 160 163 164 165 166 167 169 173 175 177 187 189 191 194 197
8 170 10 16 20 23 26 27 30 33 34 36 39 40 43 51 52 54 55 57 59 60 67 68 73 74 78 80 82 83 86 93 95 102 104 106 112 122 129 130 131 133 134 136 139 150 151 153 157 159 162 168 172 173 179 194 196 198
9 159 10 12 19 26 27 32 38 39 41 46 48 52 54 55 56 57 59 69 78 79 84 89 92 95 96 100 109 110 111 112 113 115 120 125 127 128 129 131 133 136 140 148 149 150 156 157 158 165 167 168 171 174 179 181 186 187 190 193 194
10 177 14 15 16 18 21 24 25 28 29 31 32 35 37 40 43 44 45 46 50 56 61 66 67 70 73 75 86 91 92 93 94 98 100 102 108 109 111 112 122 124 125 130 133 135 137 138 139 143 144 145 146 147 157 163 164 166 168 173 174 177 178 180 187 189 191 192 196
11 5 14 15 20 22 25 28 34 35 42 47 52 57 63 65 75 76 78 80 83 86 91 100 102 103 115 120 122 124 127 132 134 136 137 140 142 145 146 150 151 153 154 157 160 161 167 171 173 174 175 177 180 184 186 188 190 191 196 198
12 249 21 30 36 37 39 44 49 52 54 59 62 71 74 76 82 85 87 89 91 96 98 107 110 115 117 119 122 124 134 137 140 142 146 147 154 162 167 171 172 176 184 187 190 198 199
13 76 14 15 17 21 22 24 25 34 39 42 43 44 47 48 49 52 54 69 77 87 89 90 93 96 103 104 107 109 110 114 116 122 123 129 133 136 138 139 143 145 147 149 159 167 172 179 181 182 186 190 192 193 195 200
14 67 16 20 26 31 34 35 36 37 38 40 42 43 49 52 60 61 63 65 66 70 79 82 83 87 90 96 97 107 109 110 113 114 115 117 120 123 130 131 133 140 142 143 149 152 156 159 161 162 163 171 176 178 179 180 181 184 188 189 192 195 197
15 109 24 28 30 31 35 54 56 57 58 62 64 65 66 67 69 70 75 79 85 87 88 91 96 101 105 107 109 114 116 122 124 126 127 129 132 133 136 137 141 145 147 148 152 153 157 160 163 164 165 166 170 172 187 190 200
16 40 18 19 24 25 26 33 34 36 37 40 48 54 58 59 61 64 66 70 72 76 78 85 86 92 93 97 101 102 107 108 113 116 121 122 123 124 134 135 151 152 153 155 156 157 158 160 164 165 168 169 172 173 174 175 177 180 184 185 188 192 193 194 195 198
17 141 23 24 25 26 37 49 57 68 69 70 71 72 76 78 80 87 88 97 100 103 108 109 117 125 127 130 132 133 135 136 137 138 143 144 145 146 148 156 158 162 164 165 166 167 169 170 171 173 175 183 186 188 192 193 194 195 197 198
18 75 21 22 23 25 32 33 37 40 41 43 49 51 52 55 58 70 74 75 76 77 79 82 83 92 93 96 97 98 99 100 101 107 112 114 115 117 126 129 133 137 148 149 153 158 161 162 163 171 179 180 190 193 196 199
19 169 30 32 34 36 40 41 42 45 46 49 50 51 55 56 73 76 77 80 82 87 90 95 97 98 106 108 110 114 118 127 128 129 132 133 135 137 138 141 145 150 151 152 155 156 165 173 178 179 180 182 185 189 192 193 194 196 198 200
20 244 21 22 25 27 28 29 37 51 54 61 62 64 67 71 72 75 78 80 83 85 87 88 90 91 94 95 96 99 103 104 108 109 112 117 118 122 123 126 131 132 134 135 136 140 141 142 143 144 147 148 150 155 156 158 160 166 170 183 186 190 192 193 197
21 189 27 28 30 32 37 38 40 41 47 49 56 61 62 70 71 75 76 78 79 100 103 106 108 111 112 113 114 117 119 124 125 134 135 138 139 140 144 148 149 153 154 155 158 165 169 172 173 174 176 177 179 180 183 184 186 196
22 3 23 25 33 34 37 38 39 41 46 47 54 57 58 59 62 65 66 67 72 81 84 86 95 97 101 110 111 115 118 124 125 127 129 133 138 141 147 151 156 157 159 162 163 164 174 175 176 180 181 184 193 195
23 1 24 26 32 33 39 40 42 46 47 48 51 54 57 62 70 76 77 78 79 82 84 88 92 98 99 101 104 107 108 113 118 120 121 122 136 140 143 145 146 147 150 151 154 163 164 165 166 173 176 180 189 192
24 144 25 29 33 42 45 46 56 57 63 66 68 70 77 80 81 82 84 88 89 90 91 92 94 96 98 103 111 113 121 128 134 137 139 142 147 152 154 155 157 162 171 178 181 189 190 193 197 199
25 60 26 28 34 37 41 42 43 45 48 49 51 52 53 54 58 63 64 66 67 68 69 70 74 76 77 88 91 99 100 101 103 109 113 114 119 121 122 127 128 131 133 135 136 137 139 140 141 147 152 153 156 161 163 164 168 169 170 173 177 178 180 183 187 189 190 193 200
26 151 28 29 32 33 36 37 38 47 50 52 53 55 59 61 63 69 72 74 76 82 83 88 89 90 93 94 97 98 102 103 105 106 109 112 115 117 120 122 127 128 130 135 140 141 144 153 155 156 160 162 164 165 166 169 184 190 191 194 196 197
27 116 28 29 34 35 37 38 39 55 56 63 64 68 77 84 85 86 95 96 101 103 104 106 110 121 129 135 137 138 140 143 144 147 150 152 153 155 156 157 161 165 167 168 170 171 173 177 178 182 184 185 188
28 96 29 35 41 43 58 60 61 64 69 70 71 75 76 77 80 82 89 92 98 99 104 106 109 111 118 119 125 127 130 131 134 138 140 146 148 154 155 162 163 167 175 182 183 185 189 191 193 195 198 199
29 140 31 32 43 47 48 50 51 54 57 60 62 66 70 73 74 77 81 87 88 90 91 93 98 99 107 113 116 117 122 125 129 132 133 135 140 142 143 146 154 155 159 162 175 178 180 184 185 187 191 195 196 198
30 107 44 45 46 47 48 50 52 56 61 63 65 66 67 68 70 74 75 79 92 94 97 99 107 109 112 115 122 124 129 130 131 133 134 136 138 139 143 145 152 167 168 169 170 177 178 179 190 191 193 194 196 199 200
31 140 46 47 50 64 66 67 69 70 71 72 74 79 83 92 93 94 96 97 101 104 105 106 111 112 117 126 127 128 130 131 132 133 135 136 141 144 145 147 156 158 159 163 166 168 170 172 173 175 176 178 179 182 183 187 191 199
32 178 34 38 39 50 53 55 60 61 67 69 70 73 77 86 87 89 93 101 111 115 116 124 126 127 130 132 136 138 140 143 144 145 147 150 159 160 165 168 173 177 181 183 190 194 199
33 219 38 41 42 43 49 51 54 55 60 74 78 84 86 90 92 96 98 102 107 108 110 114 117 118 127 128 129 130 138 139 141 144 147 158 161 164 168 169 170 177 181 186 188 189 191 192 193 196 199
34 71 35 36 40 41 44 48 52 58 59 61 62 68 71 74 80 82 96 99 103 112 113 114 117 122 123 126 128 130 136 141 149 157 160 161 162 164 166 172 173 174 175 177 178 180 183 187 189 192 193 194 196 200
35 122 37 40 44 45 47 48 49 54 56 60 61 66 68 69 70 73 74 76 86 88 92 93 95 98 108 109 111 113 115 116 118 119 120 121 125 127 133 137 139 144 148 151 154 162 167 170 174 183 186 188 193 196 197
36 157 37 39 41 42 44 45 46 50 54 57 58 59 63 64 66 70 81 84 91 93 94 95 99 101 102 107 109 114 123 128 130 134 137 151 154 156 159 165 168 169 177 178 183 185 186 189 190 193 194 195 200
37 93 39 41 42 48 52 57 59 63 67 71 78 82 85 88 91 99 100 101 102 106 108 109 112 120 127 131 133 134 143 146 158 160 163 164 166 170 177 181 184 187 190 194 195 198
38 224 41 46 47 50 51 57 59 60 62 63 66 68 70 73 75 76 84 86 87 99 100 101 104 108 109 115 126 127 129 138 151 153 154 155 156 158 163 165 167 173 176 177 182 183 189 193 194 195 198
39 213 44 52 66 68 70 76 77 82 83 87 91 94 100 105 106 107 112 115 117 118 119 124 127 130 131 133 134 136 143 147 148 151 154 161 165 171 176 182 190 191 196 197
40 139 41 46 47 49 59 60 62 68 69 72 73 80 86 89 91 92 93 94 104 105 107 109 113 114 116 117 121 124 127 133 134 136 138 139 140 143 144 151 153 154 156 158 159 164 168 169 171 172 173 174 175 176 179 190 191 193 195 199 200
41 174 51 53 59 63 65 66 68 86 89 92 93 97 98 107 116 118 126 129 132 134 136 145 161 163 165 178 179 183 193 194 195 197 199
42 25 44 46 52 55 58 63 67 70 75 77 79 84 87 88 89 90 92 98 106 107 108 112 113 116 120 121 126 131 135 136 141 148 151 159 161 168 171 172 176 181 182 183 197
43 48 45 49 51 52 61 62 63 64 65 67 69 76 78 81 82 87 90 92 95 97 102 103 106 108 115 117 118 131 132 136 139 143 144 146 147 152 157 167 173 175 178 191 192 193
44 50 46 49 50 59 64 65 69 71 73 74 83 85 87 91 93 97 99 105 109 111 112 113 116 119 121 125 126 127 129 131 134 135 137 140 145 148 149 153 155 159 160 163 167 172 180 184 185 186 188 189 193 196 197 198 200
45 57 48 49 50 54 65 67 68 71 72 78 81 85 86 91 93 98 99 100 101 102 103 105 110 116 118 120 121 123 128 130 139 144 145 149 156 162 165 169 175 181 187 188 192 194 197 199
46 196 52 56 65 68 72 74 75 76 80 81 84 86 90 91 92 93 94 95 96 100 101 116 120 121 124 125 128 129 131 132 137 138 139 140 147 151 152 160 161 173 175 182 189 190 191 192 199
47 80 48 49 51 52 53 59 72 74 81 84 100 102 104 105 107 110 113 118 119 124 125 127 129 133 135 137 140 141 142 148 152 153 155 160 161 169 174 188 189 190 194 195 196 197 199
48 55 54 56 59 61 62 63 68 69 70 73 76 87 89 90 92 94 96 98 99 108 110 114 115 121 129 132 134 136 142 147 152 154 161 165 168 171 181 184 185 188 189 190 194 196
49 50 52 54 59 60 63 64 65 71 73 74 79 86 87 90 91 92 93 94 97 105 112 115 118 123 128 131 132 136 138 141 143 144 145 153 156 158 161 167 168 169 173 175 178 183 186 191 194 196 198 200
50 23 52 55 56 57 58 64 67 69 73 75 80 84 88 102 103 107 110 113 114 115 117 118 119 125 129 130 131 141 145 146 148 150 156 157 158 161 162 167 168 171 173 174 179 182 184 195 197 199 200
51 200 52 57 64 69 72 75 79 87 88 90 93 94 95 98 100 101 104 105 107 108 109 110 111 112 113 114 115 119 121 123 124 126 130 131 133 135 136 139 140 143 144 150 152 154 159 162 166 167 168 171 176 177 185 187 189 190 191 192
52 96 56 58 59 62 63 71 73 75 85 87 90 91 94 95 98 105 107 109 119 120 122 130 137 139 142 144 150 152 154 156 157 161 162 163 166 169 174 184 186 193 197
53 97 59 61 63 67 72 73 79 81 89 92 103 107 111 113 114 125 126 127 130 135 138 160 161 163 167 175 178 179 180 181 186 189 191 195 197 199 200
54 237 57 58 59 68 77 81 85 88 91 99 102 109 116 123 125 133 146 153 154 160 162 165 166 167 170 171 177 179 184 186 190 198
55 136 58 59 61 63 69 72 73 74 76 78 79 80 83 87 88 91 92 93 94 96 98 99 103 106 115 117 119 120 123 131 135 140 142 146 152 155 157 171 172 173 178 181 186 195 198
56 113 70 71 76 77 79 84 86 88 90 93 96 99 103 107 109 112 114 117 123 136 137 139 144 151 159 160 161 162 168 170 172 181 183 189 194 200
57 141 64 65 67 69 71 75 76 79 81 87 88 89 96 98 99 105 106 107 108 110 112 115 120 122 126 133 134 135 145 149 150 155 162 163 164 170 171 173 174 175 177 180 186 188 189 191 195 196 199 200
58 100 59 69 71 79 87 88 91 102 103 111 113 116 122 131 132 136 137 140 141 143 148 150 153 155 159 162 163 172 173 175 178 184 188 192 200
59 214 61 62 64 65 66 67 75 77 82 84 90 96 97 99 102 107 108 109 110 112 118 119 121 122 126 128 130 132 134 135 138 147 149 152 154 158 160 162 164 165 170 172 179 183 188 193 196 198
60 157 61 66 70 76 77 78 79 82 90 91 94 97 102 103 104 106 110 111 113 118 119 120 122 123 128 130 132 136 140 145 147 148 149 157 164 166 170 177 182 184 186 188 192 193 197 198
61 67 62 64 65 74 78 80 84 85 90 95 99 104 105 106 118 121 124 130 133 140 143 144 154 155 157 160 162 163 164 168 173 176 179 180 182 183 187 188 196 197 200
62 216 65 67 68 74 77 88 94 95 99 106 107 108 110 115 117 121 122 125 131 133 134 138 141 142 149 150 159 160 177 178 181 184 188 189 190 194 196 197
63 223 65 66 67 69 75 76 77 78 79 81 82 86 87 89 91 93 101 102 103 114 119 122 124 125 139 140 144 153 160 168 169 174 176 177 178 179 184 186 187 188 197 199 200
64 205 65 66 69 73 75 76 102 104 108 110 118 121 123 124 127 137 140 142 144 145 147 152 155 159 161 164 168 170 175 177 188 193 194 196 198 199
65 41 66 67 70 72 82 83 84 91 94 107 108 109 110 111 114 115 116 122 123 125 128 130 140 145 146 147 152 154 156 158 159 160 162 163 164 166 167 168 178 182 184 187 193 196 197 198
66 179 72 76 81 87 88 107 111 113 117 120 127 128 130 131 133 136 137 143 144 148 151 152 155 156 159 161 168 172 180 187 189 191 197 198
67 227 72 75 76 82 89 90 91 100 105 107 109 112 120 122 125 132 133 135 136 143 148 153 154 155 159 160 170 171 173 181 183 185 186 187 188 192 193 194 198 200
68 126 69 70 74 77 80 82 83 87 88 89 94 97 104 108 113 114 120 121 127 128 133 134 138 140 143 146 147 149 153 154 157 158 160 161 166 168 178 179 180 181 182 188 191 192 193 198 199
69 136 81 82 90 94 95 96 98 99 103 109 112 113 114 115 118 120 123 125 152 155 158 161 174 175 176 177 179 184 185 193 196 197 199
70 94 72 80 84 88 90 91 92 97 98 100 102 108 110 117 118 123 124 126 130 132 134 140 143 154 155 157 160 164 171 174 175 179 184 185 186 192 193 194 195 196
71 57 72 74 80 86 104 115 116 117 119 127 130 132 133 137 138 142 145 155 156 160 166 169 175 181 182 192 194
72 121 73 75 89 91 92 93 97 99 104 106 107 108 109 110 116 120 122 125 128 130 131 133 136 138 139 141 143 153 156 160 164 166 169 173 179 188 197 199
73 53 75 78 79 81 82 83 84 87 96 111 114 117 118 127 128 133 136 142 143 149 153 156 157 163 166 167 168 171 174 176 181 182 185 186 188 191 192 193 194 199
74 81 76 78 79 85 86 87 88 90 93 106 107 114 119 122 129 132 135 143 148 154 156 164 179 181 183 184 186 189 190 191 193 194 196 199
75 76 77 80 81 82 86 89 92 95 96 100 101 102 104 112 113 114 117 120 122 125 126 129 130 131 135 139 144 154 155 158 161 164 170 174 176 185 188 190 199
76 75 77 79 81 85 88 92 97 99 105 106 108 116 120 124 125 126 130 134 136 139 140 144 147 154 155 160 163 165 171 173 179 182 185 190 193 197
77 86 80 85 86 87 92 95 98 99 100 112 117 118 126 128 129 130 136 144 149 150 151 152 153 155 156 158 159 162 164 165 166 168 169 170 173 175 179 183 184 185
78 22 80 97 100 105 106 110 114 119 120 121 123 127 133 136 139 144 147 148 149 151 152 160 169 175 177 178 180 182 186 187 190 194
79 200 80 82 83 101 104 107 114 120 124 125 127 131 133 137 141 143 147 148 149 153 156 157 161 162 169 178 182 183 187 193 196 198
80 151 88 91 95 96 99 101 102 106 111 118 120 121 128 129 132 133 134 136 143 147 149 150 152 153 155 162 172 177 183 188 192 194 199
81 131 84 85 88 90 96 99 101 102 105 112 113 117 119 122 123 126 127 131 142 144 147 149 150 151 154 156 157 158 180 185 187 189 191 192 195 197
82 204 84 86 88 89 93 94 95 117 119 120 125 127 132 136 139 146 147 148 158 162 163 164 167 168 171 172 177 183 186 194 195 196
83 28 84 85 89 92 93 96 99 100 102 103 105 106 107 111 119 121 133 135 136 139 143 144 147 158 164 169 181 183 188 194 196 199
84 63 92 98 107 114 115 126 135 140 141 143 148 150 151 154 159 162 164 166 172 177 178 182 184 189 190 193 195 197 199
85 146 88 89 94 98 101 105 107 113 118 121 122 128 130 133 137 139 140 141 143 146 148 156 162 165 166 168 169 170 182 184 186 191 199
86 87 91 95 99 100 101 107 110 111 115 117 118 119 121 123 124 125 128 129 130 132 135 140 144 145 149 150 154 158 159 167 168 170 175 182 183 185 187 192 200
87 51 90 92 94 95 98 101 107 116 117 122 130 138 139 140 142 144 147 151 155 158 163 164 165 169 170 171 172 173 174 176 186 194 195 197
88 99 89 94 95 96 98 102 107 109 112 117 119 122 125 127 129 136 141 148 154 156 158 159 161 163 164 168 171 176 183 184 185 189 194 196
89 106 92 95 97 103 105 108 110 112 114 115 116 117 120 122 123 130 131 133 139 142 146 148 149 151 153 154 157 163 166 167 168 174 179 181 182 186 188 191 192 193 198 199 200
90 101 93 95 96 99 102 107 118 122 127 129 131 133 134 139 142 146 163 165 166 170 173 174 175 179 184 192 193 194 196 197 199 200
91 47 103 112 116 120 126 132 136 138 144 148 149 150 151 154 163 165 166 167 171 195 198
92 98 93 96 98 99 106 108 113 116 117 118 128 129 134 138 139 142 143 147 149 150 151 157 160 165 168 169 170 171 177 180 184 190 197 199
93 110 108 111 114 116 121 125 129 130 132 133 134 137 139 140 154 163 167 169 171 177 179 184 186 187 189 192 194 196 197 199
94 223 110 113 121 122 123 124 135 136 138 140 142 150 151 154 161 168 172 173 176 179 181 185 187 189 191 199
95 132 98 107 112 115 119 135 138 145 147 149 153 158 160 162 165 170 175 176 178 180 184 185 190 192 193 194 196 200
96 190 98 106 116 125 126 142 143 146 147 149 151 153 155 160 164 177 180 183 191 192 194 197
97 190 102 104 109 110 115 117 124 126 128 129 152 155 158 164 167 168 173 180 183 184 189 196 197
98 212 101 103 109 116 118 122 127 129 133 139 145 147 148 152 153 157 164 165 166 168 169 178 179 180 183 185 186 188 191
99 83 100 107 108 113 119 120 124 127 128 131 132 136 138 143 146 151 153 161 169 174 175 182 183 186 187 188 190 191 192 196
100 2 108 111 112 121 123 126 132 133 134 135 138 140 144 147 150 151 152 153 156 159 161 162 163 168 169 171 173 176 178 182 183 185 187 189 190 195 198 199
101 225 102 105 108 113 119 121 124 125 127 131 136 141 142 144 145 151 153 161 162 171 172 175 179 180 184 185 186 189 195 198 199 200
102 23 107 111 116 117 119 120 121 129 130 134 137 141 142 145 146 152 153 158 168 169 170 175 176 178 179 180 185 192 198 199
103 140 104 109 112 122 123 125 136 140 141 147 151 161 164 171 173 174 177 180 182 184 186 196 197 198 200
104 147 111 117 118 121 126 129 132 138 139 145 151 155 160 161 163 168 172 179 180 181 183 184 193 196 200
105 10 107 108 117 119 120 121 124 125 130 131 133 138 145 150 154 162 164 165 167 168 169 171 173 174 177 178 179 180 181 182 187 190 194 199 200
106 10 109 110 115 122 124 136 137 138 142 147 148 154 155 161 169 171 174 176 179 181 186 189 191 196 198 200
107 152 115 118 122 124 125 130 132 133 139 142 145 149 150 151 153 155 156 159 160 164 165 166 168 172 174
108 190 112 114 116 121 123 126 127 134 140 141 142 143 152 155 160 161 162 164 165 172 176 181 187 194 200
109 127 110 111 115 116 118 122 123 124 126 128 129 132 134 137 143 145 172 175 177 183 184 187 188
110 209 115 117 118 120 123 126 130 132 137 138 143 152 154 158 159 160 162 163 165 166 169 171 173 174 175 178 187 188 189 190 192 196 198
111 43 115 118 120 125 126 128 134 135 138 141 149 150 158 160 167 168 169 172 173 176 177 180 182 188 190 192 194 199 200
112 168 116 125 129 130 131 133 139 141 146 147 148 149 152 159 161 167 171 174 177 181 183 184 185 186 192 194 196 200
113 179 115 119 120 126 127 131 132 133 135 137 138 139 142 150 157 158 160 170 173 179 181 182 189 190 194 200
114 45 117 119 123 124 125 126 129 130 135 142 143 146 152 159 166 172 178 179 184 185 191 196 198
115 188 119 120 121 124 128 129 130 131 135 136 137 141 147 149 151 152 153 155 162 168 170 171 178 180 181 182 184 192 194 195 197
116 99 130 133 135 138 141 146 151 155 158 162 164 165 166 174 187 189 190 197
117 39 123 125 127 134 136 140 144 154 156 157 165 167 168 170 171 173 174 178 185 186 199
118 8 125 127 129 131 132 134 137 146 147 153 161 167 177 180 190 193 194 196 199
119 198 125 128 129 134 141 142 143 146 157 161 162 168 170 171 172 173 175 178 183 190 191 194 195 196 200
120 59 124 125 150 152 157 164 166 169 173 178 180 184 185 186 187 192 196
121 143 130 131 134 135 145 146 148 154 157 168 171 189 192 199
122 151 126 128 129 131 134 135 137 142 147 149 150 153 154 155 159 163 164 173 176 177 180 181 182 183 184 185 187 188 189 191 193 198
123 183 125 126 127 128 131 132 133 135 138 142 145 146 149 153 155 162 163 165 171 172 174 180 188 190 195
124 21 128 129 135 144 145 151 154 155 160 166 169 172 173 175 176 178 182 186 188 193 195 196 199
125 18 127 128 130 136 139 141 144 151 152 158 159 160 168 171 172 182 192 195 200
126 186 130 131 145 147 152 154 158 166 168 172 174 176 180 187 188 197 198 200
127 8 128 129 139 141 142 144 145 147 148 152 157 159 162 164 171 175 176 184 193 197 200
128 21 130 131 138 141 142 143 145 147 148 153 160 166 169 171 173 188 189 196 197 200
129 58 130 134 143 144 161 162 163 164 167 168 173 174 178 180 183 187 190 193 195 196 200
130 55 134 137 138 141 142 145 146 147 148 150 154 160 161 162 163 164 165 167 168 172 177 188 191 194 196 197
131 106 134 138 139 150 153 155 157 159 160 162 164 169 171 174 175 176 180 181 184 185 189 194 196 197 199
132 102 137 138 139 142 147 148 156 158 162 165 168 169 175 178 179 180 184 188 189 190 193 198 199
133 224 134 135 136 140 141 143 144 147 151 154 155 160 165 168 174 175 179 183 187 193 195 197 199
134 232 143 147 150 153 159 160 161 162 163 167 168 173 176 179 184 186 191 199
135 105 141 143 144 145 146 152 156 160 164 167 170 171 175 183 184
136 102 137 140 150 152 154 155 156 162 163 165 167 171 173 174 181 182 184 190 191 192 196 198
137 207 138 139 144 146 154 155 167 180 182 183 185 188 190 195
138 143 141 143 145 151 157 159 166 167 168 170 174 183 189 191 192 193
139 102 143 151 153 157 160 161 163 166 167 174 184 187 189 193 195 199
140 238 141 143 151 157 159 170 172 176 182 184 185 187 189 190 191 192 199 200
141 218 142 144 149 153 154 159 163 170 173 174 175 180 181 183 185 187 188 192 197
142 207 144 145 146 148 151 153 160 161 162 163 165 167 171 175 176 179 181 182 187 189 190 192 194 196 198 199
143 67 144 148 149 150 154 158 169 171 176 182 194 196 200
144 46 146 147 157 158 163 168 169 170 171 177 178 181 187 189 190 191 194
145 187 146 147 149 151 155 160 163 173 179 180 184 186 191 197 198 199
146 135 152 154 157 161 162 165 169 171 176 179 181 184 185 194 199
147 226 148 150 151 153 156 159 161 163 168 170 172 173 177 178 180 181 182 192 194 196 197 198
148 133 158 168 171 173 174 175 177 179 182 183 192 197
149 48 154 157 160 168 172 177 179 190 191 194 195 200
150 243 151 155 156 157 160 162 165 172 176 177 183 185 186 195 198 199 200
151 160 152 162 173 175 178 179 181 185 186 189 193 195 196
152 52 164 168 174 177 178 180 181 183 184 187 189 191 195
153 136 155 156 157 159 163 166 167 168 174 176 179 183 185 189 191 192 194 199
154 162 158 162 164 167 168 172 178 181 182 186 188 191 193 194 195 198
155 201 158 162 165 166 167 168 172 175 178 179 188 191 197 198
156 7 158 163 165 171 173 174 175 177 179 182 183 190 192 199
157 115 162 170 171 172 173 174 176 184 187 188 191 193 195 198
158 201 159 160 167 170 173 174 179 185 188 189 193 198 199 200
159 124 163 167 171 175 179 186 187 197
160 190 162 165 166 167 168 173 177 182 185 189 191 192 193 195 200
161 236 162 163 164 165 167 168 170 171 175 181 183 189 190 191 192 193 196 198
162 2 163 165 166 170 178 183 184 189 190 193 196 197 199
163 218 165 186 189 191 197 199
164 218 165 167 175 176 178 179 180 183 184 193 194 197 198 200
165 65 166 167 175 178 179 184 185 189 193 200
166 234 169 170 171 174 180 187 189 194
167 228 170 178 180 181 182 188 191 192 194 198
168 221 174 179 188 194 198
169 250 173 177 179 183 184 189 190 195 197 199 200
170 223 172 181 182 189 194 196
171 7 175 177 181 183 184 188 190 191 194 195 196 200
172 36 174 183 185 189 192 194 198
173 216 174 176 180 190 191 192 196 198 199 200
174 7 177 179 187 189 193 194
175 111 182 191 196 197 199 200
176 77 178 189 191 195 197
177 90 178 179 180 184 186 188 191
178 227 182 184 186 187 191 197 198 199
179 193 181 187 191 193
180 71 186 195
181 19 184 187 190 197
182 73 184 187 188 189 190 195 196 199 200
183 155 187 188 189 194 196 198
184 240 189 192 196 197 198 200
185 164 186 188 195 198
186 209 190 193 195 196 199
187 186 199
188 112 190 197
189 43 191 193
190 154 191 195
191 137 192 198 199
192 40 194 197 199
193 6 194 197
194 15 196 199 200
195 101 199
196 121
197 2 199
198 82
199 167
200 91
