200
1 27 2 3 5 10 11 12 13 15 20 21 24 25 27 29 33 36 40 45 49 51 52 54 55 57 60 61 63 65 68 70 72 73 74 75 78 79 81 88 91 92 94 95 102 103 104 106 109 110 111 114 116 118 119 121 123 126 129 133 134 135 136 138 139 141 142 143 146 147 149 151 154 159 160 161 167 168 171 172 174 175 177 180 182 183 185 188 189 190 191 194 196 197 198 199 200
2 172 6 8 9 10 13 14 15 16 19 20 21 22 24 25 27 39 41 42 43 44 45 49 51 52 53 56 60 61 63 67 69 70 71 72 73 75 76 78 81 83 84 86 88 90 91 94 95 96 97 99 103 104 106 108 109 112 114 115 116 118 121 122 123 125 126 127 129 131 133 135 136 137 138 140 143 144 148 149 154 156 157 160 161 164 165 166 167 168 170 178 179 180 181 182 183 185 187 188 189 190 194 195 199 200
3 111 8 9 10 12 13 14 16 19 21 23 25 29 31 34 35 37 39 40 41 43 44 50 51 52 59 63 64 66 69 70 72 73 76 77 78 79 81 83 84 85 87 88 89 90 91 92 93 94 95 96 97 99 101 104 105 113 114 117 118 119 123 126 127 131 134 135 136 138 139 140 142 143 144 146 147 149 150 151 154 156 157 158 164 166 167 168 169 170 172 173 174 176 178 181 182 183 184 185 187 188 189 194 195 197 198
4 6 6 10 11 12 16 17 18 20 22 23 26 28 29 32 33 34 39 42 45 46 47 48 51 52 54 58 60 62 64 65 67 68 70 72 73 77 78 80 84 89 90 93 94 95 96 97 98 99 100 104 107 108 110 115 117 118 120 121 126 127 128 129 130 132 134 136 139 140 141 143 144 145 146 154 157 161 167 168 171 173 175 176 178 181 185 186 189 193 194 195 196 197 200
5 52 8 10 11 12 13 14 15 17 24 26 28 33 36 37 40 42 43 45 54 56 58 62 63 64 65 67 68 69 72 73 78 83 84 86 87 89 91 95 96 97 98 100 101 102 103 105 106 107 110 111 112 115 116 117 122 124 125 128 129 132 134 136 146 148 149 150 153 155 157 158 161 162 164 165 166 167 168 169 170 171 176 177 178 181 182 183 185 190 192 197
6 227 9 15 16 17 18 23 24 27 29 35 37 39 40 42 47 49 50 53 54 55 59 60 61 62 66 68 70 72 73 74 75 76 78 79 80 81 85 86 87 88 89 93 94 98 100 101 102 103 104 105 106 107 109 114 117 119 120 123 127 134 135 136 137 138 140 142 146 150 151 152 154 155 156 159 162 165 168 169 171 173 174 176 181 182 183 184 186 187 191 193 194 195 197 200
7 98 9 12 14 18 19 20 22 23 24 28 29 31 32 33 34 36 37 39 40 41 42 45 46 48 51 53 55 57 60 64 66 68 69 73 77 78 80 81 83 85 87 88 90 91 92 93 95 96 97 98 99 100 101 102 104 105 107 108 109 110 111 114 115 116 118 119 122 127 128 129 130 131 132 133 135 136 140 143 144 145 146 149 150 152 153 154 155 156 159 161 164 166 167 169 173 175 179 180 181 183 186 188 189 190 191 194 197 198 200
8 170 9 10 11 13 17 20 21 23 24 27 31 35 37 39 43 44 46 48 49 51 52 53 55 56 57 58 59 60 61 63 65 66 68 69 70 75 77 78 85 88 90 91 92 94 97 98 99 100 101 103 104 108 110 113 115 117 119 120 122 123 125 126 128 130 131 133 134 138 141 143 146 148 150 151 153 155 156 157 158 161 165 166 167 168 169 170 172 177 183 184 185 188 189 192 194 200
9 159 10 11 13 14 16 17 19 20 24 26 28 29 30 33 37 38 40 41 42 45 47 48 49 52 53 54 55 58 66 69 70 74 75 79 80 81 84 85 87 88 91 92 93 94 95 96 97 98 99 100 101 102 103 105 112 113 114 117 118 119 120 121 123 126 128 129 135 136 141 142 143 144 145 146 148 149 150 151 153 155 156 157 159 160 162 164 165 166 170 171 173 174 176 177 179 180 184 185 186 187 192 194 195 196 199
10 177 11 12 15 18 19 21 22 23 24 29 30 32 33 35 37 41 42 43 46 48 49 51 52 53 55 56 58 59 61 65 66 67 68 69 76 77 80 81 83 87 88 90 91 93 95 98 99 101 103 104 107 108 114 116 117 120 121 125 127 128 129 130 131 132 134 136 137 139 140 143 144 145 146 147 148 150 154 156 157 158 160 163 164 165 171 172 174 176 178 180 183 184 185 186 187 189 190 191 192 193 195 196 199
11 5 13 14 15 17 18 19 22 23 24 25 26 27 28 29 33 34 35 38 39 40 42 43 44 45 48 49 52 54 56 58 60 61 62 63 65 66 73 75 80 81 83 84 85 86 87 90 92 93 94 95 98 101 103 105 108 109 110 112 115 116 117 121 123 124 126 127 128 130 131 132 135 136 137 138 139 141 143 145 146 150 151 158 159 160 161 162 164 165 166 167 170 172 174 175 176 181 183 185 187 194 195 196 197 200
12 249 14 17 20 22 23 25 28 30 33 35 37 38 41 43 44 47 48 53 56 57 58 60 62 64 66 71 73 76 77 81 85 88 92 96 97 101 102 103 104 106 109 110 113 114 115 117 118 123 126 137 138 139 140 141 143 144 146 148 153 154 158 159 161 162 163 164 165 167 171 174 178 180 181 182 183 184 185 186 189 190 191 195 196
13 76 14 16 18 20 25 26 29 33 35 36 40 42 43 46 47 48 53 56 57 58 62 63 65 66 67 68 70 74 76 80 82 85 87 91 92 93 95 97 99 104 106 107 110 111 112 113 114 116 118 119 120 121 125 126 129 130 135 137 139 142 147 154 156 158 165 167 169 171 172 178 181 182 183 186 188 190 191 192 195 196 199 200
14 67 23 27 28 29 30 32 33 35 37 38 41 42 45 49 51 52 54 55 58 59 63 64 65 67 69 71 72 79 81 82 84 85 87 88 90 91 92 94 99 100 102 105 106 107 108 114 115 120 121 125 127 128 134 135 136 137 145 146 148 151 152 157 160 161 164 165 166 168 170 171 176 177 179 182 185 186 190 191 192 194 197 198 199
15 109 17 20 25 27 28 30 31 32 33 35 36 38 39 41 42 43 45 46 47 48 49 50 53 54 55 56 58 61 65 67 68 70 72 74 77 80 81 85 86 87 88 90 91 98 99 103 104 105 112 113 115 116 119 122 124 126 127 129 130 131 132 134 135 136 139 140 141 143 144 145 147 148 149 151 152 154 155 157 159 160 161 162 164 168 173 174 177 178 179 182 183 185 186 187 188 190 192 195 196 198
16 40 17 18 19 20 22 25 26 31 32 33 35 36 38 39 40 42 46 48 49 50 52 55 57 60 62 64 69 71 76 77 78 80 81 83 84 85 86 88 89 90 91 92 93 94 95 96 97 99 101 102 103 107 109 110 111 112 113 114 115 116 117 120 121 122 127 128 130 133 134 136 137 139 140 143 145 146 148 150 151 152 153 155 156 157 158 159 160 162 164 166 172 173 174 175 176 178 180 184 185 187 190 191 192 193 197
17 141 22 24 27 29 30 33 36 37 39 40 41 42 43 44 46 47 49 50 51 54 55 56 57 58 64 66 69 71 73 74 76 78 79 80 81 82 86 90 96 98 108 117 119 120 122 123 127 128 133 135 136 137 138 139 140 142 143 146 147 154 155 161 162 163 164 171 172 173 174 176 179 180 185 186 190 191 192 194 195 196 198 200
18 75 19 20 21 25 26 27 28 29 30 33 34 35 36 37 38 39 40 41 42 43 50 51 53 54 56 58 61 64 69 70 73 75 77 84 86 91 93 95 96 98 101 106 107 111 113 115 116 118 124 127 128 130 132 133 134 136 137 141 143 144 147 150 151 152 156 160 161 163 170 173 174 175 179 180 181 182 183 184 188 189 193 194 195 197 199 200
19 169 22 24 29 30 31 32 33 34 35 42 44 45 46 48 50 51 54 57 58 60 62 63 67 68 69 72 74 78 79 81 84 85 87 88 91 92 95 100 101 102 103 104 107 111 113 115 119 120 122 124 126 128 129 130 132 134 141 144 147 149 151 152 154 155 156 157 162 163 164 166 168 171 174 177 179 181 182 183 185 186 191 192 193 194 196 197
20 244 21 23 25 26 27 31 32 34 38 41 42 43 44 45 46 50 51 52 53 54 55 62 66 67 69 71 72 74 75 76 81 83 84 85 87 88 89 90 93 95 96 97 99 101 102 103 106 107 108 113 114 118 119 120 123 124 125 127 128 130 131 134 135 138 139 142 148 149 151 154 155 156 157 158 160 164 165 167 168 170 171 173 175 176 178 179 181 182 186 188 190 191 197 199
21 189 22 23 26 27 28 35 36 37 38 39 40 41 42 43 44 46 49 50 51 54 57 58 59 62 65 67 68 72 79 80 83 87 88 89 90 94 95 96 97 98 100 101 104 106 107 109 111 112 114 115 116 119 120 122 124 126 129 132 133 135 136 137 139 140 141 147 149 150 156 157 158 159 160 161 162 163 169 170 171 173 174 175 177 180 181 182 183 184 187 188 190 193 194 195 196 199 200
22 3 24 25 26 28 30 32 35 36 38 39 41 43 45 46 47 48 49 52 55 56 59 63 68 69 71 73 74 76 77 79 80 81 87 88 89 93 94 96 99 100 101 102 103 105 106 108 109 113 114 115 116 122 125 128 130 136 137 139 141 142 146 148 152 156 158 166 168 170 172 173 175 176 177 178 179 182 187 188 190 191 192 194 195 197 198 200
23 1 24 25 28 30 36 38 39 43 46 48 50 51 53 54 55 56 59 62 63 64 65 67 69 70 71 72 74 75 77 82 85 87 88 90 91 92 95 97 98 99 100 103 106 107 109 110 111 114 117 118 119 121 127 129 131 132 133 135 138 139 143 146 147 148 151 153 154 155 156 157 159 160 162 163 166 167 170 171 172 173 175 176 177 180 181 182 183 184 186 187 189 192 194 195 196 199
24 144 25 26 27 28 29 31 34 36 39 40 41 42 45 48 49 51 52 53 55 57 59 60 61 62 64 65 69 71 72 75 81 82 84 86 88 92 94 97 101 102 103 104 105 106 110 112 114 115 118 119 120 121 122 123 125 126 127 128 129 130 131 132 135 136 138 139 141 142 143 145 148 149 150 153 155 158 161 166 168 169 174 178 183 184 185 186 187 188 190 194 195 198
25 60 26 32 33 36 38 40 41 43 45 48 49 50 51 55 59 62 63 65 66 74 75 77 81 82 88 93 95 96 97 98 99 100 101 102 104 105 107 108 111 112 114 117 122 123 124 126 130 132 136 137 139 143 145 148 149 150 151 153 154 155 157 160 161 162 163 165 166 167 170 171 172 173 174 176 177 178 181 183 184 185 188 189 191 192 194 196 200
26 151 28 29 31 33 34 35 36 38 42 44 45 48 51 53 54 63 64 65 71 72 77 78 80 81 82 84 85 86 88 92 93 94 101 102 103 104 105 106 107 108 109 110 111 113 114 115 116 117 118 119 122 123 124 125 127 128 131 135 137 139 140 142 146 149 150 153 154 159 161 162 166 167 168 169 170 171 174 175 176 181 182 183 185 187 188 190 192 195 197 199
27 116 32 33 34 35 42 45 48 49 50 51 52 53 56 58 60 61 66 67 69 70 71 73 77 78 79 80 83 85 91 94 96 99 102 103 106 109 110 111 113 114 117 118 122 124 126 127 132 133 135 136 137 139 141 142 147 149 150 153 154 155 156 157 159 161 163 164 165 167 168 169 171 173 176 177 178 179 183 184 186 187 188 191 192 194 195 199
28 96 31 32 36 41 43 46 47 49 50 52 54 57 59 60 61 65 66 70 71 72 73 75 77 78 79 80 83 84 85 86 87 88 89 93 97 99 104 105 106 111 114 115 116 117 118 119 123 124 128 130 133 134 136 137 139 143 149 151 152 153 155 156 157 158 159 160 161 169 170 173 174 175 176 178 179 182 184 187 188 191 192 193 194 199
29 140 30 32 38 39 41 48 50 51 52 54 56 57 59 62 64 65 67 68 70 71 72 76 77 78 79 80 82 83 85 86 89 93 95 96 97 103 107 108 109 113 114 115 117 118 119 120 121 124 125 132 133 136 137 139 144 146 148 150 151 153 154 158 159 161 163 166 168 174 175 177 178 181 183 184 185 186 187 189 191 192 193 194 197 199
30 107 32 35 36 39 42 43 49 51 52 56 60 61 62 66 68 69 72 74 76 80 81 83 86 87 90 93 95 96 97 98 101 102 105 107 110 111 113 114 115 117 118 119 121 122 124 126 130 132 133 137 139 140 141 142 143 144 145 149 151 152 155 156 161 163 164 167 168 169 172 173 174 178 180 182 184 186 187 190 192 195 197 198 200
31 140 33 35 36 38 39 41 42 43 45 47 51 52 53 56 59 60 62 63 66 67 69 70 73 74 75 78 84 87 88 89 90 91 92 93 94 96 97 98 100 101 102 106 107 108 109 111 112 113 114 115 117 118 120 121 122 126 131 132 135 136 139 140 141 142 143 145 147 148 150 154 155 156 157 158 159 160 162 165 168 171 172 173 174 175 179 180 181 182 186 187 188 189 190 194 196 198 200
32 178 33 34 35 36 38 39 40 42 45 47 49 50 52 53 54 55 57 58 60 61 62 63 65 66 67 68 71 73 74 75 76 77 80 81 83 85 86 87 90 91 93 94 96 99 100 101 103 104 105 106 107 108 110 111 113 114 115 117 119 120 122 123 125 132 134 137 141 142 144 146 147 148 149 150 151 153 156 159 160 161 162 163 164 165 167 168 169 172 173 175 176 178 180 182 189 191 197 199 200
33 219 34 35 39 42 44 45 48 49 53 54 55 56 59 60 61 62 63 64 65 67 68 69 70 74 76 82 83 84 86 88 91 92 94 96 99 100 101 102 104 107 108 109 113 115 117 123 124 126 127 130 131 135 136 137 140 141 142 148 150 152 156 158 159 160 162 166 167 168 169 171 174 176 178 179 180 181 186 187 191 192 193 194 196 197 199 200
34 71 35 37 40 41 42 43 44 47 51 52 53 54 56 57 58 59 63 64 67 68 71 72 74 75 78 81 83 84 88 90 93 96 98 103 105 108 109 113 114 116 117 119 122 124 125 128 131 133 135 136 137 140 143 144 146 149 152 153 156 157 160 161 165 166 168 169 170 172 173 178 180 191 196 197 200
35 122 38 40 44 47 50 52 53 55 58 59 61 64 66 73 76 78 79 80 81 82 90 91 92 93 94 95 97 99 102 103 104 109 111 114 117 119 120 123 128 129 132 134 135 137 139 140 141 143 144 147 148 152 153 155 157 158 162 164 168 169 176 179 181 182 183 187 188 189 190 192 194 195 196 197 198 200
36 157 39 40 43 44 45 47 48 50 52 53 54 55 56 57 58 59 62 63 65 67 69 70 73 74 76 79 80 81 82 85 86 87 88 89 90 91 93 98 99 101 105 106 108 111 114 115 119 121 122 126 127 129 133 134 135 141 143 145 149 150 151 157 158 159 161 162 163 164 168 170 172 174 176 178 180 182 184 185 191 195 196 197 198 199
37 93 40 42 44 49 50 52 53 56 57 59 60 61 62 64 65 66 68 72 77 78 81 82 83 89 90 99 100 102 104 111 119 120 121 122 124 125 129 130 131 132 134 135 136 137 138 139 141 142 147 148 150 151 152 153 155 156 157 159 160 161 162 163 164 168 171 172 173 176 178 180 181 183 184 185 188 189 190 191 194 198 199
38 224 40 42 44 47 49 50 51 54 55 56 57 59 63 68 71 72 75 77 79 80 81 82 85 91 93 94 95 96 98 99 102 103 104 105 109 113 115 118 121 122 124 125 126 129 130 131 132 133 134 135 136 142 143 145 146 147 151 158 160 162 165 166 167 168 171 172 173 174 176 177 178 179 182 184 188 190 192
39 213 40 43 44 46 48 51 52 53 54 59 60 61 62 63 67 68 71 73 75 77 78 82 83 84 95 96 97 100 101 104 105 107 108 109 110 111 112 114 115 120 122 123 129 131 135 139 140 141 146 147 148 149 150 151 152 153 156 157 158 159 161 162 163 164 165 167 168 173 177 178 179 185 189 191 192 194 197 200
40 139 41 42 43 45 48 52 53 54 56 60 61 64 66 68 70 73 74 75 77 78 81 85 86 88 90 96 98 100 102 104 105 108 118 120 124 127 128 129 133 134 135 138 139 140 146 147 148 149 151 153 154 155 156 157 158 161 163 165 171 174 178 180 183 185 191 193 195 196 200
41 174 42 43 46 47 48 49 51 55 57 58 59 60 62 64 66 67 69 74 75 78 81 82 83 84 86 87 88 89 90 98 101 102 103 106 109 111 112 113 115 117 125 126 128 129 133 138 141 142 143 144 146 147 148 149 150 151 152 155 157 161 163 164 166 170 171 175 177 178 179 182 183 186 190 191 195 200
42 25 43 44 45 47 48 49 51 52 53 55 56 58 59 60 61 65 66 67 71 74 75 77 78 80 81 83 89 91 92 93 94 95 96 100 103 104 105 108 112 113 115 116 118 119 121 122 123 124 130 133 134 137 140 142 144 146 147 150 151 152 153 154 155 156 157 159 161 162 165 166 167 169 172 175 176 177 179 181 182 183 184 186 188 189 191 192 193 198 199 200
43 48 45 47 49 50 54 56 57 58 60 66 69 70 79 80 81 83 86 87 88 89 90 92 93 94 98 101 104 105 106 107 108 110 114 115 117 120 122 125 126 131 133 134 135 137 138 140 142 146 149 150 151 153 154 156 157 160 161 162 165 166 167 168 172 173 174 176 177 181 184 185 186 187 190 191 192 193 194 197 198 199 200
44 50 46 47 49 51 53 57 61 62 63 65 66 67 72 73 76 78 79 80 83 84 85 88 92 93 97 99 100 103 105 107 111 112 117 120 124 127 129 130 131 132 133 135 136 139 141 144 147 150 152 154 156 157 160 162 164 167 169 170 171 172 174 175 176 179 186 187 188 189 192 193 196 197 198 199
45 57 47 50 54 55 56 57 58 60 62 63 64 65 67 69 70 71 74 75 76 77 78 83 86 88 89 90 92 93 94 95 96 97 111 112 113 118 120 121 124 127 128 130 131 132 134 135 138 140 141 143 145 146 147 148 150 157 159 160 165 166 168 169 170 172 173 176 177 178 179 182 183 184 186 187 188 189 191 192 193 196
46 196 47 49 50 51 57 60 63 64 65 66 67 68 69 71 72 73 74 75 79 80 81 82 84 86 88 90 91 95 98 100 102 106 107 110 111 112 113 114 116 119 120 123 125 126 127 129 134 136 139 149 152 153 156 158 160 161 162 163 164 165 166 167 168 169 171 172 175 179 180 181 182 186 190 195 196 197 198 199 200
47 80 50 51 52 53 55 57 58 61 62 63 64 65 67 69 71 72 73 79 80 82 83 86 87 88 90 96 97 98 100 103 105 115 118 120 122 126 129 130 132 133 136 137 140 142 143 148 149 150 154 156 157 158 159 161 162 165 167 168 169 171 173 174 175 179 180 181 183 184 189 190 191 195 198
48 55 49 50 53 55 56 57 58 63 66 67 68 69 70 73 75 77 79 80 81 83 86 87 89 91 93 94 95 96 101 103 106 111 113 116 118 120 121 122 123 124 125 126 127 128 132 136 137 138 139 143 145 149 152 153 154 156 157 163 165 166 169 175 176 177 178 181 182 183 184 185 186 190 196 198 199
49 50 51 52 53 54 62 63 66 67 70 71 74 77 79 80 82 83 84 86 93 94 95 97 98 99 102 103 105 107 108 109 110 111 114 115 116 118 123 124 125 126 127 129 133 136 139 141 146 147 149 150 152 157 158 159 160 161 166 168 169 173 175 176 181 182 184 188 191 192 194
50 23 51 52 54 55 58 61 62 64 66 67 70 71 72 74 75 76 79 81 82 83 85 86 88 91 94 95 96 98 99 103 105 107 113 115 116 118 122 124 126 129 133 134 135 137 140 142 145 147 150 151 153 154 155 156 157 163 166 170 171 173 174 175 176 179 180 184 189 190 191 192 194 195 197 198 199
51 200 54 55 58 59 61 65 67 68 69 70 71 77 79 80 81 82 83 84 85 87 88 89 91 96 98 99 101 102 104 105 110 111 112 115 119 121 123 124 126 132 133 135 142 144 147 150 151 153 154 159 161 162 165 166 167 170 175 179 182 185 187 191 192 193 196 198 199 200
52 96 53 55 57 58 62 66 67 70 79 80 81 84 85 87 90 92 95 96 97 99 100 104 105 106 107 118 119 120 123 125 126 128 130 131 134 135 137 138 139 141 143 146 148 149 150 151 154 156 158 161 166 167 168 170 171 173 174 175 176 178 180 182 183 186 187 188 189 190 193 194 197
53 97 54 55 56 57 59 61 62 63 64 66 67 69 72 73 80 84 85 86 87 88 93 94 96 97 98 100 103 105 106 112 113 114 115 119 121 122 123 125 129 130 131 132 135 136 139 140 145 146 147 148 149 150 151 154 155 159 161 163 164 166 173 174 176 178 179 180 184 185 188 192 194 196 197 200
54 237 59 60 61 62 64 65 66 69 70 75 77 78 81 83 85 87 91 99 100 102 103 105 107 108 109 114 115 118 123 125 126 129 131 134 137 138 139 141 143 146 147 148 150 156 157 159 160 161 164 167 168 172 173 177 180 182 183 185 186 187 189 190 191 192 195 197 199
55 136 61 64 66 69 71 73 75 76 78 79 80 81 83 84 85 88 90 91 92 95 96 97 98 103 105 106 107 109 112 113 115 116 122 123 124 126 128 130 131 132 133 134 135 141 143 145 147 152 153 154 155 156 157 158 160 162 163 165 168 169 172 173 174 178 181 183 184 185 187 192 193 196 197 198
56 113 58 63 71 72 73 75 76 82 83 84 88 89 93 96 97 98 99 103 104 105 107 109 111 112 113 115 116 117 118 120 121 122 123 126 128 129 131 132 133 136 137 139 141 142 143 148 151 152 153 155 157 159 160 163 169 172 173 175 176 177 178 179 180 184 185 186 188 191 193 194 200
57 141 58 59 64 66 67 69 70 71 72 73 77 78 79 81 82 84 85 88 89 90 92 93 94 95 98 99 100 102 104 105 106 107 111 112 114 121 126 127 132 135 137 138 139 140 141 142 152 153 154 155 158 160 162 165 166 167 168 169 170 171 175 177 180 181 183 187 190 193 197 200
58 100 59 62 64 67 70 71 73 75 76 79 81 84 85 86 88 94 95 96 98 99 100 101 102 104 105 106 107 109 115 117 118 120 124 125 126 133 140 141 142 145 146 149 155 157 163 165 166 168 169 170 172 173 177 179 180 181 183 184 185 186 188 195
59 214 63 64 65 67 68 70 72 76 79 80 85 87 91 94 95 99 101 103 104 105 106 109 110 111 112 114 115 117 118 119 120 122 123 125 126 130 132 134 135 138 140 141 142 143 144 149 151 152 154 156 157 160 161 163 165 167 170 172 174 178 180 181 183 184 188 191 192 193 195
60 157 61 62 63 66 68 70 71 72 73 76 77 79 80 86 87 89 93 94 96 97 98 99 100 102 103 104 105 107 109 110 111 112 115 118 119 121 122 123 126 130 131 132 134 135 136 137 138 139 140 142 143 144 148 149 150 152 153 155 156 157 159 163 164 166 168 171 172 174 178 179 181 184 185 188 190 191 192 193 195 196 199
61 67 62 66 67 70 73 75 77 78 83 86 88 90 91 92 93 95 96 97 104 105 106 107 108 111 113 114 115 118 119 121 127 130 131 135 136 138 139 140 141 143 144 146 147 148 149 150 151 154 155 157 158 163 168 170 171 172 173 176 177 178 181 182 183 185 187 189 190 192 194 198 199
62 216 63 64 66 67 71 73 74 75 76 77 78 81 82 86 87 90 92 93 94 96 100 104 105 106 107 110 115 116 118 119 121 122 123 125 126 127 129 130 131 132 138 139 140 143 144 145 147 148 149 151 152 153 158 159 162 164 165 169 171 173 174 175 181 184 186 188 190 192 194 200
63 223 67 68 73 74 76 77 78 80 82 85 86 87 88 89 90 91 92 93 94 97 99 100 101 104 106 109 110 112 113 115 116 117 118 124 127 129 132 133 136 138 141 142 143 144 145 147 149 150 151 154 155 157 158 160 161 164 167 169 172 176 178 180 181 182 183 184 186 189 190 191 192 193 195 199 200
64 205 66 67 68 69 71 73 79 81 83 86 87 88 91 92 97 98 99 102 103 108 109 112 113 115 117 118 119 122 123 125 126 127 129 130 131 134 137 138 142 143 145 147 149 150 152 154 157 159 160 162 165 166 167 168 169 170 173 174 177 178 180 181 185 186 187 190 191 192 193 197 200
65 41 68 70 71 72 74 77 78 79 80 81 90 92 97 99 101 104 106 109 110 118 119 122 127 128 129 130 131 134 135 136 137 139 142 144 146 148 150 151 152 153 154 158 161 163 165 167 168 173 176 177 181 183 184 186 187 188 189 190 191 192 194 195 197 198
66 179 67 70 71 73 75 76 78 79 81 83 84 85 86 87 89 93 95 98 99 101 103 106 107 108 109 111 112 116 117 118 122 124 126 127 130 135 139 141 143 144 145 147 148 149 150 151 154 156 159 160 163 164 165 166 167 169 171 172 173 177 179 180 181 182 185 186 192 193 194 195 197
67 227 69 70 71 72 73 79 80 84 88 89 91 92 93 95 96 99 101 102 103 104 106 113 114 115 116 117 118 119 120 123 129 130 131 134 135 137 140 141 142 143 145 147 149 153 155 157 158 159 160 161 162 171 172 177 180 183 184 186 187 188 193 194 195 197
68 126 74 75 81 82 84 86 88 89 94 95 96 98 100 101 104 105 106 109 110 111 112 114 115 116 117 119 121 125 131 133 135 137 138 140 141 146 147 148 150 152 154 156 159 160 161 162 163 164 167 168 171 175 176 178 180 181 182 184 185 188 190 191 192 195 196 197
69 136 70 72 73 74 76 77 79 83 84 86 87 88 89 90 93 95 96 97 99 100 101 103 104 105 106 109 112 113 114 118 119 120 123 124 125 127 128 129 131 134 135 136 137 138 139 140 142 143 148 149 150 151 153 154 156 158 159 160 162 163 164 165 166 171 173 176 177 183 185 186 187 190 192 194 196 198
70 94 73 78 80 81 82 84 85 89 90 91 94 96 97 101 102 104 105 107 108 110 112 113 119 121 122 123 124 126 127 132 135 137 138 139 140 142 143 146 148 151 153 154 158 159 160 161 162 163 164 165 167 168 169 170 175 176 178 179 180 182 183 184 188 189 194 196 197 198 199
71 57 72 73 74 77 78 79 80 83 84 85 86 88 90 91 93 96 97 100 103 104 106 107 109 110 111 113 114 116 120 121 122 126 133 135 139 144 146 148 151 152 153 155 156 161 162 163 165 166 170 173 175 180 182 183 184 189 190 191 193 197 198 200
72 121 73 74 75 76 77 80 81 84 85 86 93 94 95 97 98 100 102 107 110 111 113 116 117 118 120 121 122 123 126 127 129 130 131 135 136 138 140 142 143 144 145 146 147 148 150 151 152 154 156 158 162 164 165 166 169 173 176 178 179 180 183 184 192 196 198 200
73 53 76 77 81 84 85 93 95 96 97 99 100 104 108 112 116 117 119 121 123 124 127 129 130 131 134 137 139 141 143 148 149 151 154 155 160 161 164 165 167 168 169 170 171 172 176 177 178 179 180 182 185 187 188 189 192 197 198 200
74 81 78 82 84 86 87 88 91 92 93 94 95 96 97 99 102 105 106 108 109 111 113 115 116 117 119 120 124 126 127 131 133 134 135 138 139 140 142 143 147 148 149 151 152 153 155 156 158 159 160 162 165 166 167 168 169 170 172 173 174 175 176 178 180 181 182 189 192 194 195 196 197 198
75 76 79 80 81 82 88 90 94 100 101 105 106 107 108 109 111 114 115 116 117 120 121 122 125 128 129 134 135 136 137 138 139 141 142 144 149 150 151 153 154 155 156 157 159 160 161 162 163 165 166 168 171 172 173 177 180 181 182 183 185 189 192 193 194 195 199
76 75 78 79 82 84 85 86 89 90 91 92 93 94 95 97 99 102 107 108 109 111 114 115 118 120 121 124 128 129 131 132 133 134 135 138 139 140 141 142 143 145 149 151 154 155 156 157 160 162 168 169 170 171 172 173 174 177 179 181 182 193 194 197 200
77 86 81 82 84 86 89 90 92 93 95 100 102 104 106 107 108 110 116 119 120 122 124 125 126 127 128 131 140 141 148 149 150 152 153 156 157 158 159 162 163 164 166 167 172 175 178 179 181 182 184 185 186 187 189 191 194 195 198
78 22 81 83 84 86 88 91 92 93 95 96 98 103 104 110 116 117 119 120 123 124 125 128 130 133 136 138 139 140 141 142 143 144 146 150 151 153 156 157 158 161 163 165 166 167 168 171 172 175 176 179 181 184 190 192 193 195 196 199 200
79 200 81 85 89 90 91 92 93 94 97 99 101 102 104 110 111 114 115 119 120 123 125 128 131 139 142 143 144 145 147 149 152 153 154 155 156 157 158 159 161 164 167 168 170 171 173 175 176 178 180 181 185 188 189 190 193 199 200
80 151 82 83 87 89 93 94 98 99 100 101 103 105 106 109 111 112 117 118 124 126 132 133 134 135 136 137 138 141 144 146 148 149 150 153 155 157 160 167 169 173 175 177 178 179 182 184 186 187 188 190 191 193 197 200
81 131 82 83 88 89 91 92 93 94 99 100 101 108 110 111 112 113 114 115 116 117 120 121 125 127 130 139 142 144 145 147 148 150 151 152 153 155 157 158 159 161 164 166 167 168 169 170 173 174 175 176 178 179 181 184 185 187 188 189 190 191 193 195 196 197 198 199
82 204 83 84 87 89 90 91 92 93 98 101 102 105 107 111 113 114 117 118 119 122 125 126 127 128 130 131 132 133 134 137 138 140 143 146 148 150 153 154 159 161 164 165 166 168 169 175 179 180 181 183 186 189 190 192 193 195 196 198 199 200
83 28 85 89 92 94 96 101 103 105 107 108 109 110 113 114 115 118 125 127 130 131 140 141 143 145 146 147 148 149 154 157 161 163 164 166 168 170 171 173 176 178 179 180 182 184 189 190 193 195 198 199
84 63 85 86 87 88 90 91 95 96 98 99 100 104 106 107 108 111 113 115 118 119 120 123 125 128 129 130 133 135 137 139 140 141 143 144 145 146 147 149 151 152 153 154 155 157 159 160 161 162 163 164 165 169 173 174 176 178 180 181 184 185 187 188 190 191 192 195 196 197 199 200
85 146 86 89 90 92 93 94 95 96 99 103 106 107 109 110 112 113 114 115 117 119 121 122 123 124 126 127 128 129 130 132 135 138 139 141 142 143 146 148 149 150 152 154 155 156 157 161 167 168 171 173 174 175 176 179 181 184 185 187 188 189 190 191 192 194 195 196 197 200
86 87 91 92 93 97 98 99 100 102 103 105 108 110 112 115 119 121 125 126 128 129 130 131 133 134 136 140 141 143 145 147 148 153 155 156 159 160 167 168 170 175 179 180 181 182 184 185 188 189 190 191 194 195 198 199 200
87 51 88 89 92 94 102 103 105 107 109 110 112 117 119 120 122 123 124 125 127 129 132 133 134 135 136 138 139 145 146 148 152 154 155 161 164 166 172 173 174 178 179 181 186 187 188 189 190 191 196 197 198 199 200
88 99 89 90 91 94 98 99 103 106 107 111 114 115 117 118 119 120 121 124 132 134 135 141 144 145 148 150 152 153 154 155 157 158 160 161 163 164 165 167 168 170 172 173 174 175 176 177 178 179 181 185 186 188 190 191 192 195 198 200
89 106 90 91 92 94 95 100 103 105 108 109 113 114 115 116 117 118 123 125 127 128 132 134 135 136 137 138 139 140 141 142 148 149 150 151 152 157 158 159 160 162 163 165 166 167 171 175 176 177 181 184 192 196 197 198
90 101 92 93 96 97 101 103 104 105 107 108 110 113 114 117 122 124 126 127 128 130 131 132 134 135 138 139 142 143 145 146 147 148 152 155 156 161 162 164 165 170 172 173 175 179 181 186 188 190 191 195 196 197 199 200
91 47 92 93 94 95 97 98 100 101 104 105 107 110 114 115 116 119 120 121 122 123 125 126 133 134 136 137 143 144 145 146 155 158 159 160 164 165 167 171 175 177 180 181 182 184 185 186 187 189 190 192 193 194 195 196 197 198 199
92 98 94 95 96 97 101 102 103 104 106 107 109 113 118 119 125 127 129 130 134 136 138 142 146 150 152 154 155 156 159 160 161 164 167 168 169 173 174 175 177 178 180 181 183 185 187 188 192 194 197 198 200
93 110 94 96 97 98 99 100 102 105 107 108 109 110 111 112 115 116 117 119 120 122 125 126 127 128 129 131 133 134 136 138 145 147 150 152 153 155 157 158 162 163 164 167 168 173 177 178 181 182 183 184 189 190 193 194 195 197 199
94 223 96 98 99 101 105 107 108 111 112 113 115 117 118 120 122 123 125 126 131 134 136 140 143 144 146 147 152 154 155 159 161 163 164 167 169 171 173 174 178 179 180 181 183 184 185 186 187 190 191 195 196 198 199
95 132 98 102 106 108 109 113 114 119 120 121 124 128 129 131 134 135 137 138 139 147 149 150 152 154 156 157 162 163 164 165 166 167 168 171 174 182 183 184 185 186 193 197 200
96 190 98 101 102 103 104 105 106 108 109 110 111 115 116 117 118 120 121 122 125 126 130 138 139 140 141 142 143 144 149 151 153 157 158 159 160 162 165 166 167 170 172 173 174 175 176 177 178 179 180 181 182 183 185 186 187 188 190 191 193 196 199
97 190 100 103 104 105 106 107 109 111 115 119 120 122 123 126 129 130 134 135 138 139 140 144 146 148 150 151 152 154 155 157 162 164 165 166 167 168 171 173 175 177 178 179 180 185 186 190 191 192 193 195 196 199
98 212 100 101 103 106 109 118 119 120 124 126 127 129 130 131 132 133 136 138 142 144 147 148 149 150 152 153 154 155 157 158 159 161 162 163 167 168 172 174 176 177 179 181 182 186 187 188 189 190 191 192 198 199 200
99 83 101 102 104 105 106 107 109 110 112 113 114 116 119 120 121 125 126 130 132 133 135 136 137 139 141 143 144 145 146 148 149 151 155 159 161 162 163 164 166 167 171 173 175 176 179 182 187 188 189 195 196 198 199 200
100 2 102 103 104 105 107 108 109 110 113 117 120 122 123 126 128 129 131 133 135 136 137 139 141 142 145 146 154 155 156 162 163 167 168 170 171 172 176 177 180 181 182 183 184 185 186 188 189 190 194 195
101 225 103 108 109 115 116 118 119 120 121 122 123 124 126 127 130 137 139 141 145 146 148 149 151 154 155 157 158 161 162 163 165 170 171 172 174 175 176 178 182 183 184 185 189 190 193 198 199 200
102 23 103 105 106 107 109 111 113 114 116 117 119 120 121 122 123 125 128 129 130 131 132 140 142 144 145 147 148 159 162 166 167 170 172 174 177 178 179 182 183 185 186 192 195 198
103 140 105 106 107 110 114 116 117 120 123 126 129 131 134 135 136 137 138 139 140 141 144 148 149 150 152 153 155 158 159 160 161 162 164 167 168 169 170 171 173 175 176 177 178 179 182 183 185 186 191 192 193 196
104 147 105 107 108 110 111 112 117 119 120 122 124 125 127 133 140 142 144 150 151 153 156 159 161 164 165 166 168 171 173 175 177 178 179 183 184 185 187 189 190 192 193 194 195 198 199 200
105 10 106 107 108 109 110 116 118 119 120 121 123 126 127 128 129 133 134 137 139 140 141 142 144 145 147 148 149 152 155 156 158 159 160 161 162 164 165 166 167 168 170 174 178 181 183 184 187 188 189 190 192 193 195 197
106 10 107 111 112 113 115 116 121 122 123 126 133 135 137 139 141 142 146 147 150 153 157 160 161 165 166 167 170 174 176 178 179 182 183 188 190 192 193 197 198
107 152 109 113 115 118 121 124 125 128 129 131 132 133 136 137 145 146 148 149 153 155 156 159 163 165 166 167 170 176 178 179 181 184 187 188 189 190 192 197 200
108 190 112 113 114 116 117 119 122 123 124 127 128 129 131 133 136 137 138 140 141 144 145 147 149 150 152 153 155 156 158 159 161 165 167 171 173 174 178 180 181 182 183 184 186 190 191 194
109 127 110 112 113 114 117 119 121 123 124 126 128 129 131 132 135 136 137 140 141 142 146 149 151 153 155 157 158 161 162 163 165 166 167 171 174 175 177 178 179 183 186 189 190 191 193 194 196 198
110 209 113 114 115 117 121 122 123 125 130 132 133 134 135 139 140 142 143 144 145 147 149 152 156 157 158 161 164 166 167 168 169 176 180 185 186 187 191 195 197 199
111 43 112 113 116 117 118 119 124 126 127 129 130 132 134 137 138 139 141 145 146 147 149 150 151 152 153 157 159 160 161 162 165 166 167 173 174 175 177 178 180 182 183 184 185 186 187 188 189 190 191 192 193 194 196 198 200
112 168 113 115 116 117 119 120 127 129 132 134 135 136 139 141 143 144 146 147 148 149 150 152 154 156 157 158 161 165 166 167 171 172 173 174 175 176 177 179 180 185 188 189 190 191 192 194 195
113 179 115 116 118 120 121 124 127 128 129 131 140 141 142 147 148 150 151 152 154 160 161 166 167 169 170 174 177 181 184 190 191 192 194 196 197 198 199
114 45 116 117 118 119 121 122 123 125 126 128 129 130 137 139 140 141 142 146 147 150 151 155 156 157 158 159 166 167 170 171 172 173 174 175 177 180 184 189 191 195 198 199 200
115 188 117 119 120 121 122 123 125 126 129 133 134 135 136 140 148 149 150 151 152 157 160 165 166 167 170 172 174 175 176 177 178 181 182 189 191 193 197 198 200
116 99 117 118 119 120 121 124 126 129 130 133 134 136 137 138 140 143 144 145 146 147 148 149 151 153 159 160 161 165 166 167 171 172 173 174 179 180 183 184 185 187 190 193 195 199 200
117 39 119 124 125 126 128 129 130 134 136 138 140 142 144 145 149 150 151 152 154 156 158 159 162 163 167 172 175 176 177 181 182 183 184 185 186 187 188 190 193 194 195 196 199
118 8 120 122 126 127 128 130 132 134 135 136 137 138 146 147 152 153 155 158 159 160 161 162 170 171 172 173 174 175 178 182 185 186 187 188 190 191 192 193 195 197 199 200
119 198 120 122 124 126 127 128 130 131 132 133 134 136 137 139 140 141 144 146 147 148 150 151 152 154 159 162 167 169 170 171 173 175 177 178 179 180 186 192 194
120 59 122 126 127 128 129 131 133 134 137 140 141 144 147 148 149 152 153 154 156 157 158 160 165 167 170 171 173 174 175 176 177 178 179 180 181 184 187 189 191 192 194 195 198 199 200
121 143 123 124 125 126 127 128 131 136 137 138 139 140 142 143 144 145 146 147 148 150 151 152 154 156 158 161 162 166 168 169 170 173 176 177 178 181 182 183 185 187 188 190 191 195 198 199
122 151 123 129 130 131 133 134 137 138 140 141 143 144 145 146 147 148 151 152 153 154 156 157 158 163 167 169 171 172 176 178 183 186 187 188 191 200
123 183 124 129 135 136 137 141 145 146 147 148 151 152 153 154 155 158 159 160 161 162 166 167 169 170 172 175 180 181 184 185 188 191 198
124 21 125 126 128 130 135 136 139 141 142 144 145 146 148 149 151 152 153 155 158 159 160 161 165 167 170 173 175 177 179 180 182 184 185 187 190 198 199 200
125 18 126 131 132 133 141 143 144 145 146 149 150 152 154 156 157 158 159 160 161 163 166 168 170 172 173 174 176 177 178 180 181 183 184 185 187 189 191 192 195 197 199
126 186 128 130 132 134 135 136 137 138 139 141 142 145 149 150 151 154 155 158 159 162 163 164 165 166 167 168 169 172 173 177 178 179 182 184 185 186 188 190 192 194 197 198
127 8 128 132 134 136 137 138 139 142 146 148 150 151 154 155 156 157 158 159 160 162 168 170 173 175 177 178 179 180 183 185 186 188 191 194 195 199
128 21 132 134 136 137 138 140 143 144 145 146 152 155 157 158 159 163 164 166 168 169 171 172 176 177 179 181 182 184 185 189 192 195 196 197
129 58 130 131 132 133 134 135 136 142 143 144 153 160 161 162 163 167 168 171 179 180 181 182 183 186 187 188 189 190 195
130 55 131 132 134 135 140 141 142 144 145 146 147 149 153 155 156 157 158 160 161 162 168 169 171 172 176 178 179 181 182 184 187 188 190 191 196 197 198
131 106 132 133 134 136 138 139 140 141 143 144 145 146 147 148 149 150 151 152 155 158 159 161 164 165 166 169 173 174 175 177 178 180 181 182 184 187 188 190 194 196 197 199 200
132 102 133 134 135 136 138 140 141 142 144 145 146 150 151 153 154 158 159 162 163 165 170 172 174 179 180 182 183 184 186 187 188 191 192 193 194 197 198 200
133 224 135 136 137 138 139 140 141 144 148 149 150 151 152 153 159 162 163 166 168 182 183 187 190 192 194 195 196 199
134 232 138 139 140 143 145 151 154 155 158 165 167 169 174 175 176 178 179 180 181 182 184 185 186 188 189 190 191 192 193 197 198
135 105 137 138 139 140 143 145 148 149 153 154 160 161 167 170 171 174 175 178 183 186 187 191 192 193 194 195 197 199
136 102 138 141 144 147 149 150 151 154 158 161 163 164 165 168 170 173 174 176 180 183 184 188 189 190 191 192 193 195 196 198
137 207 138 139 140 141 142 144 145 146 148 149 155 156 157 159 160 162 163 167 171 172 173 178 179 180 181 182 185 187 189 194 196 199 200
138 143 142 144 146 148 149 150 151 154 155 158 159 160 163 166 167 168 169 172 175 176 177 179 180 182 184 185 186 188 190 194 199 200
139 102 140 141 143 144 145 148 149 153 156 163 165 167 168 169 170 172 173 174 175 179 181 183 186 187 188 189 190 192 193 194 197 199
140 238 142 143 144 145 146 147 148 152 154 156 157 158 159 160 162 163 168 171 172 175 179 180 187 188 189 191 192 193 196 198 199
141 218 144 148 149 151 155 157 158 159 160 163 164 167 169 171 174 176 178 180 181 182 185 186 187 190 191 192 194
142 207 143 144 146 148 150 151 157 160 163 165 167 169 170 171 172 174 175 176 178 180 185 187 190 191 193 195 197 198 200
143 67 144 145 148 149 153 154 157 159 160 161 163 164 166 167 168 169 174 177 178 179 180 184 186 188 193 194 197 199
144 46 146 147 148 152 153 154 155 156 157 158 159 160 162 163 169 170 172 174 175 178 182 183 186 187 190 191 192 196 198 199
145 187 147 150 152 153 157 161 166 168 169 170 172 173 174 177 178 180 182 185 187 188 189 190 192 193 194 195 196 197 200
146 135 147 150 151 157 158 161 164 165 166 167 169 170 171 172 175 176 177 185 187 189 191 193 195 200
147 226 148 149 151 152 153 154 158 160 162 163 164 165 167 169 170 172 174 175 177 179 180 182 184 185 187 189 190 192 193 197 199
148 133 149 151 152 153 154 157 158 159 161 162 163 164 165 167 168 170 171 173 175 177 179 180 181 183 186 189 191 194 195 197 198
149 48 153 156 159 161 162 163 167 169 170 171 172 174 176 177 178 179 180 181 183 185 187 188 190 192 195 197 198 200
150 243 151 154 160 164 165 166 170 171 173 174 178 179 181 183 184 187 189 190 191 192 196 199 200
151 160 159 160 163 164 168 171 172 173 174 179 181 182 183 185 188 190 193 197 198
152 52 153 154 155 156 159 160 165 166 169 170 172 176 177 179 184 186 188 189 191 192 195 199 200
153 136 156 157 158 159 160 161 162 164 165 167 168 169 170 176 178 179 180 181 183 184 189 193 195 199 200
154 162 155 156 157 160 161 164 168 169 170 172 175 178 180 182 183 185 186 190 191 193 194 195 196 197 200
155 201 159 161 162 167 169 170 175 176 177 178 179 180 181 183 189 190 192 195 197 198
156 7 157 159 160 161 162 163 167 168 169 170 171 172 180 181 186 188 189 190 192 193 195 197 199 200
157 115 163 165 166 167 169 171 172 173 174 176 177 178 179 181 182 184 185 186 187 188 189 193 194 197 198 200
158 201 159 160 165 166 170 174 176 177 179 182 184 186 191 192 194 196 197 198 199
159 124 160 161 166 167 168 170 171 172 180 182 187 188 191 194 197 200
160 190 163 164 165 166 170 172 174 175 176 178 180 182 183 186 189 190 193 194 195 197 198 200
161 236 168 169 170 172 174 176 177 178 179 184 187 190 193 195 199 200
162 2 164 165 169 170 171 172 173 174 175 179 184 185 186 188 190 191 193 198 199 200
163 218 164 165 166 167 169 172 176 183 186 187 188 189 191 192 193 196 197 199 200
164 218 166 167 168 170 171 174 177 180 181 183 188 190 192 193 199 200
165 65 166 167 171 173 174 176 179 182 184 188 189 190 191 193 198 199
166 234 167 168 169 171 173 177 178 183 185 186 187 190 193 195 196 197 199 200
167 228 169 174 176 177 182 183 185 186 187 188 191 193 194 198 200
168 221 169 170 171 177 178 189 190 191 192 193 195 197 198
169 250 176 179 181 184 185 186 187 188 189 191 193 194 197
170 223 173 179 181 183 186 187 188 190 194 195 196 197 198
171 7 172 176 177 178 181 182 183 189 190 191 192 195 197 199 200
172 36 173 176 178 179 181 184 192 193 195 196 197 198
173 216 175 182 184 185 186 189 191 195 196 198 199
174 7 175 177 179 180 182 188 195 200
175 111 176 177 179 180 183 184 188 189 190
176 77 177 182 185 186 191 192 193 195 198 199 200
177 90 180 181 182 184 186 191 192 194 195 196 198 199
178 227 179 182 183 185 186 190 192 193 195 197 199
179 193 180 181 183 184 186 187 188 190 192 193 195 196 197
180 71 182 184 186 187 191 196 197 198 200
181 19 182 183 185 189 192 193 197
182 73 183 185 187 189 191 193 196 197 200
183 155 185 186 187 188 189 190 193 195 196 197 200
184 240 186 188 189 193 195 197 198
185 164 190 191 192 195 196 197 198 199 200
186 209 188 193 194 197 200
187 186 191 192 193 196 199
188 112 191 194 195 198 199
189 43 190 196 197 198 200
190 154 191 192 194 196 198 199 200
191 137 192 194 195 197 198 199
192 40 193 195 197
193 6 194 195 198
194 15 197 198
195 101 197 199 200
196 121 198 200
197 2 199 200
198 82
199 167 200
200 91
