200
1 118 4 8 31 58 68 75 86 93 94 118 122 147 156 163 169 180 188 195
2 130 7 30 38 40 42 57 70 78 85 87 98 101 116 123 127 132 143 146 155 160 169 177 180 194 198
3 126 13 24 40 43 44 89 108 114 135 147 154 157 158 160 161 184 186 190 197
4 43 6 19 30 32 54 74 78 97 113 136 146 168 185
5 189 28 33 34 47 53 66 70 97 107 123 127 141 150 153 193 194 196 200
6 84 20 38 46 59 60 69 72 79 81 103 111 122 131 150 162 168 169 184 185 199
7 197 9 18 24 29 37 55 70 81 102 110 124 125 158 189 190
8 191 26 31 33 52 74 80 88 91 101 105 157 159 177 185 188 194 195 196
9 154 12 13 27 31 41 70 79 93 127 134 135 142 144 157 160 168 181 186 192 195 196
10 228 27 48 55 56 65 75 92 105 117 137 140 150 162 164 175 185 187 189
11 102 17 19 23 28 30 42 55 57 62 67 69 90 93 104 108 117 119 140 145 147 155 172 185 193
12 113 15 18 35 53 58 62 63 86 90 101 103 107 109 122 123 129 153 164 167 169
13 45 53 56 86 91 104 110 111 127 132 140 144 155 158 161 183 194
14 143 17 34 44 48 50 60 77 96 108 112 130 131 141 143 157 166 172 180 185 195
15 185 40 53 65 81 89 98 101 104 106 115 116 122 129 135 163 179 181 182 189
16 130 18 34 42 50 51 54 55 74 75 87 91 92 99 104 109 127 145 147 148 164 177 198 199
17 209 23 28 31 73 76 79 87 111 118 137 146 165 176 186
18 229 35 59 64 72 73 80 81 96 122 123 125 131 136 147 172 182 184 191
19 30 21 24 38 39 74 81 95 124 139 143 155 162 163 167 172 185 195
20 3 35 41 46 50 63 65 77 80 97 101 108 115 117 118 138 147 168 173 183 184 185 191 192 194 197
21 195 23 24 26 32 40 48 52 84 87 103 121 123 127 131 158 184 191 195
22 214 25 27 32 37 54 62 67 88 112 116 117 125 129 140 156 194
23 225 27 28 36 46 54 68 70 75 87 99 102 107 114 143 164 177 184 189 200
24 46 27 43 52 54 75 77 83 86 92 100 112 121 139 148 158 170 200
25 204 32 59 67 84 88 91 100 101 110 135 146 150 159 167 182 192
26 189 28 41 49 67 98 102 104 120 121 126 145 151 161 174 196 197 198
27 17 50 55 70 85 89 105 111 117 126 168 173 187 192
28 70 31 76 83 89 90 105 116 118 129 143 151 152 155 157 197
29 34 40 80 103 120 126 129 134 139 169 185 195 200
30 205 45 61 99 114 119 143 164 178 184 195 198
31 74 33 36 45 71 83 84 101 104 107 111 113 120 140 149 156 166 177 184 194
32 241 67 72 85 89 102 104 113 134 142 148 161 166 170 172 175 193 196
33 36 35 67 82 83 88 99 105 108 116 129 141 170 172 173 176 179 193 198
34 31 53 56 72 73 90 96 120 122 127 129 146 151 158 160 163 174 177 183 200
35 223 39 46 54 62 71 80 83 86 95 104 123 128 136 141 151 152 182 183 185 191
36 38 63 76 78 83 89 93 94 102 164 171 179 182 187 199
37 21 43 62 77 83 91 99 101 105 118 124 129 136 149 159 160 161 166 172
38 113 55 79 91 95 105 115 120 121 123 136 145 159 189 192
39 122 51 82 83 102 114 115 146 151 154 165 196
40 139 48 49 50 61 66 68 70 125 136 146 155 168 183 189 193 194 195
41 136 45 55 64 65 69 71 78 79 85 95 103 106 107 111 137 148 152 154 174 183 185 188
42 92 92 110 119 123 129 130 138 150 161 166 170 178 181 194
43 224 51 60 66 69 105 115 116 123 145 149 161 165 173 177 186
44 174 45 52 65 66 77 80 82 109 116 127 133 140 170 186 190 192 197
45 135 47 55 58 60 63 68 80 103 136 141 166 185
46 152 52 68 75 89 95 101 107 153 186 194
47 20 61 73 87 93 121 129 147 152 157 159 161 176 179 185
48 169 56 58 65 66 79 81 90 95 111 120 134 138 142 171 181
49 77 65 67 69 80 91 94 119 120 122 123 126 127 161 166 168 188 195
50 79 65 68 74 77 78 85 95 97 108 115 131 138 149 150 151 155 166 168 173
51 143 70 85 90 106 109 134 168 186 194 198
52 126 60 88 110 116 132 158 168 169 174 178 179 183 188 189 190
53 118 58 62 68 80 89 92 94 95 97 103 106 130 136 152 164 167 177 182 195
54 33 88 114 118 138 149 150 152 153 158 172 180 181 184 193
55 79 74 76 77 80 105 125 132 146 147 153 159 189 196
56 58 57 64 70 72 80 88 89 108 113 121 144 146 153 168 179 181 183 189 197
57 195 71 73 75 86 92 95 112 147 163 166 179 188 199
58 177 61 67 80 133 136 153 155 160 176 188 192 197
59 72 62 67 82 98 104 135 139 140 144 147 160 172 180 186
60 170 67 73 76 81 92 93 141 142 153 157 189 199
61 242 62 73 77 86 97 112 126 136 139 140 151 155 171 173
62 155 86 92 106 112 120 131 134 137 141 165 189
63 207 66 75 92 94 98 104 105 108 130 151 153 154 155 156 168 176 185 188 199
64 23 75 77 104 109 118 122 129 137 167 177 199
65 8 75 85 86 123 134 135 136 140 166 169 176 180 182 195
66 68 74 81 85 91 95 105 107 113 118 136 165 168 175 185 186 189 197
67 23 109 111 121 132 138 145 156 158 180
68 103 70 72 74 76 79 106 123 147 152 170 177 180 191
69 113 90 92 103 124 126 134 135 137 141 147 160
70 196 72 87 97 104 107 110 116 123 125 132 139 150 165 166 168 194 200
71 124 75 93 97 110 117 124 126 130 139 142 143 151 178 189 191 198
72 130 73 76 79 87 88 98 117 125 141 144 160 172 180 188 195
73 153 84 92 114 118 121 122 126 138 186 190
74 102 75 79 98 104 107 128 129 143 150 156 178 195
75 157 95 100 104 152 153 155 163 179
76 54 78 85 86 88 96 117 127 139 174 177 182 189
77 3 83 85 110 111 113 125 138 149 164 179 189 194 196
78 120 83 85 87 94 120 129 131 140 167 177 181 191 193 200
79 110 90 131 150 157 172 179 188
80 46 91 105 109 123 130 136 140 145 153 167 168 186 193
81 113 84 114 121 126 140 145 172 178 180
82 126 93 103 113 141 145 147 153 163 174 198
83 51 84 124 128 149 158 168 176 181 182
84 193 93 99 102 115 118 150 155 164 171 179 186 195 196 199 200
85 215 88 106 107 129 132 144 167 183 184 195
86 77 101 115 119 131 135 151 172 178 183 185 186 196 197
87 30 133 141 142 151 174 176 181 191
88 207 91 97 99 113 123 131 151 161 166 173 184 186
89 219 91 96 102 105 109 125 128 130 135 140 143 152 162 165 167 174 176 178 188 194 198
90 221 104 105 110 115 126 127 133 158 170 197
91 236 94 101 113 117 119 120 122 136 138 142 145 146 158 161 168 172
92 100 105 107 116 123 183 187 199
93 227 100 105 113 127 132 157 160 164 189 191
94 222 124 149 172 173
95 149 128 135 143 155 166 175 184
96 141 103 108 120 123 137 165 175 178 180 184 185
97 187 113 115 142 147 158 177 179 185 189 191
98 93 100 116 120 162 165 178 182 193 199 200
99 27 110 122 132 154 170 179 181 185 186 188
100 41 118 130 132 157 167 196 198
101 120 104 105 113 136 144 147 148 171 175 186 189 198 200
102 184 103 106 140 144 145 147 156 157 177 189 194 198 200
103 217 106 128 132 134 138 151 159 162 167 169 195
104 192 128 140 142 150 156 181 199
105 189 110 129 132 152 153 154 157 168 184 196
106 120 123 124 139 146 158 161 165 177 183
107 126 141 144 145 147 150 151 189 197 200
108 145 119 132 162 164 165 170 182 199
109 39 110 122 145 153 178 193 194 197
110 187 113 126 139 146 147 156 171 175 189 197 199 200
111 96 142 159 167 189 196
112 156 118 123 128 146 147 160 191
113 194 119 128 140 159 174 179 181 183 191 192
114 55 117 127 138 143 177 183 200
115 14 122 137 174 197 200
116 244 118 131 143 155 157 166 168 169 193 195 200
117 173 118 129 130 166 186
118 90 125 134 153 171 176 184 186 192 198
119 159 126 127 130 134 137 146 148 153 157 161 192
120 72 141 147 187 194
121 107 130 132 137 140 149 195 199
122 142 159 163 197
123 114 156 164 169 173 181 195
124 116 128 135 138 153 157 158 161 166 168
125 38 168 172 177 183 194 199
126 69 131 165 189 197
127 230 134 140 154 161 163 171 174 197
128 165 129 130 135 146 153 158 163 182
129 172 130 147 161 166 175 199
130 124 140 148 173 181 184 190
131 248 146 151 152 173 174 177 181 199
132 131 138 139 141 159 166 172 183 194 199 200
133 17 134 138 158 159 174 182 184 187 193 196
134 215 141 175 183 192
135 44 141 154 162 164 166 168 194
136 202 148 154 164
137 171 154 158 162 192 198
138 173 150 152 180 189 192
139 112 174 177 183 193
140 64 147 153 160 167 171 179 193
141 202 153 155 157 171 180 182 194 197 199
142 34 156 183 184 196
143 248 164 182 183 185
144 247 146 166 187 190
145 141 161 179 180 186 187
146 217 156 186 192 193 196
147 45 149 151 166 172 179 180 188 193 198
148 47 154 155 161 165 168 172 175 177 191 197
149 3 169 171 174 186 189 193 195
150 106 161 162 177 200
151 176 153 157 166 174 184 188
152 81 158 164 170 175 189 197
153 136 167 174 176 185
154 173 163 166 170 173 186 197
155 65 167 171 176 190 191 194 198
156 196 166 175 191 192
157 46 165 168 170 195 200
158 143 161 163 172 192 197
159 164 164 169 173 190 192 196 198
160 19 161 174 177 181 194 195 198
161 7 182 187 197
162 91 167 170 181 182 185 191 192 193
163 204 167 199
164 130 174 178 182 191 195 200
165 97 186 188
166 218 174 176 180 189 195
167 134 186 192 200
168 140 177 184 190 194 195
169 223 172 173 183
170 203 186
171 105 172 176 199
172 154 178 191
173 25 180 191 196
174 130 188
175 222 185 199
176 168 183 194
177 220 185 187 189
178 123 183 185 194 198
179 167 184 200
180 96 184 191
181 35
182 197 192 193
183 176 188 192 200
184 15 197
185 26 189
186 212 191 199
187 208 194 199
188 48
189 193 192
190 185
191 46 196
192 228
193 180
194 91
195 172
196 19
197 227 199
198 160
199 147
200 87
