200
1 118 2 4 5 6 7 8 9 10 11 12 16 18 19 23 24 25 26 27 28 29 30 31 32 33 36 37 38 40 41 42 44 45 46 47 49 51 52 54 55 56 57 58 59 60 62 64 65 67 70 71 72 74 76 77 78 80 81 82 84 85 88 90 91 92 93 95 97 98 99 100 103 104 107 109 110 111 112 113 114 115 116 117 119 120 121 122 123 124 125 126 127 129 131 133 134 136 138 140 142 143 145 146 147 148 149 150 151 153 154 155 156 157 158 160 163 164 165 166 167 169 170 171 172 173 174 175 177 179 180 181 182 183 184 185 187 188 189 190 191 192 194 198 199 200
2 130 4 5 6 7 8 9 10 13 15 17 18 19 20 21 23 25 26 29 31 32 33 34 35 36 37 38 39 40 41 42 43 44 46 47 48 49 50 52 55 56 57 58 59 60 61 62 63 64 65 66 67 68 69 71 73 74 75 76 78 81 82 84 85 86 88 89 90 91 92 93 94 95 100 101 102 103 104 105 107 108 109 111 112 114 115 116 117 119 120 121 122 123 124 125 129 131 133 134 135 136 137 138 140 141 144 145 146 147 149 150 151 152 153 154 156 157 158 160 162 163 164 166 169 170 172 173 174 175 176 177 178 180 181 183 185 186 187 189 190 191 192 194 195 199
3 126 4 5 6 8 9 10 11 13 16 18 20 21 22 24 25 27 29 30 31 32 34 37 38 39 40 42 43 44 46 47 49 50 51 53 54 55 58 59 62 63 64 67 68 69 70 71 72 73 76 77 78 79 81 82 84 85 88 90 91 93 94 95 96 97 98 99 100 103 104 105 106 107 108 110 112 113 114 116 117 118 119 121 122 123 125 126 128 129 132 133 134 136 138 139 140 141 142 143 144 146 147 148 151 152 153 154 155 156 157 159 162 163 164 165 166 169 170 171 172 173 175 177 179 180 182 185 186 187 188 189 190 191 192 193 194 195 196 197 199 200
4 43 5 6 7 8 9 11 12 13 15 17 18 19 20 21 22 27 29 30 31 32 33 34 36 37 38 39 40 41 42 43 44 45 47 48 49 50 51 52 54 55 56 57 58 59 61 62 63 65 67 68 71 72 73 74 75 76 77 79 81 84 85 86 87 88 89 90 91 92 94 95 96 100 102 103 104 106 107 108 109 111 112 116 117 118 119 120 121 122 123 124 125 126 127 129 130 131 132 134 135 136 141 142 143 146 147 148 150 151 152 153 157 159 161 162 163 164 165 166 167 168 169 170 171 174 176 177 179 180 181 183 184 185 186 187 189 192 193 196 198 199 200
5 189 6 9 11 12 13 15 19 20 21 22 23 24 25 26 29 30 31 32 33 34 35 36 38 40 41 42 44 46 47 48 49 50 51 52 53 54 55 56 57 58 60 61 62 65 66 67 69 70 71 72 73 74 76 78 80 81 84 85 86 87 89 90 93 94 96 97 98 99 101 102 103 104 105 106 108 109 110 112 113 114 115 116 117 118 120 121 122 124 125 126 127 128 130 132 134 135 136 137 138 139 140 143 144 145 146 147 148 149 154 157 158 160 161 164 165 166 167 168 170 171 172 173 174 175 176 179 180 182 183 184 185 186 187 189 190 192 193 195 197 198 199 200
6 84 7 8 9 12 13 14 15 16 17 18 19 21 22 25 27 29 31 32 33 34 35 36 37 38 39 40 43 46 47 49 50 52 54 55 56 58 59 60 61 64 68 70 71 72 73 74 75 77 78 79 80 81 82 83 84 85 86 87 88 90 91 92 93 94 97 98 99 100 101 102 103 106 107 110 111 112 114 117 122 125 126 127 129 130 131 133 134 138 139 140 142 143 144 145 147 148 149 151 153 154 156 158 161 162 163 164 165 166 167 168 169 170 171 172 173 174 175 176 177 180 181 182 183 185 186 187 188 189 190 192 194
7 197 8 9 11 13 15 17 19 20 21 22 23 24 25 26 29 31 32 33 34 36 37 39 40 41 44 46 47 48 49 50 51 53 54 55 57 58 60 61 62 63 64 65 66 67 68 69 70 71 72 74 75 76 77 78 79 80 81 82 83 84 86 87 89 90 91 92 93 94 95 96 97 98 101 102 103 104 105 106 107 108 111 112 113 114 115 117 118 122 125 126 127 128 131 132 133 134 136 137 139 140 141 142 143 145 147 148 150 151 153 155 157 158 159 160 161 162 163 164 165 168 169 170 171 172 173 174 175 176 177 178 179 180 181 182 184 185 186 187 188 189 190 191 192 193 194 195 196 197 198 200
8 191 9 10 12 14 15 16 18 19 20 21 23 25 27 28 30 32 35 36 37 38 41 43 44 45 46 48 49 50 52 53 54 55 56 57 59 60 61 62 63 64 68 69 73 75 77 79 80 81 82 84 85 87 88 89 91 92 93 94 95 96 97 98 99 100 101 102 103 104 105 106 107 108 109 112 114 115 117 118 121 122 123 124 125 127 129 131 132 133 136 137 138 139 142 143 144 146 150 151 153 154 157 158 159 160 161 162 164 165 166 167 169 170 171 172 173 174 175 177 178 179 180 181 182 183 184 185 186 187 188 189 190 193 194 195 196
9 154 10 13 14 15 16 17 19 20 21 22 23 24 26 27 32 33 34 36 39 40 41 43 44 46 47 48 50 51 52 54 55 56 57 58 61 63 64 66 68 70 71 72 73 75 76 77 78 79 80 81 82 83 87 88 89 92 93 94 96 99 101 103 104 105 106 107 109 110 111 115 116 117 120 121 122 123 124 125 126 127 128 129 130 131 132 134 135 136 137 139 140 142 143 144 145 146 147 150 152 153 154 156 159 160 161 162 163 165 166 167 168 169 170 172 173 174 177 178 179 180 181 182 184 186 188 189 191 192 194 195 197 198 200
10 228 11 12 13 14 15 16 19 21 22 23 24 25 26 27 28 29 30 31 32 33 35 36 37 38 39 41 42 43 44 48 49 51 52 53 55 60 61 63 64 65 67 70 73 75 77 78 79 80 81 83 84 85 86 87 92 93 95 96 97 99 100 101 102 103 104 106 108 109 110 111 112 113 115 116 117 118 119 120 122 123 125 126 127 128 129 132 136 140 141 144 146 147 148 150 153 155 156 157 158 159 160 161 162 163 164 165 166 168 169 170 171 173 174 177 178 180 181 183 184 185 186 187 190 191 192 193 194 196 197 200
11 102 12 15 16 17 18 19 20 21 23 24 25 26 27 28 29 32 34 36 37 43 44 45 46 47 48 49 51 54 55 56 57 58 59 62 65 69 70 72 74 75 76 78 79 81 82 83 84 87 88 90 93 95 97 98 99 101 104 105 106 107 111 112 113 114 115 116 117 118 119 121 122 123 124 125 127 128 129 130 131 132 133 135 136 137 138 139 141 142 145 148 149 150 151 153 154 155 164 165 166 168 169 170 173 174 176 177 178 179 180 181 182 183 185 186 187 189 191 192 193 197 198 199 200
12 113 15 18 20 21 22 23 24 25 26 27 29 32 33 34 36 37 38 39 40 41 43 44 45 46 47 50 51 53 57 58 59 61 62 63 65 66 67 69 70 71 75 76 77 78 79 80 81 82 83 84 85 86 87 88 90 92 93 94 95 98 99 100 101 102 103 104 105 107 108 109 110 111 113 115 116 117 118 119 120 121 122 124 126 127 128 129 130 132 134 135 136 137 140 141 142 144 145 147 148 149 151 152 153 154 155 156 158 160 161 164 165 166 167 168 169 170 172 173 174 175 176 177 179 180 181 182 183 184 185 186 190 191 193 194 195 196 200
13 45 14 16 18 20 21 23 24 26 27 28 29 30 31 32 34 35 39 40 41 43 44 45 46 47 49 51 53 54 55 56 57 58 59 60 61 62 63 64 65 66 69 74 76 77 78 79 85 86 88 91 93 96 100 102 103 104 105 106 107 108 109 110 111 113 115 116 117 119 120 121 123 125 126 129 131 133 137 138 139 140 141 143 145 147 150 151 153 154 155 156 157 159 160 161 162 164 165 166 167 168 170 171 172 173 175 176 177 178 181 182 183 184 186 187 188 189 191 192 193 194 195 196 199
14 143 15 18 20 21 23 24 26 29 30 31 32 33 34 35 36 38 39 40 41 43 46 49 50 53 56 57 58 61 63 64 65 66 67 68 69 70 72 74 75 76 77 81 82 84 85 86 87 88 90 91 92 95 98 99 101 102 103 105 106 107 108 109 112 114 115 118 119 120 121 123 124 125 127 128 129 130 131 132 134 136 137 138 139 141 142 143 144 145 147 148 150 151 153 154 155 159 162 163 165 167 168 169 171 175 178 179 180 181 183 184 187 189 190 192 193 195 196 197 199
15 185 16 17 18 19 20 22 24 25 26 27 28 29 30 32 33 36 37 38 39 40 41 43 45 46 47 48 49 50 52 54 55 57 58 61 62 64 66 67 68 70 71 72 73 74 76 78 79 80 81 82 83 85 86 87 90 91 92 93 94 99 100 101 102 105 106 107 108 109 111 112 113 115 116 118 121 122 123 124 126 128 129 130 132 133 136 138 139 141 142 146 147 148 149 150 152 153 154 155 156 158 159 160 161 164 165 166 167 168 169 171 172 173 176 177 178 179 184 185 186 189 191 192 193 194 195 198 199
16 130 20 21 22 23 25 26 27 30 31 35 36 38 39 40 42 44 45 47 49 50 51 52 53 54 55 56 57 59 61 63 65 67 68 69 70 71 72 74 75 77 80 81 82 83 84 85 86 87 88 89 90 92 94 96 97 98 102 104 105 107 108 109 110 112 113 114 116 117 118 120 122 123 125 127 128 129 130 132 133 135 137 138 139 140 141 143 144 146 149 151 152 153 154 155 156 159 161 163 164 165 166 168 169 172 173 174 175 176 179 180 181 182 183 185 186 188 190 191 192 193 195 196 197 199 200
17 209 18 19 20 21 25 27 28 30 31 32 33 34 36 37 38 39 41 42 43 46 47 48 49 50 52 53 54 55 56 57 58 59 61 63 65 66 68 69 70 71 72 74 75 76 79 80 82 84 87 88 89 90 93 94 95 96 97 98 100 101 102 103 105 106 107 108 109 110 111 112 114 117 119 120 121 125 127 128 131 132 134 135 137 138 139 140 142 143 144 145 146 147 148 149 150 151 153 154 155 156 157 159 160 161 162 163 164 165 166 167 168 170 172 173 174 176 178 179 180 181 183 187 188 189 193 195 196 197 198 199
18 229 19 20 21 23 25 27 28 29 30 32 34 36 37 39 41 42 43 47 48 49 50 51 52 54 57 58 59 60 61 62 63 64 65 68 71 72 73 75 76 77 78 80 81 82 83 84 85 86 87 88 89 90 91 94 95 96 97 98 99 100 101 102 103 104 106 107 108 110 111 112 113 114 116 117 118 119 120 121 124 125 126 129 130 134 136 137 138 140 141 142 143 144 146 147 149 154 156 157 158 159 163 164 166 167 169 170 171 173 174 177 178 179 181 182 185 186 187 189 191 192 196 197 198 199
19 30 20 22 24 26 27 28 29 30 31 32 33 35 36 37 39 40 41 42 43 44 46 47 50 51 52 55 57 58 59 60 62 65 66 67 68 69 70 71 72 73 74 75 79 80 81 83 84 85 87 88 89 90 91 92 93 94 95 96 97 99 100 101 105 106 107 108 109 110 111 112 113 118 119 120 121 122 123 124 125 126 127 128 130 132 134 135 136 138 139 140 141 143 144 145 148 154 157 159 160 161 162 163 164 166 168 169 170 171 173 174 175 177 178 179 182 183 184 185 187 188 189 191 192 193 195 196 200
20 3 21 23 24 25 26 27 28 29 30 31 33 35 36 37 38 41 42 43 44 46 48 50 55 56 58 59 60 62 63 65 66 68 70 71 73 74 75 77 78 79 80 83 84 85 87 88 89 91 92 93 95 96 98 101 102 103 104 105 106 113 115 117 118 119 120 123 126 127 129 130 131 132 134 136 137 139 141 142 143 144 145 146 147 148 149 151 152 155 156 157 158 159 160 162 163 165 166 167 168 169 170 171 172 173 174 175 177 179 181 182 183 184 185 186 189 191 192 193 194 196 198 199 200
21 195 22 23 24 25 26 28 29 31 32 34 36 37 39 41 42 43 44 45 46 47 48 49 50 51 53 54 55 56 57 59 60 62 63 64 65 66 67 68 69 70 71 72 73 74 77 78 80 82 83 84 85 86 88 90 91 94 96 98 99 100 102 104 105 106 107 109 110 112 113 114 115 118 119 120 121 122 124 125 126 128 130 132 133 134 136 137 138 140 141 142 143 145 146 147 149 154 157 158 160 162 163 164 165 167 168 169 170 171 173 174 176 177 178 181 182 187 188 189 190 191 193 196 198
22 214 23 25 28 29 30 31 32 33 35 36 37 38 40 42 43 44 47 49 50 51 54 55 57 58 59 60 61 63 67 69 71 73 76 77 78 79 80 82 83 85 86 88 89 90 91 92 93 95 96 97 98 99 100 102 103 104 105 108 109 110 111 113 114 115 116 117 118 120 123 124 127 129 130 131 133 134 135 136 137 138 140 141 142 143 148 149 150 151 152 153 154 155 157 158 160 161 163 164 165 166 167 168 170 171 173 175 176 178 179 180 181 182 183 184 185 186 187 188 189 190 191 192 193 195 196 197 199 200
23 225 25 26 27 28 31 32 33 35 37 38 40 41 42 43 46 47 49 50 51 54 55 58 59 60 61 63 64 66 67 68 69 70 72 75 76 78 79 80 81 82 84 85 88 89 90 91 92 93 94 96 97 98 101 102 103 104 106 107 110 111 113 114 115 117 118 120 121 122 125 127 128 129 131 132 133 134 135 136 139 142 143 144 145 147 149 150 152 153 154 156 157 159 160 161 164 165 168 170 171 172 173 174 176 177 178 181 183 184 186 187 188 190 191 196 198 200
24 46 25 26 27 28 29 30 32 33 34 36 37 38 40 41 42 46 47 49 50 52 54 55 57 58 60 61 62 63 64 65 66 67 68 73 74 75 77 79 80 81 83 84 86 87 88 89 90 93 95 97 99 100 101 102 103 104 105 106 107 110 112 113 114 116 120 121 123 124 125 127 128 130 131 132 134 135 136 138 139 141 142 146 147 148 149 151 154 155 156 157 159 160 161 162 163 165 166 167 168 172 173 174 175 176 177 178 179 180 181 182 183 184 187 188 189 192 193 194 195 196 197 198 199 200
25 204 27 28 29 30 31 32 33 34 35 37 38 39 41 46 47 49 50 51 53 54 55 56 57 59 60 61 64 65 67 70 72 74 76 78 79 80 82 83 84 85 88 89 90 91 94 95 97 98 99 100 101 102 103 104 105 106 108 112 114 116 117 119 121 122 123 124 127 128 131 132 134 135 136 137 139 140 142 144 146 149 150 151 152 153 154 155 156 157 159 160 162 163 164 165 166 167 169 171 172 174 175 178 179 180 181 182 183 184 187 189 191 192 193 194 196 198 200
26 189 27 28 30 31 33 34 35 36 37 38 40 42 43 44 46 47 48 49 50 51 52 53 54 55 57 58 60 62 63 64 65 67 68 69 70 72 73 74 75 76 79 80 81 84 85 86 88 89 90 91 92 93 94 96 97 98 104 106 107 108 109 111 112 113 115 117 119 120 121 122 126 128 129 131 133 135 136 139 140 141 144 145 146 149 150 152 153 155 158 159 160 161 162 163 164 165 166 167 168 169 170 171 172 173 174 175 178 180 181 183 184 185 186 189 190 192 193 194 197 198
27 17 28 30 31 33 34 35 38 40 41 43 45 47 48 50 51 53 56 57 58 59 60 61 62 64 65 66 67 68 69 71 73 74 75 76 77 78 79 80 81 82 83 85 86 87 89 90 92 94 95 96 97 98 99 100 102 103 105 107 109 110 113 114 116 117 118 120 123 124 125 126 127 128 129 130 131 132 133 135 136 139 140 141 142 143 144 146 148 150 151 152 153 154 155 157 162 163 164 165 166 167 168 169 170 172 173 176 179 180 181 182 183 184 186 187 188 189 190 191 192 194 195 197
28 70 31 32 33 34 35 36 37 38 39 40 41 42 45 46 47 48 49 50 51 52 53 54 55 56 58 59 60 62 65 66 67 68 69 70 72 73 74 75 76 77 78 80 81 84 85 87 88 89 90 91 92 96 97 99 100 101 103 105 107 108 110 111 112 115 117 118 119 121 123 126 128 129 130 132 135 136 137 139 140 142 143 145 148 150 151 152 153 154 155 156 157 158 159 160 162 163 165 166 167 169 172 173 174 175 177 178 179 180 183 184 185 186 188 190 191 192 194 195 196 198 199 200
29 34 32 33 34 36 37 38 39 43 44 45 46 47 49 50 51 52 53 55 56 58 59 64 67 69 70 71 72 74 75 76 77 78 80 81 82 83 84 85 86 87 88 89 91 92 93 94 95 96 97 98 99 100 101 102 103 107 108 109 111 112 113 114 115 117 118 119 120 121 123 124 125 127 128 129 130 131 132 134 135 136 138 139 140 141 142 145 146 147 148 150 151 154 156 157 158 160 161 163 164 165 166 167 168 169 170 171 173 174 177 178 180 182 183 184 186 189 190 191 192 194 195
30 205 31 32 38 39 40 42 44 45 46 49 50 51 56 57 58 60 61 62 65 67 68 70 71 72 73 74 75 76 77 78 79 80 82 83 84 86 88 89 92 93 94 96 97 98 99 100 102 105 106 107 108 109 111 113 115 116 118 119 120 121 122 123 124 126 131 133 137 139 142 146 147 148 149 150 155 156 157 159 160 161 162 165 170 172 173 174 175 176 177 178 179 180 181 182 183 184 185 186 187 190 191 192 193 197 198 199 200
31 74 32 33 34 36 37 39 41 43 45 46 47 49 50 51 52 53 55 56 60 62 63 64 65 66 67 69 70 71 73 74 75 76 77 78 79 80 81 82 84 85 89 91 92 94 97 99 101 103 104 109 110 111 113 114 115 116 117 119 120 121 122 123 124 125 126 127 128 129 130 132 134 135 137 138 139 141 142 143 145 146 148 150 156 158 159 160 161 162 163 164 165 166 167 168 169 171 174 175 177 178 182 184 185 186 189 190 191 192 194 196 198 199 200
32 241 33 35 36 37 39 40 41 42 43 45 46 47 48 49 50 51 52 54 55 57 58 60 61 62 64 65 66 67 70 71 72 73 75 76 77 79 80 81 82 83 84 85 86 88 89 91 92 93 94 95 97 98 99 100 101 102 103 105 108 109 110 111 113 115 116 117 118 121 122 123 124 125 127 129 130 131 132 133 134 135 136 137 140 141 142 143 145 146 147 148 152 153 156 157 159 160 162 163 165 166 167 168 171 173 174 175 177 179 180 181 182 183 184 185 188 189 190 191 192 193 195 196 198 199
33 36 34 35 36 40 41 42 43 44 46 48 49 50 51 55 56 57 58 59 60 61 63 65 66 67 68 69 70 71 72 73 76 80 81 82 83 86 87 88 90 91 94 96 97 99 101 102 105 107 109 110 111 112 115 116 118 119 120 121 122 126 127 128 131 132 133 134 135 136 137 138 139 140 142 143 144 146 150 151 153 154 156 157 158 159 161 162 163 164 165 166 167 169 171 172 173 174 175 177 178 179 182 183 185 187 188 189 190 191 192 193 194 195 197 199 200
34 31 35 36 37 38 39 40 42 44 49 50 51 52 53 56 57 58 59 61 62 63 64 66 67 68 69 71 74 76 77 80 81 82 83 84 85 92 96 97 98 100 102 103 105 106 107 108 111 112 113 114 115 116 117 118 120 121 124 125 127 128 129 130 132 133 134 137 138 139 141 142 143 144 146 147 148 149 150 151 152 154 155 157 159 162 163 168 170 171 172 174 175 176 177 178 179 180 183 184 185 188 189 191 194 195 196 198 200
35 223 36 37 38 42 45 47 49 50 51 52 54 56 57 58 59 61 62 63 64 65 71 72 73 74 75 76 78 79 80 81 82 84 85 87 88 89 92 94 95 96 97 98 99 100 101 107 109 110 111 113 114 115 116 117 118 119 120 121 122 123 124 125 127 128 129 131 135 136 137 138 140 141 143 144 145 146 147 148 149 150 151 154 155 157 158 159 160 161 162 163 165 166 168 169 170 172 173 174 175 176 177 178 179 181 182 183 184 185 187 188 190 191 192 193 194 195 196 197 199
36 38 37 39 40 41 44 45 46 47 48 50 51 52 53 54 55 56 57 58 59 61 63 68 69 70 71 72 73 74 76 77 78 79 82 83 84 85 86 90 91 92 94 95 97 98 100 104 105 106 107 108 109 112 113 116 117 118 119 120 121 122 123 124 126 127 128 130 133 135 136 137 138 140 143 144 145 147 148 149 150 151 152 153 154 159 160 162 163 164 166 168 169 170 171 172 173 174 175 177 179 181 183 184 185 186 187 188 189 191 192 193 198
37 21 38 41 44 45 46 47 50 51 52 56 57 58 60 62 63 64 65 66 67 68 69 70 71 72 75 77 78 79 82 83 84 85 87 88 90 91 93 94 95 96 97 98 99 100 102 105 106 107 108 109 111 115 116 117 119 120 121 122 123 124 125 127 128 130 131 132 133 136 137 138 139 140 142 144 145 146 147 148 149 150 154 157 158 159 160 162 163 164 165 167 169 172 173 174 175 176 177 180 182 183 186 187 188 189 190 192 197 199
38 113 39 40 42 43 44 45 46 47 50 52 53 54 55 56 60 61 62 63 64 65 67 68 69 70 71 72 73 74 75 76 78 79 80 82 83 84 86 88 89 92 95 96 97 98 101 102 103 104 106 109 110 111 112 113 114 115 116 117 119 120 121 122 125 126 127 128 129 130 131 134 135 137 138 140 141 142 143 144 145 147 148 149 150 151 154 155 156 157 158 160 161 163 164 165 166 167 168 169 170 172 173 175 176 177 178 179 180 182 184 185 186 187 189 191 192 196 197 199
39 122 40 41 42 43 44 46 47 48 49 50 51 52 53 54 57 60 61 62 63 65 66 67 68 70 71 73 74 75 77 78 79 82 83 85 86 87 89 90 91 95 96 97 98 100 102 103 104 105 107 108 109 114 115 116 118 119 122 125 126 127 130 134 136 137 138 142 143 144 146 147 148 150 151 152 153 155 157 158 160 163 165 166 167 169 172 173 175 177 179 180 181 184 187 188 189 190 192 193 195 196 200
40 139 43 46 47 48 49 50 52 53 54 55 56 57 59 60 61 62 64 65 66 67 69 70 71 72 73 74 75 76 77 78 79 80 82 83 85 86 88 89 90 92 94 95 98 102 103 104 105 106 107 108 109 111 112 113 115 117 118 119 120 122 123 125 127 128 129 130 132 133 134 135 136 137 138 139 140 141 144 148 149 150 152 154 155 156 157 158 160 161 162 163 164 166 169 171 173 174 175 176 177 180 181 182 183 184 185 186 188 189 190 191 192 193 195 197 200
41 136 42 43 44 45 46 47 49 51 53 54 55 56 57 59 60 61 62 63 64 65 66 67 68 69 70 71 72 74 75 76 77 78 79 81 83 85 87 88 89 90 91 92 93 94 95 96 97 98 99 100 101 102 103 104 105 107 108 110 111 112 113 114 115 118 119 122 123 126 128 129 130 132 134 135 136 137 138 139 140 141 142 143 144 145 147 148 149 150 151 153 155 157 158 159 160 161 162 163 164 165 166 167 168 169 170 171 173 174 175 177 178 179 181 182 184 185 186 187 188 189 190 191 192 194 195 196 198 199 200
42 92 43 44 45 46 47 48 49 50 51 54 55 57 59 60 64 65 66 69 70 71 72 76 78 79 80 81 82 83 86 87 88 89 91 92 93 94 96 97 98 100 101 102 104 105 110 111 112 113 115 116 118 119 122 123 124 127 128 129 130 131 133 134 135 136 137 138 139 140 141 142 143 145 148 149 151 152 153 154 156 157 159 160 162 163 165 167 168 169 170 171 174 175 177 178 179 180 182 183 185 186 188 189 191 192 193 197 198 200
43 224 44 46 48 49 50 51 52 53 55 56 58 59 60 61 62 64 66 68 69 70 71 72 74 75 77 78 82 83 86 87 88 90 91 94 95 97 100 101 102 103 105 107 108 110 111 114 115 116 117 118 119 121 122 123 125 126 129 130 131 132 133 134 135 136 137 139 140 141 142 143 144 145 146 148 149 150 151 152 153 155 156 157 158 159 160 161 164 166 168 169 170 172 173 175 177 178 180 181 182 183 184 185 186 187 188 189 190 192 195 197 199 200
44 174 47 48 50 51 52 53 54 55 58 60 62 63 68 70 71 74 76 77 78 79 81 82 83 84 86 87 89 90 91 92 93 94 95 96 97 98 99 102 103 104 105 106 107 108 112 113 114 115 119 120 123 124 127 129 130 131 134 136 137 138 139 140 141 143 144 145 146 147 148 151 152 153 154 155 157 158 159 161 162 163 164 165 166 167 169 170 171 173 174 176 177 179 180 181 182 183 185 189 190 191 192 193 194 196 197 198 199 200
45 135 46 47 48 49 50 51 54 55 56 57 58 59 60 61 63 64 66 67 68 69 70 71 75 76 77 78 83 85 87 89 90 91 92 93 94 95 96 97 98 101 102 104 105 106 110 111 112 114 115 117 118 120 121 122 123 124 126 127 129 130 132 133 134 135 136 140 142 143 144 148 149 150 151 152 153 155 156 157 158 162 164 166 171 172 173 174 176 178 179 182 185 187 188 189 190 191 192 193 194 196 198 200
46 152 47 49 50 52 53 54 55 58 61 62 63 64 65 66 67 68 70 71 72 73 74 76 77 78 79 80 81 82 83 84 85 86 87 89 90 91 94 95 98 100 104 105 107 109 110 112 113 114 116 117 118 119 120 122 123 124 126 127 128 130 131 133 134 135 136 139 140 143 144 145 146 148 149 150 151 155 156 158 160 161 162 163 164 167 168 169 170 172 173 175 179 180 182 183 185 187 189 190 191 192 193 195 196 197 198
47 20 49 51 52 54 55 57 58 59 60 61 62 63 64 65 66 67 69 70 71 72 74 75 76 78 80 81 82 84 85 87 88 89 90 92 93 94 95 96 97 98 100 101 103 106 107 111 112 113 114 115 118 120 121 122 124 125 126 128 129 130 131 135 136 137 139 140 141 143 144 145 147 148 150 151 153 157 159 160 165 166 168 169 170 171 172 173 174 175 176 178 179 180 182 183 184 187 189 190 191 192 194 196 197 200
48 169 50 51 52 53 54 55 56 60 61 63 64 66 68 69 70 71 72 73 74 75 77 82 83 87 94 95 96 97 98 99 100 101 103 105 106 107 108 110 111 112 114 115 116 117 120 121 122 123 124 126 129 130 132 133 135 136 137 138 140 141 142 144 145 148 149 150 151 152 154 156 157 158 159 162 164 165 166 169 170 171 174 175 176 177 178 179 181 182 184 185 187 188 189 190 191 192 194 195 196 200
49 77 50 51 52 54 55 56 58 60 61 62 63 64 65 66 67 71 72 73 74 77 78 79 80 81 82 83 84 85 86 87 88 89 90 91 93 94 95 96 97 100 101 102 103 104 105 106 107 109 111 112 113 114 117 118 119 120 121 122 124 126 127 128 129 132 134 135 136 137 138 139 141 142 144 145 147 148 149 150 151 152 154 155 157 160 161 162 163 164 165 166 167 168 169 172 173 176 178 180 181 182 183 184 185 186 189 190 191 192 193 194 195 196 197 198 199 200
50 79 52 53 54 55 56 57 58 62 63 64 65 66 67 68 69 71 73 75 76 77 78 79 80 82 83 84 85 86 87 89 90 91 92 96 97 98 99 100 101 103 104 105 106 107 108 110 111 113 115 116 118 119 120 123 126 129 132 134 135 136 138 140 141 142 143 144 145 146 148 149 150 152 153 154 155 156 157 158 159 160 162 163 164 166 167 168 169 170 173 174 175 176 177 179 182 184 185 186 187 188 189 190 191 192 195 197 198 199
51 143 52 53 54 56 57 58 60 61 62 63 65 66 67 68 70 72 73 74 75 78 81 82 83 84 85 86 88 89 90 91 95 97 98 99 100 102 103 104 105 106 107 108 109 110 111 112 113 115 116 118 119 120 121 123 124 125 126 127 128 130 132 133 135 136 137 138 139 140 143 144 145 146 147 149 151 152 153 154 155 156 158 159 160 162 163 169 171 173 174 176 177 178 179 180 181 182 185 187 188 189 191 192 193 194 197 200
52 126 54 55 56 57 58 59 60 61 63 65 68 69 70 71 72 73 74 76 78 83 85 86 87 88 89 90 91 93 94 95 97 99 100 102 104 106 109 112 114 115 116 119 121 122 123 124 126 128 129 130 131 132 133 135 136 139 140 141 142 143 144 145 147 149 150 152 153 154 156 157 158 159 160 161 162 163 165 167 169 170 171 172 174 175 176 180 182 183 185 186 187 189 193 194 195 196 197 198 199 200
53 118 54 55 56 57 58 59 61 63 66 67 69 70 71 72 73 75 76 78 79 80 81 84 86 87 89 90 91 93 97 100 101 105 106 107 108 109 110 112 114 116 117 119 121 122 123 124 125 126 127 128 129 130 131 132 134 135 136 139 140 141 142 144 146 147 148 149 150 151 152 153 154 156 159 160 162 164 165 166 167 172 173 175 177 178 184 185 188 189 190 192 196 198 199 200
54 33 55 58 59 60 61 62 63 64 65 66 67 68 69 70 71 73 76 77 78 79 80 81 82 83 84 85 86 87 88 89 90 91 92 96 97 98 99 100 102 103 104 105 106 109 110 111 112 114 115 116 117 118 119 120 122 123 125 126 127 128 129 131 133 134 135 136 138 139 141 144 145 146 147 148 150 152 153 154 158 159 160 161 162 163 166 167 169 170 171 173 175 176 177 178 179 180 181 184 187 188 189 191 192 194 195 196 198 199 200
55 79 56 58 59 61 62 63 64 65 66 67 69 70 71 74 76 78 80 81 82 83 84 86 91 92 93 94 97 98 100 102 104 105 106 107 108 109 110 113 114 116 118 120 122 123 125 127 128 129 130 132 135 137 139 140 141 143 144 145 147 149 150 151 153 155 156 157 158 159 160 161 162 163 164 165 167 168 169 171 172 173 174 176 177 178 179 180 181 182 184 185 187 188 189 190 191 192 193 195 196 198 199 200
56 58 57 59 60 61 62 63 65 66 69 71 72 73 74 75 79 80 81 84 87 88 89 90 91 92 93 94 95 96 98 99 101 102 103 104 106 109 110 111 114 115 117 118 120 122 125 126 131 132 133 134 136 138 139 140 141 142 143 144 145 146 147 148 150 151 152 153 154 155 156 157 159 160 163 164 165 166 168 169 170 171 172 174 175 176 177 179 180 182 184 185 186 187 188 191 194 195 197 199 200
57 195 58 59 60 61 65 66 69 72 73 74 75 76 77 78 80 82 86 87 89 90 93 96 98 99 100 102 103 104 105 107 108 109 111 112 113 115 116 118 119 120 121 122 123 125 126 127 128 129 130 131 133 135 136 137 138 139 140 142 143 144 145 147 148 149 150 151 152 153 154 155 156 160 162 163 164 165 168 169 170 171 173 177 179 180 181 182 183 184 185 190 192 193 194 195 197 199
58 177 59 63 64 66 67 68 69 70 71 72 73 74 79 80 81 82 83 85 86 87 91 93 94 95 96 97 98 99 101 102 104 105 106 107 109 110 111 112 114 115 117 120 122 123 124 126 128 129 130 131 132 134 135 136 138 139 144 145 147 148 149 150 151 155 158 159 160 164 165 166 168 171 172 173 174 175 176 177 178 179 180 181 182 183 185 186 187 189 191 193 194 195 197 199 200
59 72 60 62 63 64 65 66 67 68 69 70 72 73 75 76 77 78 80 81 83 85 87 88 89 91 93 95 96 97 98 99 101 103 104 105 107 108 109 112 113 117 119 121 122 123 124 126 127 129 131 132 134 135 137 140 141 142 146 147 148 149 150 151 152 153 154 155 156 157 158 159 160 161 162 163 164 166 167 169 170 175 176 177 180 183 184 186 187 189 190 191 192 194 196 198 199
60 170 61 63 65 67 68 72 73 75 76 77 78 79 80 81 82 83 86 87 88 89 90 92 93 94 95 96 98 99 102 103 104 105 106 107 108 109 110 111 112 114 117 118 119 120 123 126 129 131 132 133 134 135 136 138 140 142 144 145 148 149 150 151 152 153 155 156 157 158 160 163 164 166 167 168 169 171 173 174 175 176 177 178 179 182 184 187 188 189 190 193 194 196 197 198 199 200
61 242 62 63 64 65 66 67 68 69 70 71 72 73 74 75 76 77 78 79 80 81 82 83 84 86 87 90 91 93 95 97 98 99 100 101 102 103 105 108 109 110 111 112 114 115 116 117 118 119 120 121 123 126 127 130 135 136 137 139 140 142 144 145 146 148 149 150 151 154 155 159 160 161 162 163 164 165 166 168 169 170 171 172 173 176 178 179 180 181 182 183 184 185 186 187 188 190 193 194 196 197 198 199 200
62 155 63 64 65 68 69 70 72 73 74 79 80 82 83 84 85 86 87 88 90 91 92 94 95 96 97 98 100 102 103 104 105 108 111 112 113 114 115 119 121 122 127 132 133 135 136 137 140 142 143 144 145 146 148 149 152 153 156 157 158 159 160 161 162 164 165 170 174 175 176 177 178 179 180 181 184 186 187 188 189 190 191 192 193 194 195 199 200
63 207 64 65 67 70 72 73 74 76 78 80 81 84 85 86 87 88 89 91 92 93 96 97 98 99 100 102 103 104 106 109 111 113 115 116 117 119 121 122 123 124 125 126 128 129 131 132 133 134 135 139 140 141 142 143 144 145 146 147 148 149 150 151 152 154 156 157 158 159 160 163 164 165 166 168 169 170 172 175 176 177 178 180 181 182 183 184 186 187 188 189 190 191 192 194 196 199 200
64 23 66 67 68 71 72 74 75 76 78 79 81 82 83 85 86 87 89 91 92 93 94 95 96 97 98 100 101 102 103 104 105 107 108 109 110 112 114 118 119 120 121 122 123 124 125 128 129 130 131 132 133 134 135 136 137 138 139 140 141 142 144 146 149 152 153 157 158 159 161 162 163 164 167 168 171 173 174 175 176 177 178 181 182 183 184 185 187 188 189 190 194 195 196 197 198 199
65 8 66 67 68 69 70 72 73 74 78 79 80 81 83 84 87 88 90 92 93 94 95 96 97 99 101 104 108 109 113 115 116 117 119 120 121 122 124 125 127 129 130 131 133 134 135 140 141 146 147 150 152 153 154 155 157 158 159 160 163 164 165 166 167 169 171 172 173 174 175 176 177 178 179 180 182 183 184 185 187 188 189 190 193 194 195 196 197 198 199
66 68 67 69 73 74 76 80 81 85 86 89 90 91 92 93 94 95 96 98 99 100 101 102 103 104 106 107 109 110 112 113 114 117 119 120 121 122 124 127 134 135 136 139 141 142 143 144 145 146 148 152 153 155 156 157 158 159 160 161 162 163 164 165 168 169 171 172 173 175 177 179 180 181 182 183 184 185 186 187 190 191 192 193 194 195 196 197 198 199 200
67 23 70 71 72 73 74 75 76 77 78 79 81 82 83 84 85 88 89 90 92 93 99 100 101 102 104 105 106 107 109 110 111 112 113 115 116 118 120 121 122 123 124 126 127 128 130 131 132 134 135 136 137 138 140 142 143 145 146 147 149 150 151 152 154 157 158 159 160 161 164 165 166 167 169 170 173 176 177 178 179 180 185 186 187 190 191 193 194 195 196 198 199 200
68 103 69 70 71 72 74 75 79 80 81 83 84 85 87 89 90 91 92 94 95 96 98 99 100 101 102 103 104 105 106 107 108 109 110 111 113 115 116 117 118 119 120 122 123 124 125 129 131 132 133 134 136 137 140 141 142 144 145 149 150 151 153 155 156 157 158 159 161 163 167 168 170 171 172 174 177 180 181 182 183 184 186 187 188 189 190 193 195 196 197 198 199 200
69 113 70 71 72 74 77 78 79 81 82 83 84 87 88 89 90 91 92 94 99 100 101 102 103 105 107 108 109 110 113 114 116 118 119 120 121 122 124 125 127 128 129 130 132 133 134 135 136 137 138 139 140 142 144 145 146 148 149 151 152 153 156 157 158 161 162 163 165 167 171 173 174 175 176 178 179 180 182 183 185 186 187 188 189 191 194 195 196 197 200
70 196 71 75 76 81 82 84 86 87 89 90 91 92 93 94 97 99 101 106 110 111 112 113 115 117 118 120 121 122 124 125 126 127 128 131 132 133 134 135 136 137 138 139 143 145 146 147 148 149 150 152 153 154 155 158 159 161 162 163 164 169 170 171 172 173 174 177 178 179 180 181 182 183 185 186 187 188 189 190 191 192 194 195 197 198 200
71 124 72 74 76 77 79 81 82 84 85 86 87 88 89 90 93 94 95 96 98 100 102 104 106 107 109 110 111 112 114 116 117 118 119 120 121 124 125 127 128 130 132 133 134 135 136 139 141 142 144 145 146 148 149 150 151 152 153 154 156 157 158 160 161 162 163 164 165 166 167 168 169 170 171 176 178 179 180 181 183 184 187 188 189 191 194 195 198 200
72 130 73 74 75 78 79 80 82 83 84 85 86 88 90 91 92 93 95 96 97 100 101 102 103 104 105 106 107 108 109 113 114 115 116 117 119 120 121 123 124 125 126 127 130 132 133 134 135 138 139 142 143 145 146 147 149 150 153 154 155 156 157 158 159 160 161 162 163 164 167 169 171 175 176 177 178 179 180 182 183 184 186 187 188 191 192 193 194 195 196 197 198 199 200
73 153 74 76 77 78 82 83 84 85 86 87 89 91 92 93 94 95 96 97 98 99 102 103 104 105 106 108 109 110 111 112 113 114 116 118 119 120 121 123 126 127 128 131 132 134 135 136 137 138 140 143 144 145 146 148 150 151 152 153 154 155 156 157 162 165 166 167 168 169 170 171 172 174 175 176 177 178 179 180 181 182 183 184 185 186 188 189 190 191 192 193 194 195 196 198 199 200
74 102 76 77 78 80 81 82 84 87 89 91 92 93 95 96 98 100 101 102 104 106 108 109 112 114 115 116 120 121 122 123 124 125 126 127 128 130 134 135 136 137 138 139 140 141 142 145 147 150 151 155 156 158 159 161 162 163 164 166 168 169 171 172 173 174 175 176 177 181 182 184 185 186 187 188 189 190 192 193 195 196 197 198 199 200
75 157 76 77 78 82 83 85 89 94 95 96 97 98 99 100 101 102 103 105 106 107 109 110 111 112 114 115 116 118 121 122 123 124 130 135 136 137 138 140 142 143 147 148 149 150 151 153 154 155 156 157 158 159 162 163 165 166 167 169 171 172 173 174 176 177 178 179 181 182 185 186 187 188 189 190 192 193 194 195 196 197 198 199
76 54 78 79 80 81 85 89 96 98 99 100 101 102 103 105 108 109 110 111 112 113 114 116 117 118 119 121 122 123 126 128 129 130 131 132 133 134 136 137 138 139 140 141 142 143 144 149 151 152 153 156 157 158 159 162 163 164 165 166 167 168 169 170 171 173 175 177 178 179 181 182 183 184 185 186 189 191 192 193 194 195 196 197 199 200
77 3 78 79 80 81 82 83 85 86 87 88 89 90 91 92 93 94 95 96 98 99 100 102 103 105 106 107 108 109 111 112 113 114 115 116 117 118 119 120 121 122 123 124 125 128 129 131 132 133 134 135 136 137 138 139 140 141 143 144 145 146 147 148 150 151 152 154 156 159 161 162 163 164 165 167 168 170 172 174 176 177 179 181 182 183 185 186 187 190 192 193 195 196 197 198 199
78 120 82 83 84 85 86 88 89 90 91 94 95 96 98 100 101 102 103 104 105 106 107 108 109 110 111 112 114 115 116 117 118 119 120 122 123 124 125 126 128 129 131 132 133 137 138 139 140 141 144 145 149 152 153 154 155 158 163 164 165 166 167 168 170 173 174 176 177 178 180 181 182 184 185 187 188 189 191 192 193 195 197 200
79 110 80 82 83 85 86 87 88 89 90 93 94 95 98 99 101 102 103 104 105 106 108 109 110 111 114 115 116 117 118 122 124 126 127 128 131 132 133 134 137 138 139 140 143 145 147 148 149 150 151 153 154 155 156 157 158 159 160 161 162 164 165 166 167 168 170 171 172 174 176 177 178 179 180 183 185 186 187 189 191 193 194 195 196 198 199
80 46 81 84 85 87 88 89 91 93 94 97 103 104 105 106 107 111 112 113 115 116 118 119 121 123 124 126 127 128 130 132 133 134 135 138 139 142 143 144 145 147 148 149 150 151 152 153 155 156 157 158 160 162 163 166 167 168 169 171 172 173 174 176 179 180 181 182 183 184 186 188 189 190 191 192 193 196 197 198 200
81 113 83 84 86 87 88 90 91 92 93 94 95 96 97 98 99 100 102 103 104 106 107 108 109 110 111 112 113 115 117 118 119 120 121 122 123 125 129 131 133 134 135 136 137 138 139 141 142 144 145 149 151 152 153 154 155 156 157 159 160 161 162 163 165 166 167 168 170 171 172 173 175 176 177 179 180 181 183 184 189 190 193 194 196 198 199 200
82 126 83 86 87 88 89 90 91 93 94 95 96 97 98 99 101 102 103 104 105 107 108 109 111 112 114 115 116 117 118 119 120 121 122 123 124 125 126 128 129 130 131 132 133 135 136 137 138 139 140 141 144 145 146 148 150 151 152 153 154 155 157 159 160 161 165 167 168 169 170 172 173 174 176 177 178 179 180 181 183 184 185 186 187 192 193 194 195 196 200
83 51 84 85 86 87 88 91 92 93 94 96 97 98 100 101 102 103 104 105 106 107 108 109 110 111 112 113 115 116 117 118 119 121 122 125 126 128 129 130 132 133 135 136 138 139 140 142 144 145 146 147 148 149 150 151 152 153 154 155 156 157 158 159 162 163 164 166 167 168 170 171 173 179 180 181 184 185 186 187 188 189 191 192 194 195 198 199 200
84 193 90 91 92 93 95 97 100 101 102 103 104 108 110 111 113 115 116 118 121 122 123 124 125 126 128 133 135 136 137 138 139 141 142 143 144 146 147 149 151 152 154 156 157 158 160 161 164 166 167 168 169 170 172 173 174 176 177 178 179 180 181 184 185 188 189 191 194 196 198 200
85 215 86 87 89 91 92 93 94 95 97 98 99 101 105 107 108 110 111 113 114 116 118 120 121 122 124 125 127 128 133 135 137 140 141 142 144 145 146 147 148 149 150 151 152 154 155 156 158 159 163 164 165 166 169 171 173 177 181 182 184 185 186 187 188 189 191 192 194 195 197 199
86 77 87 89 90 92 93 94 96 99 100 101 102 104 105 106 107 108 110 113 115 116 118 121 122 124 126 127 128 130 131 132 133 135 136 137 138 139 142 143 144 145 146 147 149 152 153 154 155 158 161 162 163 164 165 166 168 169 171 172 173 174 175 176 177 178 179 180 181 182 184 185 186 188 189 190 191 194 195 196 198 199
87 30 90 92 95 96 97 98 99 100 101 102 103 104 107 108 109 111 112 113 114 117 118 119 121 122 123 124 126 128 131 132 133 134 135 136 138 139 141 143 144 146 148 150 151 152 155 156 157 159 160 161 162 163 167 168 169 170 172 173 174 175 177 178 179 180 183 184 186 187 188 189 190 191 193 194 196 197 199 200
88 207 89 90 91 94 95 97 98 99 100 101 102 104 106 108 110 112 116 117 118 119 120 123 124 128 129 130 131 132 133 134 138 139 140 142 143 144 146 147 148 149 150 151 152 153 154 155 156 157 158 159 160 161 163 164 165 166 168 169 170 171 173 176 177 179 181 184 186 187 188 190 191 192 193 194 195 198 199 200
89 219 90 91 92 93 94 95 96 97 98 99 100 101 103 104 105 106 108 109 110 111 112 113 114 115 116 117 118 119 120 121 122 123 125 126 127 129 130 131 132 133 134 136 137 138 139 140 141 142 143 144 147 148 149 150 151 152 153 154 156 159 160 161 162 163 164 165 167 168 169 171 172 173 174 175 176 178 179 181 182 183 184 187 188 189 190 191 193 194 197 198 199
90 221 91 92 95 97 101 102 104 107 111 113 115 116 117 118 119 121 122 124 126 127 128 130 131 132 133 134 136 138 139 140 141 144 145 147 148 149 150 151 153 154 155 156 158 159 161 163 164 165 168 169 170 171 172 173 174 175 176 178 180 181 184 185 186 187 188 191 192 194 197 199 200
91 236 92 94 95 99 100 102 103 105 106 107 111 112 113 116 117 119 120 121 122 124 125 127 128 129 131 133 134 135 136 138 139 140 141 143 144 146 147 148 149 150 151 154 155 156 158 160 161 163 165 167 170 171 174 176 177 179 181 182 184 185 186 187 188 191 193 194 195 196 198
92 100 94 95 98 99 100 102 103 105 107 108 111 114 116 117 119 120 121 122 123 125 127 128 129 130 131 132 133 134 135 136 137 138 142 143 144 146 147 148 151 152 153 155 156 157 159 161 163 165 168 172 175 176 177 180 182 185 187 190 194 197 198 199 200
93 227 94 96 97 98 100 101 103 104 105 107 108 109 110 112 113 115 116 118 119 120 121 122 123 124 127 128 130 131 132 133 136 139 141 143 144 145 146 148 149 150 151 152 153 154 155 157 159 160 162 163 164 165 167 168 169 170 172 173 175 180 181 182 183 185 187 188 189 190 191 192 193 194 196 199
94 222 95 96 97 99 101 102 103 105 107 109 111 112 114 115 116 117 118 119 121 123 124 126 128 129 130 131 132 134 135 136 137 138 140 141 142 143 144 145 147 148 150 152 156 157 158 160 161 162 163 165 166 167 168 169 170 171 173 175 176 177 178 179 180 181 182 183 184 186 189 190 191 192 193 194 195 196 197 198 199 200
95 149 96 98 100 101 103 105 106 107 108 109 111 113 115 116 117 118 119 120 121 123 124 127 129 130 131 132 134 135 136 137 138 139 140 141 142 143 144 145 146 147 148 150 155 156 157 159 160 161 162 164 167 168 169 172 173 174 175 176 177 178 179 181 182 183 184 186 187 188 189 190 191 192 194 196 199
96 141 98 99 101 102 103 104 105 106 107 109 110 111 113 114 115 117 118 119 120 121 122 123 125 128 132 134 135 136 137 138 139 140 142 143 146 147 148 149 150 153 154 157 158 159 160 163 164 165 167 168 169 170 172 174 175 176 177 178 179 180 181 182 183 184 185 186 187 188 189 191 193 195 197 199
97 187 98 99 101 102 103 104 105 106 107 108 111 113 115 116 117 118 119 121 122 123 124 125 127 129 130 131 133 134 135 136 139 140 142 143 144 145 146 147 150 152 153 154 155 158 159 160 161 163 165 167 168 169 170 171 172 173 174 175 176 177 178 179 180 182 183 184 185 186 187 188 189 191 192 193 194 195 196 197 198 200
98 93 99 101 102 105 106 109 110 112 114 115 117 119 121 122 124 125 126 129 130 133 134 135 136 137 139 140 141 143 144 145 146 149 150 151 152 153 155 156 158 159 160 161 164 165 167 168 169 170 172 173 175 176 177 179 182 183 184 185 186 187 188 190 192 193 194 195 196 197 198 199 200
99 27 100 101 103 107 108 109 110 111 112 114 116 117 118 119 121 123 124 125 126 127 128 129 130 131 133 135 136 138 139 140 142 143 144 146 147 148 151 153 155 156 157 158 159 160 161 162 164 165 166 168 169 170 172 173 175 177 178 179 180 182 183 184 185 187 188 189 190 191 192 194 195 197 198 199 200
100 41 101 102 103 104 105 109 110 111 113 115 117 118 120 126 128 130 131 133 134 135 136 137 139 141 142 145 147 148 149 150 151 152 153 155 156 157 160 162 163 164 166 169 170 171 172 173 174 175 176 177 178 179 180 183 184 185 187 188 189 191 193 194 196 197 198 199 200
101 120 103 104 105 106 107 108 112 113 114 115 116 117 118 119 121 123 125 126 127 129 130 131 132 133 135 139 140 141 142 144 145 146 147 149 150 151 152 154 155 157 158 159 161 162 164 165 166 167 169 170 171 172 173 175 176 178 179 180 181 182 183 184 185 187 189 190 195 196 198 199 200
102 184 103 105 106 107 108 109 110 111 112 113 114 115 116 117 119 120 121 122 124 126 128 130 132 133 134 135 136 137 138 139 140 141 142 145 148 149 150 151 152 153 155 156 158 159 160 161 164 165 166 167 169 171 172 174 175 176 177 178 180 182 184 186 187 189 190 192 193 195 197 198 200
103 217 104 105 106 107 108 109 111 113 114 115 118 121 122 123 125 127 128 130 131 135 138 139 143 147 149 150 155 156 157 158 159 160 161 162 163 166 167 169 170 171 172 173 174 176 177 178 180 181 182 184 185 186 187 188 189 190 191 192 193 196 197 198 199 200
104 192 105 108 109 110 111 113 115 116 117 118 120 121 122 123 124 125 126 129 131 132 133 134 135 138 139 140 141 142 143 144 146 147 148 149 150 152 155 156 157 158 159 162 163 164 166 168 169 170 171 176 178 179 180 181 182 183 185 187 189 190 192 193 195 197 199 200
105 189 107 110 111 114 115 116 117 118 119 120 121 122 126 127 131 132 133 135 136 139 140 141 142 143 144 149 151 152 153 155 156 157 158 160 165 167 168 169 170 173 175 176 177 178 179 180 181 182 183 184 186 189 190 193 194 195 197 198 200
106 120 107 108 109 112 113 115 116 117 118 121 122 123 125 126 128 129 130 133 134 135 136 137 138 143 144 145 147 149 152 153 155 156 157 159 160 161 163 164 165 166 167 168 170 171 172 174 175 176 177 178 179 182 184 185 187 190 192 193 195 197 198 199
107 126 108 109 110 112 113 114 118 119 120 121 123 124 125 126 127 129 130 131 132 134 135 136 137 138 140 141 142 143 144 145 146 148 149 150 151 152 153 155 156 158 159 161 162 164 165 166 168 169 170 173 178 179 181 182 183 185 186 187 188 189 190 191 192 194 196 198 199
108 145 110 111 112 113 114 115 116 118 119 120 121 122 123 124 126 130 131 132 134 135 136 137 138 139 145 146 147 148 149 150 151 153 154 155 156 157 159 160 161 162 164 165 166 167 168 170 172 173 174 175 176 177 178 179 180 181 182 184 188 189 190 191 192 196 198 200
109 39 110 113 114 115 117 118 119 120 121 122 123 124 127 128 130 131 132 133 135 136 137 140 141 143 146 147 149 151 152 154 157 158 159 160 161 164 165 168 169 170 171 172 173 174 175 176 178 180 181 182 183 184 186 187 188 189 191 192 193 195 196 199 200
110 187 111 112 113 114 115 116 118 121 123 124 125 127 128 129 130 131 132 133 135 137 138 139 140 141 144 145 146 149 150 151 152 154 155 156 158 159 161 162 163 166 167 171 173 175 179 181 183 184 187 189 191 192 193 194 195 197 198 199 200
111 96 112 113 115 116 117 119 120 122 123 124 126 128 131 134 135 136 137 139 141 143 144 146 147 148 149 150 151 152 153 154 155 156 157 160 161 162 165 166 167 168 169 170 171 173 174 175 176 177 179 181 183 184 185 186 191 192 193 194 195 196 197 199 200
112 156 113 114 115 116 117 118 123 124 125 127 128 129 130 131 132 133 136 138 140 141 142 143 144 145 146 148 150 151 152 153 155 157 158 159 160 162 163 164 167 168 170 171 172 174 175 176 177 178 182 183 184 186 187 190 191 192 194 195 196 197 198 199 200
113 194 115 117 118 123 124 125 128 129 130 134 135 138 139 140 141 143 144 145 146 147 148 149 150 151 152 153 154 155 156 157 158 160 161 164 165 166 167 168 169 170 171 172 173 174 175 178 180 181 182 183 184 185 186 189 190 196 199
114 55 115 117 118 119 122 125 127 130 131 132 133 134 135 136 142 143 144 145 146 147 149 150 152 154 155 156 157 158 159 160 162 166 167 169 170 172 174 175 176 178 179 181 184 185 186 187 189 190 191 192 193 194 195 196 197 199 200
115 14 116 117 119 120 121 122 123 124 125 127 128 129 132 134 135 136 137 139 140 142 144 145 146 147 149 150 152 153 154 155 156 159 160 161 162 163 165 166 168 169 170 171 173 174 175 177 178 180 184 185 187 188 190 191 192 194 195 196 198 199 200
116 244 117 118 119 120 123 124 125 127 129 132 135 137 138 139 140 141 143 145 147 148 150 153 154 155 157 158 160 161 162 164 165 166 171 172 173 174 175 176 178 179 180 181 182 184 185 188 189 190 191 193 194 195 197 198 199 200
117 173 119 121 122 123 125 127 129 132 133 134 136 137 140 141 142 143 144 145 146 147 148 149 151 152 153 155 157 159 160 162 163 165 166 167 168 169 170 174 176 177 178 179 180 182 183 184 185 188 189 190 192 194 195 196 197 198 199 200
118 90 121 122 123 124 125 126 127 128 131 132 133 134 135 136 138 139 141 145 147 149 150 153 154 156 157 158 160 161 162 163 164 165 166 168 169 170 171 172 173 174 176 177 179 182 183 184 185 187 188 189 190 191 192 193 194 198 199
119 159 122 123 124 125 126 127 129 132 133 134 135 136 138 139 140 141 142 143 145 147 148 149 150 152 153 154 155 156 157 158 159 162 164 165 166 171 172 173 174 175 176 177 178 180 183 185 187 188 189 190 191 192 193 194 195 197 199
120 72 122 125 127 128 131 132 133 135 136 137 139 143 145 146 147 148 150 151 153 156 157 158 159 160 161 164 165 166 167 168 170 171 172 173 175 176 177 179 180 182 184 186 187 188 189 192 194 196 197 199 200
121 107 122 124 129 130 131 132 134 137 139 141 142 143 144 145 147 148 149 151 152 153 154 155 156 157 158 159 160 163 164 165 166 168 169 170 171 172 173 174 175 176 178 180 181 182 183 184 185 186 187 189 190 192 193 197 198 199
122 142 123 124 125 127 130 132 133 134 135 136 139 140 141 143 144 146 147 148 149 151 152 154 156 157 159 161 163 164 165 166 167 168 169 170 172 173 174 175 177 179 180 183 184 185 186 187 188 191 195 196 197 198 200
123 114 124 126 128 129 130 131 133 134 135 136 137 138 139 140 141 142 144 145 148 149 150 151 153 154 157 161 162 163 164 166 168 169 170 172 173 175 176 177 178 180 181 184 185 186 187 188 189 191 192 194 195 197 199 200
124 116 125 126 127 128 129 130 131 132 135 136 138 140 142 143 144 145 148 150 152 153 154 155 156 159 161 162 163 164 165 167 168 170 171 172 173 176 179 181 183 184 185 186 187 189 190 191 192 193 194 195 196 197 198 199 200
125 38 127 128 130 131 132 133 134 135 137 138 139 140 142 143 145 148 152 154 156 157 158 159 160 161 163 165 166 167 169 170 175 176 178 180 182 183 186 187 188 189 193 195 196 197 199 200
126 69 127 128 129 131 132 133 135 136 137 138 139 140 142 145 146 149 150 151 152 153 155 156 158 159 160 162 163 167 168 170 171 172 174 175 176 178 179 183 184 185 186 187 188 189 190 191 192 194 196 197 198 199
127 230 129 130 131 132 134 136 137 138 142 143 144 146 148 149 150 151 152 154 155 157 158 161 162 163 164 165 166 170 171 172 174 176 177 178 179 181 182 183 184 186 187 189 191 194 195 197 198 199
128 165 130 131 132 133 134 135 139 141 142 143 147 148 149 150 151 153 154 155 156 157 158 161 162 163 165 166 168 169 172 174 176 179 180 181 182 183 184 188 189 190 191 192 193 194 195 196 197 198 199
129 172 130 132 133 134 135 137 138 139 140 141 142 143 145 146 147 150 151 152 153 154 155 156 157 158 159 160 161 162 164 165 166 167 168 169 173 174 175 176 177 179 181 182 190 192 193 194 195 196 197 199 200
130 124 132 133 135 136 137 140 141 142 143 145 146 147 149 150 151 152 153 154 156 159 160 161 162 164 168 169 170 171 172 174 175 176 178 179 181 182 184 187 188 189 190 191 192 193 196 197 198 199 200
131 248 134 135 136 139 142 145 146 148 150 151 152 153 154 156 157 159 160 162 163 164 165 166 168 171 174 175 176 177 178 179 180 182 183 185 186 187 188 189 192 195 196 197 198 199
132 131 133 134 135 136 137 138 140 142 143 144 145 147 148 151 152 153 158 159 161 162 163 164 165 168 169 170 172 173 174 175 176 178 180 181 182 183 185 188 189 190 192 193 194 196 197 199
133 17 134 135 136 137 138 139 140 141 142 143 144 145 146 148 149 150 151 152 153 154 155 156 157 159 161 162 163 164 167 170 171 172 173 174 175 176 178 179 181 183 185 186 191 192 194 195 196 197 198 199 200
134 215 135 136 137 138 139 140 141 142 143 144 145 146 147 148 149 150 151 152 153 154 157 158 159 160 161 162 163 164 165 167 170 171 173 174 175 176 178 179 181 182 183 184 185 186 189 190 191 192 193 194 197 198 199
135 44 136 137 138 139 140 141 142 143 144 147 148 149 152 154 155 156 157 158 160 161 162 165 166 167 168 169 170 172 173 174 176 178 179 181 182 183 184 186 187 188 189 190 191 192 193 194 195 196 198 200
136 202 137 140 141 145 146 147 148 149 150 151 152 153 154 158 160 161 162 163 164 166 169 170 172 175 176 177 179 180 181 182 183 185 188 189 191 192 194 197 198 199
137 171 138 139 140 141 144 145 146 148 149 150 152 153 154 155 156 157 158 159 161 162 163 165 166 167 169 170 171 173 174 175 178 179 180 181 186 187 188 189 190 191 195 196 197 199 200
138 173 139 141 142 143 144 145 146 148 149 151 153 154 156 157 158 161 163 164 165 166 168 169 170 172 173 174 175 176 177 178 180 181 184 186 187 188 189 191 192 193 194 196 197 199 200
139 112 140 141 142 144 146 147 149 150 152 154 156 157 159 160 161 162 163 164 165 167 168 169 170 173 175 176 177 179 181 182 183 184 185 186 187 188 189 190 191 193 194 195 197 199
140 64 141 144 145 148 149 150 151 152 153 154 156 157 159 160 163 164 165 166 167 170 172 173 174 175 176 178 181 182 184 186 188 189 190 191 192 194 195 196 197 199 200
141 202 142 144 145 146 147 149 150 151 152 153 154 155 158 159 160 162 163 164 165 166 167 169 171 173 174 175 176 177 178 179 180 181 182 183 184 185 187 189 190 191 193 194 195 196 197
142 34 146 147 149 153 154 155 158 160 161 162 164 165 167 169 171 172 173 175 176 179 180 181 183 184 185 186 187 190 191 192 193 195 196 197 198 199
143 248 147 149 150 154 155 158 160 161 162 163 165 166 167 169 172 174 175 176 177 178 179 180 181 182 183 187 188 189 191 192 194 196 197 199 200
144 247 146 147 148 149 150 151 154 155 156 157 158 159 160 161 162 163 164 166 167 169 170 171 172 173 175 177 181 182 183 184 185 186 187 188 189 190 192 193 195 196 197 198 199
145 141 146 148 149 150 151 152 153 156 157 159 161 162 164 165 167 168 169 170 172 173 174 175 177 178 179 180 181 182 183 184 186 187 189 190 191 192 193 194 196 197 198 199
146 217 147 149 150 152 153 154 155 156 157 158 160 161 162 165 168 169 171 172 173 174 175 177 179 181 182 183 185 186 187 188 190 191 192 194 195 196 197 199
147 45 148 149 150 151 152 154 155 156 157 158 159 160 161 162 164 165 166 167 169 170 173 176 177 178 181 183 184 185 186 187 190 191 194 196 197 198 199
148 47 150 153 155 156 157 160 162 163 164 167 168 170 172 174 175 176 177 178 179 181 182 183 184 185 186 187 188 189 190 191 194 198 199
149 3 151 153 155 157 158 159 162 164 165 167 168 170 171 173 175 177 181 183 184 185 186 187 188 189 190 191 192 193 194 195 198 199 200
150 106 151 153 155 156 157 158 160 161 162 163 165 167 168 169 170 172 173 174 175 178 183 184 185 186 187 188 189 190 191 192 194 196 197 198 199 200
151 176 152 153 154 155 156 158 159 160 161 162 167 168 170 172 174 175 176 177 178 180 181 182 183 184 185 187 188 189 191 192 193 194 196 197 198 199
152 81 153 155 156 157 160 161 162 165 166 167 168 169 171 173 174 175 176 177 179 180 181 182 183 184 185 187 190 191 192 194 195 197 198
153 136 154 155 156 157 159 162 163 164 166 169 172 173 174 176 177 178 179 180 182 184 185 186 187 189 190 191 193 194 195 197
154 173 155 157 158 159 160 161 162 164 165 166 171 172 173 174 175 176 177 178 179 180 181 182 183 184 185 186 187 191 192 193 194 195 196 197 198 199 200
155 65 157 160 162 163 166 171 172 173 175 176 177 178 180 182 183 184 185 186 188 190 191 194 195 196 200
156 196 157 158 159 160 161 162 166 167 168 170 171 172 173 174 175 176 178 180 182 183 184 185 186 187 189 190 191 193 194 195 196 198 199 200
157 46 159 161 162 164 165 166 167 168 169 170 171 172 174 175 176 177 179 180 181 182 183 185 186 187 188 189 190 191 192 193 194 195 196 199
158 143 159 160 161 162 163 166 167 168 170 171 172 173 174 176 177 178 179 180 181 182 183 185 187 188 189 190 191 193 194 196 198 199 200
159 164 160 161 162 163 164 165 167 168 170 172 174 175 176 178 179 180 181 182 183 187 188 189 190 191 192 193 194 197 198 199 200
160 19 161 162 163 164 165 166 167 168 170 172 173 174 175 176 177 178 180 182 184 185 186 187 188 189 190 194 195 196 197 198 200
161 7 162 164 166 167 168 169 171 173 176 178 179 180 181 184 186 187 188 189 190 191 194 195 196 198 199
162 91 163 164 165 166 167 169 170 171 172 175 179 180 182 184 187 188 190 191 192 194 195 196 197 198
163 204 166 167 168 169 170 171 172 173 175 176 179 180 181 182 183 185 186 187 188 192 193 195 197 198 199 200
164 130 166 167 168 169 171 172 173 174 175 176 178 179 180 181 182 183 186 187 188 189 190 191 192 197 199
165 97 166 167 168 169 170 171 173 174 175 176 178 179 181 184 186 187 189 190 191 192 193 194 196 197 198 199 200
166 218 167 168 171 172 173 175 177 178 179 180 182 184 185 186 187 189 190 191 192 193 195 196 197
167 134 168 169 170 172 175 176 177 180 181 182 184 185 187 189 190 191 192 194 195 196 198 199
168 140 169 170 171 173 174 175 176 177 178 179 180 181 182 183 184 185 188 189 190 191 192 193 194 195 199 200
169 223 170 171 173 174 176 177 179 180 181 182 183 184 185 186 189 192 196 197 198 200
170 203 171 172 173 175 177 178 179 180 181 182 186 187 188 189 193 194 198 199 200
171 105 173 174 176 178 179 181 183 185 186 187 188 189 190 191 192 193 194 195 196 197 199 200
172 154 173 175 177 178 179 180 182 184 185 186 187 188 189 190 192 193 194 195 196 197 198 200
173 25 174 176 177 181 182 184 185 186 187 188 189 190 191 192 193 194 197 198 199 200
174 130 175 176 177 179 180 181 182 184 186 187 188 189 194 195 196 197 199 200
175 222 176 178 179 180 181 182 184 185 186 187 188 189 194 195 196 197 198 199 200
176 168 178 179 181 182 183 184 185 186 187 188 191 192 193 194 195 197 198 200
177 220 178 179 180 181 184 185 186 187 188 189 192 194 196 198 199 200
178 123 179 180 181 182 183 184 185 187 188 189 190 191 192 193 194 196 198
179 167 180 183 184 185 186 188 189 190 191 192 194 195 196 197 199 200
180 96 182 184 185 186 187 188 190 191 192 193 194 195 196 200
181 35 182 185 186 187 188 192 193 194 196 197 198 199
182 197 183 184 186 187 188 191 192 195 196 198 199 200
183 176 184 187 189 195 196 197 199 200
184 15 185 186 187 188 190 192 193 194 195 196 197 199 200
185 26 186 187 188 189 191 192 193 194 196 197 199 200
186 212 187 188 189 191 193 194 195
187 208 188 189 190 191 192 193 195 196 197 198 199
188 48 190 191 193 194 197 198 199 200
189 193 190 191 192 193 194 195 196 197 198 200
190 185 191 192 195 196 197 198 199
191 46 192 193 194 196 197 198
192 228 193 194 195 197 198 199 200
193 180 194 195 196 197 198 199 200
194 91 196 197 198 199 200
195 172 196 197 199 200
196 19 198 200
197 227 199 200
198 160 199
199 147 200
200 87
