200
1 201 3 6 8 9 12 15 18 24 27 29 30 34 37 38 39 40 43 45 54 60 62 65 66 68 69 70 74 75 81 82 85 92 102 115 117 118 121 123 126 128 132 134 136 141 142 148 154 156 159 161 163 164 167 169 171 175 176 177 178 180 191 192 196 198
2 239 9 10 11 15 16 17 20 25 28 29 30 32 39 40 42 66 74 80 85 102 105 106 109 111 119 127 134 137 139 140 144 148 149 158 165 167 172 179 181 182 185 188 193 197
3 95 5 11 12 19 21 26 31 33 34 41 42 43 45 47 50 52 54 59 69 74 82 87 90 93 95 101 102 103 105 106 114 115 119 123 126 129 133 136 137 139 140 145 151 161 167 168 175 187 189 193 196 200
4 123 9 10 11 12 14 16 17 28 32 41 50 56 58 62 64 65 67 70 71 73 76 85 87 88 93 103 104 107 109 115 117 119 120 121 128 132 137 140 141 142 143 145 148 149 152 153 154 155 159 160 167 170 173 180 181 184 185 187 190 191
5 94 9 10 15 18 19 25 27 28 32 38 39 43 49 50 51 54 56 57 58 61 62 64 68 70 71 78 81 89 97 98 101 105 112 113 117 119 120 122 130 132 138 139 141 144 145 149 150 151 153 168 172 173 182 183 186 189 195
6 114 7 9 11 14 21 22 25 26 29 34 39 40 41 44 47 50 53 55 56 58 60 61 62 63 66 68 73 75 76 77 81 83 84 86 91 93 97 99 100 101 103 119 126 128 131 138 139 143 145 147 148 152 159 161 162 163 164 165 168 170 173 176 177 179 188 199 200
7 95 8 19 23 35 40 46 49 55 59 64 69 72 73 76 81 83 84 88 90 91 93 94 97 101 107 110 118 122 124 127 128 131 135 137 145 150 152 153 158 169 172 183 188 190 194 196 197
8 139 9 10 14 15 17 24 26 28 34 38 39 40 41 43 46 49 52 53 61 64 69 75 78 80 81 86 88 92 93 100 101 107 109 113 117 123 124 125 128 129 130 133 134 136 137 140 146 151 154 156 157 158 161 163 164 176 177 179 182 183 186 188 190 198
9 89 14 21 22 24 27 33 35 38 39 46 47 49 50 51 58 63 64 68 73 74 75 81 94 96 102 106 109 116 117 119 126 129 130 132 133 134 135 136 138 142 143 148 155 156 158 162 163 164 165 166 167 168 169 177 179 180 189 195
10 235 11 12 15 19 20 21 24 25 27 30 34 42 43 48 50 54 55 58 60 63 64 65 67 75 77 82 91 97 102 106 112 115 117 121 123 125 128 130 136 137 149 150 153 163 166 171 173 174 176 177 179 183 185 188 193 196 197 200
11 206 21 22 24 25 27 29 30 31 37 39 43 44 48 52 53 55 56 57 59 64 76 81 83 87 98 99 100 104 105 107 111 112 121 128 129 130 136 143 146 148 149 151 162 163 164 165 167 168 170 172 182 183 187 190 192 194 195 196 199 200
12 244 14 15 17 20 21 28 31 34 42 44 45 46 47 51 55 58 60 65 66 68 74 82 86 91 95 97 100 101 102 103 106 109 112 114 115 117 118 119 120 121 124 133 134 135 137 138 140 148 156 157 162 163 166 170 173 180 182 188 192 193 196
13 120 15 18 19 23 25 29 33 35 41 51 52 53 60 67 77 80 89 90 91 93 97 98 101 102 103 104 108 109 112 118 126 127 132 135 136 144 148 150 152 154 161 163 166 167 172 174 177 178 188 193 194 196
14 127 17 21 24 29 33 34 36 38 41 43 47 49 50 51 53 54 57 59 60 63 65 68 71 72 74 79 84 89 91 94 100 101 102 108 114 117 119 120 126 128 131 132 133 135 136 141 142 144 153 155 157 158 159 160 161 162 171 173 179 184 189 192 195 198
15 1 17 21 25 38 41 43 46 49 50 51 52 53 56 58 61 65 67 74 77 78 80 83 94 95 97 98 103 107 109 113 132 136 142 143 144 145 148 149 150 151 154 155 156 159 161 173 182 184 188 189 191 192 193 197
16 159 18 19 20 23 29 35 37 41 42 46 48 53 56 61 62 66 68 71 72 78 79 80 89 93 96 98 111 112 113 114 116 118 124 128 134 136 143 147 152 156 157 158 159 161 162 163 171 180 182 185 186 192 197 200
17 76 20 21 22 28 32 39 51 52 54 61 67 70 72 76 81 83 90 94 100 103 104 105 106 107 114 116 119 122 124 128 136 143 147 151 159 160 163 165 166 168 170 171 172 176 178 180 185 188 197 198
18 93 20 24 25 27 29 31 32 35 36 38 41 48 49 50 51 52 55 56 60 63 70 71 72 74 83 88 89 91 94 98 104 106 108 109 118 120 122 124 125 128 129 133 134 138 148 150 151 153 156 163 172 174 176 178 179 181 187 188 191 192 195
19 40 20 21 24 26 30 35 37 38 39 40 46 58 60 65 66 67 68 72 79 82 88 93 94 95 97 105 109 114 116 118 119 120 130 131 133 137 138 142 144 150 153 154 158 160 161 168 169 170 174 177 181 185 186 193 197 200
20 181 26 27 30 39 40 41 46 48 49 51 52 57 58 59 61 64 67 73 74 78 79 80 81 82 86 89 91 98 104 109 110 111 113 116 120 121 124 133 135 137 139 140 149 155 156 166 174 178 195 196 197
21 19 24 38 41 44 50 52 62 63 74 75 83 86 88 93 100 101 104 107 110 113 119 120 128 134 135 138 139 146 154 157 158 159 160 162 163 173 177 178 180 185 189 190 192 194 200
22 216 23 26 28 34 44 48 49 54 55 59 63 67 68 74 75 83 85 89 91 94 95 99 101 102 107 115 119 122 129 130 131 137 140 143 158 159 162 165 166 173 177 179 183 185 187 192 200
23 139 24 26 28 32 43 49 50 53 54 59 60 61 67 68 69 74 76 80 81 83 87 88 91 95 96 97 100 101 105 106 108 114 116 118 119 122 131 132 138 139 140 142 149 156 158 159 161 165 166 169 171 173 178 179 182 183 184 187 188 191 193 197
24 25 27 28 30 31 34 36 37 39 44 45 52 56 57 62 67 68 71 75 79 84 91 92 98 103 108 115 120 122 123 124 128 132 133 136 146 150 153 155 156 157 162 163 167 168 178 179 182 184 189 199 200
25 188 33 34 37 44 46 48 50 51 52 56 61 70 73 78 82 84 85 86 87 90 95 97 98 99 107 109 110 116 123 127 130 132 136 143 145 147 159 162 164 166 170 176 178 180 182 188 190 191
26 248 27 38 39 42 43 46 48 49 51 57 62 67 76 77 80 85 93 94 99 101 109 116 119 120 123 127 135 138 144 145 149 152 153 156 158 159 164 165 171 174 175 177 178 181 182
27 249 28 36 39 41 42 47 48 51 55 57 59 62 63 69 81 84 96 101 102 105 116 118 123 125 126 133 136 142 143 147 148 149 156 164 166 167 172 174 177 178 179 182 184 187 192 193 194 195 196 197 199
28 95 46 49 52 57 62 64 68 72 76 77 78 80 81 83 84 85 86 91 94 96 97 102 103 104 105 106 107 113 115 116 117 119 120 121 125 126 128 134 135 137 141 149 152 154 156 157 169 171 172 175 177 179 180 182 183 184 187 190 191 199
29 215 30 33 34 36 38 46 48 57 65 67 68 70 74 77 78 79 80 84 86 89 93 94 106 107 111 113 117 122 127 135 138 140 143 146 147 150 152 154 155 157 158 165 171 177 178 183 185 186 187 189 190 191 195 198
30 131 32 38 39 40 47 49 51 55 57 58 63 66 69 71 72 76 85 89 94 96 97 98 99 101 107 114 116 117 118 120 125 128 129 134 139 140 142 144 145 147 148 149 155 161 165 166 172 174 176 177 178 180 181 182 183 185 190 192 197 198
31 166 32 34 35 36 37 39 40 46 54 65 70 74 76 80 82 83 85 87 90 91 108 114 121 124 131 132 134 135 138 141 147 148 152 154 155 157 159 164 165 166 168 175 178 179 181 187 188 189 192 195 199
32 15 35 39 43 46 52 53 56 57 71 73 75 79 80 83 86 88 97 100 104 105 106 109 117 119 127 134 136 138 141 144 151 155 158 159 162 165 166 167 168 170 175 178 179 181 184 185 189 198 199
33 75 37 42 43 52 54 55 67 68 70 72 73 74 84 89 96 111 117 119 120 125 131 132 136 139 142 144 146 148 151 154 158 162 166 168 171 172 174 184 185 189 191 194 195
34 42 47 49 54 56 58 60 68 71 72 77 78 82 83 86 91 98 100 101 102 103 112 116 118 119 120 122 126 131 133 134 141 142 148 150 157 158 159 162 168 176 186 187 189 192 194 196 197 200
35 178 38 40 50 52 55 61 62 63 65 68 72 75 87 99 100 101 105 106 109 111 119 120 124 126 127 130 138 140 144 151 155 160 162 163 164 172 173 176 178 184 189 193 196 197 198 199
36 95 37 40 41 47 49 50 51 52 54 56 62 63 66 69 74 76 78 81 85 88 90 99 103 104 105 106 107 111 114 117 118 123 131 134 139 142 146 154 160 161 165 166 169 170 171 176 187 189 192 194 196 198 200
37 197 40 42 43 44 45 52 53 55 58 64 65 67 71 72 74 77 78 80 81 82 83 84 89 91 92 93 98 103 104 106 110 111 113 114 118 120 130 135 137 138 141 143 147 153 155 157 166 168 171 182 188 189 191
38 221 41 43 46 55 56 57 59 62 67 71 72 74 83 86 88 89 91 94 98 101 107 109 112 116 117 118 119 120 122 128 130 138 143 145 156 159 161 162 170 172 174 177 184 185 186 189 193 198 199
39 112 41 44 45 58 59 62 66 67 69 71 77 84 86 89 91 92 94 95 100 101 109 110 111 112 116 118 120 128 129 132 133 137 138 143 147 149 151 155 161 165 166 168 170 171 182 183 186 187 189 193
40 82 41 47 49 58 59 61 65 71 73 78 90 93 97 103 104 106 109 112 113 114 126 129 131 132 137 144 155 160 162 166 174 175 179 182 189 192
41 19 47 51 58 59 65 72 76 77 82 85 86 88 90 91 104 105 107 110 115 125 131 132 133 134 138 143 146 148 149 152 153 159 162 167 169 174 177 180 187 192 193
42 205 53 56 57 59 60 66 76 78 79 83 85 87 88 93 98 99 100 101 102 103 104 112 121 122 126 129 134 139 141 149 164 165 170 172 180 183 188 189 193 194 195 197 199 200
43 161 45 46 47 50 57 61 62 66 71 72 73 74 76 83 87 88 89 90 91 92 97 101 105 108 109 111 114 117 122 123 124 128 130 131 138 140 141 143 148 149 150 151 152 165 166 170 173 174 175 176 179 181 182 197 200
44 106 48 49 51 56 61 68 69 72 79 81 82 93 94 97 100 106 107 110 113 114 123 127 128 131 135 136 140 141 142 144 146 160 161 162 171 174 181 182 185 194 198 200
45 158 48 53 60 70 74 76 78 80 81 82 85 89 92 98 99 100 103 106 107 112 113 115 117 118 122 125 126 128 129 131 132 134 138 140 151 158 159 160 164 166 167 175 186 187 191 198 199
46 242 56 62 64 65 75 84 87 88 93 95 101 102 105 109 111 113 125 131 132 137 138 144 146 148 153 155 160 165 167 168 170 171 175 179 181 190 198 199
47 181 48 51 57 61 69 71 72 76 78 79 80 81 82 84 85 87 89 90 95 96 98 103 110 111 112 124 129 133 135 136 139 140 146 150 152 154 156 157 159 160 162 166 171 173 178 179 180 189 192 195 197
48 176 49 55 56 61 66 69 70 72 75 77 79 80 85 87 89 90 91 97 99 104 105 108 116 122 141 142 143 146 148 167 171 177 182 183 184 188 189 190 191 195
49 219 52 56 61 63 64 67 71 73 74 75 78 80 87 88 89 90 92 95 96 100 102 104 111 112 115 117 123 133 138 141 142 143 151 154 155 158 160 163 166 169 172 176 181 183 188 190 191 192 196
50 248 54 57 59 65 67 68 70 73 74 76 78 83 88 89 90 92 102 109 112 115 117 126 129 136 145 148 149 153 157 162 163 178 186 193 197 200
51 95 59 63 64 65 66 67 68 69 70 73 74 77 79 81 84 86 87 90 92 93 98 105 106 108 109 117 118 120 122 123 124 134 138 140 142 144 146 149 154 155 157 160 161 165 168 169 177 178 179 183 184 187 195 197 198
52 143 56 63 66 67 68 69 70 72 73 75 82 93 97 100 101 104 107 110 112 114 119 121 122 124 125 126 130 133 140 142 143 146 148 153 163 167 169 173 177 178 180 181 183 192 193 195 196 198 200
53 177 54 58 61 62 72 78 86 88 93 94 95 97 99 101 102 103 105 106 108 112 114 121 129 133 135 140 143 146 150 151 153 162 167 168 173 175 179 181 182 184 194 198 200
54 82 62 63 64 67 74 78 80 82 83 91 95 98 100 108 110 114 116 120 123 125 127 128 132 133 136 139 144 148 151 154 156 158 160 163 164 172 182 185 187 196
55 99 63 74 80 82 83 86 92 98 99 106 110 112 117 118 120 125 129 133 135 137 139 140 142 144 145 152 156 157 160 167 172 173 177 179 181 186 196 200
56 221 62 67 74 75 76 80 87 89 90 94 95 97 98 100 101 102 103 105 108 109 111 113 117 118 124 126 129 133 135 136 137 139 142 148 150 154 155 158 166 167 169 173 176 188 190 192
57 107 60 64 67 69 73 79 80 85 86 89 92 100 103 105 106 120 125 126 130 133 137 139 140 146 153 155 156 157 163 170 175 176 178 181 183 187 188 190 193 194 199
58 11 59 64 65 69 76 77 78 80 81 85 94 95 102 106 113 115 116 122 124 125 130 131 134 139 143 144 145 148 149 151 152 153 157 158 160 161 163 165 171 175 176 179 181 184 186 191 194 196
59 49 61 64 69 86 93 97 99 101 107 112 124 125 128 129 139 141 144 145 147 154 158 160 169 172 173 181 184 185 186 187 189 194 196 197 199 200
60 244 63 69 72 80 82 83 85 98 100 101 111 117 122 130 134 135 136 137 138 139 140 146 147 150 153 156 160 164 165 168 173 174 186 194 195 197
61 175 66 67 70 71 75 79 81 82 84 85 86 89 90 92 97 98 99 109 111 112 114 115 121 122 129 136 138 143 144 145 147 164 167 170 174 180 189 190 192 193 194 197
62 131 65 69 73 74 76 81 83 84 86 87 93 101 102 103 108 110 112 115 123 125 126 135 136 138 143 146 148 163 164 166 168 174 175 177 178 179 181 188 193 197
63 232 68 73 74 75 79 81 94 99 100 113 117 118 121 122 125 126 134 135 139 143 145 156 159 161 164 165 167 169 171 172 173 175 182 188 192
64 248 67 68 77 78 81 85 90 95 98 102 106 111 113 116 121 129 132 138 146 147 149 156 157 158 162 167 170 171 174 175 176 178 185 190 191 195 197
65 198 66 73 74 89 98 101 102 103 106 107 111 116 117 120 121 122 124 125 127 129 131 132 138 140 145 146 154 156 158 161 165 169 170 171 172 179 180 181 183 184 187 188 189 190 192 194 195 199
66 117 68 70 72 73 81 83 89 93 95 98 99 103 113 116 119 122 123 125 127 128 133 134 137 148 154 155 157 158 160 163 168 170 173 178 180 181 182 183 195 199 200
67 146 70 71 81 89 93 97 104 106 107 110 112 115 116 124 128 131 139 145 149 165 171 175 176 178 181 184 190 196 199 200
68 54 72 75 76 77 78 84 94 97 99 109 114 115 116 120 125 126 127 128 135 139 140 141 142 143 147 155 156 161 168 169 171 174 175 179 182 183 187 188 189 198 199
69 154 75 77 79 80 81 82 84 91 93 94 98 107 111 115 120 129 141 147 148 153 160 162 165 166 167 173 183 188 191 199
70 68 72 73 80 81 88 90 93 94 96 106 107 112 113 114 115 122 136 137 141 143 144 145 154 156 162 163 164 166 167 168 171 175 180 182 183 184 185 189 191 195 196
71 240 72 74 75 83 87 94 95 106 109 113 116 117 118 119 127 129 132 134 135 136 138 139 140 141 146 149 150 151 154 157 160 169 175 177 180 192 195 196 198
72 187 73 75 77 78 82 85 86 88 89 93 99 102 103 104 111 112 115 116 117 119 120 121 124 128 130 136 144 146 147 154 155 160 164 169 172 173 175 181 184 187 191 196 197 200
73 220 76 77 82 86 87 89 91 95 96 100 108 112 121 122 125 127 128 130 133 136 137 138 141 142 145 146 155 156 157 159 160 162 169 172 173 181 183 188 191
74 81 77 79 81 83 85 87 88 89 93 95 96 97 100 105 108 111 116 120 125 126 127 129 131 136 141 148 151 153 156 158 165 169 170 171 172 181 188 189 192 195 196
75 239 81 83 102 104 115 117 119 132 133 136 137 141 146 150 151 164 167 169 170 175 179 182 186 187 195 196 200
76 71 80 82 85 89 91 92 93 98 99 100 103 106 107 108 113 120 122 127 128 130 131 133 135 146 147 148 149 150 151 153 160 162 174 180 184 186 187 189 190 199 200
77 218 80 82 84 86 89 90 93 98 101 106 109 114 115 116 120 125 126 128 131 135 137 141 142 147 151 152 153 154 164 169 170 172 175 180 184 190 193 196 198
78 48 80 88 90 95 99 100 102 103 105 106 113 121 122 123 124 125 129 131 133 134 138 142 145 147 149 153 158 161 165 168 169 170 173 176 180 183 186 192 193 196 198
79 13 80 81 82 97 100 104 110 111 112 114 118 119 120 125 128 131 133 135 137 138 149 150 152 153 156 157 163 164 165 169 170 173 177 180 183 184 187 197 199
80 63 83 84 86 87 90 92 96 100 102 105 108 109 110 111 112 113 115 120 121 122 128 134 137 145 146 149 152 156 157 158 166 171 173 175 183 186 195 199 200
81 27 85 86 89 91 92 94 99 105 106 107 112 116 124 133 134 141 142 146 147 148 149 154 159 161 163 170 174 176 178 182 183 186 187 189 191 193 197 198 199
82 79 85 87 88 93 94 96 99 100 103 105 108 109 112 114 115 118 119 120 121 130 138 143 149 150 155 159 163 165 171 174 176 179 181 182 189 190 192 193 194 195 196 198 199
83 105 95 104 110 111 112 116 119 124 125 128 131 135 137 142 143 148 149 152 153 157 161 167 168 179 183 184 189 197
84 41 85 89 90 92 93 98 104 107 111 120 121 124 127 128 129 132 137 138 139 140 144 149 151 152 157 169 173 174 175 180 182 191 192 199
85 124 87 94 96 97 101 109 117 119 121 123 125 128 132 134 139 140 143 144 146 153 154 155 161 162 163 174 176 178 179 180 181 185 186 188 199 200
86 45 88 96 97 98 99 102 109 121 125 127 129 139 140 141 144 149 150 152 158 159 161 164 166 168 174 176 177 180 184 185 187 189 195 196 199 200
87 135 95 99 101 102 103 106 107 108 109 110 114 117 121 128 133 136 140 143 144 150 152 155 160 162 163 166 167 171 175 176 179
88 94 93 97 98 99 101 102 107 108 113 118 121 124 126 130 135 137 139 140 142 143 145 146 151 153 155 159 160 164 167 171 173 176 184 193 195 198 199 200
89 35 92 93 96 98 103 109 111 112 113 120 122 125 130 132 134 136 140 145 146 149 161 164 165 170 182 183 185 186 188 190 191 193
90 121 93 95 99 101 103 107 108 110 114 119 120 122 123 139 144 147 148 149 153 159 172 173 176 177 179 187 192 193
91 183 92 95 96 106 109 115 117 119 125 129 130 138 145 147 148 150 157 165 166 172 177 180 181 187 194 196 197 200
92 20 93 96 97 105 106 108 110 113 117 118 119 121 123 126 127 131 135 136 138 140 141 142 143 148 152 153 155 157 158 159 162 169 175 180 181 182 183 190 192
93 116 96 97 100 101 103 107 111 112 113 117 118 123 134 143 147 153 155 163 166 168 169 173 175 181 183 184 185 186 188 192 193 198 200
94 105 96 100 110 112 113 116 118 119 121 126 127 128 129 134 144 148 152 156 157 162 167 169 172 176 177 183 184 187 190 193 198
95 133 97 108 112 113 118 120 121 125 129 132 134 138 139 140 142 148 151 153 154 158 160 161 167 171 175 176 186 188 189 191 195 197 198 199 200
96 207 98 100 102 105 106 112 113 117 119 120 123 124 126 132 133 137 142 145 146 154 157 158 159 162 163 167 171 172 173 176 179 182 185 186 187 190 194
97 202 98 99 105 106 112 114 121 122 126 129 130 131 132 140 142 143 144 151 152 156 158 162 165 168 169 175 176 177 179 180 182 186 189 191 193 195 197 200
98 125 99 100 101 104 105 109 117 125 127 128 134 137 141 142 145 147 151 152 155 158 160 162 167 173 177 178 180 184 189 190 191 192 193 199
99 78 101 109 120 124 125 126 129 131 135 139 140 141 142 146 148 152 158 159 160 163 181 183 187 189
100 80 103 104 105 106 109 110 112 113 114 117 127 132 133 138 141 142 148 149 150 152 156 158 160 163 164 177 178 180 183 189 191 197 199
101 39 110 113 114 115 117 122 124 132 134 135 136 143 148 157 163 174 177 180 181 182 183 186 191 192 196 200
102 3 105 107 109 116 120 124 126 129 131 135 142 144 145 148 149 157 160 164 168 174 178 182 187 191 193 194 196 200
103 3 107 112 113 115 116 120 122 123 126 129 137 139 145 148 155 159 164 166 172 174 176 180 181 187 191 198 200
104 198 112 115 116 120 121 125 127 129 131 134 139 144 148 150 153 160 167 172 173 180 181 185 193 196 198 199 200
105 31 106 108 116 118 121 124 126 128 130 139 142 144 145 152 156 158 161 170 172 174 176 178 180 186 188 190 197 200
106 160 109 111 113 118 120 123 125 126 128 135 136 138 139 146 147 148 149 150 152 155 157 159 160 167 173 174 175 176 177 178 181 186 191 196
107 113 109 116 127 128 130 132 139 143 144 145 146 147 155 162 163 165 168 177 178 179 187 191 198
108 181 110 112 115 120 122 128 132 134 137 143 146 149 150 151 153 154 159 162 173 174 176 179 182 183 188 189 193 197
109 234 113 118 119 122 125 127 129 132 133 134 135 136 139 140 145 148 159 160 165 167 169 176 177 181 186 190 191 192 193 195 196
110 57 121 123 134 135 138 142 146 147 151 155 158 160 165 167 175 179 188 189 191 196 199
111 22 112 113 114 118 122 125 132 135 136 138 153 155 156 160 161 162 164 167 168 170 175 184 186 187 199
112 55 120 123 124 126 127 130 132 133 134 149 150 154 155 157 162 164 171 172 182 186 187 189 191 200
113 106 115 116 117 118 120 121 123 125 126 134 135 142 143 145 150 151 154 156 167 176 177 179 187 189 192 193 200
114 80 115 120 122 128 133 135 136 137 143 144 145 147 151 155 162 164 173 177 179 188 194
115 152 116 122 123 126 128 134 135 137 140 141 144 146 149 150 157 158 166 173 177 178 180 187 188 191 192 199
116 193 119 123 124 131 133 138 141 145 154 159 162 164 166 170 171 178 182 184 185 190 191 198 199
117 216 118 120 121 127 136 140 142 143 147 161 164 169 171 175 177 179 181 182 183 195 197 199 200
118 95 119 120 121 128 129 137 144 147 151 153 156 164 177 181 184 185 188 189 191 193 195 197 199
119 86 124 126 129 135 136 140 144 146 151 152 153 159 162 164 169 170 174 178 181 183 184 185 187 190 192 198 199
120 186 121 122 124 126 130 133 137 138 145 146 148 158 159 162 168 172 173 176 177 180 185 186 192 194 196
121 159 126 129 131 135 136 138 140 141 143 144 147 148 156 163 167 174 175 179 180 182 183 189 191 199 200
122 80 123 129 136 137 141 146 147 149 151 152 154 158 159 161 162 164 165 166 167 168 169 170 171 178 180 182 186 188 189 197 198 199 200
123 203 126 131 137 144 147 154 155 158 163 166 170 172 175 176 185 195 198 199
124 79 126 130 131 132 134 135 141 143 144 148 149 151 154 158 161 163 164 167 169 170 172 178 180 182 183 193 195 196 197 198
125 130 136 143 144 147 149 153 163 165 166 168 171 173 175 182 185 186 190 200
126 84 132 134 135 139 140 144 145 152 158 159 162 166 168 170 171 177 186 187 188 189 191 197
127 86 129 130 131 136 139 140 142 144 150 151 153 162 164 167 172 173 175 179 184 187 190 194 195 198
128 51 134 141 142 150 154 158 164 168 171 175 181 183 185 189 194 195 196 200
129 167 130 133 135 140 145 149 150 151 155 156 158 160 161 162 163 165 169 170 174 178 179 180 182 186 188 192 193
130 143 132 138 142 144 145 147 149 151 159 160 161 162 164 167 179 181 182 188 189 191 197 198 200
131 58 132 136 147 154 159 161 163 164 166 170 172 177 179 186 187 189 190 191 192 194 196 197
132 229 134 138 140 142 147 148 152 154 155 160 164 166 172 173 175 176 177 182 183 184 188 190 193 194 197 198 199 200
133 242 136 138 141 142 144 149 150 156 159 161 162 163 168 170 174 179 190 194 196 198 199
134 161 140 143 146 151 155 162 163 167 170 172 173 176 180 182 183 184 185 192 194 199 200
135 57 137 145 150 152 153 154 156 157 163 170 171 173 177 180 181 182 184 186 187 188 190 194 196 198
136 205 140 155 158 159 160 162 166 167 169 176 181 188
137 236 138 140 141 145 151 153 157 160 163 167 168 169 174 175 178 179 180 183 189 190 194 200
138 151 144 147 156 157 165 166 167 170 172 181 184 187 188 190 198
139 216 141 143 144 147 151 152 154 155 161 162 166 171 178 180 182 187 188 197 200
140 207 143 147 156 159 165 169 173 176 183 186 189 193 196 199
141 209 145 150 151 154 155 160 161 163 167 169 172 181 191 193 194 195
142 71 148 149 151 152 163 165 169 170 171 187 190 192 195 196
143 116 147 150 151 156 161 165 167 173 177 181 185 190 192 194 196 197 198 199
144 240 147 150 151 156 157 165 170 171 176 182 185 191 192 198 199
145 9 147 153 155 157 161 164 166 172 178 179 185 186 197 198 199
146 159 160 168 171 173 175 176 180 181 183 184 185 197 198 199 200
147 74 149 155 156 157 161 164 175 178 185 192 196
148 145 154 155 160 161 162 163 167 168 169 172 186 187 198 199
149 131 150 153 159 163 166 167 168 170 176 177 181 182 185 189 191 196 198
150 13 152 154 155 159 162 165 178 179 182 184 186 187 193 194 195 197
151 176 153 155 156 159 162 165 173 175 179 182 187 188 194
152 141 153 154 159 160 167 171 173 174 180 187 188 189 191 196 197 198
153 110 154 159 160 162 165 167 172 173 182 186 187 194 195 196 198 199
154 57 160 162 168 176 177 179 183 184 186 192 198
155 169 159 161 166 167 168 173 181 184 190 193 194 198
156 55 159 171 172 176 179
157 132 158 160 163 170 173 175 177 185 193 197 198 199 200
158 140 159 166 168 178 181 185 186 191 192 193 197
159 192 160 163 166 170 174 177 179 181 188 191 192 199
160 45 162 163 165 173 175 178 180 181 182 183 184 185 188 190 191 194 195
161 116 162 166 167 173 175 178 182 192 195 197
162 159 168 170 171 172 178 185 187 188 190 194
163 181 164 167 168 170 172 173 181 182 186 192
164 36 165 166 168 169 171 174 179 185 188 189 192 194 197 198
165 227 172 178 179 182 188 189 190 193 198
166 216 170 173 176 178 189 190 195 196 199
167 193 168 173 175 181 182 184 195 199
168 154 169 170 175 178 179 189 191 192 194 196 200
169 63 171 175 176 178 179 193 195 196 199 200
170 181 174 175 176 180 183 184 185 192 198 200
171 234 173 174 177 179 180 181 182 190 196 197
172 144 176 179 181 184 191 198 200
173 218 175 176 178 181 182 184 185 189 191 193
174 181 183 194 197 199
175 88 177 179 182 188 196 197 198
176 56 181 184 189 191 198 199
177 233 179 180 182 183 186 193 199
178 137 180 181 183 186 190 192 193
179 219 180 187 188 193 195 196 198
180 167 193 194 198 200
181 116 187 191 194 196 200
182 118 191 192
183 9 188 191 193 195 196
184 205 187 188 192 193 199
185 217 191 193 197 199
186 134 188 191 192 196 197
187 149 188 190 192 194 199
188 56 193 194 197 199
189 105 197
190 132 199
191 182 193 194 197 199
192 53 194 195 196 199 200
193 21 198
194 79 196 197 198
195 46
196 8 197 198 199
197 27
198 131
199 81
200 90
