200
1 127 2 5 7 8 9 10 12 13 14 16 19 21 22 32 33 34 37 39 40 45 46 47 50 51 52 53 54 57 58 59 61 63 65 66 68 70 72 75 77 78 80 81 83 84 86 87 90 92 93 94 95 96 97 98 99 100 101 102 103 104 105 106 108 109 110 111 112 116 118 119 121 124 126 128 129 131 133 134 135 136 137 138 139 140 141 143 144 145 146 147 148 149 152 153 154 156 157 158 161 162 164 166 168 169 171 172 173 174 179 180 181 183 188 190 191 192 193 194 196 197 199 200
2 124 6 7 8 10 11 13 15 16 17 18 19 20 21 22 25 26 29 33 35 37 38 39 40 41 43 44 45 46 48 51 52 53 55 56 57 59 62 63 64 65 66 68 69 70 72 73 75 76 77 78 80 81 82 83 84 87 89 90 91 92 93 94 95 97 98 100 101 102 104 106 107 109 111 112 113 115 117 118 121 122 123 125 126 127 129 135 137 138 140 142 143 146 147 148 150 151 152 153 154 156 159 160 161 163 164 165 167 169 171 174 175 177 178 181 182 183 184 185 188 189 190 191 193 194 195 196 197 199 200
3 4 4 5 6 7 8 9 10 11 12 14 15 16 17 18 19 20 21 22 23 26 27 28 29 30 31 36 37 38 40 41 44 46 47 48 51 53 54 57 58 60 62 63 64 65 66 67 68 69 70 71 75 77 79 80 86 87 90 91 95 96 98 99 101 102 103 104 105 106 107 108 110 113 114 115 116 117 118 119 120 121 122 123 127 130 132 134 135 142 143 145 147 148 149 150 152 153 154 155 156 158 159 160 162 164 165 166 168 169 170 171 176 178 180 181 184 188 189 190 192 194 195 196 198 199
4 69 5 10 11 14 16 17 18 20 23 24 25 26 27 28 29 30 33 41 42 49 50 51 53 54 55 56 57 60 62 63 65 67 70 71 72 74 78 80 83 84 85 87 90 92 93 94 95 96 97 98 99 100 101 104 106 107 108 110 111 112 114 115 116 117 120 122 125 126 127 128 131 132 133 135 136 137 139 140 141 142 143 144 146 147 149 150 152 154 156 157 158 164 167 168 169 170 171 173 175 178 180 181 182 185 188 189 190 192 193 195 197 200
5 176 6 7 9 10 11 12 13 17 18 19 20 24 25 26 27 31 32 34 37 39 40 41 42 47 48 49 50 51 52 55 56 57 58 59 60 61 64 65 67 68 69 70 71 72 73 74 76 77 78 79 81 82 85 89 90 91 93 95 96 97 98 100 102 103 104 106 107 109 110 111 112 113 115 116 118 119 122 123 124 126 127 129 131 135 136 137 138 142 143 144 146 147 148 149 150 151 155 156 157 158 161 166 169 170 171 172 173 174 175 177 180 181 185 186 188 190 196 198
6 67 7 8 9 10 11 12 13 14 18 19 20 21 24 25 26 30 31 34 35 36 37 38 40 45 47 49 51 53 54 55 56 57 58 59 60 61 64 65 69 72 74 76 77 79 81 83 84 85 89 91 92 93 94 95 98 99 101 104 105 106 107 108 109 111 113 114 118 122 126 127 129 130 131 132 133 134 135 141 142 143 147 149 150 151 152 153 154 155 156 158 159 160 161 163 165 167 168 169 170 171 172 173 175 176 178 182 183 184 185 186 187 189 190 193 194 196 199
7 9 9 10 11 12 13 15 16 18 19 20 23 25 26 29 30 31 32 34 36 38 41 42 45 47 48 49 52 53 54 55 57 58 60 61 69 71 72 73 74 76 77 83 88 91 92 93 95 97 98 99 100 102 104 107 109 112 113 114 118 119 120 122 125 126 127 130 136 137 138 140 141 143 144 146 148 149 150 151 152 156 157 160 162 164 165 170 171 173 174 176 177 178 180 183 184 185 187 189 190 191 193 194 195 196 198
8 197 12 13 16 17 19 20 23 24 26 30 31 32 33 34 35 36 37 38 39 40 42 44 46 47 48 49 54 55 56 58 59 60 61 62 64 67 68 69 70 71 72 74 75 78 79 84 90 92 96 97 101 102 103 108 109 110 113 114 115 116 118 120 121 123 125 128 129 130 133 135 136 139 141 143 145 146 147 148 149 150 151 153 154 157 158 159 160 161 162 163 165 168 169 171 173 174 175 176 177 179 183 184 185 187 188 191 193 196 197 198 199 200
9 151 10 12 14 15 17 20 21 22 23 24 25 26 27 28 29 30 32 36 37 38 39 43 45 46 47 48 50 51 53 55 57 58 59 62 64 65 66 67 68 69 74 76 78 80 81 83 86 89 92 94 95 96 100 101 103 104 105 106 108 109 110 112 114 116 117 118 121 122 125 126 127 128 129 130 132 133 136 139 144 146 147 150 151 152 155 156 157 162 163 166 168 170 171 172 173 174 175 176 178 179 180 181 182 184 185 186 187 189 194 195 197
10 194 13 14 15 16 18 22 23 24 25 26 27 32 33 35 38 40 41 44 45 46 47 48 49 53 54 55 56 58 60 61 62 64 67 68 70 71 73 74 75 76 81 82 85 87 88 89 91 92 93 94 96 98 101 102 103 106 109 110 111 112 114 115 116 117 119 120 121 123 124 126 127 131 132 134 136 140 141 142 143 144 145 146 148 150 151 152 156 157 158 159 160 161 162 163 164 166 168 169 172 174 176 178 180 183 186 189 191 193 194 196 197 198 199 200
11 104 17 19 21 22 24 27 29 30 32 33 35 36 38 39 40 41 42 43 44 49 52 53 54 55 56 57 59 60 61 63 65 66 69 73 74 76 79 81 82 84 86 88 90 91 92 97 98 99 100 102 103 104 105 109 111 112 113 114 115 116 117 118 120 121 122 125 128 130 131 132 133 134 135 136 140 142 143 144 145 146 147 148 149 150 151 153 155 156 157 158 159 162 163 164 165 166 167 168 169 170 173 175 176 179 180 182 183 184 185 187 189 190 192 195 196 198
12 120 14 16 21 22 23 24 25 26 28 31 32 33 34 36 38 39 40 42 44 45 46 48 50 51 52 53 55 58 60 61 62 65 66 67 72 73 75 76 77 78 79 82 83 84 85 86 87 88 90 92 93 94 95 98 100 101 102 106 109 111 114 115 116 119 126 129 130 131 135 137 138 139 140 141 144 145 146 147 148 150 151 153 154 155 156 160 165 167 168 169 171 173 174 175 177 178 179 180 183 184 185 186 187 188 189 190 192 193 194 195 197 199 200
13 120 16 17 20 24 25 26 27 30 33 34 35 38 39 40 41 46 47 48 50 51 52 55 57 58 59 60 63 68 69 70 73 75 78 80 81 85 86 87 88 92 94 95 98 100 101 102 106 107 108 111 112 114 115 116 117 119 121 122 125 126 127 129 130 133 135 136 138 139 141 143 144 145 146 147 148 149 154 155 157 162 167 170 171 172 175 176 177 178 179 180 183 184 185 186 188 189 191 193 194 195 196 197 199
14 233 15 19 20 22 23 24 28 31 32 33 34 35 36 38 40 41 42 43 44 45 50 51 52 53 54 55 56 58 60 62 63 64 66 67 69 70 71 72 73 74 75 78 82 83 84 85 90 91 92 94 95 96 97 99 102 103 104 105 106 107 108 109 111 112 115 116 117 118 119 120 123 126 130 137 139 140 141 143 144 145 147 148 149 150 152 154 155 156 159 160 161 162 163 166 168 170 171 179 180 181 182 183 185 186 187 188 194 195 199 200
15 151 16 17 18 19 21 24 25 26 28 29 30 31 32 37 39 40 42 45 47 48 49 50 51 53 54 55 57 58 60 61 62 64 65 67 68 69 70 72 73 74 77 81 82 85 87 88 89 90 91 92 93 94 95 96 97 98 100 101 105 110 111 112 114 118 119 120 121 122 123 124 127 128 129 130 131 133 134 136 137 138 139 140 142 143 144 145 146 148 149 152 154 156 157 158 159 161 163 165 166 167 169 171 172 173 174 175 176 177 184 185 187 189 191 193 195 198
16 209 23 24 25 27 28 30 31 32 33 34 35 37 38 39 40 41 44 45 46 47 48 49 50 51 52 55 57 58 59 64 65 66 67 69 70 72 73 74 76 77 78 81 83 84 87 88 89 93 94 98 99 100 101 103 105 106 110 111 114 115 116 120 122 124 125 127 128 129 131 134 137 138 140 142 143 145 146 148 149 155 156 158 160 161 162 163 168 170 171 172 173 175 177 178 180 181 182 183 184 185 187 188 189 191 192 193 194 195 196 197 199
17 217 20 21 22 24 25 26 30 31 32 33 34 36 37 38 41 42 45 47 48 52 53 54 55 57 58 59 62 63 64 66 67 69 70 72 76 77 78 80 81 83 85 86 87 90 91 93 95 98 99 100 101 102 104 105 106 108 109 110 113 115 116 117 118 119 122 123 124 126 129 132 135 137 138 139 140 142 143 146 147 151 152 153 157 158 160 161 162 163 164 166 167 168 169 170 172 174 176 179 181 182 183 188 189 190 191 192 193 195 197 198 199
18 180 20 22 23 24 26 27 28 30 31 33 34 36 37 38 39 41 43 46 48 51 52 54 55 57 60 61 62 65 66 67 69 70 71 74 75 77 79 80 82 83 84 86 87 88 89 90 91 92 93 95 97 98 99 100 102 103 104 105 107 109 110 111 113 115 116 120 121 124 125 126 127 132 135 136 137 143 145 146 147 150 151 154 155 156 157 159 160 161 163 165 169 170 171 174 175 177 178 179 181 182 183 187 188 191 193 196 197 198 200
19 111 20 21 22 23 25 26 27 28 29 30 31 32 33 34 36 37 38 41 45 47 48 53 54 56 57 58 59 61 62 63 64 65 66 68 69 70 71 74 75 76 77 78 80 81 82 83 86 87 89 90 91 92 94 100 101 103 105 107 109 111 112 113 114 115 116 118 119 120 122 123 124 127 132 134 138 139 140 142 146 147 149 150 151 153 156 160 161 162 164 165 167 169 170 171 174 175 176 179 180 181 182 183 184 185 186 188 189 191 192 195 196 197 198 199
20 141 22 23 24 26 28 29 31 32 34 35 37 38 40 47 48 50 51 52 53 54 57 58 60 61 63 64 65 69 70 71 73 74 76 77 78 79 81 83 87 88 89 90 92 93 94 95 96 97 98 99 100 103 106 107 108 112 113 114 115 118 125 127 128 130 131 133 137 138 139 141 142 143 145 146 148 150 151 152 153 160 162 164 166 167 169 170 171 172 174 175 176 177 178 179 180 181 182 183 184 185 187 188 189 190 191 193 195 198 199 200
21 113 22 24 26 27 29 31 32 33 34 35 37 39 41 42 43 46 48 49 51 52 55 57 60 61 63 67 71 72 73 74 75 77 78 79 80 81 82 86 87 89 90 92 93 94 97 99 100 102 103 104 105 106 111 112 113 114 115 116 118 119 121 122 123 124 126 127 128 129 131 132 134 139 140 141 143 144 146 147 148 150 151 153 157 158 159 162 163 164 167 168 169 171 172 173 175 178 182 183 185 189 190 192 195 199 200
22 28 23 24 25 26 27 29 30 31 34 35 36 39 41 44 45 46 47 49 51 52 53 54 55 56 57 58 59 60 63 65 69 70 71 72 74 77 78 79 80 83 84 86 87 88 91 96 97 102 104 105 107 110 111 112 116 118 119 120 123 128 129 130 132 137 138 140 141 147 150 152 154 155 156 157 158 159 160 161 162 163 164 166 171 172 173 174 175 176 177 178 179 180 182 183 184 185 186 187 188 191 193 194 195 197 198 199
23 103 25 26 28 29 30 32 33 35 37 38 39 41 43 45 48 49 51 52 53 54 59 61 62 63 65 66 67 68 70 71 72 73 76 79 80 82 84 86 87 88 89 90 91 93 94 96 99 101 102 105 106 107 108 109 114 115 120 122 124 125 126 127 128 129 136 138 141 144 146 148 150 152 153 154 155 156 158 159 160 161 162 163 165 166 168 169 171 173 174 176 179 180 181 183 186 187 188 190 191 192 193 195 197 199
24 114 25 26 27 31 32 33 35 37 38 39 40 43 45 46 47 49 50 51 52 53 54 55 56 57 58 59 60 62 65 67 69 73 74 75 76 77 78 79 81 85 88 89 90 91 92 93 94 95 97 98 101 102 103 104 105 106 109 110 111 112 114 115 119 121 122 123 129 131 134 135 136 137 138 140 142 143 145 146 147 148 149 153 155 158 159 161 162 163 164 170 171 175 176 177 180 181 182 183 184 186 187 188 189 192 195 196 197 199 200
25 168 27 28 29 31 34 36 37 38 39 41 45 50 52 54 55 56 57 58 60 61 62 63 64 66 67 69 70 71 73 75 76 77 81 82 86 87 88 89 90 91 92 94 95 96 97 98 101 102 104 105 106 110 111 115 117 120 123 124 125 129 130 131 132 135 136 137 142 149 150 151 152 153 154 157 158 159 160 165 167 168 169 170 171 174 176 177 179 182 183 185 187 188 190 191 197 200
26 222 27 30 31 32 33 35 37 39 40 41 44 45 47 48 49 51 52 53 56 60 61 62 64 65 66 68 70 71 72 73 75 76 80 81 82 84 87 88 89 91 92 93 94 95 97 98 99 101 104 105 106 111 112 114 115 116 118 120 122 123 126 127 130 133 135 138 139 141 142 146 147 148 149 150 152 154 157 159 162 163 165 166 168 169 172 177 180 182 185 186 187 188 189 196 197
27 97 28 29 31 32 34 37 41 42 43 44 48 50 52 56 59 60 64 67 68 70 73 75 76 77 78 79 84 85 87 90 91 92 93 95 96 101 102 104 105 107 110 112 114 117 118 119 120 122 124 127 128 129 130 131 132 133 134 135 137 139 141 142 143 144 145 147 148 151 152 153 154 155 156 157 158 159 160 161 162 163 164 166 167 168 171 172 173 175 176 177 178 179 181 182 184 188 190 191 192 193 200
28 188 31 32 34 35 36 38 39 41 42 44 45 48 51 52 54 55 59 61 62 63 64 66 69 73 74 75 80 82 86 87 89 90 91 92 93 94 95 96 97 99 100 101 102 103 104 105 107 109 110 111 114 116 117 118 119 126 127 128 129 130 132 134 137 140 141 144 145 148 149 150 151 153 154 155 157 158 161 162 163 164 165 166 168 169 170 171 172 175 176 178 180 184 185 189 192 193 194 196 197 198 199
29 178 32 33 34 35 36 37 38 39 40 43 46 47 48 50 51 52 53 54 56 62 63 64 65 66 68 70 71 72 73 74 80 81 83 84 86 87 88 89 92 93 94 95 98 99 100 101 107 108 111 113 120 123 125 127 128 132 133 136 137 138 140 141 144 146 147 152 153 154 155 156 158 159 160 161 162 163 164 165 166 168 169 171 172 173 174 175 176 177 178 179 182 184 186 191 192 195 196 198 199 200
30 73 31 33 35 37 38 40 43 44 45 46 47 48 49 50 53 55 56 61 62 65 67 68 69 71 72 75 76 77 78 81 83 84 86 88 89 91 94 95 96 98 99 102 105 106 108 109 110 111 113 115 116 119 121 123 124 125 127 128 131 132 133 134 135 137 139 141 142 144 145 146 147 149 150 151 152 153 155 156 157 158 160 161 164 166 169 171 172 173 177 179 180 181 182 185 192 193 194 195 196 199 200
31 194 32 33 35 37 38 39 40 41 42 43 46 47 48 49 50 51 52 54 55 57 58 61 63 64 65 66 68 69 70 71 72 73 77 78 79 80 81 82 83 84 85 88 91 92 94 95 96 99 100 103 105 106 108 109 110 111 112 113 114 115 117 119 122 126 127 128 129 130 131 132 133 134 136 137 138 139 140 144 147 154 157 158 159 160 161 162 166 168 169 170 171 173 177 178 181 183 185 186 187 189 191 192 193 194 196 197 198 199 200
32 85 33 34 35 37 38 39 40 41 42 44 46 47 48 49 50 52 54 56 58 59 60 61 65 66 67 69 71 72 73 76 77 82 86 87 88 89 92 93 94 96 98 99 100 103 104 105 106 107 108 109 110 111 112 113 117 118 119 121 123 124 125 129 130 131 132 134 137 138 139 143 145 146 147 148 151 154 155 158 159 161 162 163 164 166 167 170 172 173 175 176 180 181 182 183 184 185 186 189 193 194 195 196
33 5 34 37 38 39 40 41 43 45 46 49 51 52 53 54 55 57 58 59 60 61 63 64 65 67 70 72 73 75 76 77 79 81 82 83 84 85 86 87 88 89 93 94 95 98 99 101 102 103 106 107 109 112 115 116 118 119 120 121 123 124 126 129 131 132 134 137 140 141 143 145 147 148 150 152 153 154 155 156 157 158 159 161 162 165 167 168 169 170 171 174 175 176 177 178 179 181 182 184 186 187 188 189 190 191 192 193 194 196 197 198 200
34 20 35 36 37 38 39 40 43 47 48 51 52 53 54 55 56 57 58 59 60 61 63 67 68 69 70 71 74 75 76 77 79 80 81 83 84 85 86 88 90 91 92 94 95 96 98 99 100 101 102 103 106 109 110 111 112 113 114 115 116 117 120 122 124 125 126 127 128 129 130 137 138 144 145 148 151 152 154 156 158 159 160 162 163 166 168 169 171 172 173 174 176 178 180 181 183 185 186 187 188 191 194 196 197 199 200
35 117 36 37 42 43 44 46 47 48 51 53 56 57 58 60 61 63 64 65 66 67 69 72 73 74 76 77 78 83 84 85 88 91 92 93 95 99 100 101 102 103 106 110 111 112 114 116 117 119 121 123 124 126 127 128 129 130 132 135 137 138 140 142 145 146 147 148 149 151 152 153 154 156 161 162 163 166 168 169 170 171 172 175 177 178 180 181 182 183 185 188 189 190 191 193 196 198 199 200
36 144 39 41 42 49 50 51 53 57 61 62 63 65 66 67 68 69 70 72 73 74 75 76 77 80 81 83 84 85 86 90 91 92 95 97 98 99 101 104 106 107 108 109 112 113 114 116 117 118 121 122 123 124 125 126 127 128 129 131 132 133 134 135 137 138 139 142 143 144 145 146 149 150 152 155 156 157 158 161 162 163 164 165 166 167 168 171 174 175 176 177 178 179 181 183 184 185 186 187 188 191 192 193 194 196 197 198
37 6 39 41 42 44 45 46 47 52 55 56 57 59 66 69 70 71 72 73 74 77 78 80 81 83 84 86 87 89 91 92 94 95 97 99 100 101 104 106 107 108 109 110 114 115 116 119 121 122 123 124 130 132 134 136 139 142 144 146 147 148 150 151 152 153 155 156 158 159 161 166 168 169 170 171 172 174 175 176 180 183 184 185 186 187 189 190 192 193 194 195 196 197 198 200
38 6 39 40 44 45 46 47 49 52 53 54 56 58 61 63 64 71 72 73 75 78 79 81 83 84 86 88 89 90 91 92 93 95 101 102 103 104 105 107 108 109 110 112 113 114 115 116 117 118 120 121 123 124 126 127 129 131 132 135 136 139 141 146 147 148 149 151 152 154 156 157 158 160 165 166 167 168 170 171 173 181 186 188 189 191 194 195 196 197 199
39 116 40 41 43 44 49 50 52 54 55 56 58 60 63 64 66 67 68 72 73 74 77 80 81 82 84 85 86 87 88 89 92 94 96 97 98 99 100 101 104 105 106 107 108 109 111 113 114 115 116 119 120 121 122 123 124 125 126 127 128 129 131 133 136 138 140 141 142 143 144 145 146 147 148 152 155 157 158 160 162 163 166 168 169 170 172 175 177 178 180 182 183 186 187 188 191 192 193 194 195 196 197 198 199 200
40 239 41 42 43 44 45 47 49 50 52 56 57 58 60 64 66 67 70 71 73 74 75 76 77 78 79 80 81 82 84 85 86 88 89 91 93 95 99 102 104 106 107 109 110 112 113 114 121 122 123 124 125 126 127 128 130 132 134 136 137 138 139 142 143 144 148 150 152 153 154 155 157 161 162 163 167 171 172 174 178 180 181 184 185 186 187 191 193 194 197 198 199 200
41 47 42 43 44 45 46 52 53 54 55 58 59 61 62 64 65 66 68 69 70 72 73 74 77 80 81 84 85 89 90 91 92 93 95 96 97 98 100 106 108 109 110 111 112 119 120 125 127 130 131 132 133 135 136 137 138 140 141 144 145 147 148 150 152 154 156 157 158 159 160 161 164 165 166 167 168 169 171 172 173 174 175 176 177 180 181 183 184 185 186 189 194 195 197 198
42 93 43 44 45 46 47 48 49 50 53 55 56 59 62 63 64 65 69 70 71 73 75 76 77 78 80 82 84 87 88 89 92 93 95 98 100 101 106 107 108 109 110 111 112 113 114 117 119 122 123 124 126 127 129 132 133 134 136 137 138 139 140 141 144 149 152 153 155 157 158 159 161 167 170 173 176 177 178 180 181 182 183 184 185 186 187 188 189 191 192 193 194 197 198 199
43 162 45 50 51 52 54 55 56 58 59 61 65 66 67 68 69 71 72 73 74 79 80 81 83 89 90 91 92 93 94 95 96 97 98 100 102 103 104 106 108 111 114 115 116 118 120 122 123 125 126 127 128 129 131 133 134 136 137 138 139 140 142 143 145 146 147 148 149 150 151 153 155 156 157 159 162 165 167 169 171 172 173 174 177 178 179 181 182 183 185 186 187 188 190 193 200
44 121 45 46 47 49 50 52 54 56 57 58 60 61 62 63 64 66 67 69 72 73 74 76 77 78 79 80 82 83 87 90 91 92 93 94 97 98 100 103 104 105 109 111 112 115 116 117 121 122 123 124 126 128 129 130 132 133 135 136 137 139 141 145 148 149 150 153 154 157 158 159 160 161 163 164 166 169 170 171 173 175 177 179 180 182 183 184 185 186 187 188 189 190 191 192 193 194 199
45 16 46 47 50 51 53 54 55 56 57 58 60 61 63 65 66 68 70 71 72 74 76 77 78 85 86 88 90 91 92 93 94 96 99 100 101 104 105 107 108 109 111 112 117 118 119 120 122 123 125 126 127 130 131 132 133 135 137 138 140 142 144 145 146 147 148 152 153 154 155 157 161 162 163 164 165 166 167 168 170 171 172 173 174 175 176 177 178 181 182 183 184 190 192 193 195 196 199 200
46 72 47 50 51 52 53 54 55 57 58 59 60 62 64 65 66 68 69 70 72 73 75 80 82 85 86 87 88 89 91 94 95 99 100 101 102 103 105 107 108 110 111 113 114 115 118 119 121 123 124 126 127 129 130 135 137 139 140 141 142 144 145 149 151 152 153 155 156 157 158 160 161 163 164 166 168 170 171 173 174 178 180 181 183 184 185 187 189 191 192 194 195 199
47 138 48 49 53 54 55 56 57 61 62 63 65 66 68 69 70 72 73 74 76 78 80 81 82 83 86 87 92 93 94 95 96 97 99 101 102 104 107 108 109 110 113 114 118 120 121 122 124 126 127 128 129 135 136 137 139 140 143 144 147 148 149 153 154 155 156 157 158 159 160 161 162 164 165 167 168 170 171 172 174 176 179 180 181 182 183 184 186 188 189 191 192 193 199 200
48 242 58 59 61 65 66 67 68 69 72 74 75 76 77 78 79 80 81 82 84 86 88 91 92 96 97 98 99 101 103 104 105 107 109 110 111 113 116 118 119 120 121 122 123 124 125 126 128 130 131 132 134 136 138 140 142 143 144 145 146 148 150 151 152 153 154 155 156 158 159 160 161 162 163 166 167 170 171 172 173 174 175 176 177 179 180 181 182 183 184 186 187 188 189 191 195 196 197
49 126 50 51 53 54 55 56 57 58 59 65 66 70 72 73 74 75 80 83 84 86 88 92 93 96 97 102 104 105 107 109 110 111 112 114 118 119 124 127 131 133 134 135 138 139 140 141 143 145 146 147 150 151 152 153 154 155 156 158 163 167 168 169 170 171 173 174 175 177 180 182 183 185 186 187 188 190 192 193 194 195 196 197 198
50 211 54 55 57 58 60 61 63 67 68 69 74 76 77 78 79 86 90 92 93 95 96 98 99 101 103 105 106 107 114 115 117 121 123 124 125 126 127 128 129 132 133 134 136 137 138 140 141 144 148 150 152 154 155 156 157 159 160 161 163 164 165 166 167 172 173 175 177 179 180 181 182 183 185 188 189 193 194 195 196 197 199 200
51 139 55 56 58 61 65 66 67 68 70 73 75 77 78 79 81 82 83 84 86 87 89 90 92 93 94 95 97 98 99 103 104 105 106 107 112 113 114 115 116 119 121 123 125 126 127 128 130 132 133 134 135 137 138 139 144 147 149 150 151 153 154 155 156 158 160 162 165 166 167 168 170 171 172 177 179 180 184 185 186 187 188 191 192 194 195 199
52 14 55 56 57 61 62 63 64 65 66 67 69 70 71 72 73 74 75 77 79 80 81 82 83 84 87 89 91 93 94 95 96 97 98 99 100 103 106 107 109 110 111 114 115 116 119 120 122 123 126 128 129 131 132 133 134 138 139 140 144 146 147 149 150 153 154 155 158 159 162 163 165 166 167 168 169 170 171 175 176 177 178 185 187 189 190 194 197 198 199 200
53 179 54 57 58 59 62 64 66 68 69 71 72 73 75 76 77 78 80 82 83 86 90 91 94 97 99 100 101 104 106 110 111 112 114 115 118 119 120 121 126 129 130 131 132 133 134 135 136 140 142 143 145 146 147 148 149 150 152 153 154 157 159 160 161 162 163 165 167 168 169 171 172 175 176 177 178 180 181 182 183 184 185 186 187 188 189 190 191 192 194 196 198 199 200
54 130 55 56 58 65 66 67 69 71 72 76 77 79 82 83 84 85 86 88 92 93 94 95 97 100 103 107 108 110 111 112 113 116 118 119 127 128 130 131 133 135 136 137 138 140 141 142 144 145 146 147 149 150 151 153 159 160 161 162 163 164 165 168 170 173 174 175 177 179 180 182 183 184 186 187 188 189 190 191 193 195 196 198 199
55 104 56 57 58 59 60 61 63 64 65 66 67 68 69 70 73 74 75 76 77 79 81 83 84 85 86 90 91 92 93 96 97 98 101 102 103 106 107 108 109 111 112 113 114 115 116 117 121 123 125 129 130 133 134 137 139 140 141 142 143 145 149 153 154 156 157 158 165 166 167 168 170 172 174 176 177 178 179 180 181 182 183 184 187 188 189 190 192 194 195 196 197 198 200
56 67 58 59 60 61 64 65 66 68 69 71 76 77 78 79 80 81 82 84 85 86 89 91 92 94 95 96 97 98 99 100 101 102 103 106 107 108 110 111 112 113 120 121 124 125 126 127 131 132 133 134 137 138 139 140 141 143 144 146 148 149 150 153 154 155 156 157 158 159 160 162 163 164 165 167 171 172 174 177 178 182 183 184 185 186 188 190 192 193 194 195 197 198 199 200
57 59 58 59 60 61 62 63 64 67 68 69 70 71 72 73 74 75 79 81 84 85 86 87 89 90 91 92 93 94 95 96 98 99 100 101 102 103 104 105 106 108 109 110 112 113 114 115 116 117 119 122 123 124 126 127 129 131 132 134 135 139 140 141 145 146 149 152 154 155 156 157 159 163 164 166 167 168 170 171 172 175 177 178 179 180 182 183 184 185 187 189 191 192 194 196 197 198 200
58 217 59 60 63 64 65 67 68 69 70 72 73 74 78 82 84 85 86 91 93 94 98 99 100 102 104 105 110 114 115 118 119 120 122 123 125 130 131 132 135 137 138 140 141 144 145 146 149 150 151 152 153 154 155 156 158 159 161 163 164 167 168 169 173 174 175 176 178 179 180 184 187 189 190 193
59 133 60 62 63 64 66 69 71 73 76 78 79 80 81 82 84 87 90 92 94 96 97 98 99 100 101 102 103 104 105 106 107 109 111 112 114 115 116 119 120 121 122 123 124 127 128 129 132 133 139 140 142 143 144 145 146 147 148 149 151 154 155 156 157 158 159 160 162 163 166 167 169 170 171 172 173 174 175 176 178 179 181 182 183 186 188 189 192 194 197 200
60 211 61 63 68 69 70 72 73 74 75 76 78 79 81 84 86 89 92 94 95 96 97 99 101 103 104 106 107 109 110 111 113 114 115 116 117 120 121 128 130 133 134 136 138 139 141 142 143 144 145 146 150 151 152 155 157 158 159 160 161 162 164 165 166 167 168 169 171 174 177 179 181 182 183 184 189 190 191 192 193 194 195 196 199 200
61 142 62 63 64 65 66 67 68 70 71 72 74 75 76 78 81 82 83 84 85 86 89 90 91 93 94 98 100 101 102 103 104 106 107 109 110 111 112 114 116 117 118 121 122 123 124 125 127 131 132 135 137 139 140 141 142 145 146 147 148 149 152 153 155 156 157 158 159 161 162 163 166 167 169 170 171 173 174 175 176 177 178 179 180 181 182 183 184 186 187 188 191 192 193 195 197 198 199 200
62 54 63 64 65 66 70 71 72 75 76 77 78 79 80 81 84 85 86 90 91 92 95 96 98 99 100 101 102 106 107 108 109 110 111 114 118 120 121 122 123 124 126 127 128 129 131 133 134 135 136 138 141 142 144 145 146 147 149 150 153 155 156 157 158 161 162 166 167 168 170 171 172 173 174 177 178 181 182 183 189 191 192 193 196 197 199
63 211 64 65 66 67 68 69 70 76 77 79 80 81 85 86 89 92 93 98 100 101 103 104 105 106 108 110 111 112 113 115 116 117 118 119 120 121 123 124 125 129 132 133 135 138 139 143 146 148 149 150 153 155 156 157 160 161 163 165 166 167 169 172 173 177 178 182 183 184 190 191 192 194 195 196 197 198 200
64 158 66 68 70 71 74 75 76 77 81 82 83 84 86 88 89 91 92 94 95 98 100 104 106 107 112 113 114 115 116 120 122 123 125 127 131 132 133 134 136 137 139 141 142 144 147 150 151 152 154 155 156 158 159 161 165 166 169 170 172 173 176 177 182 186 187 188 189 190 191 192 194 195 198 199 200
65 152 68 70 71 75 76 77 83 84 85 86 87 89 92 93 94 95 98 99 105 108 109 111 112 114 115 116 117 121 122 124 126 129 130 131 132 134 137 138 139 140 141 142 144 145 146 147 148 150 151 152 155 157 158 160 161 162 163 164 165 167 168 170 173 174 177 180 181 182 183 189 190 194 196 198 199
66 18 67 68 70 71 72 76 77 78 81 83 84 88 89 91 92 93 95 96 100 101 103 105 106 107 108 109 111 115 116 118 122 123 124 126 127 128 130 132 133 134 137 139 140 141 143 144 145 147 150 151 153 154 156 157 158 159 160 165 168 169 171 174 176 178 179 182 184 185 186 187 189 190 191 197 198 200
67 201 70 71 73 74 75 76 77 80 81 83 84 85 87 88 91 94 95 98 101 102 103 105 106 109 111 112 113 115 117 118 119 120 122 123 124 125 127 128 129 130 134 135 136 140 141 142 143 147 148 150 152 153 155 156 157 159 160 161 165 166 170 171 172 173 175 177 180 181 182 184 186 188 189 191 194 195 198 199
68 216 69 72 75 77 78 81 82 83 84 86 87 88 89 91 94 95 98 100 101 102 104 107 108 111 113 115 116 118 119 120 122 124 125 127 129 130 131 133 134 136 139 141 144 145 147 148 150 151 154 156 158 160 162 163 165 166 167 170 171 174 176 177 178 179 180 186 187 188 189 191 192 193 194
69 117 71 72 73 74 75 76 78 79 81 82 84 85 86 88 89 90 91 93 94 95 96 97 99 101 104 106 109 110 111 114 117 118 120 124 126 128 129 131 132 133 136 137 138 141 142 143 145 149 155 156 158 159 160 161 162 163 165 166 167 168 169 170 173 174 175 176 177 180 183 184 188 189 190 192 193 194 195 196 197 198
70 49 72 76 77 79 81 82 86 87 88 91 94 96 99 100 101 103 104 106 107 108 110 111 113 116 119 120 122 123 124 125 126 128 129 130 133 137 138 139 142 143 144 145 149 150 151 153 154 155 156 157 159 160 162 164 165 166 167 168 169 170 171 172 173 174 176 179 180 183 184 185 186 187 188 190 191 193 195 197 198 199
71 69 72 73 74 75 77 78 79 81 84 86 87 88 89 91 92 93 96 98 99 100 101 102 103 104 108 111 113 114 115 118 119 120 121 122 123 124 125 126 127 130 131 132 133 134 135 136 137 139 140 141 142 143 146 148 149 150 151 152 153 154 155 157 159 161 164 165 168 173 178 181 184 187 188 193 194 196 198 200
72 5 73 74 75 76 77 79 80 83 84 87 88 89 90 91 93 95 97 99 100 101 102 103 104 105 108 110 112 113 114 115 116 119 122 123 124 125 127 129 130 131 136 137 138 139 141 143 147 151 152 155 161 162 164 166 167 168 170 172 176 177 178 179 181 182 185 187 194 199 200
73 237 75 76 77 80 82 85 87 88 90 91 92 93 96 97 98 99 100 101 102 103 104 106 107 108 109 110 112 113 115 116 117 118 121 122 124 125 126 127 128 132 135 138 139 142 143 144 145 147 148 150 152 155 156 157 158 159 160 161 162 163 164 165 166 167 168 170 171 172 173 174 175 177 178 179 180 181 183 185 186 187 188 189 192 194 195 197 199
74 222 75 79 82 84 86 87 89 90 91 92 94 95 98 100 103 104 105 107 108 112 114 115 117 118 119 122 123 124 125 126 127 128 131 133 135 136 140 144 145 147 154 157 159 161 162 163 165 166 168 169 170 171 172 175 176 177 178 180 181 182 184 185 186 187 188 191 192 193 194 195 196 197 198 199 200
75 201 76 77 80 82 84 85 87 89 90 93 95 96 97 99 102 103 105 106 108 111 112 113 114 115 116 118 119 120 121 122 124 125 126 127 128 130 132 133 136 138 142 143 144 146 147 148 149 152 155 157 160 161 162 164 165 166 167 168 169 170 171 173 174 175 176 177 178 179 180 181 183 186 187 188 190 192 193 198 199
76 168 77 79 80 83 85 87 88 93 95 96 97 99 100 101 102 103 105 106 107 108 109 110 111 112 113 114 115 116 117 119 122 123 125 126 127 128 129 130 132 133 135 136 137 138 139 142 143 145 147 149 151 152 153 154 155 156 157 159 161 163 164 165 166 167 168 170 171 174 175 177 178 179 180 181 183 184 185 186 187 188 189 190 191 193 194 198 199 200
77 57 78 79 82 83 86 88 90 91 92 95 96 98 100 101 102 106 108 109 111 113 114 115 116 117 118 119 121 124 125 126 127 129 130 131 132 133 134 135 136 138 139 141 142 144 146 147 148 151 153 154 155 158 162 163 164 165 166 167 168 169 170 172 174 175 176 177 178 179 181 184 185 187 188 190 191 192 196 197 198 199 200
78 124 84 86 87 89 90 93 94 96 97 102 103 104 108 109 110 112 115 116 117 119 120 121 122 124 125 127 128 129 130 131 132 134 139 142 146 148 149 150 152 153 154 155 156 158 160 161 162 163 164 165 166 167 168 170 172 173 175 176 177 179 180 181 182 183 184 185 186 187 190 191 192 194 195 196 198 199 200
79 41 80 83 85 87 88 90 93 96 97 98 100 101 107 112 113 115 116 117 119 120 121 125 127 128 129 130 132 133 134 135 136 138 139 141 142 143 147 148 150 151 153 154 155 156 157 159 161 162 163 164 165 167 169 172 173 174 178 179 180 181 184 185 186 187 188 189 190 191 192 193 194 200
80 116 81 82 83 84 85 89 90 91 93 94 97 98 99 101 102 104 105 106 108 109 111 115 116 119 121 122 123 124 125 126 127 129 132 133 135 136 138 143 144 145 146 152 153 154 155 156 157 161 163 164 165 167 171 173 174 175 177 178 180 184 185 186 188 192 193 194 196 199 200
81 241 82 83 84 85 86 88 89 92 93 94 98 99 100 101 103 104 105 106 110 111 112 113 114 115 117 118 119 120 121 122 126 127 128 129 130 131 132 135 138 139 141 142 144 146 149 150 152 153 155 156 157 160 161 163 164 165 167 168 169 170 171 174 176 177 180 183 184 185 186 187 188 189 190 192 193 195 196 200
82 187 83 85 86 90 92 95 96 98 99 102 103 104 105 107 109 114 115 116 117 122 123 124 127 129 130 132 135 137 138 141 142 143 144 145 147 150 151 154 155 156 157 161 162 163 164 165 166 171 172 173 174 175 177 178 179 180 181 185 186 189 191 193 195 197 200
83 142 89 90 93 94 96 97 98 99 100 101 104 106 108 109 110 111 113 114 115 116 117 118 119 120 122 125 127 129 131 132 133 134 136 137 138 139 140 143 145 149 150 151 153 156 157 158 159 160 162 163 168 169 170 171 173 174 176 177 179 181 183 184 187 190 191 192 193 194 196 197 198 199 200
84 27 85 86 87 88 89 93 94 95 98 102 103 104 105 106 109 110 111 112 114 115 118 119 120 121 122 123 124 125 126 127 129 130 131 134 137 140 142 144 147 149 154 155 156 157 158 159 162 163 165 166 167 170 171 172 174 178 179 182 183 185 189 190 192 193 194 197 198 199 200
85 120 87 88 89 91 93 95 97 98 99 100 102 104 106 107 108 111 112 113 114 116 119 121 123 124 125 126 128 129 132 133 134 135 138 139 141 143 145 148 149 150 151 152 155 156 157 160 161 166 167 169 172 173 174 175 177 179 181 186 187 189 192 193 196 198 199
86 210 88 91 92 94 95 96 97 100 103 104 105 106 107 108 111 112 113 114 117 121 123 125 126 127 128 129 130 131 133 134 135 136 138 139 141 144 146 147 149 150 151 152 153 154 157 159 160 161 162 166 171 172 173 174 176 177 178 180 182 184 186 187 189 193 197 198 200
87 115 88 90 91 92 93 94 98 99 100 106 109 113 114 115 116 117 118 127 128 132 134 135 136 137 141 142 143 144 145 146 147 148 149 150 151 153 154 155 156 158 159 161 163 168 169 173 175 176 178 179 183 185 186 187 189 190 191 194 195 196 198 199 200
88 156 90 92 93 96 97 98 99 100 101 102 103 105 106 108 109 110 112 114 115 116 117 119 120 124 125 127 128 129 132 135 138 139 140 141 142 144 145 147 148 149 153 154 157 158 160 162 163 164 165 166 172 173 175 177 179 181 183 184 185 188 189 191 192 193 195 196 197 198 200
89 33 91 92 93 94 97 98 100 101 102 103 105 108 109 110 111 112 113 114 115 116 117 121 122 123 125 126 127 129 131 132 133 134 135 136 139 140 145 146 147 148 150 151 155 156 157 158 160 163 166 167 169 172 173 174 176 180 181 184 187 188 189 190 194 198 200
90 227 91 93 94 95 97 100 101 102 103 104 105 106 107 112 113 114 116 117 120 123 124 125 127 130 131 132 134 135 136 138 139 142 144 145 147 148 150 151 153 163 164 165 167 169 171 172 173 175 176 178 181 184 188 189 190 191 192 193 195 196 199
91 76 92 93 94 95 97 98 99 100 101 102 104 105 106 107 110 111 112 113 114 115 116 119 120 121 123 125 129 132 134 137 142 143 145 146 148 149 150 152 153 156 159 162 163 164 166 167 168 170 171 172 173 174 175 177 182 184 185 188 190 191 192 193 195 196 197 200
92 157 93 94 95 96 97 98 99 100 101 103 107 108 109 110 111 112 113 115 116 120 121 122 124 127 130 131 132 137 140 141 145 146 149 150 152 153 155 157 162 163 164 165 166 167 168 169 171 175 177 178 180 181 183 185 187 188 189 191 192 193 194 195 196 197 199 200
93 153 94 96 98 99 103 104 107 108 109 111 112 113 114 116 120 122 123 124 128 131 132 134 136 137 138 139 140 141 142 146 147 152 155 156 157 158 159 161 163 166 167 168 169 171 172 173 176 177 178 180 182 183 185 187 195 196 197 199 200
94 203 95 96 97 98 99 100 102 105 106 109 111 112 116 117 118 119 121 122 124 125 126 127 129 130 131 132 133 134 135 136 140 141 142 144 145 146 149 150 152 153 156 159 160 161 162 164 165 166 167 168 170 171 176 177 179 181 182 183 185 186 187 188 193 194 195 196 197 198 200
95 60 96 97 98 102 103 104 105 107 109 110 113 115 116 117 118 120 121 123 124 126 127 128 131 132 137 138 139 142 143 144 145 146 147 149 150 153 155 156 157 160 162 165 167 168 169 170 172 173 174 176 177 178 179 180 181 182 184 185 186 187 188 191 192 193 194 196 198
96 233 97 100 101 102 103 105 106 108 110 112 115 116 118 119 120 121 122 125 126 130 131 133 135 138 141 143 145 146 149 152 153 156 157 159 160 161 164 167 168 169 170 171 174 178 179 180 181 185 186 188 189 190 191 194 195 196 200
97 53 98 99 103 104 105 106 107 111 112 114 117 122 123 127 128 132 134 136 137 139 140 141 142 143 145 146 150 151 154 158 159 160 165 166 168 170 172 173 174 176 180 182 183 185 186 187 188 191 192 193 194 198 199
98 221 99 101 104 105 106 108 109 111 112 114 115 119 120 122 125 130 131 132 134 135 136 137 138 139 141 144 145 148 149 150 152 153 154 156 157 158 159 161 162 164 166 168 169 170 171 175 176 178 180 181 182 185 186 188 189 191 193 194 195 197 198 199 200
99 17 101 102 104 105 106 107 108 109 110 111 113 116 117 118 120 123 124 125 126 129 130 131 132 133 135 136 137 139 140 142 147 148 150 154 156 157 158 160 162 163 167 168 169 170 171 172 175 177 178 180 184 189 191 195 196
100 68 101 104 105 106 107 109 111 112 117 118 119 120 121 123 124 125 127 128 129 132 136 137 138 139 142 143 145 146 148 150 151 152 154 155 156 157 158 160 162 164 165 166 167 168 169 174 175 176 179 180 181 183 185 186 187 188 191 192 193 198 199 200
101 214 104 106 107 108 109 110 111 112 113 115 117 118 120 121 122 124 127 128 129 132 133 134 135 137 138 139 140 147 148 149 150 151 152 155 157 160 163 166 168 170 171 173 175 178 179 180 181 183 184 185 186 189 190 191 192 193 197 198 200
102 141 103 106 107 110 111 112 115 117 118 120 121 122 124 126 129 130 133 135 137 139 141 142 143 144 148 149 150 151 153 155 157 159 160 162 163 165 166 168 169 170 172 173 176 177 179 180 183 184 185 186 187 188 190 194 196 198 199
103 105 106 108 109 110 112 113 115 116 117 118 119 123 125 127 129 132 134 135 136 137 138 141 143 144 145 146 147 148 149 151 152 155 157 158 159 160 161 162 163 165 168 169 172 174 176 179 181 182 184 186 187 188 191 192 193 195 200
104 97 105 106 107 108 110 113 114 115 116 117 118 119 122 125 126 127 128 129 130 131 132 135 138 140 141 143 145 148 151 152 153 154 155 158 159 161 162 163 164 165 166 167 168 169 171 172 173 174 175 178 179 181 182 184 185 186 187 189 190 191 192 194 195 197 200
105 225 109 110 112 114 115 116 118 120 122 123 125 128 130 131 132 135 137 138 139 140 141 143 145 151 152 154 156 157 162 166 168 169 172 173 174 175 176 178 180 181 182 184 185 187 189 190 191 192 193 194 198 200
106 129 107 108 110 111 112 113 114 116 117 120 123 125 126 130 131 132 133 134 135 136 138 141 142 143 145 146 148 149 150 151 153 155 156 157 161 162 163 166 167 168 169 171 173 174 176 178 179 181 182 185 186 187 188 190 192 193 195 196 197 199 200
107 138 110 112 113 115 116 117 120 121 122 124 126 129 136 137 138 139 140 142 143 144 145 147 148 149 150 157 161 163 164 165 166 172 173 174 178 181 183 184 190 191 193 194 195 197 198 200
108 72 109 111 113 114 116 118 119 121 123 124 125 127 129 132 134 137 138 139 141 142 151 152 155 159 161 163 164 165 166 169 170 173 176 177 178 180 181 183 184 185 186 187 188 189 190 191 192 193 194 197 198 199 200
109 124 110 111 112 114 115 116 117 118 119 120 122 123 125 126 128 130 132 134 136 137 139 142 144 145 146 147 149 150 153 154 156 157 159 160 161 162 163 164 165 166 167 170 172 173 175 177 180 181 183 185 186 187 188 190 191 194 197 198 199 200
110 58 111 112 115 116 117 118 119 120 121 122 123 124 126 127 128 130 132 133 134 135 138 139 141 142 143 144 148 153 154 155 157 158 159 160 166 167 168 169 171 172 173 176 177 180 182 184 185 187 188 192 193 194 195 196 197 198 199 200
111 161 112 113 115 117 119 120 121 122 123 124 126 127 129 130 134 140 141 142 144 145 146 147 149 150 153 155 157 158 159 160 161 162 163 165 167 168 170 172 173 174 176 177 179 180 181 182 183 184 185 187 190 192 195 196 197 198
112 241 113 114 115 118 119 120 121 123 124 125 126 130 131 132 133 134 135 137 139 141 144 145 146 147 148 149 150 151 152 153 154 155 156 159 160 162 164 168 169 170 171 172 173 174 176 177 180 181 183 184 185 186 187 189 190 191 193 195 197 199
113 147 114 115 116 117 118 120 121 123 125 126 128 130 131 132 133 134 135 137 139 144 145 147 149 151 154 155 156 158 159 160 161 163 164 165 166 172 173 174 176 177 178 179 180 181 182 183 184 186 188 189 191 192 193 194 195 196 197 199 200
114 166 115 116 117 120 121 124 127 129 133 134 136 138 140 141 142 143 144 145 146 150 152 155 157 159 160 161 162 163 165 166 167 168 170 171 172 175 176 179 183 184 185 186 187 188 190 191 192 193 194 195 196 197 198 199 200
115 8 118 119 121 125 128 131 133 137 138 139 142 144 145 148 151 153 154 157 159 160 162 163 164 165 166 172 173 175 176 177 180 181 182 185 186 187 189 191 192 193 195 196 197 199 200
116 81 117 119 120 122 124 126 129 130 132 133 135 137 140 141 142 144 145 146 147 149 150 151 152 154 155 157 158 160 164 166 167 168 169 170 174 175 176 179 180 185 186 188 189 193 195 197 198 199 200
117 52 119 120 122 123 125 126 128 129 130 131 132 133 134 136 137 138 139 140 141 143 145 147 148 149 150 152 155 157 158 162 164 165 167 169 170 171 172 173 174 175 176 177 178 179 180 185 186 187 188 190 191 193 194 195 200
118 230 119 120 121 122 123 125 127 129 130 132 135 136 137 138 139 140 144 145 146 147 149 150 151 152 154 155 156 159 160 161 164 165 166 167 170 172 174 175 176 177 178 179 182 184 185 186 187 189 191 193 195 196 197 198 199 200
119 65 120 122 123 124 125 130 132 133 136 138 139 140 141 142 143 145 146 147 148 149 153 154 155 156 157 158 159 161 164 165 168 169 171 172 173 175 178 179 180 182 183 185 186 187 188 189 191 192 193 195 196 197 198 200
120 161 121 125 131 132 133 135 136 142 144 146 149 151 152 154 156 157 158 159 160 163 166 168 170 171 172 173 175 177 181 184 185 186 189 190 192 193 195 197 198 200
121 69 123 124 125 126 128 129 130 131 133 134 135 136 137 138 139 140 141 143 145 146 148 149 150 151 152 153 157 159 162 163 167 168 169 170 171 172 173 174 175 177 178 180 183 184 186 188 190 191 194 196
122 131 124 125 130 133 137 138 140 142 144 147 149 150 151 152 153 154 158 161 162 164 166 167 168 171 172 173 175 179 180 184 185 186 187 188 189 193 194 195 198 199
123 98 124 125 127 129 131 132 134 137 139 142 143 144 150 151 154 157 158 159 163 165 169 170 171 176 180 181 182 185 186 187 188 191 193 195 196 197 199
124 74 125 127 128 129 130 132 133 134 135 136 142 144 147 149 150 151 152 153 154 155 157 158 160 161 162 163 166 167 168 170 171 172 174 175 178 179 180 181 183 184 185 186 188 191 192 196 197 198 200
125 124 126 127 128 130 131 133 134 135 136 137 139 142 145 147 149 150 152 157 158 159 161 162 164 169 171 172 174 176 177 182 183 185 187 189 191 193 194 197 198 199 200
126 84 127 128 129 131 132 134 136 140 142 143 145 147 150 151 153 154 156 157 160 161 163 164 165 167 168 169 171 173 174 175 176 177 179 180 181 184 185 187 188 190 191 192 193 194 197
127 107 128 129 132 133 134 136 137 139 140 141 143 145 148 149 150 151 152 155 156 157 163 164 165 166 168 169 171 173 174 176 178 179 181 183 184 186 187 189 192 193 197 198 199 200
128 20 129 130 131 133 135 136 139 141 142 145 146 148 151 152 153 154 155 157 158 159 162 164 165 166 167 170 171 172 176 179 180 181 182 184 185 186 187 188 189 190 191 192 194 195 196 197 198 199
129 142 130 133 135 136 142 143 144 145 146 148 149 151 152 153 155 156 157 158 159 160 161 165 166 170 171 173 174 175 176 177 179 180 181 182 183 184 185 186 187 188 192 193 194 197 198 199 200
130 142 134 135 136 137 138 139 140 141 142 145 147 148 150 152 153 154 156 157 159 161 163 165 167 168 169 177 178 180 182 185 188 191 192 193 195 196 199
131 80 133 134 135 136 138 140 141 142 145 146 147 149 151 152 154 155 156 158 160 161 162 163 166 167 168 169 172 173 174 175 176 179 180 182 183 185 186 191 192 194 195 196 198 199
132 214 133 134 138 139 140 141 143 144 145 146 148 149 150 155 156 158 159 163 164 165 166 167 168 169 171 172 173 174 177 178 180 183 184 186 187 189 190 193 194 195 198 199 200
133 75 134 135 136 137 138 141 142 143 146 147 148 149 150 151 153 156 158 159 160 164 165 167 171 172 174 177 178 179 180 183 184 185 188 195 197 199
134 10 135 136 137 138 140 141 143 144 146 147 150 152 154 155 156 159 161 162 165 168 172 173 175 179 180 182 183 184 185 186 187 189 190 191 192 193 194 195 196 198 199
135 93 136 137 138 139 140 141 142 143 145 146 148 151 155 156 157 158 161 165 166 167 171 172 173 174 175 176 177 178 179 184 187 190 191 193 196 197 198 199 200
136 219 138 139 143 145 149 151 152 157 158 159 160 161 162 166 168 169 170 171 173 174 175 176 177 178 180 181 183 184 188 190 191 194 195 197 198 199
137 210 141 142 143 145 146 147 149 150 151 152 153 154 155 157 158 160 161 163 165 169 171 175 176 177 178 179 180 182 185 186 188 190 192 193 194 195 198 199
138 26 139 140 143 144 145 147 148 152 153 155 156 157 160 161 162 163 164 165 167 169 172 174 175 177 178 180 181 183 186 188 189 190 191 196 197 198 200
139 149 141 142 143 144 146 150 152 153 154 155 156 157 161 162 163 164 165 166 172 173 174 175 176 177 178 181 183 185 187 190 191 192 197 200
140 120 142 143 145 146 147 149 150 152 153 155 156 157 159 160 161 163 164 165 166 167 168 170 171 173 174 175 176 177 178 179 180 181 182 183 184 186 187 190 191 192 193 194 196 197 198 200
141 169 142 145 146 147 148 149 151 152 153 154 156 157 158 159 160 162 163 164 166 168 169 171 174 176 181 182 183 184 187 189 190 191 192 194 197 198 199
142 84 144 145 146 148 152 153 155 156 157 161 162 163 164 165 166 167 172 174 175 176 178 179 180 181 182 183 184 185 187 188 190 191 192 194 195 196 197 198 199 200
143 183 144 145 146 147 148 149 150 151 155 156 157 158 160 161 163 164 165 167 168 170 174 175 178 179 180 182 183 184 185 187 188 189 194 195 197 198
144 127 146 147 150 151 154 155 157 158 159 161 162 165 166 167 168 169 170 171 172 173 175 176 177 179 180 181 182 183 184 185 186 187 189 190 192 193 194 195 199
145 124 149 152 156 157 158 159 160 161 163 164 165 166 167 168 169 171 172 173 174 176 179 180 181 183 184 186 187 188 189 190 191 192 194 195 197 199
146 121 147 148 150 152 153 156 158 159 162 163 164 165 167 168 171 172 175 176 177 178 179 180 181 182 183 184 186 189 190 192 194 196 197 200
147 133 149 152 153 154 155 156 159 165 167 168 169 171 172 175 176 178 179 180 181 182 183 184 185 188 189 190 192 195 196 197 198 199
148 50 150 151 155 157 158 160 161 163 164 166 167 177 178 180 182 184 186 187 191 193 194 197
149 163 150 151 152 156 157 159 160 165 166 167 169 170 176 178 179 183 184 186 187 188 189 190 191 192 193 194 195 196 198 199 200
150 189 152 156 158 159 160 161 162 163 166 167 168 169 170 171 172 173 175 176 178 179 180 181 182 183 184 185 190 192 193 194 195 196 198 199 200
151 15 156 159 161 162 163 164 165 166 169 170 171 172 173 179 180 181 184 185 187 189 191 192 193 194 196 199 200
152 211 153 154 155 156 157 159 161 163 165 166 167 170 172 174 176 178 181 182 184 187 188 190 191 192 193 196 197 198 199 200
153 88 154 155 156 158 161 162 165 166 168 170 171 172 173 180 181 182 183 184 185 186 189 191 193 196 197 200
154 226 155 156 159 160 161 162 163 164 165 173 174 176 178 179 181 183 184 185 186 187 188 189 190 193 194 195 198 199 200
155 127 157 162 164 167 168 169 171 172 173 174 175 176 177 178 179 180 181 184 186 188 189 192 193 194 195 197 198
156 240 157 158 159 163 164 166 168 171 174 175 177 180 181 182 183 184 186 187 191 193 194 195 197 198 199 200
157 44 158 159 160 162 167 169 170 171 173 174 175 177 178 181 182 183 184 185 186 188 190 192 193 195 196 197
158 52 161 165 166 167 168 170 171 173 174 175 176 177 178 179 180 181 182 184 185 187 188 189 191 192 193 197 200
159 105 160 161 163 164 167 168 170 171 172 173 175 176 177 179 180 181 182 183 184 188 189 190 191 192 193 195 196 197 198
160 80 165 166 168 169 170 171 172 174 175 176 178 179 180 182 183 184 185 186 187 189 193 194 196 197 198 199
161 47 163 165 168 169 170 171 173 174 176 177 180 184 186 187 188 189 190 193 195 196 197 200
162 212 163 164 165 166 167 170 173 174 175 176 179 180 181 183 186 188 189 190 191 192 196 197 199 200
163 165 165 166 167 168 170 171 172 175 176 178 186 187 190 191 194 195 196 197 198 199 200
164 141 165 167 168 169 170 171 173 177 179 181 182 183 184 187 188 190 191 192 196 197 198 199
165 48 166 167 170 173 175 176 178 179 180 184 185 188 189 191 192 193 194 196 197 198 199
166 178 170 171 172 173 175 177 178 179 180 182 184 185 186 188 189 190 193 195 199
167 37 168 170 171 172 173 174 175 177 180 182 184 185 186 189 191 192 193 196 198
168 177 169 170 171 172 173 174 177 178 179 181 182 183 186 187 190 191 192 195 196 198 199
169 90 172 173 175 177 178 179 181 183 185 186 187 191 192 196 198 199 200
170 41 171 172 173 174 175 176 177 178 179 180 182 184 185 186 187 189 190 191 194 195 196
171 166 172 173 176 177 178 179 180 181 185 187 190 192 193 195 196 197 199
172 75 173 175 177 178 180 182 183 184 185 186 188 189 191 192 193 195 196 197 200
173 212 174 178 179 180 181 184 186 187 188 192 193 194 195 196 197 198 199 200
174 201 175 176 177 178 180 181 182 184 189 190 195 198 199 200
175 173 180 184 186 187 188 189 190 191 192 193 195 197 199 200
176 136 177 178 180 183 184 185 186 188 189 190 191 194 195 196 197 199
177 146 178 179 180 182 184 185 187 190 191 194 196 197 198 199 200
178 188 181 183 186 187 190 191 192 193 194 196 197 199 200
179 171 182 189 190 195 197 198 200
180 36 181 182 184 189 191 193 194 195 196 198 199 200
181 212 184 185 186 188 189 190 191 196 197 198 199 200
182 128 186 187 188 190 191 192 195 197 199
183 157 185 187 188 189 190 191 192 193 196 198 199 200
184 38 185 186 188 189 190 193 195 196 197 199 200
185 209 187 188 189 190 191 192 194 195 198 199 200
186 218 187 188 189 190 191 192 193 194 195 197 199
187 101 189 190 191 193 195 197 199 200
188 154 189 190 191 193 194 196 197
189 218 190 191 194 195 198
190 249 192 196 197 199
191 184 192 196 197 198 199
192 76 193 194 195 197 198 199
193 90 195 196 197 198 200
194 23 195 199 200
195 55 197 199 200
196 64 198 199
197 50 198 199 200
198 204 200
199 69
200 128
