500
1 8 9 14 19 20 29 41 55 56 60 62 72 77 86 89 100 101 115 120 125 137 140 149 153 173 175 183 188 195 201 210 229 234 242 263 266 280 291 292 296 297 305 306 336 345 365 373 382 404 418 431 438 450 455 457 467 494
2 11 6 19 24 27 51 58 65 122 129 137 155 157 160 169 189 197 198 207 209 262 263 275 278 291 300 307 314 326 328 334 335 340 354 357 388 408 413 415 435 437 438 445 453 477 496 498
3 74 15 33 37 40 41 42 72 74 86 99 106 121 128 133 137 151 159 162 178 182 199 209 213 219 222 224 262 272 274 287 304 307 326 332 340 358 359 416 426 427 457 476 480 489 490 491
4 98 9 16 22 29 32 53 65 69 70 71 75 87 89 90 95 99 105 107 108 124 125 149 157 158 174 180 186 188 203 208 220 231 258 264 268 275 280 290 293 299 311 316 325 352 362 369 388 425 430 431 433 440 448 465 473 478 491 493 498
5 54 11 12 13 32 51 60 69 99 118 120 126 131 161 173 194 200 204 231 236 256 269 281 292 302 320 335 358 361 363 368 385 416 419 451 456 457 488 495
6 39 8 20 23 29 32 41 52 58 89 90 118 166 180 185 188 190 202 204 209 218 224 231 244 258 266 269 294 309 349 353 354 367 371 375 405 420 427 431 434 437 446 460 472 482 499
7 46 15 22 26 35 45 51 53 87 89 119 120 170 179 185 189 217 223 225 227 265 279 283 338 340 349 364 369 400 411 417 442 443 455 462 464 468 473
8 18 19 20 22 35 37 46 50 57 86 94 105 117 142 143 155 172 181 183 186 192 207 231 232 247 250 253 256 259 268 269 303 309 316 319 344 361 402 407 409 418 430 438 459 469 489 496
9 39 14 24 27 37 48 53 59 64 74 79 96 112 117 129 130 137 138 141 151 153 158 168 169 177 183 204 207 215 222 223 249 290 293 297 298 303 307 317 327 329 332 340 341 368 374 375 395 409 449 452 454 457 477 493
10 82 13 18 22 26 42 49 51 55 57 59 68 71 79 81 82 87 99 139 148 149 159 163 165 173 185 215 240 243 251 254 256 259 261 272 283 297 298 306 323 325 341 343 362 363 398 401 415 418 420 421 431 454 462 463 470 480 481
11 41 32 39 43 92 94 102 118 120 156 170 180 186 188 194 211 239 250 253 273 274 275 285 288 309 338 341 359 361 373 378 412 415 439 448 449 453 460 461 485 489
12 23 16 18 27 56 58 79 93 94 125 134 136 149 152 162 164 176 185 195 203 215 240 259 278 279 284 286 313 318 320 333 341 355 362 387 402 417 443 449 450 456 459 464 475
13 90 16 22 37 49 55 56 61 74 84 103 120 122 126 160 161 181 189 202 204 212 213 222 225 233 234 241 248 270 273 276 285 305 306 338 350 357 364 367 402 403 404 406 412 424 428 432 442 448 450 455 472
14 18 20 38 39 46 61 62 69 76 85 88 140 142 155 156 158 159 166 173 199 204 218 228 232 235 246 251 255 277 285 289 292 293 295 313 330 345 347 353 378 386 388 405 408 439 440 453 456 460 463 471 472 476 492
15 85 28 34 39 52 74 79 86 105 126 146 162 163 164 168 192 196 210 213 227 248 252 253 256 272 281 300 312 327 343 356 373 403 406 434 437 452 460 462 465 473 485 495
16 82 17 22 43 59 74 83 96 101 105 106 108 122 126 144 161 164 175 176 201 203 208 211 224 255 270 273 282 283 290 328 337 375 393 394 397 411 413 418 420 431 439 465 472 476 485 493
17 6 24 39 53 54 75 94 113 116 125 150 151 189 194 195 199 202 208 226 231 232 243 251 255 261 263 297 309 311 315 321 327 342 360 370 385 409 410 430 439 452 453 467 468 487
18 5 23 24 27 32 36 38 44 52 56 63 65 67 80 108 111 124 127 130 131 135 136 146 158 177 204 215 219 227 235 240 241 242 275 277 279 281 288 304 311 341 350 369 370 385 391 397 404 433 449 452 463 467 468 476 479 489 490 497
19 87 34 36 62 69 73 74 78 115 117 118 130 136 138 152 153 157 174 175 185 188 200 206 207 211 212 218 223 266 269 272 277 283 286 294 318 322 323 334 342 344 347 354 372 374 396 406 410 423 424 428 465 472 473 494
20 70 22 23 25 26 27 33 35 43 47 52 79 87 91 107 118 124 130 132 137 142 145 164 170 174 202 212 221 243 251 264 272 281 301 307 311 325 334 345 350 360 364 366 367 379 380 391 401 413 417 429 435 441 449 472 478 480
21 2 28 33 41 44 58 59 61 67 78 79 98 115 150 154 164 172 173 188 200 201 208 255 257 270 278 284 285 292 294 299 305 319 330 332 340 351 352 353 364 369 374 376 390 416 419 423 442 453 457 465 468 471 478
22 14 32 51 65 75 86 103 147 159 161 166 168 190 199 200 211 229 239 243 250 256 261 262 264 268 272 284 285 298 302 304 323 332 336 343 362 378 391 401 410 422 461 463 475 489
23 48 35 43 55 67 71 95 126 138 140 150 165 176 180 186 191 193 203 213 217 232 238 254 276 285 286 294 302 353 369 373 383 388 423 430 434 455 463 478 487 491 499
24 99 30 43 47 53 62 63 72 75 76 84 95 102 103 123 219 221 240 262 266 276 277 298 309 313 322 324 335 337 340 341 342 352 363 374 391 396 400 405 429 439 441 454 460 462 489 494 498 500
25 49 27 39 44 59 69 86 98 114 115 117 119 120 137 140 145 146 162 173 192 194 195 201 215 224 233 252 257 266 275 281 286 297 303 305 306 308 329 331 332 333 344 353 389 392 399 414 422 430 444 448 452 454 460 466 471 475 478 484 485 486 487 492 495
26 60 32 33 59 97 115 116 144 155 164 178 180 188 193 226 228 243 248 258 276 296 305 309 324 326 344 366 368 374 378 381 383 389 396 397 409 416 427 441 446 462 481 491 497
27 77 32 33 38 40 78 83 88 92 102 105 114 119 132 133 134 137 138 140 168 174 185 190 193 207 215 218 221 224 243 245 265 267 280 282 289 307 308 309 320 324 328 331 332 370 372 381 391 395 397 402 417 420 421 450 466 474 499
28 32 34 57 58 71 74 84 91 95 109 140 147 165 167 178 184 187 195 213 229 236 245 249 269 278 284 295 297 302 316 318 338 362 379 387 400 406 418 422 423 427 435 448 450 453 464 474
29 38 35 38 44 51 53 55 77 80 83 85 100 103 122 152 153 166 170 171 172 194 195 209 234 245 272 283 339 343 349 385 389 395 396 409 420 456 462
30 86 40 53 70 72 77 88 96 101 105 110 111 118 121 144 145 151 169 170 179 211 219 221 239 241 275 288 292 305 313 326 332 338 341 368 374 377 381 398 399 412 427 448 453 459
31 49 32 39 46 62 64 69 109 110 116 120 129 134 137 139 141 150 154 179 189 194 196 210 217 222 241 299 307 308 314 319 331 335 340 342 357 374 404 415 439 444 446 451 461 467 475 479
32 74 66 78 83 92 97 104 121 123 137 139 158 172 188 203 213 223 230 233 237 260 264 274 289 294 313 315 316 328 338 359 370 382 391 402 403 422 428 461 463 474 477 479 482 487
33 17 38 45 46 51 56 57 58 75 90 91 93 131 139 152 153 163 166 170 178 181 191 222 235 236 250 260 276 279 290 291 295 296 299 301 304 309 317 327 332 359 362 380 382 399 400 406 411 419 424 425 444 445 447 458 460 466
34 7 44 47 53 57 66 74 109 110 121 124 137 138 143 165 185 194 197 212 213 223 233 246 249 252 262 273 281 284 285 294 298 308 311 314 317 318 324 328 332 336 337 347 365 371 382 424 426 443 444 450 455 459 468 470
35 93 44 45 58 60 70 80 81 95 114 117 123 145 150 161 163 172 182 199 203 206 211 236 243 250 256 261 276 281 295 296 326 331 336 347 358 361 364 370 371 408 414 418 432 435 438 439 454 456 471 476 487
36 64 37 47 54 62 68 99 102 103 104 124 130 131 143 153 163 166 173 174 177 186 203 207 210 212 218 223 239 241 273 276 277 286 287 288 292 298 301 316 323 325 338 365 369 378 407 414 429 464 467 478 479 493
37 30 47 49 70 76 93 106 112 123 125 136 152 155 164 167 184 186 212 213 222 224 225 230 262 276 279 282 293 299 313 322 326 338 346 350 357 386 395 403 407 424 428 432 435 442 476 479 486
38 58 44 63 65 78 93 112 123 125 130 136 137 140 144 159 169 175 183 206 207 217 224 233 240 243 249 265 289 290 315 319 320 322 332 335 349 359 364 366 372 375 376 401 410 435 445 456 475 482 488 496
39 60 67 68 69 71 89 100 102 103 109 130 140 153 173 175 176 195 200 214 222 223 228 229 233 246 248 251 260 288 295 296 324 325 327 330 333 339 344 358 370 377 378 395 399 408 419 441 444 466 482 491 493
40 45 42 46 52 62 72 74 80 87 101 109 128 139 151 153 171 173 178 185 211 212 219 223 228 242 244 251 254 261 268 280 292 300 301 305 316 321 327 337 340 345 347 358 363 364 371 391 392 406 409 419 438 441 442 446 456 458 490
41 17 49 53 56 57 65 75 76 78 88 96 136 139 152 160 184 186 209 226 251 274 294 309 310 314 319 323 324 368 374 375 384 394 419 421 422 424 425 426 439 447 456 476
42 53 54 75 79 81 83 97 98 100 106 111 116 145 167 179 188 204 213 228 234 236 264 277 279 282 292 300 315 323 331 334 342 348 364 370 380 390 411 420 449 457 474
43 47 65 66 81 92 98 106 115 123 148 155 183 214 232 235 242 248 265 267 291 293 312 315 322 335 370 384 386 389 396 400 424 431 446 455 463 465 471 486
44 46 53 85 93 99 101 114 124 125 133 137 139 150 152 157 158 161 168 176 194 201 207 211 246 261 267 280 282 287 289 292 301 327 336 352 360 365 387 405 407 427 429 430 432 437 468 493 494 496
45 92 57 79 85 91 93 118 150 157 188 189 190 203 218 223 225 266 293 299 309 327 331 370 372 391 392 397 424 440 447 451 454 457 461 462 490 493
46 16 49 61 68 74 77 89 92 97 102 113 117 118 125 133 143 146 156 161 162 188 192 196 201 202 220 221 230 244 247 264 274 289 304 307 336 358 367 382 388 398 401 416 428 444 460 481 486 488
47 32 60 66 68 70 80 81 125 133 136 157 160 170 187 188 190 193 197 201 214 215 220 222 233 236 238 251 262 267 274 286 311 316 322 326 332 335 350 356 369 376 391 395 399 413 414 421 425 450 459 461 466 481 497
48 37 55 62 69 77 100 103 139 160 161 172 178 184 194 200 202 234 240 253 257 303 325 326 358 399 411 417 418 429 444 447 486
49 69 95 140 155 166 167 172 178 181 185 186 199 202 250 261 272 290 325 331 335 340 347 348 356 363 369 390 398 436 443 444 452 471 478 481
50 73 56 60 98 105 110 111 113 114 124 141 151 166 175 177 178 179 186 216 239 242 259 271 274 279 286 308 311 348 352 366 398 401 411 414 421 425 426 437 438 441 449 461 463 465 467 470 476 479 490 495 498
51 3 52 70 85 98 112 119 128 130 132 133 139 152 154 155 163 166 186 197 198 201 210 214 216 227 233 237 253 268 282 316 327 328 334 346 354 355 357 387 394 396 401 403 406 408 416 441 467 490 499
52 14 56 64 95 99 106 121 125 136 138 146 163 172 173 174 175 183 186 191 192 203 206 214 216 221 241 246 250 259 262 282 283 287 293 311 314 318 319 322 350 355 371 373 381 394 417 423 439 440 446 447 452 455 461 466
53 37 60 74 75 82 90 103 106 143 149 152 156 185 213 219 229 238 239 247 250 253 259 271 280 285 297 300 313 315 317 328 333 352 376 383 406 411 453 462 467 471 475 478 486 489 498
54 67 55 61 63 64 81 88 92 108 126 127 131 133 139 146 148 151 152 156 162 165 166 176 180 194 216 243 244 249 253 270 271 302 304 312 316 317 319 338 339 340 343 360 366 383 405 409 416 422 440 441 448 466 473 474 476 491 493 496 499
55 21 58 64 67 79 81 97 107 115 130 133 145 146 180 182 206 224 239 241 245 256 266 274 282 291 301 305 318 319 367 369 400 404 406 416 418 423 433 455 458 466 478 479 483 488
56 63 80 89 92 98 105 129 130 135 137 148 151 159 164 169 184 186 215 240 253 265 266 281 284 289 293 295 306 315 317 321 326 336 341 365 366 367 372 380 390 392 405 409 431 460 462 464 466 468 470 474 482 494
57 77 58 64 67 74 75 93 97 100 104 118 125 127 141 142 146 147 153 162 167 178 180 182 183 185 213 225 229 247 264 280 287 290 291 302 324 329 343 349 350 355 358 388 393 395 419 420 422 442 475 481 489 495
58 1 83 85 102 114 118 123 134 135 145 148 149 154 156 160 177 235 248 265 275 276 293 303 310 315 326 336 339 347 348 352 372 379 392 425 465 467 468 479 489
59 13 62 76 95 98 107 111 119 153 162 163 175 183 188 201 205 209 224 227 235 237 243 245 246 254 280 286 289 317 323 338 342 344 363 372 394 398 404 406 412 425 440 443 444 457 473
60 50 65 80 95 96 97 103 104 110 128 146 154 156 170 172 183 184 191 196 214 228 241 245 246 262 277 282 306 313 317 335 341 370 375 394 395 400 402 415 416 417 418 422 442 493
61 2 63 71 78 83 92 94 105 109 131 156 159 169 176 187 202 214 217 223 224 227 228 242 263 275 285 294 296 322 328 331 338 342 360 367 369 376 379 382 397 402 404 410 412 449 452 487 488 492 497
62 53 81 98 109 152 156 163 169 170 172 176 205 207 221 243 288 301 317 327 328 330 336 343 345 356 366 382 383 392 403 406 410 416 427 431 451 464 469 481 483 486 498 500
63 30 75 76 79 89 123 125 140 161 162 171 174 199 203 221 224 241 264 292 293 299 315 321 345 348 352 355 362 364 376 378 384 392 397 404 411 416 423 426 440 448 454 474 488 500
64 5 66 103 107 114 124 151 154 163 168 170 175 190 195 197 201 229 230 231 233 237 259 268 283 302 318 324 330 333 336 343 349 351 356 361 391 426 430 438 442 448 449 456 465 477 487 494 495 497
65 15 66 81 89 95 97 133 134 140 176 184 208 211 218 220 226 256 264 279 280 291 292 297 306 312 317 330 336 344 377 379 390 409 428 431 432 438 440 442 446 458 473 487 488
66 78 68 76 88 93 96 98 108 111 151 152 167 170 175 178 181 189 207 227 246 258 267 281 282 283 284 289 290 303 307 309 325 332 347 350 357 371 388 393 397 410 411 416 421 424 434 440 445 459 474 480 489 495 498
67 67 76 80 99 100 108 117 118 119 128 131 134 138 146 165 170 172 190 201 207 217 231 236 263 282 290 296 298 302 312 319 337 346 359 376 386 405 415 418 422 427 464 470 473 476 481 493 496 499 500
68 34 88 100 118 133 134 140 160 192 210 241 242 245 248 267 272 280 292 328 331 333 352 358 364 373 378 385 396 403 425 439 442 450 454 462 463 464 468 472 491 495
69 88 78 105 110 115 119 122 134 138 151 153 162 164 174 175 176 196 205 206 208 213 216 231 232 234 240 246 247 251 260 266 270 271 289 299 313 325 327 331 333 348 354 364 370 376 383 393 395 435 438 464 480 485 491 498 500
70 37 77 85 87 92 94 106 108 111 125 136 139 144 147 150 168 182 201 226 230 249 250 252 268 282 288 300 309 311 312 319 333 345 354 359 377 389 406 415 449 456 457 470 473 487 491
71 71 76 97 100 116 120 130 132 154 164 165 184 190 197 200 203 204 209 213 216 221 225 226 233 249 252 284 289 335 346 349 353 358 366 367 379 388 392 420 429 431 437 439 458 464 469 490
72 40 74 91 99 107 111 125 127 139 155 167 181 185 191 199 217 221 242 265 269 275 279 288 289 305 316 364 371 379 387 395 399 408 424 427 445 448 454 461 468 491 498
73 21 79 97 105 122 124 128 137 138 139 146 151 155 164 175 196 217 225 226 228 242 250 267 273 274 277 308 317 318 324 333 345 350 351 359 377 395 398 408 426 435 436 459 494 495
74 68 75 103 105 110 141 160 165 184 215 217 241 268 282 291 301 313 318 329 342 345 349 354 357 362 373 387 393 397 401 408 409 410 414 417 433 441 452 461 462 466 467 469 475 477 496
75 55 79 80 81 85 93 107 119 177 194 205 219 235 250 263 271 272 277 280 287 289 293 310 313 320 321 323 325 343 346 362 396 446 457 464 466 477 483 486 488
76 63 78 89 94 107 114 129 130 146 158 177 183 187 197 203 207 214 220 225 235 258 259 279 290 292 297 309 313 315 318 335 381 386 388 398 401 413 432 435 437 438 458 481 482 485
77 14 80 88 90 96 99 102 103 112 124 152 165 204 205 206 216 235 237 240 243 285 290 298 301 306 308 328 348 375 388 402 414 415 421 431 434 440 472 476 479 480 494
78 45 89 99 103 106 135 139 143 152 155 159 173 199 203 204 213 240 243 246 268 270 284 292 304 324 327 332 333 349 356 369 385 395 397 401 419 422 431 455 467
79 25 99 122 126 127 133 135 148 150 152 153 170 196 200 214 235 255 262 270 280 281 282 283 285 288 302 324 330 334 347 362 370 390 393 399 401 406 433 438 439 442 454 455 458 468 473 482
80 46 87 89 95 99 105 115 123 129 160 165 173 175 176 188 196 198 201 204 205 216 219 220 228 234 240 241 246 253 273 277 312 317 332 334 339 361 370 376 391 395 399 409 436 468 471 494
81 2 109 114 118 123 126 130 141 146 148 160 237 250 251 267 273 291 296 298 306 314 320 322 360 369 382 392 394 402 412 414 416 418 420 422 424 432 434 443 450 463 466 476 483 487 489
82 31 85 92 116 117 122 151 159 168 173 196 241 244 255 263 268 273 288 300 311 318 329 330 358 364 365 377 393 396 402 423 436 445 447 470 479
83 39 121 123 134 136 150 151 153 163 165 166 171 174 200 228 243 249 250 278 306 319 330 340 352 358 359 373 395 434 455 476
84 27 101 123 126 150 160 196 203 209 222 223 236 263 270 302 311 322 323 331 377 382 386 391 397 400 401 406 427 431 451 455 461 468 472 489 490 491 500
85 78 92 95 107 110 119 123 138 146 150 154 156 163 173 176 185 207 230 234 243 269 300 314 332 333 338 341 344 348 369 371 384 396 402 449 453 454 457 465 472 477
86 74 93 103 105 114 130 135 137 145 160 162 166 168 192 196 199 201 209 231 235 239 246 248 250 290 297 321 335 336 353 379 396 420 425 435 445 455 459 473 482 486 492 493 497
87 24 91 94 97 98 111 117 118 119 126 133 140 154 159 164 165 167 169 176 180 193 218 223 225 229 232 236 244 247 252 266 274 292 295 309 327 328 336 347 351 360 376 388 389 390 399 409 420 429 433 434 460 481 484 487
88 56 93 97 102 111 114 135 136 140 146 149 152 159 165 169 176 198 209 211 218 219 235 241 256 290 295 296 316 335 337 349 360 375 380 385 399 402 403 412 417 432 433 459 469 476 483 486 491
89 61 91 95 99 100 113 118 123 129 130 179 181 182 191 192 205 209 228 243 245 267 290 301 320 349 362 369 378 380 390 397 412 417 452 479 485 497
90 59 101 115 119 143 146 147 150 161 182 183 214 217 222 226 231 245 260 261 262 273 288 292 301 310 349 383 423 428 437 451 458 464 467 473 474 477 481 482
91 41 115 132 143 147 148 168 185 187 196 216 217 222 223 233 238 244 245 254 261 297 299 307 316 317 321 323 331 351 352 388 421 424 452
92 50 104 110 120 122 149 155 164 184 194 208 228 241 245 258 273 281 284 285 290 294 309 321 331 336 337 338 383 396 414 416 427 458 477 480 483 495
93 36 96 106 112 124 132 143 146 147 153 182 200 212 217 225 232 234 269 277 281 282 301 311 318 322 339 353 374 391 410 426 431 434 435 466 478 493 499
94 58 97 99 168 178 180 184 186 193 197 198 204 206 209 211 221 231 238 242 245 260 263 271 277 280 294 295 308 311 321 322 332 334 338 340 359 366 389 399 405 413 419 443 445 450 463 485
95 48 104 105 106 108 113 116 126 131 144 158 180 183 190 193 230 265 267 292 311 313 330 371 384 401 424 430 442 447 449 452 455 456 482 483 488 489 497 498
96 80 100 102 122 127 129 133 141 143 158 163 190 208 210 211 218 242 250 253 272 273 276 278 282 291 310 312 359 370 387 390 393 432 440 463 471 474 476 488
97 24 98 99 104 107 130 136 137 152 177 179 186 188 215 239 242 257 299 301 325 326 328 336 353 372 374 383 384 398 401 413 414 417 429 437 443 454 456 457 461 466 490
98 83 99 102 109 114 118 123 132 136 154 161 164 167 169 183 193 201 205 212 221 228 245 262 263 270 272 276 278 281 283 290 305 316 323 335 341 342 348 355 367 384 398 399 401 404 409 417 426 432 436 442 444 453 454 456 471 480 481 496
99 41 105 107 115 125 135 143 190 191 205 239 241 258 263 270 272 277 293 295 301 304 317 328 331 339 343 350 364 366 370 374 388 392 413 416 422 427 428 442 452 464 466 468 471 484 489
100 97 112 116 138 143 149 156 157 185 191 193 203 207 212 223 236 248 260 266 267 271 273 286 312 328 330 334 350 354 381 392 393 410 437 477 481 489
101 93 120 137 145 154 157 174 188 189 190 201 215 222 225 251 254 256 257 313 335 340 368 371 375 382 390 392 396 401 405 408 410 426 449 455 476 493
102 5 105 119 138 141 142 155 166 168 172 179 216 223 237 247 262 265 271 273 279 282 291 321 325 354 362 364 378 385 391 392 401 405 413 416 418 425 431 445 449 453 458 462 480 496 500
103 23 125 135 157 160 177 191 236 238 240 242 252 268 269 289 291 309 323 345 352 356 373 386 407 413 414 452 460 467 475 484 486 493
104 96 113 117 131 146 157 159 161 165 166 167 172 180 184 190 206 218 219 223 224 237 274 285 292 295 315 317 318 329 340 351 352 362 364 375 395 408 416 439 456 472 480
105 92 108 128 132 178 193 194 204 229 231 240 266 275 282 287 305 306 311 315 321 335 341 342 353 401 409 413 446 465 479 484 485
106 29 109 118 121 151 154 156 187 198 246 251 278 283 287 294 315 318 334 341 358 359 367 370 373 381 385 386 391 401 407 409 422 438 447 476 478 483 488 491 493 499
107 86 112 127 134 143 149 164 167 175 206 221 227 242 245 271 280 295 297 326 330 332 336 362 365 366 376 378 401 403 435 448 459 479 483 486
108 35 110 118 125 134 159 169 179 193 195 209 224 226 231 238 242 250 266 271 314 317 330 337 359 366 377 398 400 407 418 434 465 485 500
109 2 123 127 128 130 131 150 152 166 167 183 189 195 212 215 216 220 231 236 246 250 258 260 263 265 273 282 284 285 321 341 347 349 357 361 365 380 408 423 429 434 437 453 457 477 479
110 86 141 142 153 156 157 170 173 186 191 192 207 212 214 216 230 231 232 235 258 259 287 299 303 311 321 328 329 332 345 353 365 377 382 408 409 415 423 435 461 462 471 475 499
111 44 119 127 128 151 154 160 173 175 179 225 250 263 264 272 274 275 283 284 290 311 312 316 339 349 354 356 373 414 478 479 496 497 500
112 89 114 136 146 150 153 158 160 164 170 174 175 189 193 210 219 221 227 239 258 274 277 290 294 311 313 315 321 327 329 351 353 377 380 397 410 412 451 463 470 478 493
113 92 121 133 136 143 153 165 169 173 191 197 218 231 240 251 252 256 271 277 284 297 310 325 330 354 357 365 367 369 370 382 384 394 395 400 401 404 405 406 415 422 441 450 454 459 463 490 497 499
114 46 132 141 146 147 150 169 178 191 194 202 208 214 226 227 228 245 252 254 259 266 268 272 279 309 318 325 332 334 338 345 350 363 375 384 387 396 397 413 416 419 421 427 434 440 451 466 467 469 475 484 485 486 488 490
115 19 122 123 124 125 127 143 150 157 164 172 176 177 180 192 209 214 215 217 221 231 232 262 266 272 276 278 280 286 314 318 332 336 354 362 363 369 385 386 420 422 424 433 451 456 476 490
116 65 119 122 126 137 140 141 149 163 173 181 182 186 192 197 225 237 247 248 250 263 267 275 284 286 300 302 306 310 320 324 331 344 350 362 365 392 395 400 413 415 422 433 441 446 450 453 477 492 496 499
117 78 153 159 162 171 173 177 180 181 186 189 194 204 220 221 225 227 259 260 262 270 273 276 284 309 338 347 359 363 375 396 413 416 418 422 428 454 459 467 480 483 489
118 95 122 127 129 131 138 149 157 193 199 205 208 211 212 223 234 240 268 278 285 286 327 331 351 359 362 365 385 392 401 408 415 428 429 431 436 445 446 456 466 467 470 478
119 4 128 145 152 160 165 179 214 222 243 262 276 296 300 303 308 317 321 333 362 363 367 375 383 386 389 390 416 419 425 439 443 449 462 471 472 476 482 485 492 496 497
120 65 129 136 141 180 192 200 204 209 224 246 248 254 264 267 277 295 296 299 300 301 313 332 353 361 363 367 374 385 389 398 424 425 429 434 439 442 443 444 446 451 457 480 481 482
121 55 122 137 152 157 182 200 207 213 220 223 260 268 273 275 278 279 280 283 286 289 301 312 314 316 344 354 362 369 379 391 411 421 457 467 468 483 487 495 498
122 95 134 144 148 156 157 161 165 172 181 199 205 226 246 264 270 276 277 297 304 306 312 326 350 353 355 366 371 377 384 419 431 433 440 446 448 450 460 476 489
123 12 138 140 144 148 174 178 190 197 200 208 210 222 237 239 241 271 274 284 293 313 315 319 323 332 334 336 351 374 376 388 395 396 435 465 472 485 492 499
124 12 131 152 153 168 171 209 211 223 224 226 248 283 294 304 329 335 382 386 389 390 423 462 466 471 479 492
125 28 132 138 155 169 176 177 180 203 223 242 266 272 281 285 290 320 321 322 323 328 338 353 367 368 371 396 402 410 415 417 423 435 437 458 461 476 483
126 65 134 143 147 151 154 162 170 189 192 193 216 239 249 250 252 253 268 278 282 287 290 304 312 318 325 357 375 379 381 402 405 412 454 455 462 470 471 497
127 34 129 134 135 163 165 177 211 237 241 242 250 251 255 263 274 287 290 303 320 321 330 332 337 362 370 377 399 411 413 416 419 428 452 457 476 492 495 497
128 26 137 138 139 160 195 223 224 241 262 263 276 277 296 297 302 308 316 320 326 338 341 352 353 357 364 373 385 406 412 437 448 479 485 492 499
129 93 133 135 150 157 159 163 170 185 187 191 219 221 233 234 238 243 245 262 266 272 280 286 307 314 315 317 326 336 352 369 378 396 419 433 443 448 451 463 467 470 473
130 98 144 153 154 158 160 168 169 184 186 191 193 223 226 229 240 243 248 250 254 258 260 274 282 310 332 335 336 338 356 360 363 381 394 400 404 410 426 427 430 432 436 452 476 480 486
131 14 146 153 159 162 177 179 184 187 191 192 200 210 225 233 234 237 263 267 272 277 284 285 306 353 354 379 380 381 396 398 413 421 432 449 454 473 483 484 489 497
132 78 184 201 203 226 227 232 236 240 253 269 278 306 317 328 343 364 366 375 378 385 386 391 409 413 417 422 429 433 441 444 446 448 452 459 465 476 497
133 91 136 146 148 153 155 157 160 170 176 189 201 214 220 234 245 262 263 280 286 294 303 304 317 321 323 327 329 331 337 344 357 358 398 404 406 410 417 424 428 432 445 460 495
134 54 137 156 160 180 182 184 186 198 214 217 230 253 255 259 266 272 277 278 279 284 289 300 304 316 332 333 339 348 362 377 394 395 404 418 433 437 449 474 498
135 62 136 151 157 174 176 177 184 185 189 191 205 208 212 225 235 257 268 269 278 290 310 313 330 341 364 365 372 373 375 376 380 391 393 397 408 413 417 427 457 485
136 98 158 169 180 182 189 190 201 204 208 217 239 247 249 257 258 264 268 276 290 315 322 332 342 374 378 380 382 387 398 400 401 402 409 419 440 451 465 466 495
137 99 138 152 155 161 163 173 190 194 197 218 219 263 267 280 308 313 333 334 353 355 359 363 370 379 380 382 413 420 441 445 446 461 474 475 483 492 499
138 51 143 161 169 177 180 189 225 233 237 251 258 269 285 291 328 332 340 356 368 369 372 381 392 406 411 417 445 452 473 476 488
139 15 146 156 167 172 179 184 203 213 238 257 271 278 279 290 298 299 321 323 331 333 347 360 369 377 383 389 407 422 424 426 438 450 454 459 488 489
140 60 177 180 203 208 218 238 241 242 277 296 314 331 335 349 377 396 400 403 418 433 441 449 481 482 484 490 491 495
141 83 149 160 169 177 178 197 200 202 205 211 215 219 223 228 234 246 247 255 259 267 270 271 279 304 322 329 332 335 351 352 374 385 397 423 426 431 433 440 470 473 474 476 480 493 498 500
142 85 147 150 157 166 177 185 190 195 237 242 243 244 256 258 262 266 269 274 281 305 310 316 317 318 324 336 338 347 353 354 360 379 382 385 389 395 403 405 421 428 430 460 478 482 493
143 76 159 166 196 204 235 236 257 264 267 269 275 288 297 304 309 324 330 345 351 359 365 367 378 388 398 436 451 460 466 473 476 478 484 500
144 35 151 156 163 169 175 185 198 217 220 223 228 230 233 242 245 260 261 266 274 287 300 313 314 318 322 326 339 354 360 377 383 390 393 397 399 400 402 411 415 428 442 445 458 477 480 497
145 54 164 192 219 225 226 236 242 250 253 254 256 270 280 296 310 316 320 356 360 361 362 370 373 374 378 381 384 389 395 396 399 401 402 423 435 445 450 451 460 461 481 483 495
146 1 153 155 160 165 169 180 193 218 222 225 236 238 251 254 271 293 308 311 318 319 320 325 333 337 339 340 350 363 366 379 382 390 392 401 403 425 426 433 436 441 467 468 469 479 483 484 490
147 18 154 180 190 198 223 224 234 270 302 307 336 363 367 370 379 386 389 391 423 435 448 467 469 471 483 484 491 496 499
148 25 149 151 155 163 168 187 199 215 217 219 227 228 230 249 252 266 274 275 278 286 294 298 305 327 345 362 363 379 380 383 384 385 389 393 396 401 432 445 462 471
149 71 152 157 176 191 198 200 233 239 275 301 309 319 349 368 391 395 404 412 426 428 430 447 449 475 490 498
150 55 159 161 171 179 183 204 208 214 225 240 264 269 271 282 294 306 321 326 332 333 335 354 385 393 394 395 417 425 448 451 474 493 495 500
151 8 202 242 254 279 298 304 307 309 312 318 323 326 332 343 347 359 365 367 368 374 381 385 387 389 390 393 403 405 417 423 431 454 463 483 486 488 495
152 73 158 163 171 184 196 198 203 227 230 232 239 247 254 256 280 287 290 299 310 312 338 340 377 386 396 402 412 420 425 432 446 456 465 478 490 495
153 44 155 182 192 197 206 210 214 239 284 309 335 336 348 352 356 359 361 386 387 392 395 402 414 416 419 420 434 439 445 475 484 490
154 81 164 172 178 198 208 227 231 237 242 310 311 312 315 328 331 351 361 365 376 395 396 407 417 425 430 432 433 452 459 460 475 477 490
155 25 162 169 171 191 205 206 215 225 233 241 252 253 256 257 282 287 317 352 359 367 380 397 402 405 417 425 428 436 478 480 492
156 55 158 161 179 228 229 237 241 252 284 293 307 308 313 318 329 354 368 376 377 382 386 404 423 442 458 463
157 44 164 207 210 215 220 234 246 261 283 291 294 313 362 372 374 375 384 394 425 429 431 438 442 472 481 486 495
158 3 173 185 209 211 218 246 253 258 271 272 278 283 287 292 303 308 317 328 336 350 356 358 362 369 389 408 413 426 433 459 467 479 485 491
159 26 160 162 167 187 190 207 209 211 222 227 238 248 255 256 270 282 292 311 324 334 336 339 345 348 350 367 372 398 412 426 428 433 477 482 488 494 496
160 57 173 181 183 184 199 207 217 222 223 235 249 260 261 267 286 288 289 302 314 317 324 332 338 361 365 370 373 375 379 380 394 409 416 423 434 442 446 456 463 464 483 490 497
161 1 170 183 195 206 210 238 242 243 254 268 283 288 289 314 324 337 354 361 368 380 382 412 434 438 450 451 457 474 482 497
162 12 163 177 188 195 199 205 222 255 264 274 295 302 313 357 375 379 382 410 413 417 422 435 438 447 448 453 456 458 459 464 465 467 471 485 493
163 39 183 187 190 191 197 201 204 215 220 240 246 250 255 259 263 264 289 290 319 324 327 349 387 390 393 406 408 409 411 412 416 420 454 455 469 492 493 494 498 500
164 46 176 235 260 273 287 289 302 318 329 337 351 367 379 416 420 422 433 442 443 444 446 454 468 489 492 496
165 2 170 177 179 207 209 216 224 237 249 252 289 324 334 337 343 351 365 381 382 406 419 432 434 450 459 467 472
166 43 167 192 207 210 213 216 233 245 254 256 259 278 286 291 292 294 302 306 329 334 347 364 365 383 395 407 422 426 431 435 445 477 482 485 494
167 37 176 185 187 205 206 233 243 246 248 260 275 291 296 297 302 303 318 324 325 347 353 364 370 375 387 392 393 397 401 402 403 404 409 411 416 436 452 457 478 493 494 495
168 23 173 182 190 191 192 200 238 248 261 266 276 285 286 288 300 302 321 357 359 365 381 382 387 437 444 447 458 473 489
169 41 174 175 193 196 229 237 247 257 268 281 289 292 294 299 313 320 325 334 350 352 358 390 393 394 399 400 403 421 434 440 450 453 454 462 466 468 469 479 483 485
170 68 172 210 212 213 217 225 232 244 262 294 303 309 311 317 320 322 330 338 342 348 352 354 358 362 363 364 365 375 378 379 401 415 427 442 450 458 464 469 474 481 492 493 494 499
171 71 183 204 209 215 242 256 261 270 271 279 280 291 294 303 318 341 346 363 382 397 400 404 417 439 442 482 495
172 79 182 183 185 190 194 207 210 212 213 214 218 226 234 237 240 241 258 267 270 274 280 294 305 311 341 362 364 381 383 384 415 430 438 460 469 470 478 484 486
173 62 176 177 218 219 220 224 250 254 264 269 284 286 287 291 325 331 333 339 345 365 366 368 379 380 393 416 417 427 428 443 463 482 488 493 494
174 55 186 187 190 211 228 231 232 240 243 252 263 279 286 287 288 293 307 338 345 349 352 367 370 379 382 394 399 410 416 422 432 438 448 450 473 478
175 7 184 202 210 215 225 228 230 234 239 243 254 259 261 269 282 288 291 294 311 324 338 343 389 391 392 417 418 419 433 443 451 452 454 458 462 465 473
176 46 208 213 219 220 225 253 267 288 312 326 334 339 352 358 362 384 386 394 407 410 411 415 419 429 446 458 462 471 477 498
177 28 200 213 218 224 229 243 247 251 253 256 264 273 274 279 286 289 314 319 320 325 330 335 354 369 376 383 388 392 395 397 398 406 415 418 421 438 467 492 493
178 95 183 184 205 211 212 213 221 222 223 236 254 266 291 293 297 308 312 314 321 322 324 325 331 342 353 355 357 395 406 432 437 439 451 455 481 495 498
179 65 191 196 231 233 248 249 256 257 261 273 280 302 303 311 319 325 330 384 393 394 397 398 402 405 415 425 427 452 453 454 462 472 499
180 46 184 190 192 200 213 272 281 287 304 316 335 341 343 364 402 408 415 423 435 441 455 462 466
181 69 182 199 224 225 240 252 305 307 308 320 351 360 364 368 374 395 400 421 457 459 470 474 494 500
182 47 188 198 203 220 230 239 243 250 253 255 257 262 263 281 296 300 311 340 345 346 377 378 414 433 438 457 483 486
183 87 201 202 230 231 281 286 287 316 317 322 339 354 381 442 451 461 475
184 50 209 213 214 237 249 250 258 289 293 295 307 315 318 320 347 367 371 380 396 397 400 401 402 408 411 430 480 491 495
185 39 201 205 223 236 280 289 319 328 339 342 344 361 368 382 384 401 415 430 442 458 473 474 482 490 494
186 8 190 192 198 201 214 221 226 235 262 277 278 281 293 297 316 333 340 359 376 378 412 413 426 428 467 484 485 492 500
187 37 202 207 223 229 250 252 259 271 275 284 286 287 291 296 301 302 314 349 352 359 363 372 381 400 409 419 421 422 426 427 457 460 483
188 39 203 209 252 259 271 276 286 289 292 302 303 306 321 346 350 369 371 382 385 404 412 415 422 424 457 468 479 497
189 25 197 212 219 222 227 237 265 283 307 338 347 362 369 373 378 409 416 421 432 439 441 453 454 472 493 496
190 68 192 198 220 233 238 247 250 267 280 286 294 296 298 302 305 311 327 348 371 373 374 381 386 393 404 412 432 438 492 497
191 63 200 208 217 222 234 235 244 250 269 285 294 305 312 313 323 331 332 333 347 348 353 355 362 368 378 384 385 399 410 411 412 414 421 430 433 440 472 492 496
192 79 204 235 237 243 262 266 275 281 290 291 295 296 302 307 326 328 331 343 347 358 368 380 384 388 391 392 404 408 410 431 438 444 448 449 459 464 467 470 474 478
193 53 195 197 215 228 242 247 256 259 285 296 301 306 307 308 316 317 327 337 341 342 344 373 385 386 390 392 399 415 416 423 435 437 443 467 474 478 480 497 500
194 34 196 208 219 234 261 277 287 288 313 361 386 439 443 445 462 481
195 22 200 232 264 265 269 279 282 302 307 322 326 330 355 357 360 361 368 374 380 383 385 398 419 423 433 438 454 489
196 8 223 246 254 255 257 265 315 328 330 337 364 385 399 402 405 418 434 436 440 443 450 452 461 464 484 498 499
197 27 204 218 222 224 232 250 255 262 270 274 293 304 321 328 356 357 359 365 382 398 400 401 419 426 428 438 444 447 458 461 462 498
198 95 217 220 244 258 271 282 286 287 321 333 337 343 364 371 380 418 423 441 452 463 480 486 490
199 3 207 214 229 238 249 252 267 299 310 318 319 325 336 338 339 359 362 375 382 388 390 392 395 416 420 428 436 439 440 449 454 467 487
200 36 208 223 232 285 305 307 313 338 343 347 364 385 388 393 400 406 407 409 416 435 437 439 447 466 473 484 485 490 495
201 44 208 213 253 267 273 280 284 291 299 321 332 333 339 348 352 357 364 403 419 421 428 451 463 467 469 471 472 494 496
202 26 213 237 238 240 243 262 270 283 286 291 318 347 348 359 386 387 391 395 396 410 429 438 439 440 449 453 489 490
203 34 210 213 217 238 265 294 297 310 338 339 348 349 350 363 365 380 393 394 398 405 411 413 431 437 441 443 451 463 468 473 488 495 497 499
204 73 216 253 263 272 277 278 281 300 301 305 330 339 358 384 395 400 406 410 436 451 467 478 479 487 489
205 20 217 222 229 275 287 304 311 315 327 334 345 359 362 369 395 403 414 430 440 445 446 459 463 490
206 74 211 215 219 234 269 290 292 296 303 318 337 345 367 371 388 399 411 416 420 443 454 460 468 493 494 500
207 29 221 231 233 243 253 268 269 276 302 305 312 322 326 359 361 385 386 390 395 403 411 413 436 446 451 453 454 476 477 489 498
208 73 218 231 240 248 256 270 271 277 278 289 312 332 346 355 380 400 417 431 445 449 460 464 475 483 500
209 86 217 224 249 257 292 297 301 319 325 329 347 354 358 377 407 415 417 426 449 452 453 472 490 496
210 43 211 218 220 222 226 231 265 275 285 319 323 329 351 370 381 382 384 397 417 418 419 432 438 439 446 463 466 471 477 478 480 483 497
211 42 218 219 240 248 262 263 274 283 298 299 305 313 323 343 351 354 360 361 366 403 405 406 415 424 429 437 445 467 470 475 482 483 488 490 492 499
212 6 215 226 238 246 257 277 285 286 297 312 324 332 333 347 358 367 370 374 390 415 417 430 438 453 457 469 475 476 477 481 498
213 60 227 231 264 268 277 288 289 291 296 305 334 338 339 342 343 370 379 383 385 404 410 417 447 448 477 483 486 491 500
214 26 239 249 260 279 289 290 309 333 353 360 363 372 388 390 392 397 415 427 432 447 455 456 460 465 469 472
215 97 223 266 267 268 271 294 295 306 318 340 341 342 343 356 368 382 387 402 404 407 415 423 425 430 450 464 476 479 486 488 496 498
216 57 221 234 237 251 255 257 262 263 264 271 272 273 305 329 342 360 367 372 394 406 409 411 413 433 436 447 456 462 470 477 496 499
217 80 218 219 229 243 250 257 264 270 272 283 297 314 315 325 329 334 338 342 353 355 359 362 365 376 399 401 411 414 419 422 438 440 443 445 448 479 485 497 500
218 82 224 228 230 231 239 243 252 253 260 264 294 315 320 321 323 329 334 346 347 357 359 367 389 393 439 447 456 462 473 487 497
219 55 224 242 253 261 275 294 298 299 308 312 314 320 330 353 356 363 382 400 405 410 430 432 446 451 459 461 468 498
220 67 227 229 232 234 242 251 281 308 314 330 346 361 370 375 378 386 387 394 407 413 419 436 439 442 444 451 483 493 498
221 94 246 253 279 287 288 307 336 338 350 366 384 386 390 419 420 426 432 464 467 474 475 483 492
222 20 240 242 245 249 263 281 297 305 309 310 317 328 331 355 356 369 370 377 389 393 397 401 403 419 449 451 452 484 485 486 489 491
223 88 228 234 241 254 259 260 278 285 288 291 313 320 333 341 342 353 361 364 370 373 376 396 407 418 428 442 445 455 461 462 466 488 491 499
224 90 226 235 243 250 255 259 262 265 298 305 315 316 334 337 345 364 365 370 375 395 405 423 435 443 446 453 462 463 468 483
225 85 241 246 256 275 282 310 324 333 342 348 356 362 366 374 407 409 412 476 498 499
226 84 233 235 245 258 265 267 268 272 285 287 316 325 343 360 361 365 374 385 392 398 401 406 407 426 431 437 467 475 479 486 487
227 22 240 252 265 267 274 287 295 297 298 302 304 314 315 316 338 348 350 353 354 359 368 383 404 411 430 439 450 461 465 477 492 497
228 14 240 252 262 263 288 306 315 321 326 342 357 373 381 389 391 396 404 419 444 446 461 467 500
229 45 257 305 326 333 338 354 357 377 383 401 405 413 422 426 475 480 489 499
230 1 243 248 263 266 281 296 305 309 325 326 352 362 367 381 393 395 400 402 405 412 420 435 440 442 445 466 490 492
231 14 232 264 271 272 279 280 285 289 290 295 301 304 316 319 320 321 357 374 389 395 404 409 411 421 422 423 431 433 462 471 472 481 482
232 95 234 248 259 260 272 282 287 296 326 351 358 367 379 380 402 415 425 447 465 475 479 485 489 492
233 59 239 244 260 264 286 297 298 312 325 336 344 350 353 354 358 367 368 370 374 375 382 385 397 402 411 429 434 451 468
234 90 271 290 295 317 319 326 330 355 369 381 425 449 456 461 469 472 478 480 483 485
235 40 237 244 261 266 269 277 278 288 292 296 301 314 334 341 347 352 354 356 358 359 395 399 404 408 423 426 446 462 469 485
236 64 243 262 268 269 271 272 283 293 296 302 312 314 332 334 356 367 390 398 406 430 440 462 482 497 498 499
237 18 246 248 254 256 260 267 280 309 316 319 322 333 339 349 355 367 369 378 399 404 417 420 439 445 448 453 462 464 472 478 479 497
238 84 241 263 264 281 288 359 391 395 396 399 409 412 446 447 448 459 462
239 36 240 285 290 295 306 312 314 324 326 332 341 353 377 397 402 412 422 425 431 437 445 462 467 480 482 491
240 59 244 253 279 282 295 301 327 334 335 341 342 361 365 380 388 419 425 431 440 448 457 478 483 497 498
241 25 244 253 255 267 294 297 302 350 369 375 382 386 396 420 421 424 427 443 449 465 472
242 74 253 268 290 311 312 339 352 363 371 373 380 393 402 404 411 415 416 420 422 425 427 434 447 457 461
243 85 258 261 263 264 275 281 303 307 314 328 329 338 348 351 353 361 365 372 382 386 405 414 418 425 426 428 431 438 442 453 460 463 464 466 468 477 479 480 487
244 23 276 288 292 300 303 304 307 309 312 316 323 326 333 362 363 365 366 372 385 397 398 401 419 421 424 425 427 434 435 438 455 465 474 498 499
245 13 246 259 268 271 302 306 311 313 322 338 345 349 350 358 363 367 376 384 393 394 407 409 416 421 432 436 439 447 465 467 474 480 498
246 16 272 274 291 320 341 348 361 367 371 385 390 396 400 405 436 439 453 460 476 479 482 486 487
247 94 254 258 285 302 309 318 333 337 342 381 414 419 436 443 456 466 470 472 481 486 487 490 497
248 48 252 266 271 275 296 306 314 316 320 330 354 362 373 415 422 423 425 426 450 463 484 485 500
249 35 255 275 278 279 284 290 314 339 367 398 402 412 421 439 455 456 468 472 485 488 490 492
250 25 269 287 294 295 298 326 350 374 377 389 391 394 426 435 443 454 464 465 466 483 497
251 40 284 292 293 315 326 334 344 348 351 388 399 402 440 444 446 448 453 460 461 466 480
252 79 259 275 278 284 301 331 333 335 352 364 380 400 410 413 443 446 455 456 468 491
253 50 256 257 271 273 275 280 285 297 307 313 321 325 326 351 359 360 365 379 382 386 391 408 426 454 461 474 478 483 493 494 496
254 86 258 282 284 286 288 299 304 319 323 324 339 347 349 356 375 381 384 403 411 439 444 448 449 465 479 486 495
255 46 261 265 279 281 307 319 326 329 346 351 362 398 433 437 447 466 474 490
256 78 269 295 298 302 312 315 318 327 335 349 360 382 387 402 413 414 419 429 435 436 437 442 460 466 488 496 497
257 58 272 276 277 282 309 312 326 336 347 355 356 357 384 415 419 428 441 442 464 467 469 471 473 484 488 497
258 100 264 266 278 279 281 284 291 293 297 306 316 331 347 357 368 383 385 398 408 421 422 440 450 455 456 462 491
259 49 264 267 278 291 295 316 332 338 349 354 357 360 372 374 380 387 390 413 420 421 432 454 466 473 500
260 52 262 280 283 293 297 298 303 307 315 319 335 341 346 347 359 360 367 393 399 421 430 440 451 469 470 483 485 486 487 492 497
261 13 272 276 285 322 326 330 345 346 364 365 368 377 394 420 431 440 450 472 480 482 489 494 497
262 15 269 275 282 300 301 308 314 350 367 403 405 406 413 414 443 447 449 454 461 472 477 479 488 492 494
263 30 278 285 289 300 301 303 311 316 320 323 342 371 380 390 397 405 434 452 455 457 479 481 486 494
264 47 276 279 284 290 299 304 305 323 327 331 338 342 348 354 358 359 363 380 384 389 395 399 406 428 432 441 449 484 490 494 499
265 71 275 278 283 287 290 292 294 333 334 355 356 359 360 372 374 378 394 412 414 433 448 450 451 453 460 468 471 472 475 476 483 484 491
266 38 285 290 295 307 324 330 351 354 371 373 381 386 388 395 416 422 434 440 455 463 497
267 77 268 291 297 307 310 314 326 350 353 355 357 362 367 368 374 388 404 411 415 416 419 421 433 434 445 466 470 498 500
268 12 275 284 286 287 291 297 302 315 316 321 337 340 370 430 432 441 450 457 468 472 484 487 494 497
269 96 270 299 300 305 311 327 333 345 366 370 375 383 392 418 430 434 441 444 448 465 472 482 485 490 498
270 97 280 284 292 300 323 343 346 363 364 366 368 369 375 399 405 406 408 414 427 438 445 446 462 469 481 487 498 499 500
271 26 288 323 330 365 370 381 392 396 410 436 455 486 496 500
272 36 275 296 313 324 326 329 331 337 343 348 358 373 374 378 379 380 384 391 397 408 418 419 427 429 431 444 471 476 479 484 485 493
273 73 291 296 297 299 301 302 306 308 309 318 341 345 346 355 357 367 368 377 383 400 405 415 421 434 436 448 453 455 456 476 479 487 490 496 497 499
274 33 287 303 305 310 323 327 335 343 353 356 368 381 400 407 415 417 420 426 430 468 484 492 493 495 496 500
275 82 278 297 302 325 338 341 342 355 366 378 384 408 429 434 444 446 454 458 471 481 489 499
276 59 281 302 307 308 310 314 315 329 330 336 338 344 352 368 374 389 390 394 428 430 439 441 442 449 459 486 488 490
277 73 299 330 339 361 375 382 390 400 428 431 434 438 441 443 490 493
278 3 279 287 294 305 317 318 321 328 351 372 374 405 416 440 456 460 475
279 38 284 289 305 308 311 343 347 362 371 379 391 395 401 411 415 437 440 447 452 454 477 487 494
280 65 282 284 303 304 311 319 323 330 343 356 363 370 386 404 409 423 425 437 441 442 470 473 474 480 483 485 497 499
281 100 284 287 297 313 317 331 359 364 396 415 428 451 453 457 459 465 485 490 494
282 72 283 285 294 296 299 326 344 350 369 376 377 387 389 429 438 443 452 483 487 499 500
283 7 289 304 310 325 333 344 371 382 395 407 419 432 439 448 454 455 468 470 484 488
284 59 287 329 349 354 355 359 363 382 386 390 406 410 421 465 470 475 478 498
285 71 308 322 342 370 400 401 404 405 411 456 471 481 494
286 57 293 300 317 319 330 332 341 348 349 364 367 377 380 402 417 422 428 430 438 449 453 456 466 482 484 489
287 87 298 305 313 315 327 342 349 353 361 364 365 370 377 382 383 392 393 396 402 409 425 428 431 454 487 492
288 19 307 309 318 343 347 354 359 360 366 367 368 380 385 386 390 398 407 417 430 433 446 448 449 469 483
289 63 294 300 314 315 318 377 392 402 404 412 421 435 439 447 453 498
290 36 310 323 333 337 344 350 364 367 385 397 401 407 409 416 417 424 428 429 450 451 463 479 480 490 498
291 70 292 309 313 320 342 351 368 389 395 396 404 421 422 426 435 447 453 456 466 484 493 500
292 53 319 330 361 366 378 387 390 401 404 405 410 430 432 439 450 465 477 483 495
293 64 294 313 334 335 342 359 361 390 397 401 416 418 422 427 431 449 451 454 467 474 483 484 485 493 500
294 59 295 338 371 374 389 396 404 405 415 432 433 436 445 467 470 471 475 481 484
295 13 300 331 350 351 354 367 370 377 380 386 390 397 398 400 422 435 445 450 452 459 470 477 482 488 491 499
296 31 297 314 337 340 356 373 411 419 450 460 477 484
297 89 304 319 328 329 330 334 382 389 400 415 424 439 447 450 471 482 483 484 492 495 496
298 66 308 313 318 320 340 349 350 375 381 390 422 436 441 447 475 476 500
299 84 312 322 328 330 359 363 368 370 388 398 412 415 436 437 446 447 470 474 478 491
300 22 303 317 327 335 338 340 371 373 378 384 389 396 421 426 429 437 458 469 471 481 488 499 500
301 68 318 324 326 328 339 350 353 359 362 371 373 386 389 400 403 414 418 432 437 438 449 455 466 484 491 493
302 85 304 311 325 334 341 368 372 383 397 412 414 433 441 444 453 455 460 469 490 491 493 495 498
303 100 319 322 323 329 331 344 345 346 347 365 370 376 385 387 399 408 412 429 434 438 441 445 451 452 480 482 492 494
304 27 308 309 329 344 346 348 367 370 378 386 402 405 415 428 432 446 459 463 464 470 477
305 84 314 316 317 318 342 343 351 367 376 383 386 399 405 413 439 443 474 478 482 493 494 497
306 82 311 316 331 333 336 341 349 394 400 404 427 428 443 454 464 475 481 488 490 500
307 75 337 373 374 396 410 416 422 467 491 492 497
308 12 309 311 320 321 332 341 349 360 361 367 378 379 384 406 421 429
309 63 310 311 319 350 359 370 371 392 404 405 421 430 434 442 445 449 451 452 466 470 473 497
310 43 337 348 362 366 369 376 388 389 398 400 401 404 413 483 486 489
311 95 312 314 317 318 327 366 378 380 391 394 404 424 433 434 437 445 456 459 481 488 489 498
312 42 318 326 327 333 341 344 376 377 378 387 401 408 412 419 421 428 435 446 447 450 454 473
313 99 318 321 329 342 350 371 457 465 474 476 492 498
314 76 324 359 380 381 402 405 408 414 423 427 441 444 445 453 461 474 485 486 500
315 21 325 337 340 341 343 345 397 430 431 438 463 470 486 496
316 29 325 335 341 350 354 371 376 378 382 397 404 415 421 431 437 449 460 469 471 472 476 479 491
317 13 332 360 400 404 411 422 425 435 476 479 486 489 491 492 496
318 91 325 335 349 363 374 385 389 393 396 417 436 439 443 445 454 456 462 483 487 497 498
319 62 324 329 336 348 364 366 369 371 373 377 420 427 442 454 470 484 496
320 84 332 335 336 341 368 375 391 394 400 412 427 434 440 449 457 461 468 475 479
321 19 332 345 347 364 391 398 425 428 436 444 447 455 458 459 483
322 61 325 332 340 342 354 362 372 376 381 395 412 420 430 444 447 489
323 2 332 345 346 366 383 394 405 411 427 428 443 452 455 466 477 479 484 488
324 88 336 361 362 363 373 375 423 424 441 457 471 495 496 498
325 12 338 355 368 375 391 399 405 420 438 447 452
326 18 328 332 333 346 348 404 408 455 457 466 472 486 489 497
327 29 331 336 358 360 368 370 371 374 389 403 407 425 440 449 475 495
328 75 332 337 338 340 342 354 357 359 363 374 376 379 383 389 398 399 402 405 409 410 418 423 429 437 449 454 457 465 468 474 482 495
329 51 337 341 343 350 364 383 400 439 440 443 446 447 453 456 483
330 84 335 342 351 370 384 389 392 427 437 442 462 464 488 496 500
331 55 334 341 344 357 361 406 407 409 414 443 465 476 487 491 492 499
332 37 335 336 340 343 352 366 375 382 407 412 413 416 417 419 426 431 433 446 450 451 459 461 466 485
333 31 346 352 355 372 379 389 390 399 404 410 415 421 438 445 470 473 482 484 485 487 495
334 90 336 337 344 349 367 379 384 388 389 392 398 418 419 423 432 452 461 479 488
335 60 354 366 373 382 389 398 426 427 437 444 449 455 460 488 490 498
336 48 345 348 357 372 375 376 392 427 431 437 449 459 473 476
337 40 342 383 386 406 422 437 440 443 448 452 456 458 474 479 495
338 98 347 358 362 372 375 376 381 400 401 414 424 430 438 444 445 457 470 472 492
339 58 347 349 357 367 374 395 396 415 421 424 442 445 447 462 487
340 25 344 369 387 391 405 411 414 441 485
341 85 350 364 369 385 392 397 403 432 452 457 492 494 496
342 55 347 357 358 373 376 382 385 388 392 411 425 437 456 457 474 475 486
343 31 359 365 366 373 374 378 380 381 395 410 423 455 461 464 467 486 490
344 3 350 354 365 370 371 380 386 392 399 407 443 453 454 467 468 470 483 487 488 492
345 84 361 372 383 386 401 404 436 451 475
346 7 349 355 373 385 400 401 410 412 413 419 420 421 424 437 445 446 451 458 467 477 496
347 5 354 357 358 373 374 384 392 401 404 420 436 449 451 452 456 457 461 464 474 478 488 489
348 53 349 366 398 414 423 426 431 448 449 450 474 487 498
349 9 350 359 368 374 375 383 407 422 432 434 438 441 442 461 468 489
350 12 357 372 379 391 397 404 411 426 429 444 449 450 453 456 462 470 475 476 493 500
351 27 370 372 391 396 398 402 403 410 411 430 481 489
352 30 379 381 401 404 414 415 423 431 445 475 484 493
353 72 354 360 363 372 380 386 407 422 441 446 447 462 479 486 498
354 60 371 384 390 394 414 432 438 462 476 478 497 499
355 16 359 365 368 382 388 402 410 413 426 433 437 476 483
356 69 388 390 392 394 398 402 404 416 421 448 463 470 475 485 489 490
357 48 360 374 391 403 410 419 421 432 434 448 451 463 466 469 477 481 484 496
358 46 369 381 382 388 398 406 407 413 422 434 437 443 446 459 466 473 485 491 499
359 46 389 391 407 421 425 435 446 454 464 496
360 100 365 390 391 401 413 419 425 435 436 458 479 481 484 489 491
361 23 367 369 398 418 423 435 441 452 461 467 472 474 477 481 491 499
362 17 366 368 379 380 415 424 425 430 437 440 453 469 470 488 490 494
363 39 385 393 395 397 401 408 437 441 459 466 475
364 40 365 373 381 394 418 421 425 426 429 435 442 450 455 463 466 474 475 477 490 494 497
365 58 372 386 389 393 441 468 488 493
366 18 373 378 400 414 415 437 444 452 454 469 487 488 499
367 13 375 379 389 416 431 457 461 463 484 493 499
368 2 385 394 397 399 419 422 435 457 458 465 467 474 484 493
369 52 394 407 424 428 433 440 443 447 455 464 487 492 498 499
370 73 385 388 396 399 412 419 427 443 456 458 490 493
371 78 381 383 385 393 396 404 407 415 418 446 451 456 462 469 475 482 486 490
372 79 379 380 382 384 417 420 422 430 439 458 466 468 480 485 487 496
373 21 375 382 395 398 421 455 460 465 499
374 23 376 389 407 416 444 446 471 473 479 482 494 497
375 15 381 383 384 385 424 426 429 442 463 470 472
376 62 377 406 408 411 422 429 430 438 460 466 483 484 489 494 495 498
377 36 383 390 402 420 424 440 441 457 462 479 483 491
378 47 382 387 405 446 451 453 470 482 490
379 32 386 424 429 432 440 443 476 480
380 35 385 394 399 403 405 410 424 425 436 447 466 467 468
381 72 403 416 434 444 450 469 480 491 493
382 9 385 420 421 464 471 473 492 495 496
383 40 387 388 409 410 448 466 467 477 480 488 490 491 495 498
384 10 387 391 392 396 415 439 444 449 450 455 456 460 470 477 478 489 494 497
385 97 387 389 419 423 430 434 435 444 448 459 461 462 471 472 479 482 485 489
386 32 425 431 433 443 445 450 459 470 485 496
387 37 391 396 397 406 414 421 439 445 460 479 488
388 46 391 399 402 407 446 449 466 467 474 480 490 498
389 41 397 412 413 414 416 435 451 452 468 474 484 491
390 60 392 394 405 411 420 421 425 428 439 440 457 469 471 498
391 35 401 406 416 454 455 456 471 478 485
392 15 408 409 429 434 444 457 460 477 478 485 492 496
393 100 397 404 426 427 439 459 461 468 470 477 485 495
394 7 404 415 429 433 440 441 455 461 475 485
395 34 420 487 495
396 56 399 401 410 430 447 458 459 467 473 475 488 491 496
397 98 399 404 432 436 450 468 483
398 40 400 460 462 476 496
399 70 406 409 438 444 450 452 458 460 462 490
400 86 409 410 432 439 444 445 446 456 491 495
401 60 430 433 442 449 469 473 477 479 481 485 492
402 15 412 428 435 443 447 454 455 469 471 472 484 491 498
403 38 437 445 455 474 475
404 96 406 410 424 430 453 461 468 483 484 485 490
405 26 406 408 417 418 420 434 462 485 487
406 97 427 430 432 433 440 446 450 452 456 460 470 483 490
407 22 426 433 434 441 442 449 474 477 479 481
408 27 412 424 454 474 493 500
409 63 414 420 423 427 428 431 436 447 453 454 477 489 500
410 96 413 414 424 465 493 497
411 28 416 440 445 450 462 479
412 20 419 441 455 460 463 474 490 493
413 92 438 441 443 454 464 474 479 482
414 35 426 438 443 460 489
415 63 422 424 438 440 448 492
416 62 445 452 455 456 473 480 481 484 486 489 490 494 495
417 98 419 425 437 440 454 478 480 485 489 490
418 93 440 466 470 478 485 486 487
419 43 422 429 446 449 450 460 469 479 480 482 488 495
420 12 427 438 448 454 463 470 484 493 498
421 38 441 463 479 485 497
422 44 423 438 439 458 484 490 499
423 72 434 450 459 472 480
424 21 428 433 440 453 460 462 471 472 477 485 487 494
425 5 430 431 441 462 494
426 12 439 461 466 467 473
427 94 448 451 452 461 468 474 490 491
428 51 434 436 440 446 450 457 458 459 467
429 83 454 460 463 472 476 477 484 494 499
430 95 442 493 496
431 44 433 434 435 439 462 466 471 484 485 492 499
432 84 443 467 471 483 485 491
433 31 434 440 455 482 498
434 47 441 449 453 459 467 470 474 477 478 484 489
435 91 457 460 462 481 486 492 496
436 40 456 487 491
437 39 457 480 482 497
438 96 453 458 472 473 483 484 486 492 496
439 26 445 457 467 499
440 91 460 464 470 473
441 2 468 470 481 483 487 490 495 499
442 69 452 453 463 470 474 487 498
443 73 456 458 459 478
444 95 454 456 457 458 462 465 473 497
445 37 462 481 489 496
446 12 452 475
447 60 460 462 464 467 477 482 493 494 499 500
448 19
449 6 456 459 460 463 466 469 476 490 492
450 75 456 459 469 483 493 497
451 63 470 483 484 498
452 2 454 471 477 479 480 489
453 64 458 463 489
454 46
455 33 457 462 468 497 498
456 10 459 462 471 486 488 489
457 88 464 476 493
458 5 462 474
459 26 479 487 491
460 30 465 471 482 489
461 18
462 84 468 479 485 497
463 50 468 494 495
464 73 470 489 492
465 59 472 484 494
466 10 485 491 499
467 43 478
468 13 469
469 73 470 477
470 99 481 484 492 493 500
471 9 478 494
472 43 475 480 482 499
473 17 476 477 481 489
474 97 476
475 100 486 490
476 84 485 487 492 500
477 53 483 487 495
478 24 486 499
479 99 491
480 2 486
481 79 482 484 500
482 26 484 485 491
483 82
484 88 495
485 22 495 498
486 81 495 499
487 1 492
488 63 498
489 28 493
490 73 500
491 88
492 41
493 90
494 76
495 7 500
496 22
497 69 499
498 57
499 56
500 60
