500
1 63 8 13 20 37 45 68 70 73 80 88 96 114 126 132 151 156 159 169 178 179 195 197 219 225 226 250 254 257 261 270 305 320 321 356 383 401 403 405 415 437 439 442 451 473 475 476 489
2 83 3 23 30 38 39 44 52 53 73 74 85 87 90 104 106 143 153 155 158 161 166 193 205 209 231 239 251 254 255 269 279 286 287 296 335 336 341 342 345 359 368 382 386 391 397 409 411 424 437 442 449 451 466 475 486 488 495 499
3 84 4 15 92 118 120 142 151 157 163 195 197 208 212 215 219 223 224 233 238 254 263 267 285 306 307 310 317 322 346 354 359 360 375 408 418 437 446 466 489 500
4 56 6 14 16 22 37 52 54 58 60 61 66 72 77 92 100 104 115 116 136 149 158 164 169 207 219 227 236 240 277 285 303 308 326 336 338 346 351 359 383 403 407 422 457 480 482 488
5 95 14 17 18 21 24 34 37 45 48 55 56 65 68 72 75 77 81 82 89 93 95 102 111 120 129 155 161 163 169 184 187 197 201 206 208 218 227 229 243 247 254 257 266 269 279 281 300 301 313 320 325 327 328 332 333 338 339 346 348 353 361 369 375 383 386 390 395 396 399 402 437 450 469 474 499
6 30 17 24 28 45 53 54 62 66 80 84 86 88 107 120 133 140 144 155 166 169 184 193 196 212 225 229 246 247 253 261 270 283 294 340 359 363 369 374 385 386 390 391 400 402 412 417 422 426 432 436 462 468 469 475
7 68 11 41 46 56 87 121 144 145 167 172 177 178 179 190 191 196 199 205 212 222 224 226 240 242 251 261 273 287 296 302 303 306 310 316 327 348 370 381 384 386 392 398 425 432 437 441 458 465 466 481 488 490 497 500
8 79 17 28 31 38 42 54 63 85 94 110 118 135 138 152 181 207 210 246 253 256 257 275 291 298 302 319 333 344 345 352 353 404 410 411 412 416 443 458 460 470 479
9 78 13 26 35 59 74 88 97 98 101 110 111 118 120 133 136 143 154 171 172 177 183 202 206 218 228 251 267 268 277 280 285 286 326 328 356 374 376 395 400 414 434 447 450 464 466 468 469 476 479 498
10 11 11 23 33 40 51 73 86 100 112 114 115 124 132 138 145 148 151 153 185 196 197 203 216 232 233 243 249 279 310 312 316 343 368 376 380 389 390 420 426 433 438 447 457 488
11 96 24 47 70 73 82 85 89 108 109 119 127 135 141 167 186 194 199 201 208 254 257 267 277 279 316 343 381 385 387 406 422 423 429 430 437 447 449 458 459 466 471 474 478 481 497
12 10 19 24 38 56 63 65 66 69 77 80 84 94 101 114 146 149 169 171 188 207 212 222 225 239 242 278 288 321 352 376 377 387 401 412 415 419 438 445 462 484 486 488 492
13 31 16 27 33 47 52 54 64 78 86 98 117 121 145 162 168 180 188 198 200 202 252 253 259 268 270 304 307 309 314 319 327 332 355 358 361 363 367 368 380 391 398 402 425 429 430 453 476 478 480 497
14 5 18 36 45 86 93 95 98 103 106 115 120 135 137 143 147 153 161 180 183 186 192 214 238 246 271 273 287 293 297 305 326 327 330 337 350 352 354 359 361 395 404 421 436 438 450 475 489 494 500
15 65 17 30 33 34 51 54 57 64 77 104 129 137 140 157 163 166 199 201 203 205 217 241 261 281 291 302 305 314 325 330 345 361 372 380 383 392 400 402 411 427 438 439 449 467 481
16 28 56 63 64 70 87 97 101 109 111 112 122 123 152 157 159 166 167 173 179 189 191 196 204 208 228 230 240 245 257 261 263 269 281 287 293 294 296 302 316 317 322 333 336 342 351 359 374 375 391 392 407 411 414 426 440 460 487 490 492
17 91 19 21 43 48 52 58 60 79 83 91 98 134 135 141 159 164 171 185 200 211 224 241 243 249 265 275 281 284 292 293 295 296 298 312 333 334 335 338 340 353 356 364 369 377 380 382 403 415 424 431 437 467 493
18 49 19 22 26 37 41 49 71 108 112 117 126 127 132 154 158 161 201 206 222 225 245 254 267 278 294 304 311 324 328 350 351 352 370 384 386 387 399 400 406 415 419 428 433 439 441 443 465 474 476 484 486 492
19 70 20 23 31 36 95 133 137 160 163 164 171 178 234 239 243 245 261 279 286 287 304 309 313 316 342 353 356 358 359 366 371 381 384 398 404 407 420 422 437 447 460 469 473 478 482 488 490 493
20 62 23 24 27 38 50 56 58 81 90 102 118 126 141 154 197 208 235 236 257 280 296 302 315 320 327 328 331 337 383 410 416 424 430 435 461 472 473 494
21 44 28 38 48 64 66 68 69 77 80 96 97 122 123 125 140 145 153 162 165 166 168 171 172 177 185 210 214 234 236 238 239 253 272 277 291 310 316 337 352 372 378 411 414 435 443 447 460 474 476 493
22 1 27 28 31 37 38 60 72 74 91 99 107 139 141 142 151 160 162 163 176 180 182 203 212 216 218 220 226 232 242 254 258 271 277 293 299 304 305 308 317 336 345 347 358 365 377 380 383 398 423 424 425 430 431 434 440 442 454 457 467 470 473
23 38 39 42 43 50 52 55 90 95 140 147 151 153 157 174 187 191 193 198 202 203 210 220 227 252 257 267 269 271 308 322 323 332 355 357 358 359 375 376 381 394 401 410 415 419 431 442 443 445 460 465 468 487
24 88 34 48 49 54 55 61 79 95 96 104 109 119 127 130 154 159 161 164 173 178 183 190 196 211 232 251 276 294 300 302 307 312 314 319 320 331 333 349 350 363 365 385 396 403 406 414 428 436 474 475 478 490
25 63 30 49 58 69 84 85 96 105 106 109 117 121 129 132 137 143 159 164 167 175 181 183 184 203 211 217 218 219 237 269 290 297 301 308 339 346 375 386 395 404 450 466 475
26 95 33 43 50 80 85 97 120 133 134 142 148 155 160 162 164 176 190 191 193 204 209 211 212 229 233 235 243 245 268 269 295 296 300 304 306 317 318 323 341 386 394 414 426 441 442 443 448 453 454 481 498
27 72 29 42 57 71 80 85 94 102 109 113 117 136 138 140 141 143 150 162 170 181 195 196 201 206 210 226 232 237 238 270 271 298 312 313 316 321 322 326 375 376 404 427 443 463 486 488 493
28 31 39 43 45 57 58 69 76 83 88 95 99 112 123 135 140 148 154 172 184 185 188 203 205 206 232 244 255 263 264 282 287 303 306 307 308 310 349 350 352 354 369 382 400 418 421 426 430 433 440 451 468 472 476 479 496
29 10 32 42 84 87 91 101 103 111 116 124 138 139 175 189 190 216 225 251 264 265 268 275 302 306 312 341 350 368 374 381 388 407 411 423 426 430 445 460 466 485 490
30 85 32 41 49 51 62 66 85 97 114 116 119 137 160 175 179 189 215 220 237 241 252 264 281 288 301 310 317 319 322 331 337 341 342 345 346 348 382 394 398 417 420 431 452 461 469 473 475 482 494
31 32 57 60 61 84 99 142 146 152 154 157 166 193 198 209 224 229 238 244 248 256 282 291 295 321 328 345 359 361 370 382 387 391 416 433 437 438 450 463 491
32 4 43 59 74 75 78 95 99 138 142 143 153 165 184 215 226 235 236 243 250 251 263 272 280 308 316 334 354 359 369 373 380 384 390 393 394 402 411 435 440 450 460 463 484
33 30 44 61 64 74 75 94 107 134 139 141 165 177 192 205 209 226 240 246 259 264 281 305 308 315 327 342 343 351 369 376 393 398 415 416 418 423 429 453 465 477 480
34 37 48 62 74 76 84 98 102 111 123 137 147 148 155 157 164 179 180 224 225 235 242 246 254 262 269 272 274 281 292 300 301 312 315 323 326 331 348 351 359 378 379 380 397 421 440 474 477 483 499
35 64 38 42 59 61 63 70 73 78 90 99 110 115 124 145 159 170 175 184 224 232 271 275 279 289 300 307 308 315 317 332 334 341 354 369 371 384 390 392 421 428 436 440 463 472 496
36 65 40 42 44 47 53 64 81 92 109 111 112 145 164 170 180 192 206 211 233 241 242 248 250 252 254 255 257 278 286 290 293 297 302 309 324 337 340 347 353 359 366 376 381 391 404 408 431 441 450 468 472 474 485 487 496 498
37 88 50 59 89 90 99 120 126 143 150 156 198 202 212 214 216 229 231 245 249 261 274 287 293 299 307 318 322 329 342 347 349 355 371 375 390 398 400 407 417 422 432 434 438 444 461 462 479 480 482 483
38 75 50 71 75 81 85 89 107 116 124 126 138 150 158 162 183 197 204 205 220 232 239 261 264 267 277 300 307 310 313 315 330 335 338 346 357 359 360 376 379 382 384 386 396 423 442 449 461 469 472 479 486 493
39 93 47 69 70 77 120 124 126 138 140 141 143 179 183 213 219 220 222 224 230 236 242 244 252 256 263 264 278 288 314 316 325 328 330 332 337 338 342 344 347 349 361 365 380 386 393 404 405 419 429 449 453 455 460 461 472 477
40 23 47 52 65 82 85 105 110 112 120 130 136 152 154 158 163 168 174 177 180 189 204 216 242 248 262 265 266 272 288 304 306 310 314 317 377 381 382 400 440 447 451 457 459 479 487
41 78 55 56 81 100 105 117 121 123 137 153 159 160 161 193 200 211 214 216 220 244 246 249 258 269 289 290 318 340 346 349 355 356 362 367 371 385 394 403 415 416 438 444 453 455 465 470 475 476
42 19 55 73 75 80 86 90 94 104 116 126 151 175 201 203 215 229 243 247 251 269 273 274 295 319 321 324 359 368 388 389 405 432 435 436 441 447 478 480 493 494 496 498 499
43 97 103 112 115 129 133 145 148 150 161 168 179 195 202 288 309 310 355 398 406 409 433 438 471 474 480 482 489 494
44 59 48 49 64 95 97 100 103 155 161 162 167 197 207 219 238 247 256 265 288 296 309 321 339 373 380 385 391 398 401 402 405 414 429 446 460 466 478 481
45 58 47 50 51 87 91 96 109 113 119 123 133 134 142 151 152 153 154 173 174 202 213 214 221 222 232 246 254 260 273 294 310 314 318 320 322 330 335 343 352 363 369 376 377 385 387 394 398 404 408 413 415 419 434 442 448 462 466 468 469 486
46 43 67 74 81 97 121 122 125 129 135 152 158 179 188 212 239 246 255 266 281 295 307 320 337 341 342 353 362 365 366 373 385 435 452 470 475 483 489 494
47 71 59 70 89 101 102 111 114 138 164 173 196 209 223 229 233 240 253 274 275 303 318 329 360 372 380 381 393 404 424 430 437 441 447 452 453 455 458 463 470 497
48 2 55 58 74 81 84 89 94 100 101 107 159 181 182 210 226 249 263 271 295 314 319 327 328 330 348 352 360 370 377 378 379 387 390 440 475 494
49 36 52 57 64 77 84 86 87 91 99 101 106 134 157 158 162 167 168 173 178 180 188 190 191 193 194 202 204 210 221 226 229 270 286 287 318 320 321 324 327 331 333 346 349 364 373 375 379 393 398 427 438 443 444 463 475 485 492
50 75 52 73 85 87 88 92 101 107 122 123 186 196 200 203 214 220 226 228 231 235 243 247 248 257 264 266 275 296 299 306 321 322 342 368 372 382 387 390 401 408 413 416 433 436 440 453 491
51 14 61 74 75 83 90 99 144 148 157 173 179 180 194 207 222 232 235 267 274 282 285 290 293 294 333 336 347 348 378 379 388 395 401 411 432 445 446 460 463 465 481 495 497
52 38 60 64 74 80 96 98 106 123 131 148 159 166 168 175 176 177 192 212 215 229 232 243 247 263 268 277 283 285 286 296 301 308 310 324 328 333 334 343 344 357 373 375 381 395 396 398 399 408 418 420 426 437 453 454 461 471 492 496 498
53 65 65 71 93 104 108 111 137 146 157 162 165 166 170 187 202 216 222 235 238 263 271 274 275 277 282 288 303 328 337 372 377 381 393 395 396 408 414 449 470 472
54 78 66 88 102 104 107 110 111 116 124 136 141 171 174 175 176 200 203 208 235 271 272 296 305 334 342 345 367 382 387 405 418 424 431 432 438 448 461 464 489 495
55 27 62 86 105 107 155 166 170 174 178 185 206 213 215 230 233 239 245 263 268 276 301 320 321 336 341 349 389 394 406 420 440 481
56 69 66 86 116 142 181 202 207 217 219 226 229 233 244 246 264 281 306 307 326 334 349 371 375 404 410 431 449 469 473 479 489 491 493 496
57 73 60 62 68 104 112 114 119 120 125 157 184 187 191 193 197 199 213 229 252 257 258 273 283 284 301 305 312 315 326 352 362 370 382 407 415 416 428 432 435 456 462 486 488
58 24 64 83 86 87 107 117 123 146 156 173 176 199 217 226 228 235 237 238 259 265 277 290 304 322 343 350 372 385 386 401 415 419 427 435 436 451 461 468 471 479 485
59 70 66 69 70 80 88 112 113 121 127 128 130 137 170 175 193 199 217 223 225 243 245 267 281 285 290 294 313 317 328 345 360 369 373 376 389 390 397 412 415 417 421 424 427 433 435 444 468 472 491 493
60 10 72 75 83 94 115 130 155 160 174 187 194 198 211 219 245 250 256 280 290 296 299 307 310 312 314 324 328 333 334 337 343 348 351 353 354 358 360 376 411 416 422 429 432 450 456 463 469 478 500
61 77 77 86 104 106 110 115 133 152 171 172 174 175 182 184 190 199 204 241 248 263 267 276 278 280 286 292 300 307 320 344 409 426 457 475 482 493 495
62 11 70 79 80 81 97 110 113 123 149 153 160 196 203 205 233 240 251 254 259 270 274 275 312 327 329 340 351 355 356 365 387 391 393 400 405 415 416 429 439 444 450 454 475 477 478 485 490 494 495 499 500
63 60 74 84 91 94 104 106 108 115 122 124 137 144 151 152 169 174 185 198 207 213 216 224 228 239 252 266 268 271 272 274 277 279 286 301 305 308 311 313 331 335 348 355 367 388 392 406 410 424 440 444 449 456 468
64 54 80 98 101 102 104 114 121 128 135 148 156 164 177 178 181 192 197 198 205 212 231 266 295 313 332 373 386 403 408 419 421 428 440 444 446 459 464 470 476 488 492
65 17 79 111 128 141 164 167 172 184 186 202 223 225 232 245 248 271 280 292 297 314 315 326 330 338 356 363 366 375 388 396 423 424 441 446 453 457 462 464 466 478 479
66 25 84 85 100 120 134 146 163 164 165 166 167 171 173 181 186 190 199 201 209 218 228 233 235 250 270 272 293 303 312 315 324 325 329 345 358 361 371 381 390 397 404 405 416 433 447 466 473 477 483 485 495
67 61 69 84 86 99 117 128 129 131 139 148 149 151 159 164 167 168 171 182 203 212 252 258 263 275 293 317 329 343 344 349 371 372 373 374 377 382 390 400 402 407 410 427 443 444 456 464 498
68 71 69 76 100 102 103 121 124 127 129 143 146 157 169 172 175 202 230 243 253 285 298 325 330 334 352 360 364 365 374 375 376 377 391 392 398 409 410 412 414 415 436 442 443 446 449 463 481 483 489 494 495
69 57 70 88 96 103 105 108 111 116 128 133 191 195 200 211 221 237 249 251 253 264 268 287 316 317 322 324 333 341 357 366 374 389 404 436 462 466 468 484 485 487
70 2 86 88 94 96 105 115 119 124 135 142 160 175 176 188 191 194 195 203 223 237 251 256 261 266 288 302 304 308 334 335 341 343 355 384 386 399 409 423 425 440 447 475 481 485
71 43 79 86 96 98 103 108 122 130 133 136 168 174 192 215 223 225 227 230 236 240 246 260 261 267 272 279 285 293 302 304 309 320 325 340 351 360 374 393 398 410 412 417 432 451 454 460 461 466 480
72 81 106 130 174 179 189 197 202 237 246 248 258 269 275 277 285 290 291 302 312 314 328 351 357 362 373 381 384 388 409 414 419 431 436 450 457 461 467 473 483 499
73 81 80 92 100 119 121 166 174 184 186 192 202 206 213 217 228 231 236 252 262 264 282 292 301 302 315 318 319 334 350 361 383 414 452 456 471 472 480 482 494 495
74 96 76 85 89 95 97 99 101 110 112 144 149 150 151 196 223 226 239 256 267 273 278 279 280 301 306 308 314 317 328 333 343 351 355 390 397 410 413 418 424 437 438 446 448 451 453 474 475 476 478 481 486
75 66 99 108 135 136 143 155 174 176 191 201 225 227 245 266 272 308 313 327 333 337 367 374 388 393 406 435 443 452 465 468 473 478 481
76 77 81 101 106 107 109 117 122 136 138 164 190 198 202 218 219 227 246 247 256 275 300 317 325 335 341 346 373 376 377 378 380 397 403 420 426 433 442 443 448 454 496
77 46 108 109 119 120 133 138 157 164 179 201 212 215 222 234 247 264 268 274 277 278 284 289 295 296 300 303 310 312 326 346 352 360 390 406 411 424 428 432 437 456 484 497
78 92 83 85 86 101 111 120 133 142 146 169 201 203 225 231 245 262 263 267 270 279 283 285 295 305 311 320 327 336 337 361 396 425 427 438 440 449 452 478 489 495
79 69 83 87 92 113 121 122 123 128 136 137 139 170 172 207 215 228 238 245 251 255 264 272 312 322 334 336 350 357 364 380 392 408 422 427 433 455 457 462 464 470 495
80 19 94 117 137 155 162 186 198 205 215 220 230 238 241 254 258 276 285 287 323 328 337 347 350 382 385 397 404 407 408 409 422 426 451 461 469 475 489
81 1 96 132 169 171 172 178 199 203 208 215 251 253 255 257 258 296 315 325 327 330 339 348 352 354 359 361 389 392 407 408 425 446 447 456 463 481 496 498
82 97 101 110 115 138 147 159 160 178 187 189 210 213 221 236 238 250 253 265 272 273 274 278 280 304 313 324 328 332 337 339 343 369 371 372 384 397 398 404 413 432 445 473 500
83 4 97 100 120 135 137 143 144 158 167 170 171 186 194 208 211 223 255 274 281 288 299 308 313 322 327 351 358 363 368 370 374 400 405 408 415 455 458 467 468 475 489
84 83 85 90 93 117 125 136 150 157 166 170 174 176 178 184 185 197 229 235 250 266 277 291 305 315 320 348 358 369 390 400 414 416 426 428 447 466 468 469 478 481 491 496
85 56 93 97 109 122 125 129 134 144 185 196 198 200 218 228 231 236 257 259 262 273 275 292 304 319 343 349 382 396 398 431 445 457 460 468 470 475 484 494 495 496 497
86 15 93 102 103 109 112 124 125 140 155 160 167 170 173 186 230 232 233 245 251 254 265 270 283 285 297 298 300 305 317 326 328 344 372 378 380 385 390 415 419 425 428 435 447 452 453 457 468 491
87 16 88 118 124 128 134 137 142 145 147 153 159 176 190 196 203 210 230 237 245 251 257 259 261 280 285 293 330 333 334 341 346 354 375 384 397 429 432 439 444 455 468 471 485 487
88 99 110 120 158 183 191 218 229 253 254 263 271 278 288 295 300 308 315 316 318 326 362 391 401 410 445 451 474 481 487
89 89 97 102 106 111 117 118 139 157 191 200 221 224 227 229 242 243 257 258 281 283 295 303 312 348 353 359 384 404 415 416 419 435 463 474 479 494
90 72 92 117 122 128 136 156 169 185 189 196 197 207 208 211 222 236 269 278 279 291 295 303 322 336 352 356 359 413 429 440 485 487 494
91 98 111 120 125 134 141 146 160 161 168 175 188 192 203 210 211 216 228 229 255 280 283 297 302 308 313 340 349 360 364 371 376 378 407 432 436 440 464 470 485 488
92 37 98 107 113 115 126 129 134 138 163 174 187 190 207 208 212 215 219 235 275 295 296 302 308 336 352 367 378 387 398 400 404 415 428 433 439 465 469 479 483
93 83 99 119 128 132 151 170 173 182 186 195 217 226 231 233 234 244 246 251 266 269 321 337 341 352 357 394 418 422 467 473
94 73 112 141 145 162 169 170 176 206 207 210 212 227 247 267 273 277 282 295 305 316 317 342 343 344 346 349 365 372 379 384 393 394 396 398 399 406 414 416 423 452 486
95 18 107 130 136 151 154 161 181 182 184 192 196 201 205 209 250 265 273 276 305 317 346 351 354 366 368 370 380 390 399 404 412 415 438 446 450 493 499
96 94 101 107 120 161 162 163 165 188 193 195 213 216 262 273 279 301 307 310 318 319 337 361 362 372 390 391 393 403 407 421 429 445 453 455 479 492 497
97 95 102 109 113 122 149 150 153 162 171 176 189 190 204 216 223 240 248 258 259 265 269 278 283 293 294 302 306 308 313 336 342 344 364 381 390 402 409 418 425 430 441 461 468 473 476 481 489
98 60 105 109 119 122 131 132 140 142 149 151 158 189 192 208 213 227 234 270 277 287 305 312 313 334 343 344 348 351 355 360 368 375 379 382 393 418 427 428 429 440 467 477 491 493 495
99 59 100 108 114 129 130 135 143 148 155 165 177 205 212 221 231 232 248 251 252 253 266 282 311 312 329 338 354 356 361 363 374 377 385 397 401 402 412 423 426 429 450 455 472 482 484 492 497 498
100 40 101 103 104 105 116 140 152 160 166 168 187 193 194 222 231 237 244 271 288 291 304 310 315 326 356 395 400 415 417 418 423 427 433 471 485
101 23 104 143 158 164 172 175 190 192 200 206 207 214 235 244 251 256 259 267 289 298 303 305 323 340 352 353 355 376 383 393 403 407 418 428 440 459 461 466 470 478 494
102 74 132 135 148 168 172 174 190 196 197 198 199 215 231 232 244 248 258 284 289 297 306 315 330 345 351 360 381 385 394 401 402 404 408 419 431 448 458 474 487 494 498
103 56 111 114 121 145 150 158 169 187 188 189 195 197 201 206 209 213 220 221 222 231 240 244 249 255 259 271 284 285 287 302 318 320 334 345 360 363 373 375 386 395 439 455 457 470 489
104 59 123 130 134 141 153 162 164 169 170 182 183 189 192 209 211 231 239 260 261 267 280 288 304 310 332 338 341 346 359 376 380 382 385 386 388 396 397 406 407 409 441 451 456 470 483 494
105 89 115 137 144 155 174 177 182 201 209 210 222 245 264 297 348 363 366 372 387 388 402 412 436 437 438 446 448 451 467 471 478 488 489
106 59 120 147 151 181 186 196 202 212 218 246 248 252 263 270 301 306 321 334 342 359 370 375 378 406 412 425 427 435 457 464 478 479 481 490
107 78 109 113 116 119 132 136 142 172 184 186 197 202 203 205 207 210 212 220 224 234 245 247 256 259 270 278 292 304 306 321 350 353 367 387 407 416 419 425 432 443 449 476 480
108 69 126 135 140 146 165 167 178 184 190 192 194 201 203 205 224 226 236 248 250 258 259 271 273 288 322 330 333 335 340 341 354 366 368 382 391 396 403 406 410 419 425 428 433 439 456 471 477
109 8 123 139 170 172 195 198 199 209 222 239 241 260 289 298 302 315 317 330 339 341 349 372 388 402 416 429 446 447 458 464 479 485
110 32 145 163 174 177 187 196 198 199 201 209 217 220 225 237 247 257 267 296 303 318 327 330 333 349 361 389 391 394 416 439 449 450 458 459 468
111 48 117 140 144 146 151 178 183 188 194 198 222 231 246 247 273 274 285 301 311 323 324 358 364 366 374 376 397 398 418 425 433 435 440 444 456 462 472 475 479 485
112 33 118 122 135 141 160 194 200 203 210 227 241 258 274 280 294 337 353 358 360 368 379 385 393 418 428 430 440 443 485 488
113 47 115 116 132 136 139 145 150 188 206 214 218 219 221 256 260 269 273 281 291 309 310 327 340 358 372 387 388 402 411 412 416 418 443 449 472 481 482 499
114 59 125 135 136 137 147 151 152 161 164 181 193 221 238 248 269 274 281 293 307 322 333 339 348 357 364 366 367 371 374 379 382 386 389 414 428 447 467 470 492
115 27 120 121 140 143 157 158 163 164 178 190 191 202 203 249 257 292 301 303 304 318 332 339 342 348 349 353 355 365 376 397 402 407 417 426 435 440 448 453 464 485 491
116 60 117 127 132 133 136 140 144 149 155 157 160 167 176 186 188 190 196 210 214 227 257 261 277 282 312 330 346 349 352 358 363 370 375 383 385 399 419 431 433 435 443 445 446 450 456 496
117 52 120 123 129 146 161 190 195 198 213 215 227 234 271 297 305 315 345 347 354 360 377 400 401 429 437 443 448 461 475 483
118 34 126 137 182 191 194 212 216 248 260 271 272 276 285 287 288 296 300 306 310 315 322 323 326 349 355 358 359 362 369 377 403 436 454 474 498
119 70 136 144 145 149 153 164 173 174 176 184 199 202 208 211 218 243 253 268 285 292 307 312 317 319 326 345 350 364 370 393 411 419 426 430 450 453 469 475 477 479 487 489 490
120 6 124 135 164 165 167 171 185 187 225 248 252 282 284 296 310 318 320 323 325 343 346 350 361 368 375 383 389 390 392 403 409 411 422 426 435 445 451 452 496
121 52 132 138 143 152 169 172 176 184 186 202 204 207 219 223 224 242 248 254 263 268 270 286 321 328 332 337 365 368 375 377 384 390 411 451 452 474 481 483
122 39 133 146 166 170 176 181 187 188 197 206 211 221 225 227 237 250 272 273 283 284 286 289 298 335 343 346 354 355 386 387 416 423 425 426 440 441 443 455 466 475 486
123 82 126 136 147 149 157 164 165 173 175 201 214 224 232 257 266 267 268 285 305 317 326 332 333 341 357 358 360 364 370 373 402 416 417 418 427 438 460 467 469 475 477 493 496
124 60 129 130 136 141 152 161 202 210 212 217 218 229 231 234 236 250 275 280 288 297 303 317 321 326 330 345 372 383 386 399 405 407 410 431 452 464 465 466 477 481
125 7 128 130 152 165 168 169 175 184 192 231 239 272 288 295 300 305 307 309 330 338 342 345 358 371 372 387 391 399 408 423 426 428 453 462 466 491 493
126 58 139 141 143 146 166 171 174 202 214 218 224 237 244 247 249 251 279 280 281 284 285 286 291 297 306 308 325 329 339 348 365 391 394 398 399 408 422 426 427 428 446 459 469 470
127 73 130 139 172 176 212 227 240 241 246 280 322 329 334 345 365 368 420 422 424 426 436 443 460 462 468 470 474 475 478 486
128 50 145 157 169 202 211 214 218 222 232 242 264 281 288 293 299 317 332 338 354 355 374 376 381 406 414 449 462 467 476 482
129 12 130 135 161 162 177 200 212 213 233 241 249 253 258 286 323 332 333 346 354 356 361 373 388 390 398 400 402 410 417 427 430 431 445 450 452 456 486 493
130 21 131 142 168 175 180 181 190 200 201 218 231 249 263 274 276 296 302 310 328 330 334 342 383 394 398 405 419 436 442 462 464 465 481 484 490 494
131 49 137 141 164 168 171 175 177 180 184 198 202 205 220 228 257 286 321 333 338 340 341 355 366 379 382 404 406 415 438 449 451 452 453 455 475 479
132 32 144 151 156 157 159 162 192 204 220 232 234 238 239 240 255 260 268 271 278 286 307 308 313 315 328 333 337 352 354 356 371 404 407 418 431 451 482 486 492 494 500
133 34 143 147 150 164 165 169 182 188 193 205 219 222 225 229 230 240 259 277 288 348 365 368 402 421 431 438 443 446 450 451 452 479 483 487 491
134 67 138 139 147 150 155 176 185 186 203 208 211 213 218 233 242 249 264 267 271 275 284 290 291 293 310 314 328 332 344 362 364 392 400 411 421 425 430 434 438 496
135 25 148 172 189 191 200 206 208 222 229 237 238 239 243 247 252 264 275 279 292 306 318 343 344 367 376 396 398 430 447 460 491
136 6 147 166 169 182 186 192 198 210 225 263 269 279 283 294 299 301 304 308 311 317 321 326 330 343 347 365 371 394 399 415 418 433 447 450 453 456 466 481
137 83 138 144 154 161 167 170 172 174 182 199 210 221 227 259 260 261 273 289 311 318 328 344 346 359 363 372 373 386 407 420 432 461 466 468 470 471 477 478
138 89 156 160 169 190 195 200 204 219 228 239 240 251 258 260 268 274 281 291 326 330 342 365 368 373 375 377 379 410 415 420 435 438 453 458 460 482 488 498
139 10 148 159 166 169 178 180 222 251 267 289 291 302 304 307 310 314 317 319 334 339 355 382 393 413 430 446 452 468 485
140 27 172 185 207 213 225 226 237 248 263 266 292 309 317 322 324 326 340 355 356 358 380 385 389 405 423 424 438 455 467 468 494 495 497 499
141 90 156 161 164 171 183 196 217 220 231 243 256 262 296 298 299 307 326 330 344 351 367 391 402 423 433 440 450 455 461 462 470 490
142 57 156 161 172 178 194 218 219 234 235 242 246 252 265 275 302 310 320 327 330 337 354 367 410 413 422 423 428 429 431 443 446 447 448 456 458 460 467 485
143 52 157 162 183 186 193 194 209 220 243 246 253 260 271 293 301 315 337 344 346 348 369 370 377 382 390 397 402 417 430 431 445 452 473 480
144 40 157 163 176 183 185 194 202 222 223 225 226 249 251 255 256 270 280 285 299 323 331 334 351 363 367 386 387 388 392 401 404 405 423 429 431 433 438 443 448 460 484
145 11 173 175 178 193 197 199 217 229 230 242 257 258 263 275 278 291 293 308 326 344 349 354 368 373 378 401 403 405 406 428 432 434 439 447 462 470 485 487 498
146 73 151 153 163 164 169 175 176 180 182 190 197 206 216 221 235 237 245 246 255 256 262 269 272 280 283 307 308 310 343 344 370 393 421 426 434 451 452 463 465 497 498
147 75 148 151 158 180 183 187 189 194 209 224 242 251 259 262 266 270 277 291 292 315 322 329 336 387 389 426 438 462 478 484
148 23 150 160 210 215 222 223 226 236 254 256 278 281 282 292 293 298 304 307 320 326 341 367 373 390 392 430 435 453 455 456 469 476 481 486 487 496 497
149 17 156 205 216 219 223 226 231 246 251 254 256 258 273 286 296 298 306 310 314 316 319 324 327 331 347 354 364 376 384 395 401 408 414 415 419 421 428 437 446 448 449 450 455 477 487 492
150 69 163 170 176 183 189 195 197 202 214 217 218 230 257 265 274 280 283 299 321 327 328 331 339 340 343 366 373 402 408 442 457 459 486 493 495
151 9 168 169 184 192 195 223 232 250 257 264 274 287 288 292 293 297 329 334 336 346 352 370 371 375 383 416 422 427 443 448 467 481
152 59 154 175 193 210 217 225 227 254 255 257 265 294 306 320 335 343 355 360 370 374 391 412 416 420 451 461 462 471 494
153 84 177 178 188 202 219 237 260 271 276 285 303 317 319 320 325 338 348 364 393 399 414 420 421 429 437 460 462 465 467 484
154 90 171 184 196 222 224 256 274 292 309 313 315 316 323 339 341 350 356 358 367 371 375 381 382 383 396 399 401 402 451 458 463 473 483 484
155 51 173 177 198 213 238 252 294 296 298 299 302 316 324 337 344 367 377 391 396 410 416 422 427 446 471 478 489
156 19 158 176 180 199 202 207 218 219 232 252 288 318 323 331 343 349 359 363 372 393 396 406 413 420 496
157 57 166 203 223 226 230 235 248 252 263 274 276 277 279 282 287 291 302 307 311 366 373 378 387 424 440 442 447 453 467
158 68 177 196 197 200 217 222 238 240 247 249 253 271 286 290 299 301 304 309 324 332 349 352 357 365 366 384 415 417 426 427 429 450 451 457 459 462 463 464 466
159 45 168 170 183 189 194 197 206 231 235 239 262 263 276 278 295 299 300 309 311 328 338 350 361 363 365 380 393 399 413 434 439 453 459 462 466 469 477 499
160 87 162 187 192 211 214 222 262 271 286 307 316 333 347 359 367 376 377 384 394 426 427 435 445 472 473 476 482 490
161 95 163 192 196 204 205 210 215 224 225 228 231 254 262 278 286 288 300 308 320 330 345 352 373 377 399 408 413 416 419 420 434 445 461 464 477 489 494
162 52 163 168 174 177 191 210 215 219 223 230 258 272 287 290 292 299 301 309 321 325 327 328 354 355 358 368 376 377 394 396 398 405 406 412 413 424 427 471 478 489 492
163 22 167 191 193 206 216 232 244 248 255 259 260 278 287 292 300 342 360 361 390 391 405 421 423 426 448 459 464 470 484 490
164 95 183 186 188 193 205 242 247 252 253 269 270 313 347 352 360 375 376 377 396 403 450 462 474 489
165 69 181 192 195 215 224 241 245 246 263 264 265 266 268 283 285 298 313 322 329 348 361 384 392 403 405 429 434 436 446 448 450 455 475 480 489
166 76 172 205 210 215 219 221 238 246 260 263 274 276 278 283 286 310 318 328 352 357 364 384 400 422 425 430 435 437 460 470 472 496 498
167 95 169 171 177 185 189 192 208 232 238 258 269 297 301 305 312 316 321 342 352 378 431 449 462 469 470 481 493
168 10 175 181 201 204 221 234 235 236 243 247 293 298 313 326 332 346 357 374 378 382 390 395 399 409 414 463 465 488 489 493
169 21 178 199 202 208 212 223 227 246 248 285 287 291 295 333 334 352 365 372 375 377 383 405 413 414 419 424 431 444 448 476 485
170 36 184 196 211 213 229 233 238 247 265 267 297 325 332 335 340 355 380 382 405 422 424 426 439 446 456 459 489 491 497 500
171 42 190 195 197 221 222 229 231 239 244 245 251 263 270 294 297 316 330 337 338 350 357 362 365 373 376 384 407 411 428 431 432 440 443 455 461 462 471 476 488 495 500
172 37 183 188 198 204 216 243 246 256 263 309 314 326 328 332 356 359 370 375 389 400 402 408 414 415 418 425 428 439 452 458 463 478 498
173 62 175 186 196 208 229 232 235 242 268 283 293 301 313 318 319 336 342 359 367 397 407 421 434 441 451 455 457 492 500
174 75 178 181 182 183 186 189 195 201 221 246 258 264 273 281 290 297 301 303 305 310 315 321 333 345 361 369 371 375 378 382 387 390 399 401 412 415 426 427 438 446 454 465 486 498
175 77 185 212 220 242 266 272 308 332 342 348 356 369 371 392 393 394 406 415 474 488
176 77 177 180 193 211 215 216 229 236 240 250 253 264 269 308 309 330 353 357 364 378 379 388 390 399 403 412 418 434 436 440 449 460 472 475 476 480 489 493 499
177 9 178 179 206 212 216 245 256 265 267 314 317 339 340 341 346 368 373 378 380 394 414 426 448 450 459 461 473 493
178 17 212 224 232 235 251 253 265 269 279 282 296 307 315 317 320 329 331 335 349 353 360 368 369 372 379 383 400 411 421 449 459 461 464 465 473 485 491 497
179 40 185 187 223 243 272 298 305 311 323 329 352 368 370 372 389 392 401 410 418 481 482
180 16 182 200 204 220 235 248 276 287 292 298 324 346 350 368 374 378 379 397 398 411 415 418 429 442 443 446 448 449 457 460 464 470 497
181 42 194 200 201 211 219 243 269 271 277 279 298 316 318 319 326 327 353 355 356 357 376 383 390 393 395 396 400 415 419 423 429 432 448 452 455 467 473 489
182 72 186 191 213 227 231 238 259 277 290 291 292 295 297 298 316 320 321 327 337 340 344 346 361 372 374 387 393 399 400 406 412 421 439 456 461 465 472 485 493
183 4 193 197 213 220 235 240 262 267 282 283 326 330 333 340 349 355 368 401 408 418 422 427 437 439 444 454 456 459 484 500
184 66 186 187 191 198 199 213 223 240 252 255 284 291 295 301 317 332 335 342 346 358 391 393 421 424 431 441 449 455 466 474 478 495 499
185 82 190 194 200 218 225 253 263 273 293 318 334 341 351 367 369 371 395 400 414 431 447 476
186 55 204 211 216 232 235 252 260 272 290 302 305 325 339 349 364 370 380 413 438 439 484
187 36 195 231 242 243 261 274 278 292 297 298 302 324 337 341 359 369 383 384 387 392 404 416 418 422 432 437 441 447 450 461 478 485 492 494 498
188 43 198 200 203 233 245 258 264 269 275 281 284 307 308 311 355 357 365 373 375 386 392 401 416 419 422 433 440 448 450 455 472 495 498
189 70 195 219 221 222 242 250 251 255 261 268 274 276 285 313 318 324 326 327 328 335 337 351 359 363 364 371 372 375 376 393 397 400 401 432 461 473 476 480 492
190 20 194 213 214 239 241 244 253 275 282 291 295 304 308 311 313 323 331 333 342 351 356 359 379 382 390 394 400 409 438 439 446 464 465 472 479 490
191 5 194 215 229 233 254 262 274 283 301 303 305 310 326 327 365 366 382 386 389 390 401 417 419 425 446 459 473 474 482 489
192 12 201 220 225 230 231 240 255 261 267 279 319 326 340 341 342 344 349 359 383 396 400 405 434 447 470 495
193 50 195 225 237 241 261 264 270 272 284 285 297 324 329 330 332 333 355 359 369 377 393 402 403 405 409 425 461 466
194 63 195 200 240 244 264 265 276 290 296 300 305 308 314 322 335 339 340 342 348 405 414 422 425 427 431 440 441 462 471 483 495
195 72 208 215 221 222 227 232 238 239 248 268 297 303 305 310 316 318 334 355 358 359 369 405 409 447 454 474 488
196 71 202 206 207 218 224 253 254 257 278 307 308 321 327 343 363 368 390 391 401 412 420 423 427 431 435 437 444 447 454 455 465 469 485 490
197 32 198 202 206 207 218 222 236 238 247 251 255 259 272 283 291 293 316 327 352 373 378 380 409 425 455 467 469 474 487
198 8 211 213 224 233 234 259 263 272 283 284 296 308 342 347 353 358 368 371 373 374 375 392 402 405 409 410 414 418 420 421 426 429 434 442 451 452 454 465 467 468 474 482 486 492
199 65 203 206 218 228 253 254 257 265 268 282 288 297 313 319 328 346 354 358 372 391 395 397 414 448 454 459 464 474 484 491 494 499
200 1 218 231 272 288 300 304 311 315 316 318 322 328 353 386 392 397 412 418 421 431 433 437 444 454 477 487
201 41 205 228 245 246 249 251 259 267 271 285 302 305 311 315 326 329 335 340 348 363 380 386 403 405 420 434 436 445 448 452 460 476 493 497
202 14 210 213 217 219 233 251 253 256 265 267 278 288 295 311 314 321 351 355 358 365 369 393 394 396 408 420 421 428 429 430 434 441 453 462 476 490 497
203 58 207 212 213 218 227 258 269 287 289 310 327 335 338 349 355 362 364 374 411 412 425 430 444 462 470 483 494
204 73 215 257 259 267 279 282 286 289 292 293 330 341 350 361 368 369 371 383 385 387 399 418 420 426 445 447 453 461 471 489 496 499
205 24 211 225 226 229 236 239 240 264 307 309 311 327 336 341 342 351 362 396 407 411 417 418 440 443 444 490
206 12 222 238 241 247 268 269 270 271 272 275 278 286 293 296 357 370 371 386 392 408 416 427 437 442 448 465 467 470 475 482 496
207 72 210 217 230 240 248 257 260 271 274 290 300 306 308 327 336 338 343 349 355 374 383 398 399 401 404 421 429 447 460 492
208 21 214 218 226 232 234 236 250 251 254 270 279 283 287 307 314 332 340 346 355 366 378 385 397 416 417 419 435 437 450 452 455 464 469 491 496
209 35 214 219 227 230 249 253 257 260 269 284 292 295 300 310 311 341 343 349 372 384 387 391 393 408 409 423 449 450 456 459 473 475 493
210 32 218 240 247 252 253 259 260 264 269 273 277 278 282 289 296 310 314 322 327 341 346 348 354 366 376 384 399 404 410 427 436 447 448 456 464 472 477 493 498
211 19 212 229 244 253 263 265 281 282 289 294 308 313 347 366 369 370 375 388 405 426 450 471 478 484 492 496 497
212 75 221 222 234 235 238 258 268 272 289 290 292 303 313 322 324 326 331 332 341 344 347 350 361 373 387 392 397 408 418 427 442 447 449 453 458 460 461 465 467 477
213 46 223 225 229 236 262 271 297 305 306 321 323 356 364 402 439 442 444 464 476 481 489
214 9 222 231 242 260 261 274 288 311 338 339 351 361 364 389 396 416 417 426 444 452 466 473 485 486 492 495 496
215 80 244 245 257 265 271 274 278 279 311 327 339 344 349 358 361 364 371 376 392 396 406 412 418 440 449 458 467 487
216 77 252 263 267 281 294 299 300 302 305 315 320 337 361 372 379 382 386 390 402 405 413 420 421 433 460 461 472 478 480 481 486 491
217 21 218 229 236 240 271 332 358 364 378 408 445 448 452 461 465 472 482 483 484 490 494 500
218 33 221 229 231 232 236 237 249 256 275 278 302 309 331 368 375 379 392 408 420 430 443 496
219 72 229 260 265 272 280 318 322 353 370 383 386 387 408 434 446 455 457 469 470 471
220 52 234 241 256 258 277 278 280 285 288 299 303 327 350 395 415 419 429 437 447 475 483 490 491
221 8 222 237 252 257 271 272 281 283 298 304 317 326 331 333 338 340 355 361 366 374 387 401 404 416 417 422 423 425 482 498
222 46 225 248 257 262 268 277 278 298 301 303 315 341 350 352 364 373 377 378 403 412 413 426 456 461 481
223 79 231 235 239 266 267 302 303 305 347 353 357 374 377 412 419 423 437 447 449 466 469 473 482 489
224 72 229 233 271 278 286 295 305 314 318 325 329 335 340 354 357 376 378 390 401 408 431 434 439 442 447 457 470 472 479 484 491
225 59 231 234 250 259 260 267 283 291 296 304 309 328 331 343 358 372 374 380 385 389 396 399 416 422 430 445 448 450 453 464 474 495
226 29 233 245 257 262 280 282 291 296 297 306 310 318 323 325 358 361 366 367 369 375 376 384 395 396 409 417 428 438 453 465 471 473 474 477 485
227 99 238 246 250 260 297 299 304 306 307 308 330 331 332 342 354 384 409 410 446 467 487 489 500
228 88 237 251 258 263 279 308 315 327 337 350 379 383 397 401 406 408 417 421 451 459 481 489
229 57 232 233 239 251 265 289 295 302 318 323 324 346 367 373 393 410 417 422 454 457 468 472
230 88 238 260 267 287 302 306 310 324 327 340 349 355 365 398 404 422 425 427 428 439 443 444 446 449 468 477 487 498
231 86 245 251 256 262 265 271 273 275 278 297 308 320 355 366 377 381 383 386 398 411 423 436 447 460 464 467 474 490 496
232 49 233 251 252 279 280 293 335 343 350 374 385 391 405 412 425 442 444 450 460 464 478 479 491 497 500
233 57 278 282 296 313 323 325 334 344 349 361 380 384 402 425 427 440 442 448 466 483 488 490 494
234 1 246 263 270 275 285 291 294 314 339 356 361 363 368 373 382 385 391 399 417 442 443 451 471 472 478 481
235 43 256 260 262 264 268 269 270 280 290 296 299 303 306 308 323 329 336 343 359 366 381 401 405 411 420 426 434 449 452 453 460 477 479 481 482 487 490 495
236 1 246 253 254 289 341 343 363 366 368 389 391 412 424 434 439 451 461 464 469 493 494
237 5 238 243 249 252 258 262 267 306 315 316 331 340 342 344 347 357 362 375 380 407 417 426 427 439 453 455 456 466
238 10 245 248 259 271 281 286 291 292 296 303 315 327 329 332 333 337 347 370 392 402 415 422 426 432 466 470 474 476
239 40 244 249 256 257 270 285 313 331 343 360 364 367 369 372 380 400 401 403 429 447 448 469 471 476 483 485 488
240 89 246 248 255 257 286 299 312 318 334 374 394 395 396 400 401 406 416 420 426 444 445 462 464 474 482 496
241 61 244 255 282 289 290 315 319 323 347 355 377 404 408 411 430 440 445 448 453 464 466 469 483 497 500
242 29 243 246 261 264 310 318 328 329 344 349 370 376 387 388 389 390 405 427 432 441 470 474 484
243 12 257 278 284 287 290 306 316 323 334 349 350 351 352 357 369 370 383 386 396 405 411 413 414 421 447 452 463 482 487 491 497
244 25 246 265 273 276 294 297 302 322 335 361 370 373 378 381 393 395 427 439 457
245 76 251 253 270 288 295 298 333 335 353 362 373 374 379 383 389 399 401 409 411 413 428 433 443 448 450 455 460 461 473 480 482 489 500
246 62 247 254 270 278 285 346 353 376 392 410 420 442 450 471 474 484 489 496
247 17 248 251 268 273 275 284 308 310 315 316 317 332 341 353 358 373 383 386 390 419 426 436 440 464 468 491
248 82 250 252 256 283 291 354 366 380 393 404 412 447 452 459 462 473 474 491 495
249 57 252 258 259 260 270 284 295 315 327 361 362 368 379 383 388 390 393 403 406 437 439 452 468 471 476 484 486 488 494 495 500
250 85 255 293 302 307 308 313 330 336 368 372 373 394 398 400 401 423 430 449 454 476 489
251 98 263 265 266 276 277 289 290 300 304 308 312 325 332 363 374 384 385 394 439 450 463 465 466 468 471 477 480 481
252 57 254 261 273 280 287 290 296 297 307 313 330 345 357 365 377 386 409 426 437 438 439 456 466 478 489 491
253 65 264 268 270 272 304 308 315 341 344 363 384 400 426 428 440 450 466 470 479 489 491 495
254 97 258 267 269 270 274 278 289 292 299 320 322 344 347 349 350 359 375 389 397 398 402 407 409 412 415 422 433 440 442 454 457 481 484 488 491 492 495 498
255 48 291 301 318 338 362 364 369 371 385 387 402 439 443 446
256 56 261 269 289 296 298 321 325 327 334 349 351 361 365 376 379 384 387 399 409 419 422 427 432 433 443 461 468 471 472 473 476 480 481 482 486 496
257 84 275 282 283 318 332 352 358 364 383 394 400 401 416 419 468 485 498
258 92 261 267 274 283 290 301 312 313 317 336 345 346 356 386 405 406 414 426 437 438 458 463 495 496 497
259 3 262 274 277 294 298 301 303 310 319 325 326 339 346 378 399 401 416 418 431 447 465 472 481 487 493 495
260 69 261 266 269 288 327 336 345 365 381 400 404 407 409 418 438 446 452 453 468 474 481 482 498
261 7 273 274 292 296 311 319 343 352 353 359 361 366 384 385 387 396 401 427 434 441 453 457 459 468 474 498
262 57 271 279 290 295 302 303 308 315 317 334 336 341 343 356 374 377 381 382 383 400 401 402 410 415 463 475 480 500
263 64 270 276 277 281 311 312 326 329 343 346 354 364 388 393 397 430 432 444 446 489
264 63 267 270 280 284 291 292 297 301 313 345 351 372 376 379 393 399 402 406 420 438 454 455 466 473 485
265 64 279 285 286 320 332 337 341 347 380 389 396 412 432 436 438 457 458 466 468 470 493 496
266 43 287 302 313 318 323 325 335 339 345 347 349 353 370 379 382 388 398 419 431 441 447 460 461 465 470 498
267 88 278 300 335 336 354 356 367 369 372 379 383 388 389 391 397 401 402 404 409 411 442 456 464 476 495 496 499
268 78 286 299 302 311 313 323 327 328 329 349 354 357 363 371 372 377 380 381 402 418 428 444 447 457 460 461 463 489
269 62 272 277 279 291 304 307 312 319 328 333 380 381 403 406 421 428 465 468 474 475 493 496 499 500
270 23 273 275 290 304 317 328 330 331 334 344 360 385 396 397 400 402 404 419 425 432 436 440 459 467 474 488 493
271 37 279 308 318 320 322 328 334 344 346 363 369 370 378 379 416 424 426 432 434 438 465 476 477 481 482 484 489 497 499
272 39 278 290 304 314 315 316 347 366 369 371 378 412 416 417 426 428 433 439 458 468 471 488 490 495 499
273 38 285 290 305 308 315 323 344 355 357 358 359 362 384 393 414 429 436 446 459 462 470 473 476 479 485
274 80 282 298 301 306 309 311 314 344 350 360 364 374 394 395 396 403 416 420 423 437 455 462 475 482 485
275 22 281 332 333 334 339 388 399 401 415 424 452 453 455 466 467 483 487 499
276 83 279 281 282 285 293 298 314 329 339 347 354 367 370 371 372 381 400 411 416 441 444 461 464 476 479 482
277 10 282 288 294 295 309 318 322 324 328 332 336 346 352 358 362 363 378 392 398 406 411 421 427 441 461 490 491
278 29 294 325 346 354 357 360 369 389 398 400 401 402 413 441 470 471 477 480 483 494 497 498
279 44 295 299 312 322 356 367 378 385 395 397 417 426 429 450 451 458 460 475 500
280 13 281 287 300 324 336 338 340 345 352 363 366 374 376 378 383 390 401 405 444 451 456
281 21 290 294 295 359 383 403 405 407 409 410 420 424 425 428 436 449 455 465 492 497
282 39 283 286 290 324 336 343 344 375 380 382 396 398 419 425 428 435 470 474 480 486
283 54 286 288 306 309 321 327 331 334 342 350 372 383 386 407 411 419 421 423 437 455 457 460 467 471 477 497
284 60 316 317 351 362 399 406 416 418 424 442 453 459 463 470
285 60 290 296 299 303 309 311 315 336 340 348 352 371 374 397 414 425 428 438 444 448 452 470 486 491 492
286 36 294 295 322 325 347 349 377 382 389 392 394 402 413 424 425 443 445 498
287 43 291 304 319 320 321 339 342 346 357 360 365 368 372 374 377 379 415 423 433 444 449 452 454 483 486 487 496
288 91 304 307 332 339 359 363 379 389 390 414 419 420 441 442 447 453 455 470 478 483 484 499
289 64 306 308 311 327 360 364 367 387 392 405 410 411 419 427 442 454 457 460 496 499
290 60 297 299 304 309 313 337 345 347 349 369 377 378 388 397 402 421 423 446 478 479 482 484
291 89 308 316 319 328 339 344 354 371 378 388 421 424 425 428 431 432 433 445 463 464 483 494
292 24 296 300 309 332 333 343 372 378 380 426 432 459 488 492
293 69 297 312 313 320 321 325 336 337 342 350 362 377 383 387 390 394 403 410 426 436 439 495
294 70 303 313 316 329 331 343 348 359 363 367 370 385 395 407 410 416 433 437 441 452 453 460 466 469 473 478 487 496 498
295 56 308 324 327 330 335 340 343 376 386 414 416 420 428 434 457 467 474 486 490 491
296 96 303 315 341 348 364 378 388 413 435 437 442 448 450 453 469 471 475 488 496
297 32 314 323 332 357 373 377 385 389 391 407 423 424 432 453 456 463 474 477 490 491
298 51 321 327 344 375 378 389 399 402 410 415 439 441 442 460 474 485 496 499
299 85 316 324 331 335 344 349 363 365 369 381 387 388 407 417 430 431 432 438 447 468 471 479 482 491
300 50 324 331 355 385 388 397 400 409 411 414 418 429 437 445 446 455 461 490 494
301 77 304 307 328 371 377 378 386 392 394 396 398 403 413 423 424 430 432 452 464 470 471 490 495 500
302 26 308 321 327 328 351 353 361 362 368 372 375 377 396 405 407 409 417 433 438 443 446 451 457 463 476 483
303 70 313 318 320 321 330 333 335 352 353 358 383 418 419 431 439 456 477
304 70 305 310 311 319 326 344 349 354 404 410 413 414 420 423 426 428 430 439 441 457 461 477 492 493
305 94 306 340 359 366 373 390 408 410 413 418 430 433 436 442 448 453 456 484 485 500
306 25 314 320 363 370 380 403 424 425 458 469 470 474 484 490 491 496
307 55 314 324 344 350 357 364 367 378 380 387 396 405 423 429 431 433 436 459 463
308 56 317 326 327 334 359 368 371 389 431 459 465 466 489 493 498
309 50 317 321 330 335 365 377 386 399 429 433 438 442 443 445 492 495
310 24 326 343 354 386 402 403 414 444 483 495 499
311 47 313 316 320 322 339 344 351 357 377 387 422 430 431 434 446 464 469 470
312 40 315 335 340 350 357 385 403 430 441 453 455 457 468 472 473 485
313 24 336 341 344 347 358 370 396 397 413 426 427 431 433 437 439 459 486 490
314 89 330 335 340 346 358 367 371 378 384 388 397 404 411 415 416 420 422 433 439 442 455 462 471 475 483 492 493
315 85 326 345 346 355 371 377 439 444 451 455 478 494
316 54 325 332 337 338 339 375 394 395 400 439 475 476 480 485 488 491
317 42 323 344 347 374 376 378 380 400 427 428 448 454 472 493 496
318 42 331 333 336 340 358 381 397 398 440 444 446 447 448 460 464 477 481 485 487 488
319 49 325 327 328 357 394 407 422 426 434 444 468 478 484 497
320 47 330 338 341 347 355 361 363 367 385 408 410 411 446 452 466 468
321 16 327 337 339 346 352 354 380 404 417 431 435 452 453 454 455 475 479 489 490 496 500
322 3 325 326 338 341 342 346 354 356 377 380 381 387 422 450 453 493 495 498
323 65 325 331 345 374 380 381 394 396 410 415 417 427 431 441 442 447 464 470 478 483 489 490 495 497 498
324 57 328 335 342 354 359 363 373 375 392 399 403 408 449 451 459 481 485 486 489
325 63 360 363 376 379 383 387 419 462 463 475 487 494
326 98 351 353 359 385 386 393 399 414 425 435 450 453 459 461 463 471 476 486 487 495
327 74 333 337 342 345 351 354 379 381 397 398 401 402 403 412 413 421 425 426 449 459 490
328 40 334 341 343 351 364 393 400 406 407 417 427 436 451 466 467 472 481 488 495 496
329 11 330 332 334 350 369 371 374 375 393 415 418 419 420 427 438 454 468
330 1 344 347 352 360 361 363 370 371 375 377 386 395 399 400 403 411 413 415 416 422 460 468 484 487 488
331 31 336 340 354 364 372 375 392 396 407 415 425 433 434 438 446 450 462 477 480
332 54 334 344 362 383 399 400 403 407 415 424 433 434 446 459 465 466 484 496 499
333 63 346 351 363 380 398 400 408 415 438 458 487
334 4 361 370 399 400 417 429 452 464 472 475
335 2 336 339 345 347 352 362 371 392 394 429 431 433 448 450 475 480 490
336 22 348 356 373 380 394 399 400 446 453 462 463 471 472 475 482 486 495
337 35 340 344 348 373 387 401 420 428 437 457 471 495 498
338 70 350 354 364 377 391 393 429 449 453 465 478 481 494 498
339 20 349 358 363 374 378 379 405 406 441 453 462 466 468 478 480 484 495
340 41 347 354 355 370 394 400 409 425 430 438 442 454 455 475
341 28 360 367 370 394 397 402 428 443 450 452 454 462 471 474 494
342 76 345 347 350 351 352 353 355 368 394 405 410 423 438 443 471 477 480 494 497
343 64 348 355 356 362 392 399 411 412 419 429 436 444 448 462 464 467 473 481 494
344 76 351 352 353 359 362 367 392 424 431 433 434 442 444 448 455 464 470 480
345 55 348 388 394 399 413 415 429 431 451 466 469 470 480 495
346 93 372 382 390 396 401 402 406 425 442 447 453 471
347 38 364 365 371 383 386 392 407 422 448 457 474 475 477 492
348 20 368 372 381 400 420 426 434 435 439 441 450 452 457
349 87 351 358 375 384 414 423 426 437 452 453 467 468 472 474 487 489 495
350 12 358 402 406 419 423 427 436 439 451 453 457 468 475 481 482 490 493 497 500
351 5 358 371 385 408 414 427 434 441 445 452 466 479 490 500
352 34 358 366 375 390 421 430 482 491 499 500
353 37 354 356 357 359 363 367 385 389 399 411 412 430 433 435 445 452 453 457 461 462 472 481 482 487
354 61 361 380 394 400 401 426 437 453 456 470 474 497 500
355 40 370 377 378 379 383 387 390 400 402 407 415 431 440 445 458 476 484 488 495 498 500
356 61 359 365 389 398 432 435 457 463 469 478 500
357 35 372 376 377 380 390 416 448 451 452 454 464 470 478 487 490 500
358 29 359 361 366 371 374 384 388 404 406 412 416 418 454 474 476 482 486 487 490 495
359 81 382 384 389 394 397 419 429 436 453 460 471 476 490 500
360 26 374 379 381 393 400 406 407 426 428 429 431
361 29 410 419 439 478 484 490
362 36 372 379 386 395 412 425 434 456 468 483 485 489
363 23 372 392 394 399 401 408 411 429 436 446 449 452 475 500
364 20 365 369 385 387 395 402 420 427 438 446 460 466 478
365 62 370 378 381 401 410 427 453 458 465 471 494 495
366 62 374 385 392 403 432 438 448 452 463 471 480 495 498
367 49 373 374 382 400 411 418 420 421 431 437 441 456 469 470 476 479 499
368 75 375 393 395 398 399 411 424 435 449 456 460 465 482 495
369 47 372 401 426 431 434 440 463 467 468 470 481 493
370 85 388 396 402 406 418 421 429 440 467 469 470 472 476 478 479 493
371 28 378 385 386 390 395 398 422 431 437 453 458 487
372 27 373 377 416 436 438 447 481 483 484 490
373 5 381 404 405 422 424 442 463 475 484
374 29 377 386 388 411 430 440 446 468 469 475 488
375 84 381 382 412 419 423 432 454 455 458 476 482 498
376 74 382 390 393 417 420 429 441 442 444 479 497 499
377 80 405 406 407 423 433 445 458 461 469 490 496
378 78 388 420 455 477 481 490 491 497 499
379 63 382 387 389 393 395 402 417 426 430 432 442 462 469 482 484 492 495
380 33 387 391 395 396 406 430 436 442 443 450 456 460 470 476 500
381 100 386 388 393 414 426 432 434 453 460 468 469 474 489 497
382 57 384 390 392 403 439 442 444 449 451 469 483
383 2 409 437 439 473 479 487 491 495
384 3 391 393 394 406 408 417 430 476 482 490
385 99 391 396 414 419 420 424 438 445 467 473 479 485 487
386 37 397 400 404 406 420 421 424 428 440 450 453 467 468 476 477 495
387 29 423 427 440 442 445 448 464 474 486
388 18 393 396 404 407 418 432 462 467 480 486 493 500
389 58 401 403 410 415 429 435 445 471 480 482 483 493
390 64 396 407 408 410 426 443 456 461 462 470 472 474 477 479 480 483 499 500
391 94 412 421 422 433 446 461 495 496
392 27 411 416 428 433 443 457 475
393 91 397 405 409 413 414 420 422 431 435 459 463 480 494
394 62 402 437 446 455 469 477 497
395 64 404 411 425 430 442 443 460 475 492 498
396 65 398 399 408 415 416 424 435 450 453 467 473 486 490 497
397 42 401 403 406 412 425 457 462
398 18 401 416 423 424 431 459
399 77 400 409 424 440 461 470 483 494
400 50 405 417 445 448 458 464 471 482 499
401 92 404 406 422 425 426 431 462 465 482
402 8 414 415 416 427 455 477
403 96 413 452 456 462
404 93 419 426 453 469 476 477 486 500
405 69 420 422 435 437 450 458 461 469 483 484 500
406 45 413 415 427 437 443 444 445 454 466 469 479
407 53 414 421 431 459 460 474 484 491 495 498
408 26 428 433 434 449 456 466 474 475 476 479 494 496
409 44 411 416 422 423 429 440 452 459 474
410 33 414 416 421 422 436 466 474
411 15 425 432 433 440 452 460
412 56 415 418 427 431 451 465 474
413 14 414 422 428 433 436 441 446 448 453 467 488 490 495
414 2 416 450 479 481 483 489
415 85 420 440 447 464 470 479 487 496
416 43 417 437 438 443 467 486 489 496
417 56 420 442 444 448 451 460 463 467 484 487 496
418 100 425 432 433 445 451 455 476 478 491
419 49 425 426 428 430 435 450 457 458 469 470 475 486 494
420 3 424 444 461 467 494
421 35 424 483 484 486 487 493
422 22 425 447 463 466 473 478 494
423 85 435 437 438 461 481 483
424 58 438 443 449 460 475 487 488 493
425 82 449 450 453 481 486
426 53 427 428 429 436 471 472 483 488 498
427 59 436 445 452 460 464 477 486 492
428 99 432 446
429 99 447 449 456 460 478 480 481 494 499
430 8 433 442 447 454 471 472 476 490
431 8 445 446 450 458 464 471 487
432 8 439 459 464 467 481 482
433 11 437 445 456 464 470 481 491
434 40 435 439 452 465 478
435 42 446 471 479 480 490
436 8 438 449 457 477 479
437 35 449 451 485
438 98 461 462 466 467 495
439 66 440 486 495 500
440 68 459 462 469 474 498 499
441 70 452 466 467 493 494 496
442 14 444 448 457 470 472 478 480 487 488 489
443 50 467 472 473 476 481
444 45 450 451 477
445 90 478 482 490 498
446 92 470 477 482 488 491 494 495 499
447 52 450 461 475
448 87 450 452 457 463 464 472 476 479 486 500
449 36 464 467 472 475
450 86 473 489 493
451 20 453 468 469 486 500
452 82 456 469 479 480 483 496
453 96 474
454 38 456 460 465
455 77 457 465 473 493 496
456 73 465 477 494
457 63 459 462 475 482
458 48 487 494
459 17 461 471 489 494 500
460 22 465 483 499
461 58 472
462 81 465 478 490 491
463 17 472 482 485 493 497
464 50 472 479 500
465 23 470 477 485
466 49 473 475 486 492 499
467 87 474 485 500
468 33 472 488 498 500
469 49 470 473 478 500
470 81 471 473 474 496 497 500
471 74 473 481 496
472 73 497
473 60
474 43 478 497 499
475 28 488 497
476 44 488 490 499
477 15 483 484 498
478 84 480 481 488
479 53
480 7 495 499
481 48 482 497
482 95 493
483 65 498
484 9 498
485 100 488 491 497 498
486 59 487 488 493 494
487 46 490
488 66 498
489 74 495 496
490 51
491 49 492 496
492 25 496
493 73 499
494 3
495 30
496 20 497
497 26 500
498 68
499 57
500 17
