500
1 24
2 88
3 4
4 3
5 18
6 27
7 1
8 21
9 54
10 68
11 68
12 56
13 53
14 51
15 19
16 87
17 32
18 95
19 33
20 42
21 96
22 93
23 62
24 100
25 15
26 31
27 3
28 75
29 21
30 75
31 38
32 22
33 69
34 32
35 67
36 27
37 99
38 41
39 49
40 38
41 48
42 94
43 50
44 75
45 36
46 38
47 50
48 93
49 92
50 70
51 73
52 25
53 28
54 63
55 14
56 90
57 36
58 44
59 24
60 84
61 21
62 64
63 13
64 44
65 28
66 68
67 51
68 2
69 93
70 16
71 11
72 11
73 66
74 64
75 53
76 79
77 40
78 49
79 67
80 71
81 38
82 87
83 98
84 29
85 78
86 40
87 56
88 71
89 86
90 46
91 43
92 7
93 62
94 74
95 95
96 41
97 76
98 99
99 71
100 1
101 5
102 61
103 90
104 61
105 75
106 98
107 42
108 88
109 25
110 19
111 87
112 100
113 56
114 5
115 51
116 46
117 92
118 14
119 43
120 10
121 99
122 64
123 2
124 36
125 96
126 73
127 1
128 87
129 14
130 43
131 100
132 39
133 20
134 48
135 92
136 96
137 75
138 30
139 40
140 64
141 34
142 50
143 28
144 49
145 65
146 1
147 29
148 11
149 92
150 42
151 30
152 59
153 35
154 41
155 1
156 2
157 53
158 97
159 51
160 48
161 73
162 33
163 59
164 69
165 100
166 16
167 24
168 15
169 88
170 10
171 21
172 8
173 85
174 11
175 11
176 78
177 8
178 67
179 83
180 99
181 80
182 46
183 78
184 66
185 83
186 35
187 90
188 78
189 41
190 47
191 68
192 78
193 11
194 20
195 27
196 86
197 84
198 71
199 98
200 11
201 69
202 5
203 13
204 63
205 75
206 34
207 62
208 39
209 57
210 9
211 15
212 23
213 34
214 12
215 50
216 65
217 60
218 18
219 73
220 77
221 47
222 88
223 78
224 24
225 16
226 67
227 32
228 26
229 91
230 81
231 28
232 64
233 98
234 94
235 95
236 13
237 81
238 20
239 7
240 73
241 14
242 51
243 83
244 41
245 13
246 93
247 12
248 83
249 12
250 82
251 7
252 52
253 34
254 53
255 11
256 23
257 1
258 57
259 58
260 65
261 18
262 82
263 33
264 45
265 85
266 76
267 3
268 80
269 55
270 32
271 79
272 12
273 8
274 31
275 95
276 49
277 51
278 9
279 34
280 37
281 12
282 30
283 3
284 97
285 46
286 38
287 98
288 1
289 10
290 85
291 41
292 19
293 39
294 77
295 33
296 19
297 67
298 64
299 21
300 31
301 28
302 1
303 11
304 78
305 94
306 4
307 15
308 84
309 62
310 44
311 87
312 36
313 62
314 83
315 24
316 48
317 3
318 8
319 77
320 77
321 15
322 63
323 70
324 48
325 7
326 32
327 52
328 37
329 10
330 85
331 92
332 69
333 12
334 22
335 40
336 86
337 59
338 38
339 57
340 24
341 37
342 46
343 47
344 78
345 90
346 77
347 86
348 79
349 3
350 91
351 86
352 60
353 13
354 18
355 87
356 47
357 52
358 80
359 17
360 43
361 7
362 84
363 7
364 40
365 92
366 58
367 7
368 38
369 16
370 19
371 91
372 86
373 48
374 33
375 93
376 51
377 55
378 64
379 59
380 6
381 24
382 81
383 66
384 49
385 32
386 95
387 88
388 57
389 84
390 19
391 58
392 72
393 80
394 20
395 13
396 32
397 36
398 36
399 55
400 29
401 6
402 49
403 39
404 31
405 41
406 84
407 7
408 36
409 43
410 12
411 66
412 87
413 21
414 37
415 62
416 33
417 28
418 51
419 20
420 56
421 88
422 13
423 9
424 49
425 80
426 69
427 9
428 70
429 87
430 47
431 31
432 45
433 97
434 44
435 76
436 58
437 43
438 46
439 73
440 3
441 67
442 3
443 83
444 19
445 26
446 87
447 24
448 93
449 84
450 61
451 87
452 64
453 32
454 91
455 6
456 90
457 83
458 21
459 47
460 23
461 68
462 52
463 84
464 61
465 89
466 36
467 31
468 7
469 58
470 33
471 79
472 13
473 70
474 36
475 39
476 38
477 51
478 21
479 1
480 100
481 12
482 15
483 43
484 42
485 57
486 49
487 89
488 100
489 97
490 82
491 34
492 98
493 79
494 73
495 68
496 44
497 7
498 73
499 83
500 59
