500
1 8
2 11
3 74
4 98
5 54
6 39
7 46
8 18
9 39
10 82
11 41
12 23
13 90
14 18
15 85
16 82
17 6
18 5
19 87
20 70
21 2
22 14
23 48
24 99
25 49
26 60
27 77
28 32
29 38
30 86
31 49
32 74
33 17
34 7
35 93
36 64
37 30
38 58
39 60
40 45
41 17
42 53
43 47
44 46
45 92
46 16
47 32
48 37
49 69
50 73
51 3
52 14
53 37
54 67
55 21
56 63
57 77
58 1
59 13
60 50
61 2
62 53
63 30
64 5
65 15
66 78
67 67
68 34
69 88
70 37
71 71
72 40
73 21
74 68
75 55
76 63
77 14
78 45
79 25
80 46
81 2
82 31
83 39
84 27
85 78
86 74
87 24
88 56
89 61
90 59
91 41
92 50
93 36
94 58
95 48
96 80
97 24
98 83
99 41
100 97
101 93
102 5
103 23
104 96
105 92
106 29
107 86
108 35
109 2
110 86
111 44
112 89
113 92
114 46
115 19
116 65
117 78
118 95
119 4
120 65
121 55
122 95
123 12
124 12
125 28
126 65
127 34
128 26
129 93
130 98
131 14
132 78
133 91
134 54
135 62
136 98
137 99
138 51
139 15
140 60
141 83
142 85
143 76
144 35
145 54
146 1
147 18
148 25
149 71
150 55
151 8
152 73
153 44
154 81
155 25
156 55
157 44
158 3
159 26
160 57
161 1
162 12
163 39
164 46
165 2
166 43
167 37
168 23
169 41
170 68
171 71
172 79
173 62
174 55
175 7
176 46
177 28
178 95
179 65
180 46
181 69
182 47
183 87
184 50
185 39
186 8
187 37
188 39
189 25
190 68
191 63
192 79
193 53
194 34
195 22
196 8
197 27
198 95
199 3
200 36
201 44
202 26
203 34
204 73
205 20
206 74
207 29
208 73
209 86
210 43
211 42
212 6
213 60
214 26
215 97
216 57
217 80
218 82
219 55
220 67
221 94
222 20
223 88
224 90
225 85
226 84
227 22
228 14
229 45
230 1
231 14
232 95
233 59
234 90
235 40
236 64
237 18
238 84
239 36
240 59
241 25
242 74
243 85
244 23
245 13
246 16
247 94
248 48
249 35
250 25
251 40
252 79
253 50
254 86
255 46
256 78
257 58
258 100
259 49
260 52
261 13
262 15
263 30
264 47
265 71
266 38
267 77
268 12
269 96
270 97
271 26
272 36
273 73
274 33
275 82
276 59
277 73
278 3
279 38
280 65
281 100
282 72
283 7
284 59
285 71
286 57
287 87
288 19
289 63
290 36
291 70
292 53
293 64
294 59
295 13
296 31
297 89
298 66
299 84
300 22
301 68
302 85
303 100
304 27
305 84
306 82
307 75
308 12
309 63
310 43
311 95
312 42
313 99
314 76
315 21
316 29
317 13
318 91
319 62
320 84
321 19
322 61
323 2
324 88
325 12
326 18
327 29
328 75
329 51
330 84
331 55
332 37
333 31
334 90
335 60
336 48
337 40
338 98
339 58
340 25
341 85
342 55
343 31
344 3
345 84
346 7
347 5
348 53
349 9
350 12
351 27
352 30
353 72
354 60
355 16
356 69
357 48
358 46
359 46
360 100
361 23
362 17
363 39
364 40
365 58
366 18
367 13
368 2
369 52
370 73
371 78
372 79
373 21
374 23
375 15
376 62
377 36
378 47
379 32
380 35
381 72
382 9
383 40
384 10
385 97
386 32
387 37
388 46
389 41
390 60
391 35
392 15
393 100
394 7
395 34
396 56
397 98
398 40
399 70
400 86
401 60
402 15
403 38
404 96
405 26
406 97
407 22
408 27
409 63
410 96
411 28
412 20
413 92
414 35
415 63
416 62
417 98
418 93
419 43
420 12
421 38
422 44
423 72
424 21
425 5
426 12
427 94
428 51
429 83
430 95
431 44
432 84
433 31
434 47
435 91
436 40
437 39
438 96
439 26
440 91
441 2
442 69
443 73
444 95
445 37
446 12
447 60
448 19
449 6
450 75
451 63
452 2
453 64
454 46
455 33
456 10
457 88
458 5
459 26
460 30
461 18
462 84
463 50
464 73
465 59
466 10
467 43
468 13
469 73
470 99
471 9
472 43
473 17
474 97
475 100
476 84
477 53
478 24
479 99
480 2
481 79
482 26
483 82
484 88
485 22
486 81
487 1
488 63
489 28
490 73
491 88
492 41
493 90
494 76
495 7
496 22
497 69
498 57
499 56
500 60
