1000
1 88
2 7
3 36
4 61
5 1
6 35
7 21
8 9
9 35
10 47
11 9
12 62
13 36
14 26
15 52
16 31
17 29
18 68
19 85
20 83
21 32
22 18
23 37
24 90
25 25
26 10
27 24
28 91
29 60
30 12
31 33
32 20
33 12
34 25
35 24
36 50
37 47
38 49
39 51
40 99
41 16
42 64
43 36
44 74
45 41
46 27
47 86
48 73
49 14
50 39
51 98
52 35
53 73
54 94
55 46
56 53
57 61
58 41
59 74
60 38
61 49
62 96
63 9
64 61
65 29
66 20
67 12
68 48
69 41
70 93
71 77
72 52
73 60
74 29
75 6
76 96
77 96
78 29
79 54
80 92
81 31
82 34
83 85
84 36
85 56
86 76
87 33
88 95
89 27
90 81
91 99
92 64
93 94
94 29
95 90
96 29
97 36
98 25
99 23
100 6
101 55
102 74
103 100
104 85
105 47
106 29
107 82
108 65
109 19
110 7
111 61
112 100
113 66
114 18
115 73
116 31
117 69
118 30
119 26
120 51
121 42
122 99
123 11
124 51
125 75
126 93
127 56
128 8
129 9
130 40
131 87
132 66
133 90
134 14
135 79
136 52
137 34
138 18
139 30
140 8
141 55
142 50
143 64
144 50
145 84
146 24
147 90
148 58
149 27
150 35
151 10
152 97
153 3
154 31
155 30
156 71
157 3
158 85
159 42
160 22
161 1
162 29
163 34
164 60
165 74
166 53
167 21
168 51
169 55
170 13
171 19
172 40
173 77
174 62
175 73
176 37
177 26
178 48
179 69
180 44
181 71
182 89
183 21
184 51
185 83
186 79
187 77
188 87
189 14
190 17
191 33
192 35
193 43
194 22
195 98
196 10
197 65
198 44
199 90
200 18
201 26
202 100
203 22
204 71
205 87
206 65
207 51
208 96
209 15
210 53
211 46
212 6
213 73
214 4
215 46
216 70
217 36
218 11
219 74
220 51
221 74
222 17
223 71
224 52
225 46
226 16
227 17
228 31
229 47
230 57
231 2
232 31
233 37
234 27
235 14
236 99
237 15
238 94
239 16
240 1
241 48
242 70
243 60
244 53
245 33
246 6
247 30
248 51
249 92
250 57
251 49
252 8
253 77
254 31
255 48
256 19
257 97
258 72
259 30
260 24
261 34
262 78
263 25
264 9
265 59
266 11
267 74
268 12
269 17
270 1
271 36
272 70
273 2
274 91
275 52
276 86
277 77
278 39
279 67
280 34
281 60
282 17
283 33
284 91
285 44
286 17
287 11
288 22
289 62
290 17
291 82
292 86
293 68
294 7
295 81
296 11
297 39
298 32
299 83
300 90
301 80
302 53
303 34
304 58
305 33
306 77
307 68
308 93
309 61
310 62
311 5
312 97
313 27
314 55
315 58
316 26
317 25
318 51
319 58
320 88
321 86
322 44
323 18
324 2
325 17
326 61
327 46
328 35
329 4
330 38
331 27
332 5
333 18
334 34
335 87
336 63
337 73
338 53
339 56
340 55
341 68
342 49
343 47
344 62
345 59
346 100
347 62
348 29
349 99
350 23
351 42
352 86
353 89
354 11
355 89
356 47
357 80
358 73
359 48
360 23
361 57
362 39
363 94
364 16
365 73
366 43
367 23
368 23
369 34
370 11
371 67
372 43
373 11
374 91
375 47
376 87
377 98
378 47
379 83
380 5
381 72
382 40
383 69
384 22
385 74
386 43
387 48
388 87
389 81
390 89
391 67
392 55
393 81
394 16
395 74
396 75
397 16
398 93
399 24
400 17
401 5
402 8
403 56
404 19
405 28
406 93
407 14
408 75
409 67
410 57
411 64
412 52
413 78
414 24
415 98
416 46
417 17
418 29
419 50
420 80
421 75
422 75
423 39
424 54
425 37
426 10
427 62
428 25
429 44
430 14
431 27
432 63
433 54
434 65
435 80
436 35
437 88
438 76
439 7
440 68
441 64
442 56
443 52
444 57
445 78
446 13
447 40
448 48
449 76
450 24
451 54
452 74
453 44
454 8
455 52
456 80
457 64
458 31
459 56
460 98
461 84
462 52
463 18
464 21
465 26
466 72
467 99
468 34
469 87
470 77
471 42
472 47
473 67
474 37
475 95
476 98
477 65
478 59
479 60
480 57
481 86
482 49
483 23
484 6
485 98
486 84
487 45
488 37
489 77
490 55
491 55
492 18
493 91
494 69
495 40
496 92
497 45
498 81
499 78
500 50
501 49
502 49
503 86
504 36
505 32
506 57
507 45
508 45
509 57
510 33
511 76
512 44
513 59
514 92
515 23
516 6
517 74
518 13
519 14
520 68
521 72
522 21
523 63
524 99
525 47
526 40
527 88
528 17
529 13
530 13
531 84
532 8
533 26
534 60
535 60
536 99
537 94
538 39
539 58
540 55
541 100
542 19
543 60
544 21
545 85
546 3
547 21
548 93
549 40
550 21
551 4
552 57
553 21
554 35
555 88
556 46
557 64
558 58
559 8
560 78
561 10
562 52
563 86
564 21
565 99
566 94
567 35
568 40
569 63
570 73
571 91
572 81
573 69
574 16
575 37
576 39
577 36
578 1
579 89
580 78
581 90
582 50
583 16
584 29
585 76
586 70
587 39
588 54
589 80
590 32
591 3
592 96
593 93
594 49
595 57
596 96
597 75
598 50
599 41
600 3
601 30
602 12
603 6
604 61
605 67
606 41
607 82
608 92
609 56
610 69
611 2
612 61
613 47
614 56
615 3
616 49
617 67
618 62
619 29
620 8
621 63
622 85
623 26
624 35
625 1
626 20
627 75
628 28
629 93
630 44
631 55
632 75
633 64
634 77
635 69
636 28
637 26
638 26
639 28
640 11
641 72
642 57
643 38
644 33
645 60
646 14
647 72
648 23
649 100
650 15
651 74
652 86
653 7
654 56
655 84
656 98
657 46
658 47
659 18
660 5
661 16
662 6
663 12
664 81
665 11
666 54
667 46
668 3
669 5
670 16
671 57
672 73
673 88
674 79
675 77
676 77
677 10
678 10
679 82
680 97
681 60
682 98
683 94
684 55
685 36
686 1
687 37
688 29
689 21
690 77
691 69
692 3
693 37
694 82
695 97
696 89
697 95
698 94
699 8
700 98
701 91
702 76
703 7
704 89
705 84
706 15
707 5
708 66
709 2
710 50
711 45
712 59
713 12
714 43
715 11
716 73
717 2
718 89
719 100
720 14
721 96
722 24
723 14
724 91
725 78
726 34
727 49
728 5
729 19
730 13
731 29
732 18
733 100
734 83
735 67
736 17
737 20
738 11
739 7
740 62
741 72
742 53
743 28
744 36
745 97
746 52
747 50
748 87
749 84
750 7
751 37
752 77
753 22
754 66
755 41
756 27
757 87
758 40
759 62
760 79
761 64
762 96
763 87
764 56
765 76
766 31
767 81
768 51
769 35
770 78
771 75
772 19
773 83
774 54
775 50
776 97
777 36
778 89
779 40
780 38
781 90
782 56
783 70
784 85
785 24
786 48
787 42
788 61
789 42
790 93
791 79
792 98
793 89
794 89
795 61
796 95
797 90
798 30
799 45
800 28
801 44
802 95
803 2
804 83
805 27
806 5
807 81
808 50
809 25
810 86
811 13
812 54
813 55
814 55
815 71
816 45
817 7
818 79
819 13
820 33
821 49
822 2
823 100
824 92
825 31
826 8
827 35
828 12
829 42
830 5
831 8
832 25
833 41
834 4
835 85
836 88
837 23
838 72
839 49
840 46
841 41
842 39
843 4
844 56
845 45
846 36
847 66
848 2
849 55
850 35
851 51
852 72
853 40
854 91
855 76
856 31
857 4
858 30
859 96
860 72
861 60
862 97
863 72
864 60
865 99
866 12
867 23
868 61
869 19
870 37
871 29
872 74
873 39
874 11
875 50
876 56
877 50
878 47
879 33
880 47
881 29
882 58
883 58
884 100
885 77
886 1
887 13
888 25
889 3
890 3
891 32
892 31
893 1
894 63
895 94
896 90
897 67
898 95
899 19
900 16
901 90
902 99
903 55
904 66
905 50
906 30
907 93
908 54
909 91
910 54
911 5
912 6
913 67
914 54
915 38
916 29
917 51
918 87
919 68
920 26
921 98
922 35
923 37
924 35
925 49
926 74
927 82
928 15
929 75
930 91
931 79
932 63
933 40
934 71
935 10
936 93
937 86
938 89
939 78
940 44
941 17
942 35
943 68
944 50
945 89
946 96
947 99
948 61
949 79
950 20
951 52
952 26
953 40
954 4
955 6
956 23
957 15
958 19
959 97
960 73
961 28
962 7
963 13
964 98
965 1
966 81
967 33
968 67
969 34
970 47
971 51
972 7
973 3
974 87
975 59
976 87
977 89
978 22
979 52
980 89
981 7
982 87
983 29
984 56
985 55
986 52
987 39
988 23
989 42
990 100
991 56
992 46
993 12
994 13
995 31
996 9
997 33
998 75
999 14
1000 41
