1000
1 68
2 82
3 59
4 82
5 66
6 76
7 42
8 61
9 90
10 75
11 57
12 84
13 88
14 48
15 26
16 67
17 28
18 3
19 22
20 31
21 63
22 68
23 60
24 99
25 71
26 23
27 94
28 68
29 43
30 13
31 6
32 97
33 23
34 72
35 35
36 93
37 80
38 79
39 29
40 7
41 21
42 87
43 68
44 35
45 5
46 34
47 43
48 40
49 82
50 87
51 33
52 82
53 25
54 28
55 74
56 81
57 52
58 18
59 53
60 83
61 33
62 71
63 32
64 75
65 68
66 57
67 18
68 7
69 26
70 70
71 100
72 63
73 39
74 85
75 72
76 61
77 40
78 30
79 33
80 87
81 33
82 14
83 23
84 81
85 94
86 15
87 64
88 56
89 80
90 85
91 59
92 76
93 51
94 74
95 35
96 75
97 86
98 23
99 77
100 37
101 85
102 32
103 29
104 33
105 58
106 57
107 26
108 12
109 68
110 36
111 19
112 63
113 50
114 100
115 63
116 38
117 64
118 71
119 31
120 51
121 6
122 95
123 20
124 40
125 35
126 31
127 17
128 18
129 32
130 20
131 85
132 90
133 65
134 65
135 42
136 62
137 67
138 59
139 91
140 29
141 94
142 69
143 79
144 58
145 79
146 31
147 27
148 54
149 57
150 53
151 28
152 29
153 59
154 87
155 50
156 62
157 53
158 66
159 32
160 68
161 44
162 65
163 19
164 61
165 3
166 84
167 18
168 35
169 35
170 10
171 34
172 44
173 46
174 59
175 44
176 7
177 46
178 54
179 94
180 21
181 25
182 35
183 62
184 97
185 47
186 63
187 65
188 18
189 99
190 17
191 87
192 28
193 35
194 39
195 58
196 37
197 64
198 19
199 92
200 78
201 8
202 96
203 20
204 78
205 86
206 54
207 98
208 83
209 54
210 85
211 44
212 20
213 46
214 4
215 91
216 1
217 55
218 91
219 84
220 76
221 98
222 41
223 42
224 42
225 99
226 90
227 84
228 97
229 41
230 17
231 48
232 59
233 10
234 68
235 21
236 43
237 1
238 17
239 77
240 1
241 85
242 3
243 62
244 25
245 27
246 65
247 28
248 29
249 46
250 6
251 30
252 94
253 1
254 6
255 11
256 96
257 6
258 31
259 84
260 6
261 54
262 40
263 27
264 85
265 45
266 44
267 12
268 44
269 5
270 25
271 70
272 15
273 99
274 55
275 35
276 98
277 3
278 37
279 40
280 8
281 63
282 7
283 28
284 19
285 87
286 99
287 60
288 14
289 5
290 40
291 46
292 25
293 53
294 65
295 20
296 3
297 93
298 7
299 68
300 73
301 43
302 73
303 23
304 22
305 33
306 52
307 53
308 94
309 38
310 57
311 44
312 7
313 25
314 61
315 7
316 92
317 64
318 23
319 8
320 62
321 22
322 63
323 62
324 3
325 15
326 85
327 73
328 3
329 12
330 3
331 71
332 15
333 87
334 70
335 29
336 58
337 4
338 71
339 10
340 57
341 22
342 74
343 14
344 34
345 30
346 97
347 98
348 41
349 67
350 94
351 29
352 48
353 63
354 9
355 27
356 79
357 45
358 10
359 84
360 14
361 41
362 48
363 3
364 45
365 36
366 42
367 40
368 99
369 5
370 56
371 1
372 22
373 76
374 56
375 73
376 40
377 54
378 14
379 36
380 88
381 62
382 45
383 49
384 18
385 11
386 53
387 39
388 83
389 77
390 64
391 5
392 6
393 93
394 21
395 51
396 29
397 18
398 29
399 57
400 64
401 8
402 14
403 28
404 15
405 46
406 85
407 1
408 14
409 52
410 73
411 60
412 42
413 40
414 26
415 46
416 61
417 27
418 37
419 100
420 38
421 73
422 86
423 42
424 89
425 63
426 66
427 5
428 24
429 91
430 88
431 36
432 11
433 65
434 20
435 93
436 53
437 9
438 59
439 29
440 88
441 56
442 2
443 11
444 7
445 21
446 100
447 52
448 5
449 50
450 68
451 14
452 54
453 22
454 33
455 51
456 15
457 22
458 95
459 57
460 75
461 37
462 91
463 85
464 38
465 3
466 12
467 1
468 42
469 68
470 90
471 41
472 32
473 76
474 94
475 32
476 73
477 54
478 48
479 54
480 19
481 98
482 18
483 88
484 35
485 43
486 75
487 44
488 75
489 20
490 85
491 3
492 20
493 69
494 26
495 67
496 85
497 29
498 98
499 62
500 81
501 55
502 9
503 75
504 60
505 1
506 10
507 71
508 23
509 15
510 64
511 88
512 13
513 67
514 26
515 33
516 72
517 81
518 1
519 85
520 2
521 83
522 76
523 42
524 88
525 29
526 96
527 96
528 32
529 27
530 47
531 89
532 57
533 30
534 60
535 21
536 23
537 98
538 73
539 80
540 32
541 9
542 61
543 48
544 37
545 30
546 94
547 63
548 50
549 10
550 11
551 91
552 69
553 18
554 78
555 76
556 98
557 84
558 20
559 41
560 100
561 61
562 96
563 96
564 49
565 82
566 4
567 24
568 16
569 11
570 74
571 10
572 63
573 68
574 64
575 77
576 83
577 39
578 93
579 95
580 43
581 33
582 25
583 34
584 89
585 9
586 62
587 11
588 58
589 31
590 32
591 23
592 50
593 72
594 48
595 2
596 28
597 27
598 16
599 81
600 72
601 64
602 70
603 20
604 72
605 54
606 17
607 74
608 81
609 24
610 58
611 49
612 16
613 80
614 77
615 36
616 18
617 17
618 68
619 54
620 69
621 96
622 83
623 16
624 84
625 77
626 69
627 28
628 53
629 10
630 88
631 41
632 65
633 57
634 81
635 68
636 2
637 55
638 77
639 88
640 5
641 94
642 88
643 48
644 24
645 9
646 15
647 73
648 49
649 84
650 1
651 17
652 21
653 31
654 39
655 47
656 45
657 76
658 94
659 100
660 74
661 2
662 27
663 8
664 12
665 70
666 96
667 19
668 91
669 88
670 18
671 25
672 68
673 34
674 51
675 19
676 14
677 8
678 5
679 77
680 19
681 27
682 30
683 15
684 97
685 18
686 81
687 97
688 16
689 43
690 21
691 45
692 35
693 5
694 56
695 38
696 68
697 61
698 68
699 37
700 64
701 99
702 29
703 41
704 22
705 9
706 78
707 90
708 22
709 91
710 27
711 30
712 3
713 42
714 92
715 66
716 66
717 65
718 7
719 1
720 20
721 31
722 16
723 95
724 65
725 47
726 15
727 41
728 29
729 63
730 14
731 94
732 40
733 61
734 16
735 47
736 62
737 61
738 66
739 95
740 75
741 1
742 79
743 67
744 19
745 4
746 87
747 89
748 93
749 11
750 28
751 44
752 23
753 72
754 7
755 82
756 89
757 86
758 56
759 79
760 33
761 92
762 19
763 59
764 25
765 76
766 97
767 6
768 23
769 12
770 79
771 68
772 92
773 8
774 70
775 79
776 24
777 67
778 83
779 10
780 31
781 21
782 73
783 66
784 30
785 75
786 93
787 45
788 20
789 6
790 49
791 68
792 57
793 39
794 33
795 11
796 19
797 73
798 11
799 35
800 80
801 59
802 46
803 50
804 80
805 13
806 31
807 7
808 16
809 60
810 12
811 55
812 22
813 88
814 87
815 62
816 85
817 29
818 33
819 24
820 61
821 21
822 81
823 77
824 20
825 74
826 71
827 26
828 10
829 10
830 9
831 2
832 49
833 80
834 60
835 81
836 41
837 42
838 3
839 46
840 34
841 92
842 74
843 55
844 2
845 34
846 29
847 76
848 76
849 100
850 55
851 62
852 7
853 72
854 51
855 28
856 81
857 45
858 15
859 87
860 78
861 72
862 57
863 32
864 87
865 30
866 82
867 7
868 62
869 51
870 45
871 46
872 56
873 51
874 30
875 42
876 95
877 10
878 73
879 9
880 29
881 31
882 53
883 7
884 43
885 29
886 77
887 96
888 39
889 77
890 10
891 78
892 94
893 74
894 39
895 99
896 91
897 42
898 38
899 75
900 25
901 24
902 31
903 8
904 4
905 2
906 12
907 53
908 18
909 93
910 12
911 12
912 13
913 45
914 83
915 7
916 44
917 88
918 91
919 10
920 35
921 76
922 71
923 88
924 19
925 59
926 55
927 34
928 100
929 27
930 18
931 38
932 1
933 71
934 53
935 87
936 37
937 87
938 14
939 28
940 75
941 90
942 51
943 92
944 34
945 42
946 71
947 15
948 79
949 77
950 41
951 50
952 49
953 23
954 73
955 8
956 3
957 95
958 17
959 18
960 90
961 74
962 80
963 50
964 52
965 32
966 15
967 91
968 57
969 29
970 97
971 10
972 66
973 34
974 12
975 7
976 43
977 100
978 6
979 88
980 3
981 48
982 89
983 51
984 4
985 78
986 62
987 32
988 90
989 82
990 56
991 85
992 83
993 51
994 46
995 68
996 30
997 77
998 39
999 81
1000 5
