200
1 80 3 5 7 8 9 11 12 13 14 17 18 19 21 25 26 27 29 32 35 38 39 42 43 46 48 50 52 53 55 58 59 60 61 63 64 65 66 68 69 70 72 73 74 76 77 78 79 81 82 83 84 86 87 90 92 93 94 97 100 102 103 104 105 109 112 113 114 115 118 120 122 123 124 125 127 131 133 134 135 136 140 141 142 145 146 147 148 149 150 152 153 154 159 161 164 166 167 169 170 171 173 174 176 178 179 181 182 183 185 186 188 190 196 197 199 200
2 84 3 4 5 6 7 8 10 11 13 14 15 16 17 18 19 20 21 22 24 25 26 27 28 30 31 32 34 35 36 37 40 41 42 43 44 46 47 49 50 52 53 54 56 57 58 59 60 61 62 63 64 65 67 75 77 78 79 80 82 85 86 87 90 92 93 94 97 98 99 100 101 103 105 106 107 108 111 114 115 116 121 123 125 126 127 128 129 130 131 132 133 134 136 137 139 140 141 142 144 145 146 148 149 153 155 157 158 163 164 166 167 169 171 174 177 178 180 182 183 184 185 186 188 190 194 195 196 197 198 200
3 63 5 8 9 10 11 12 13 15 17 19 22 25 27 28 30 36 37 38 40 42 45 46 48 49 50 52 53 54 55 58 62 63 64 68 69 70 72 73 75 76 77 78 81 82 84 85 87 88 89 90 94 95 96 98 99 101 102 103 104 105 106 107 109 110 111 117 119 122 123 126 128 130 131 132 134 137 138 139 141 142 144 150 151 152 157 161 162 163 166 167 168 170 171 172 173 175 177 179 181 183 185 187 188 189 191 193 195 196 198 199
4 71 5 6 7 8 10 12 13 14 17 19 20 22 24 25 28 30 31 33 34 35 36 39 40 42 44 45 46 47 48 49 51 53 54 57 58 62 63 64 66 67 68 70 71 72 73 74 77 79 80 84 85 86 88 90 96 99 100 102 103 104 106 109 111 114 115 116 117 119 122 123 126 129 130 131 133 137 138 140 141 144 148 149 150 151 152 153 155 156 157 158 161 162 164 165 168 169 173 174 175 176 179 182 183 185 186 188 189 192 193 197 198 199 200
5 61 7 9 10 11 13 14 16 18 19 20 22 27 28 30 31 32 33 34 35 36 39 41 42 43 44 45 46 48 49 50 53 55 56 57 58 61 62 64 65 66 69 72 73 74 75 76 77 80 81 83 84 86 88 89 90 91 97 99 101 102 103 104 105 106 108 109 110 111 112 113 114 116 117 118 122 124 125 126 127 128 133 134 135 136 140 141 143 144 145 146 150 152 156 158 159 160 161 162 163 164 168 169 170 172 174 175 177 179 180 181 182 183 184 186 188 189 190 191 192 194 200
6 75 8 9 11 12 13 14 16 17 18 19 20 21 22 24 26 29 30 32 33 34 39 40 41 42 43 44 46 49 53 54 55 56 57 59 62 63 64 66 67 69 74 75 76 77 78 79 80 82 84 85 88 89 90 91 92 93 95 97 98 100 101 103 105 107 108 110 111 112 113 116 118 120 121 123 125 127 128 129 130 131 134 135 136 137 138 140 141 144 147 150 151 153 154 155 156 157 160 162 165 169 170 171 174 176 177 178 183 184 185 186 187 188 189 190 191 193 194 196 197 198 199 200
7 86 8 10 14 16 19 20 21 22 23 26 28 30 31 32 33 34 42 43 44 45 47 55 59 62 64 65 66 68 69 71 72 73 75 76 77 78 79 80 81 83 84 86 87 88 89 90 91 94 97 98 99 100 101 102 105 106 108 109 110 112 113 114 115 116 118 119 123 124 125 127 130 132 133 134 135 139 140 141 142 144 147 148 150 152 154 155 157 159 161 162 163 164 166 169 170 171 175 176 179 180 181 184 186 188 189 190 191 194 196 198 199 200
8 56 11 14 15 16 18 20 21 22 23 24 26 27 29 30 31 32 33 35 36 37 38 39 40 42 43 49 51 52 53 54 56 58 59 60 63 64 66 69 71 72 73 76 77 79 80 81 82 85 86 87 88 89 91 92 93 94 96 98 99 101 102 103 104 106 107 109 110 112 113 114 116 121 123 125 128 130 133 135 136 137 140 141 143 146 148 149 150 151 152 156 157 158 160 163 164 165 166 168 171 173 175 176 177 180 181 183 185 187 190 193 194 195 196 197 200
9 89 11 13 14 18 19 20 21 22 23 24 25 28 29 30 31 33 34 35 39 41 42 44 45 47 48 50 51 53 54 55 56 57 58 59 60 61 64 65 66 68 70 71 72 74 75 76 77 78 80 81 82 85 88 89 93 96 97 100 101 102 103 106 107 110 112 113 114 115 116 117 118 120 121 122 123 124 125 127 128 130 133 134 137 138 139 141 143 144 145 147 148 149 150 151 153 154 156 157 162 164 165 166 170 173 175 176 177 178 180 181 182 183 184 185 188 189 190 192 194 197 199 200
10 75 13 15 16 17 18 19 23 27 28 29 30 31 33 34 38 39 42 44 45 48 49 50 51 52 53 54 57 59 60 66 70 71 72 74 75 76 78 79 80 81 82 83 85 86 87 88 90 91 92 93 95 96 97 99 100 103 108 109 110 111 114 115 116 118 121 122 123 124 125 126 127 128 130 132 134 135 137 138 142 143 144 147 148 149 150 151 152 154 155 156 157 160 163 164 165 167 169 172 173 175 176 179 180 181 182 184 186 189 193 195 196 197
11 100 12 14 17 18 20 21 22 23 26 27 28 29 30 31 32 33 35 37 38 39 41 43 44 46 49 50 54 55 57 58 60 65 66 68 69 70 71 72 73 76 77 78 79 80 82 84 85 86 87 88 90 92 93 94 96 101 102 103 107 108 110 112 113 114 115 117 119 120 122 123 124 125 126 127 128 129 130 131 134 136 138 140 141 143 144 146 148 149 151 152 154 155 156 159 161 163 164 165 166 167 169 170 171 173 174 175 177 178 179 182 183 185 187 189 193 194 196 197 199 200
12 58 13 14 15 16 18 19 20 21 25 27 29 30 31 32 34 35 36 37 38 40 41 42 45 46 48 52 53 56 57 59 60 63 64 65 66 69 71 72 74 79 80 81 82 83 85 86 87 89 90 91 95 97 98 99 100 101 102 104 105 106 107 109 111 112 115 116 117 118 119 120 124 125 126 129 130 131 132 133 134 138 139 140 142 144 145 147 151 152 154 155 157 158 161 162 165 166 167 168 169 174 176 178 180 181 182 183 184 187 188 189 190 191 192 195 198 199 200
13 55 15 16 18 22 23 24 26 27 28 29 30 31 32 33 34 35 36 38 39 41 43 44 45 48 50 53 54 56 57 59 60 61 62 63 64 65 66 68 69 71 73 75 77 78 80 81 89 90 91 93 95 96 97 98 99 100 101 105 109 110 111 112 113 114 116 118 120 121 122 123 124 126 127 130 132 133 134 135 136 137 138 141 145 146 147 148 151 152 153 154 155 156 158 159 161 162 165 167 168 169 171 172 174 176 177 178 181 184 185 186 190 191 192 193 194 196 197 198
14 95 15 16 17 18 19 21 22 23 25 26 27 28 29 31 32 33 36 42 43 46 47 50 52 53 54 56 57 58 59 60 61 62 66 67 68 71 73 75 77 78 79 81 82 83 84 89 90 91 92 93 94 96 97 101 104 106 107 108 114 115 117 119 123 124 125 126 127 130 132 133 135 136 137 138 142 144 145 150 152 153 154 155 156 157 161 163 164 165 167 168 169 170 171 172 173 174 177 179 181 182 183 184 186 189 191 192 195 196 198 200
15 57 16 17 19 20 24 25 27 28 29 35 36 37 38 39 40 42 43 45 46 48 50 51 53 57 59 61 62 63 64 65 66 67 68 69 70 72 75 76 77 78 79 80 81 82 83 84 85 86 87 88 91 92 93 94 95 96 97 99 100 101 102 103 104 105 106 109 110 111 113 114 115 116 117 118 123 126 127 130 133 135 137 138 140 141 142 143 145 148 149 150 152 156 157 160 161 162 164 165 169 170 171 172 173 174 175 176 177 178 179 181 183 184 186 187 188 189 190 191 192 193 195 200
16 83 17 18 19 22 24 25 26 27 29 31 32 33 35 36 38 40 41 43 44 45 48 49 50 52 54 56 57 59 60 63 64 67 68 70 74 75 76 78 79 81 85 86 87 88 90 93 95 97 98 99 100 101 102 103 104 105 107 108 109 110 111 112 113 114 117 119 122 123 124 127 129 132 133 135 136 138 139 142 144 147 148 149 150 151 153 154 156 159 161 163 165 166 167 170 172 176 178 179 180 181 182 183 184 185 189 190 193 194 197 199 200
17 82 19 20 22 24 25 26 27 28 29 31 32 36 38 41 44 45 47 49 51 53 54 56 60 62 63 64 65 66 67 69 70 71 74 77 78 79 80 81 83 86 87 88 90 91 94 95 96 98 99 101 102 104 105 106 107 108 110 111 112 114 116 117 118 119 120 122 124 125 127 128 133 134 136 137 144 145 147 148 149 150 152 154 155 156 160 161 168 171 172 173 174 175 178 179 180 183 187 189 191 192 194 195 196 197
18 89 20 21 22 23 24 26 28 29 30 31 32 33 34 35 36 37 38 39 40 41 42 43 48 51 52 53 54 55 56 58 61 65 68 70 72 74 77 79 81 83 85 86 90 91 92 95 96 97 98 100 101 102 105 106 107 110 111 112 114 115 116 118 119 122 124 125 129 130 133 134 135 136 138 139 140 141 142 144 145 146 148 149 152 154 155 157 158 162 163 164 165 166 168 172 173 177 179 181 185 186 188 190 192 194 195 196 197 198 199 200
19 88 21 23 24 28 29 30 31 32 33 38 44 47 48 50 52 54 55 58 60 61 63 64 68 69 70 71 73 76 78 79 80 81 82 83 84 85 86 89 90 91 93 97 98 99 100 101 103 105 107 108 109 110 113 116 118 119 120 121 123 124 126 127 128 129 130 132 134 135 137 138 140 141 143 144 145 146 148 150 151 158 161 162 163 167 169 170 171 172 174 176 177 179 181 182 183 184 185 186 187 188 190 194 195 196 197 198 199 200
20 100 21 22 24 26 28 30 31 32 33 34 36 38 39 42 43 45 47 48 52 53 54 55 56 57 58 59 60 62 63 64 65 66 69 73 76 78 79 80 81 84 89 90 92 94 95 96 97 102 103 104 106 109 110 113 115 116 120 121 122 123 124 126 128 129 132 133 136 138 139 141 143 146 147 148 149 150 152 157 158 159 160 162 165 166 167 168 169 170 171 172 173 174 175 176 178 179 180 181 185 189 190 192 194 195 197 200
21 62 22 24 25 26 27 28 29 33 34 35 38 39 42 43 45 47 48 52 54 57 58 61 62 64 66 69 70 71 72 73 75 76 77 78 80 81 85 86 88 89 90 93 94 98 99 100 101 105 106 107 108 110 111 112 113 115 117 118 120 121 122 123 125 126 127 129 132 133 135 136 138 140 141 142 143 144 145 146 147 151 154 155 156 157 159 160 163 164 165 168 171 175 177 179 180 183 184 185 187 188 189 191 192 193 194 195 196 197 199 200
22 85 25 27 28 29 33 35 36 39 40 42 43 44 45 46 47 48 50 53 54 55 56 57 58 61 62 64 66 67 68 69 70 71 72 75 77 79 80 81 82 85 86 90 92 93 94 95 97 98 101 102 104 109 110 112 113 116 117 118 119 120 123 126 127 129 130 131 132 134 135 136 138 140 141 142 145 147 149 150 152 153 154 155 157 159 163 164 166 168 169 170 171 172 173 174 178 179 181 183 184 185 186 187 188 189 190 191 192 193 194 196 197
23 54 24 25 26 27 29 30 31 34 36 39 40 45 47 48 50 51 55 56 57 59 61 63 66 68 69 71 73 76 77 84 86 88 89 90 91 92 94 95 98 100 101 102 103 105 108 109 110 113 114 115 116 117 118 119 120 122 124 127 128 129 131 132 133 134 135 136 137 138 139 140 141 142 144 145 146 148 149 150 151 152 153 156 158 160 162 163 164 165 166 168 171 174 175 177 178 179 180 181 182 183 184 186 189 192 193 194 196 197
24 50 25 27 29 30 32 34 35 37 38 40 42 45 48 51 55 60 61 63 64 65 66 68 70 71 72 73 74 75 77 80 82 84 85 87 88 89 91 92 97 98 99 100 101 102 103 104 105 106 110 114 116 118 119 122 125 126 129 131 132 133 134 137 139 141 143 146 147 148 150 153 154 155 157 158 160 161 162 163 164 165 167 169 172 174 175 176 179 180 183 184 186 187 188 189 191 192 194 195 197 199
25 54 27 28 29 30 31 33 34 35 37 40 45 46 47 50 51 53 54 56 57 60 62 63 64 67 68 70 71 73 74 75 76 77 79 80 82 85 86 88 89 91 92 93 94 96 97 98 99 101 103 110 111 115 117 120 121 123 124 127 128 129 130 132 134 135 137 138 139 141 142 147 148 150 151 152 153 154 156 157 158 160 161 164 165 167 168 174 175 183 187 190 194 197 198 200
26 92 27 28 30 32 33 35 38 42 44 45 46 49 51 53 54 57 58 63 65 66 67 70 71 73 74 76 81 83 84 87 89 90 92 93 94 95 97 102 107 108 110 112 113 114 115 117 120 122 123 125 126 127 128 129 131 133 134 135 136 138 145 146 149 150 154 155 158 160 161 162 164 165 168 169 172 174 175 176 178 179 180 181 182 184 187 188 189 190 191 193 195 196 198 200
27 98 29 30 33 38 40 44 45 46 47 53 54 55 56 57 58 59 60 61 62 63 65 67 68 69 70 71 72 73 74 76 78 79 80 81 82 84 88 89 91 93 94 95 96 98 103 105 106 107 109 111 112 122 124 125 128 129 130 131 132 133 134 135 136 137 140 143 144 145 147 148 149 151 152 154 155 157 159 161 162 164 168 171 176 179 180 182 183 184 185 190 192 193 196 197 200
28 54 30 34 35 36 37 38 39 40 42 43 47 48 49 50 51 53 55 56 57 58 59 60 61 63 64 67 71 75 76 78 79 81 82 83 84 85 87 89 90 92 93 94 95 98 99 101 103 104 105 107 108 109 110 112 113 114 115 116 117 118 121 122 125 127 128 130 131 133 139 144 147 148 149 150 151 153 156 157 158 159 160 161 163 164 165 166 168 169 172 176 177 179 181 182 183 184 185 188 191 192 194 195 196 198
29 53 31 32 33 34 35 37 38 39 40 41 42 43 44 45 47 48 49 50 51 54 56 57 58 60 61 62 64 65 68 71 74 75 76 77 78 80 81 82 85 86 88 91 96 97 98 100 103 104 106 109 113 114 115 116 118 122 123 124 125 126 127 129 131 134 135 138 139 140 142 143 145 148 149 153 155 159 160 162 163 164 165 166 167 168 171 172 175 176 178 179 180 182 184 186 188 190 192 193 194 195 196 197
30 75 31 32 33 34 38 39 44 45 46 48 51 52 53 54 55 57 58 59 62 63 65 67 72 73 74 76 78 79 82 83 84 85 86 87 88 89 90 91 92 93 94 95 96 97 102 103 104 105 106 107 109 110 112 113 115 116 117 118 119 120 121 122 123 124 126 127 128 129 130 131 132 134 136 137 138 139 140 145 147 148 151 152 153 155 156 159 160 161 162 164 166 167 169 170 172 174 175 176 177 178 179 181 182 183 185 186 187 188 190 191 192 193 194 195 196 197 199
31 95 32 33 34 35 36 40 42 44 45 46 47 50 51 53 55 58 59 60 63 64 65 68 70 72 76 77 78 79 81 82 85 87 88 89 90 94 95 96 97 98 101 102 104 106 107 108 109 111 118 119 120 122 123 124 125 127 128 129 131 132 133 136 140 141 142 143 144 145 146 147 148 149 151 152 153 156 157 158 159 160 161 162 164 165 166 167 168 169 170 171 172 174 175 177 178 181 182 183 184 187 189 192 193 196 197 200
32 54 33 35 36 37 38 39 41 42 43 44 45 46 47 49 52 54 56 57 59 60 61 62 63 64 68 70 72 73 74 76 77 79 80 81 82 83 84 86 87 89 90 92 95 98 100 102 103 104 105 106 108 109 111 113 115 116 117 118 119 120 121 123 124 126 127 128 129 131 134 135 136 137 138 141 143 144 145 147 148 149 150 154 156 158 159 160 161 163 164 166 167 168 169 170 172 173 174 176 177 178 179 181 182 183 184 185 187 190 192 195 196 198 199 200
33 85 34 35 37 38 39 40 41 42 43 44 45 46 48 49 50 51 52 55 57 58 60 62 63 64 65 66 67 69 70 72 73 74 76 80 81 83 86 88 90 91 92 94 97 99 101 102 104 105 106 110 111 112 113 114 115 117 118 119 121 123 124 125 127 128 131 132 134 135 136 138 139 142 144 146 150 152 153 154 155 157 159 160 163 164 165 166 167 168 169 170 171 172 173 174 176 178 179 181 183 184 186 187 188 189 190 191 192 193 194 196 198 199 200
34 97 35 36 37 38 39 42 43 45 47 49 53 54 57 58 59 62 63 64 65 68 70 71 72 73 74 77 78 81 83 84 85 86 88 90 91 94 96 97 103 104 106 107 108 110 115 116 117 118 120 121 122 123 124 126 135 136 137 138 139 140 141 143 148 150 153 154 158 160 161 163 164 167 172 173 175 176 177 178 179 180 181 182 183 185 187 188 190 191 192 193 197 198 199
35 76 36 37 38 41 42 43 44 46 47 48 49 50 52 53 54 56 57 59 61 63 67 68 69 71 73 74 76 78 79 80 81 84 85 87 89 91 92 93 94 95 96 97 99 102 106 107 108 109 112 113 114 115 117 118 119 120 121 122 123 124 125 128 129 130 131 133 135 138 139 141 144 147 148 155 157 159 161 162 163 165 167 170 172 173 174 175 179 180 181 183 184 185 186 188 189 190 191 192 193 194 195 196 197 198 199
36 52 37 38 39 40 41 42 43 44 48 49 50 52 54 57 60 64 67 68 70 72 73 77 78 79 81 82 83 84 85 86 88 89 90 91 92 93 95 96 97 98 99 100 102 107 109 113 114 115 116 117 118 119 121 122 123 124 125 127 128 130 131 132 133 135 136 139 142 143 146 147 148 149 150 153 154 155 156 159 160 162 163 164 165 166 168 171 172 173 175 176 177 181 183 184 186 187 190 192 197 199 200
37 73 39 43 44 46 48 49 50 51 52 53 54 56 59 63 65 66 68 69 70 71 74 76 78 82 83 84 85 86 87 88 89 91 92 93 94 95 97 98 99 101 102 108 109 111 112 115 116 117 120 121 122 123 125 126 127 129 130 131 132 133 136 137 138 140 141 143 144 147 150 152 154 157 158 163 166 168 169 170 172 174 176 181 182 183 184 186 189 190 191 192 193 195
38 91 39 41 42 43 44 45 47 49 50 51 53 57 58 59 62 63 64 65 68 69 70 71 72 73 74 76 77 78 79 82 83 84 85 86 88 89 90 92 93 94 95 96 97 98 99 104 105 106 107 108 109 110 112 113 114 117 119 121 122 123 126 127 128 129 130 131 135 137 139 140 141 143 144 147 151 152 155 156 158 161 162 163 164 165 166 167 169 171 172 173 174 176 178 179 180 182 183 185 187 189 190 192 196 199
39 77 40 42 43 47 49 50 51 53 54 57 60 62 63 64 65 67 69 71 72 73 75 76 77 82 83 84 85 90 93 94 95 96 97 98 100 102 104 107 109 111 113 114 115 116 120 121 122 123 124 126 127 128 131 132 134 135 138 139 140 141 143 144 145 147 150 151 153 154 155 157 158 159 160 164 166 170 171 172 173 174 178 180 182 184 185 186 188 190 191 193 195 196 198 200
40 92 48 52 53 54 55 56 57 59 61 62 63 64 65 66 67 68 69 72 73 75 76 77 79 81 83 84 85 86 91 92 94 95 96 98 99 101 103 104 105 106 108 110 117 118 119 120 122 123 125 126 127 128 129 131 133 134 136 137 139 140 141 142 143 145 147 149 150 152 153 155 160 161 163 164 165 166 167 168 170 171 172 173 174 175 176 178 181 182 183 184 185 186 188 189 190 192 193 194 195 197 198 200
41 82 42 43 45 46 51 52 53 54 56 57 58 59 61 63 64 65 66 67 71 72 74 78 80 81 83 84 85 86 87 88 89 90 91 92 94 96 98 103 104 107 108 110 114 116 118 121 122 123 125 126 130 132 133 134 137 139 140 142 143 145 146 151 152 155 156 157 158 160 161 164 166 167 168 169 172 174 175 176 178 179 181 182 183 184 185 186 187 189 191 192 193 195 197 198 200
42 86 43 45 46 47 48 49 50 53 56 58 59 60 61 63 68 69 71 72 75 76 77 78 82 84 85 86 88 91 92 94 96 97 99 100 101 102 103 105 107 108 112 113 114 115 116 117 118 119 120 121 124 125 127 129 130 133 134 136 137 139 142 143 144 145 146 147 150 151 152 156 158 161 164 165 166 167 169 171 172 173 174 175 177 178 179 181 183 185 186 188 189 192 196 198 199
43 52 48 49 50 51 53 54 57 58 61 62 63 64 66 67 68 69 70 71 72 73 74 75 76 77 79 80 81 83 84 86 90 91 92 94 95 96 97 99 100 102 105 106 108 109 110 111 112 113 115 118 120 121 122 123 124 126 129 130 131 132 133 134 135 137 138 139 140 141 143 145 147 148 150 151 152 154 155 156 162 163 168 174 175 176 177 178 179 181 182 183 184 186 187 188 189 191 192 193 194 195 197 199
44 86 46 47 48 49 53 55 56 57 59 60 61 62 66 67 69 72 74 75 76 77 78 80 81 83 84 85 87 88 89 92 93 94 95 97 98 99 103 105 106 107 108 111 112 113 117 118 119 121 123 124 125 126 127 128 129 132 133 135 137 139 140 141 143 145 146 147 149 151 154 155 157 158 160 165 167 173 174 176 181 182 183 186 187 189 190 192 194 197 198 199 200
45 56 46 48 49 51 53 54 55 57 58 59 61 62 63 64 66 67 68 73 74 75 80 81 82 83 86 87 88 89 91 94 95 96 99 100 103 104 105 106 107 108 111 112 113 114 116 117 119 120 121 123 124 126 128 129 131 132 134 135 139 141 142 143 145 146 147 148 149 150 151 152 153 154 155 156 157 161 164 165 166 167 168 169 170 173 175 176 177 178 179 180 181 182 183 184 185 186 187 188 189 190 191 192 194 195 197 199 200
46 91 48 50 51 53 55 56 57 58 61 63 65 67 68 70 71 72 73 74 75 76 78 80 81 82 84 88 89 91 95 96 97 100 104 107 109 112 113 115 117 119 121 123 126 127 129 130 131 132 133 135 136 137 138 139 140 141 142 143 146 151 152 153 154 155 157 160 161 162 163 165 166 167 171 172 175 176 177 178 179 182 183 185 186 188 190 191 194 196 197
47 97 49 55 56 57 58 60 61 62 64 65 66 67 68 69 70 71 73 74 75 79 82 85 86 88 91 96 98 99 100 101 103 104 106 108 109 111 112 113 114 115 116 118 119 124 128 129 130 132 133 134 135 137 138 141 142 143 145 148 150 151 153 156 157 158 161 162 163 165 168 170 171 172 173 175 176 177 179 181 186 187 188 189 190 191 192 193 194 196 197 198 199
48 91 49 50 51 52 53 54 55 56 57 58 60 61 62 63 66 67 70 74 75 79 81 82 84 85 86 87 90 91 93 94 98 99 101 103 104 107 110 113 116 117 119 121 122 123 124 125 126 127 130 131 132 133 134 135 138 139 140 142 144 145 147 149 152 153 155 156 157 158 159 161 164 170 171 172 173 174 175 178 179 181 182 184 185 187 188 190 192 194 196 197 198 199 200
49 86 52 54 57 58 61 62 63 66 68 70 71 74 75 77 79 81 83 84 87 88 89 90 94 97 98 102 103 104 105 106 108 111 112 113 114 115 116 117 118 119 120 123 124 126 127 130 132 133 135 136 141 144 145 146 147 149 150 152 153 155 156 160 162 165 166 170 171 172 173 174 176 177 178 179 181 182 183 184 185 186 187 190 191 193 194 195 196 197 198 199 200
50 54 51 52 53 55 56 57 59 60 63 65 66 68 69 72 74 76 77 78 80 81 84 85 86 87 88 89 93 94 95 96 97 103 104 105 106 108 109 110 111 112 115 116 117 119 120 124 126 127 128 131 132 139 141 142 143 144 146 147 152 153 155 156 157 160 162 163 164 165 168 169 171 172 175 176 178 181 184 185 186 187 188 189 190 191 192 193 194 195 196 200
51 95 53 55 56 61 62 64 65 66 70 71 72 74 75 76 79 80 83 84 85 86 91 94 95 97 99 100 101 103 104 105 106 107 108 112 113 114 116 121 122 128 130 131 132 134 135 137 138 139 141 146 147 148 149 151 152 154 156 158 161 164 165 166 167 169 171 173 175 176 177 178 179 182 184 187 189 192 193 194 196 199 200
52 84 53 54 56 57 58 59 60 61 62 65 66 67 69 73 76 79 80 81 83 84 85 86 87 88 89 91 93 95 96 97 98 99 100 101 103 104 105 106 108 109 111 114 116 117 118 119 121 122 124 126 127 128 129 132 133 134 135 137 146 147 148 149 151 152 154 155 156 158 159 162 163 164 166 167 168 172 174 175 176 177 178 179 184 185 186 187 188 189 190 191 193 194 197 199 200
53 58 54 56 57 59 65 67 68 70 75 76 77 78 80 81 82 83 84 85 86 88 90 91 95 96 97 98 99 100 102 103 104 105 106 107 108 109 110 111 112 115 116 117 120 124 127 128 130 131 135 136 137 138 139 142 143 144 145 146 149 150 151 153 155 159 161 162 166 168 169 170 171 177 179 181 183 189 190 192 194 195 198 199
54 74 55 58 59 60 61 65 67 68 69 72 73 74 76 77 78 79 80 81 82 83 84 85 86 89 93 94 97 98 99 101 103 104 105 107 108 109 111 113 114 118 120 125 126 127 128 129 130 131 133 134 136 138 139 140 144 146 148 150 151 152 153 158 159 160 161 163 164 165 167 168 171 173 175 178 179 182 183 185 186 187 188 189 191 192 193 196 197 198 199
55 97 56 57 58 59 60 61 64 65 66 70 71 72 74 76 77 78 80 83 88 89 91 92 93 94 98 99 100 102 103 104 105 107 109 111 112 114 115 116 117 120 124 125 128 129 130 131 134 135 136 137 138 139 141 142 143 144 145 146 147 149 150 151 152 154 155 157 158 159 160 161 163 167 168 169 170 171 172 173 174 175 177 178 179 180 181 182 185 186 187 188 190 191 193 194 195 197
56 80 57 58 60 61 62 63 64 68 70 71 73 74 75 76 77 79 81 82 83 87 88 89 90 91 95 98 103 106 108 109 111 116 117 121 124 127 131 132 136 137 139 140 141 145 147 148 149 150 153 155 158 162 163 164 165 167 169 170 172 174 175 176 179 180 182 186 188 189 190 191 192 193 195 196 198 199
57 74 58 59 60 62 63 64 65 68 69 71 73 74 77 78 82 83 84 86 88 90 91 92 93 95 96 97 98 99 100 101 102 103 105 106 108 109 113 116 117 120 121 123 124 125 126 127 129 131 132 133 136 137 140 143 144 145 146 147 149 150 153 154 156 157 158 159 160 161 162 163 164 165 168 169 171 172 175 176 177 178 180 183 184 186 187 188 189 190 192 193 196 197 199
58 91 61 64 65 66 67 68 70 76 77 79 83 85 88 90 92 95 96 97 98 99 100 102 105 107 108 109 110 115 116 119 120 121 122 123 130 134 135 137 138 139 142 145 146 148 149 150 154 158 159 160 161 164 165 166 167 168 170 172 173 176 177 178 179 180 181 184 187 189 190 191 192 193 194 197
59 78 60 64 67 70 71 72 73 74 76 77 78 80 81 84 85 86 87 88 90 91 93 95 96 98 99 101 102 104 105 106 109 112 113 115 117 118 120 123 125 126 128 129 131 132 133 135 138 139 140 141 143 144 145 146 147 148 151 152 153 158 159 160 161 162 165 168 170 171 172 173 176 177 178 179 180 181 183 184 185 186 187 188 189 190 192 194 195 197 199 200
60 67 61 64 66 67 68 69 70 72 73 74 75 76 77 78 84 87 88 91 92 93 94 101 103 104 107 108 109 110 112 113 114 116 117 118 119 121 122 123 124 126 127 128 129 131 132 134 135 136 138 139 140 141 142 143 144 145 147 149 153 154 156 157 158 160 161 162 164 165 166 168 169 170 171 172 174 175 176 177 178 179 181 182 183 184 185 186 187 190 192 193 194 195 197 198 199 200
61 93 62 64 66 67 68 70 77 78 79 83 84 86 87 89 90 91 92 94 95 98 100 102 103 105 109 111 112 115 116 119 121 123 124 125 126 130 132 133 136 139 140 141 142 145 148 152 153 156 157 159 161 163 164 165 166 167 168 169 170 171 172 173 175 176 178 179 187 191 192 193 195 197 199
62 77 63 65 67 68 69 71 72 74 75 77 78 80 83 86 88 89 90 91 93 97 98 100 102 104 105 108 109 110 111 115 119 122 123 126 127 128 129 133 134 135 137 139 140 145 146 147 149 150 151 153 154 155 157 158 160 163 164 166 168 170 173 174 176 177 178 181 183 185 186 191 195 196 198 199 200
63 96 64 65 67 68 69 70 71 72 73 74 75 76 77 78 85 86 89 95 96 98 100 103 104 105 106 107 108 109 114 115 116 118 119 120 122 124 125 126 127 128 129 132 135 136 139 141 143 145 147 149 150 151 152 154 155 156 157 158 159 161 162 164 166 167 168 170 171 174 177 178 180 181 182 183 184 187 189 190 192 193 194 196 197
64 78 65 68 69 71 74 75 77 81 82 83 85 86 87 88 93 96 97 99 102 106 108 109 110 111 113 114 115 116 118 119 123 124 125 126 127 130 132 133 135 136 137 139 142 144 145 147 148 149 150 152 157 162 163 165 167 168 171 172 174 175 178 179 180 181 182 183 185 186 187 188 189 191 193 196 197 198
65 77 67 68 70 71 72 75 76 78 79 80 82 83 85 86 87 88 89 90 92 93 94 95 96 101 104 107 108 110 111 112 113 116 119 120 121 122 124 125 126 128 129 131 132 133 140 141 142 143 145 146 147 148 149 153 160 162 163 165 167 170 172 173 174 176 177 178 180 181 182 184 185 187 188 192 193 196 198
66 83 69 70 72 77 79 80 81 82 84 85 86 87 88 90 91 94 99 100 101 103 105 109 111 113 114 116 118 119 122 124 125 128 129 130 131 133 136 137 138 139 149 150 153 154 155 157 158 160 162 163 165 166 167 172 173 174 178 179 181 182 185 188 189 190 191 192 193 195 196 197 198 199
67 50 68 70 71 72 73 74 77 78 79 80 82 84 86 89 90 92 93 94 95 98 100 101 102 107 108 111 114 119 121 123 124 129 131 132 135 136 137 140 142 144 145 146 148 149 150 151 152 154 155 159 161 162 164 167 171 176 177 178 181 182 184 187 189 194 195 197 198 199
68 85 70 71 72 73 74 76 79 80 81 83 85 88 89 92 93 94 95 97 99 100 103 104 105 107 109 112 113 115 116 117 119 122 123 124 125 126 127 129 133 135 137 138 139 140 141 142 143 144 145 146 147 152 154 155 156 157 159 161 162 163 166 168 169 170 173 174 177 179 181 182 183 184 185 186 191 192 193 195 197 199 200
69 69 70 73 74 75 76 77 78 83 86 89 90 93 95 96 97 100 108 109 111 112 113 116 117 120 124 126 129 130 131 132 133 137 138 141 143 145 146 147 152 153 154 155 156 157 159 161 162 163 166 168 169 170 171 172 173 175 178 179 180 181 182 183 186 187 188 191 194 195 196 197 198 199 200
70 100 71 72 73 75 77 78 79 81 89 91 92 93 97 98 99 100 103 104 108 109 112 115 117 119 120 121 122 124 125 128 129 130 131 134 135 137 144 146 147 148 149 150 151 153 155 157 161 162 165 166 170 171 172 174 175 176 178 179 181 182 183 184 185 186 187 188 192 193 195 197 199
71 54 72 77 78 79 81 84 88 92 93 94 95 96 97 99 100 101 102 103 104 105 106 107 108 109 112 113 116 121 128 131 132 133 135 136 137 138 139 140 141 142 145 146 148 151 152 153 155 157 159 160 162 163 164 165 167 168 169 170 171 173 174 178 179 180 182 183 184 187 188 191 192 194 195 197 198 199 200
72 77 74 76 78 80 81 85 87 88 89 91 93 95 99 100 102 106 110 111 112 113 114 116 119 121 122 123 124 125 126 127 132 136 137 138 139 140 142 144 145 146 147 149 150 151 157 160 164 165 167 169 170 171 172 173 174 175 177 178 179 181 183 186 187 188 189 192 193 194 195 196 197 198 200
73 95 74 75 76 77 78 79 83 84 85 88 89 91 92 93 94 96 97 98 102 103 104 105 106 108 109 111 114 115 117 120 121 122 125 127 129 130 131 132 133 134 138 141 143 144 145 146 149 150 152 154 155 157 158 159 160 163 166 167 169 170 171 172 173 174 179 180 182 184 185 186 187 191 193 196 197 199 200
74 64 75 77 82 85 87 88 89 90 92 94 101 102 103 106 107 108 109 111 112 113 114 116 117 118 123 124 126 127 128 129 130 131 132 136 138 139 140 141 147 150 151 152 153 156 157 159 160 162 163 164 165 166 167 169 173 175 176 177 179 182 183 184 186 187 188 189 190 193 194 195 196 200
75 67 77 78 80 81 84 85 88 90 92 94 98 100 101 102 104 105 106 107 108 110 114 115 117 118 119 121 124 126 127 128 130 132 133 134 135 136 137 138 140 141 142 143 144 145 146 148 149 150 151 152 154 158 161 163 164 166 167 168 169 170 173 175 177 179 180 182 183 184 186 188 191 192 193 194 197 198 200
76 80 77 80 82 84 85 86 88 89 91 94 95 96 97 98 99 100 103 105 110 111 112 113 114 115 116 117 118 120 125 126 129 130 133 134 135 136 137 138 140 143 145 146 147 148 149 150 151 152 154 156 163 164 165 167 171 174 175 176 177 179 180 181 183 185 186 188 189 190 192 193 194 196
77 95 83 84 85 86 87 92 93 96 99 101 102 103 105 106 108 109 110 113 114 117 118 119 120 121 122 123 124 127 129 131 132 134 136 138 139 140 142 143 144 145 146 147 149 151 152 155 161 162 163 164 165 167 170 171 175 176 177 178 179 180 181 182 186 187 188 189 190 191 192 193 194 195
78 58 79 80 81 82 83 84 86 90 91 92 93 94 96 97 98 99 100 102 106 107 108 110 111 114 115 116 117 119 120 124 126 127 128 129 131 133 134 135 136 137 138 140 141 142 143 144 145 147 148 149 152 156 157 158 159 160 162 163 167 168 170 171 176 177 180 181 182 183 186 187 188 189 190 191 192 195 197 198 199
79 60 80 87 88 89 90 91 92 93 94 96 98 99 102 103 107 108 109 111 112 113 117 121 122 124 126 128 129 130 132 134 135 136 137 138 141 144 146 150 152 153 154 155 156 158 159 162 163 164 165 166 168 169 170 171 172 173 175 178 179 181 183 185 186 187 189 191 192 193 194 195 197 199 200
80 96 82 83 84 86 87 88 89 95 98 99 100 101 102 104 106 107 109 113 114 115 117 120 121 122 123 124 125 127 128 131 132 133 137 138 139 140 141 143 145 151 154 156 157 158 159 160 164 165 169 172 175 176 180 181 183 184 187 189 190 193 194 195 196 198 199
81 75 82 83 84 85 87 88 90 91 94 96 97 101 102 103 104 107 108 111 113 116 117 118 119 122 123 125 126 130 133 134 136 138 139 141 142 143 144 145 152 154 155 156 157 162 163 164 166 167 168 172 173 176 180 181 182 183 185 186 187 190 192 193 195 196 197 198 200
82 79 85 89 93 94 95 97 99 100 101 102 104 106 108 110 111 115 116 119 120 122 125 127 129 130 131 132 133 134 135 136 137 138 139 140 141 144 145 146 147 149 153 154 156 158 163 166 169 171 173 175 176 177 178 179 180 181 182 183 184 185 186 189 190 191 192 193 194 196 197 199
83 67 85 86 87 88 89 95 96 97 98 101 102 103 105 107 108 109 113 114 115 116 117 118 119 123 127 128 130 131 132 133 134 137 138 139 141 142 143 146 149 151 153 156 157 158 159 160 162 163 166 168 169 170 173 175 176 180 182 183 184 185 186 188 189 191 192 193 194 198 200
84 91 87 88 89 90 91 93 96 97 98 99 103 104 105 106 107 110 111 112 116 117 120 121 123 127 128 129 130 131 132 133 134 136 137 140 141 142 143 145 146 147 151 152 153 154 155 156 157 158 159 160 161 162 165 167 168 170 171 172 175 176 177 178 179 181 183 184 185 189 190 191 192 193 194 195 198 199
85 76 86 87 88 91 92 93 95 97 98 99 102 103 104 105 106 108 109 110 112 113 114 117 119 121 122 125 127 129 130 136 137 138 139 140 141 147 148 149 150 153 155 160 161 162 163 164 165 166 169 170 171 172 173 175 176 177 178 179 181 184 185 186 187 189 190 191 192 193 195 196 197 199
86 76 87 89 92 93 95 98 103 104 105 111 112 115 116 117 120 121 122 123 125 126 127 128 129 130 131 133 135 136 137 140 141 144 146 147 149 150 151 152 153 154 157 163 165 166 167 168 169 170 173 174 175 177 179 180 181 182 183 184 186 189 190 191 193 194 195 196 197 199
87 65 88 89 91 92 93 94 95 96 98 99 100 104 109 110 111 112 113 114 115 118 119 122 123 124 125 127 128 129 130 131 132 133 136 137 138 139 141 144 145 146 147 148 149 150 151 153 154 155 156 158 159 160 162 163 165 167 168 169 171 174 175 177 178 179 180 181 182 183 184 187 189 190 191 195 198 199 200
88 68 92 93 95 99 100 102 103 108 109 111 112 114 116 117 120 121 122 123 124 125 126 129 130 132 134 135 136 137 138 140 142 144 146 148 150 151 153 154 159 160 162 163 164 165 168 169 170 171 172 173 174 175 177 178 179 180 181 184 185 189 192 194 197 198 199 200
89 96 91 93 95 96 97 98 99 103 105 107 109 110 112 113 114 116 117 118 119 120 122 123 125 126 128 129 130 131 133 135 139 142 143 145 146 147 148 151 156 157 160 165 168 169 170 171 172 174 175 176 177 178 179 181 182 183 185 186 187 188 189 190 192 194 195 196 197 198 199 200
90 93 92 93 94 95 96 97 99 101 103 104 105 110 111 112 113 114 117 119 120 126 127 129 130 131 134 135 136 138 139 140 141 142 145 146 148 149 150 152 153 154 155 156 157 161 162 163 168 169 171 172 178 181 182 183 184 192 193 194 195 196 197 198 199
91 70 93 94 95 96 97 98 99 100 101 102 103 105 106 107 108 110 111 116 117 118 119 121 122 123 124 125 126 127 128 129 130 131 132 133 134 135 137 139 141 142 143 145 148 149 150 151 152 153 154 157 159 160 161 162 163 164 166 167 168 169 170 173 174 175 176 177 179 180 183 184 186 188 190 192 193 196 197 198 199 200
92 78 93 95 97 101 102 103 104 105 106 108 110 111 112 113 114 116 118 119 120 121 123 125 127 128 130 134 136 137 138 139 141 143 145 148 151 153 155 159 161 162 163 164 165 166 167 168 169 172 174 175 176 177 178 179 182 186 187 189 190 191 192 194 195 197 198 200
93 80 95 97 99 100 101 102 103 104 105 106 108 110 111 113 115 116 118 120 122 123 125 126 128 129 130 131 133 134 135 138 141 142 144 146 148 151 154 156 157 159 160 162 165 166 169 172 173 174 176 178 181 183 184 187 188 190 193 194 196 198 200
94 52 95 96 99 102 103 104 105 106 107 109 111 113 114 116 118 120 121 123 127 128 130 131 134 137 139 140 141 142 143 145 147 148 150 151 152 153 154 155 157 159 160 161 162 164 165 167 168 170 171 175 176 177 178 180 181 183 187 190 191 192 193 194 195 196 197 198 200
95 76 98 105 110 111 114 116 118 119 120 121 124 127 129 131 132 133 135 138 139 140 141 142 143 144 145 146 148 150 151 152 153 156 157 158 160 161 163 165 166 167 170 171 172 175 176 177 178 179 180 181 182 183 188 189 195 196 197 198 199 200
96 69 97 99 100 101 102 104 105 106 108 109 110 111 112 114 115 116 117 118 121 122 124 125 126 127 128 129 130 131 132 133 135 136 139 140 141 142 145 146 147 150 153 154 155 157 159 161 162 163 164 165 167 170 173 176 184 185 186 192 193 194 195 197 198 199
97 52 98 99 100 101 102 105 108 110 111 113 115 117 118 120 121 122 124 126 128 130 131 132 136 137 138 139 140 142 144 145 146 147 149 150 152 154 155 157 158 159 160 162 166 167 168 170 171 175 176 181 182 183 189 190 193 195 198 199
98 72 99 101 104 107 108 110 114 118 122 124 130 131 133 134 135 137 138 139 141 142 143 144 145 146 148 149 150 154 156 157 158 159 160 161 162 167 169 170 172 174 175 176 178 179 180 182 183 186 187 188 190 191 194 195 198
99 69 100 101 102 104 105 106 107 109 110 111 112 113 116 119 124 125 126 127 129 130 132 133 134 135 138 139 140 143 144 145 146 150 152 156 158 159 161 163 164 165 166 168 169 171 174 175 177 178 179 180 183 185 186 188 190 194 195 197 198 199 200
100 87 101 102 103 104 105 108 109 111 112 113 114 116 117 119 121 122 123 124 126 127 128 131 133 140 141 142 143 144 146 147 150 151 152 153 154 156 157 158 159 160 161 164 165 166 169 170 171 172 178 180 183 185 188 189 190 191 193 195 196 197 200
101 50 102 104 105 106 108 109 111 112 113 116 117 118 119 122 123 125 126 129 132 133 134 135 140 142 143 144 145 146 148 149 150 152 153 154 157 158 159 160 161 162 163 164 165 167 168 171 172 174 175 178 180 183 185 186 188 189 190 191 192 195 197 199 200
102 58 103 104 105 106 109 110 111 112 113 114 115 116 117 118 120 122 124 125 128 129 130 131 132 133 134 135 137 138 143 144 145 146 148 149 151 152 153 156 158 160 161 162 163 167 168 169 171 173 174 175 177 178 179 181 183 185 188 192 193 196 197 200
103 55 104 108 109 111 113 114 115 116 117 118 121 124 125 126 128 130 131 132 135 136 137 138 139 140 141 142 144 145 147 148 149 151 152 153 154 155 157 159 162 165 166 167 168 169 171 175 176 177 180 182 183 185 186 187 189 191 193 197 199
104 61 107 109 110 111 113 115 116 118 119 121 122 124 125 126 127 134 135 136 137 138 140 141 142 143 144 147 148 149 150 151 153 154 156 158 159 160 161 162 164 166 167 172 173 174 175 176 177 178 185 187 188 189 190 191 193 194 195 198
105 51 107 110 112 114 118 120 121 124 125 126 128 130 132 133 134 136 137 138 140 141 143 144 145 146 147 148 149 150 152 154 155 156 158 160 161 162 163 164 166 170 171 172 176 178 181 182 183 184 186 187 188 189 190 192 193 194 197 199 200
106 51 107 108 109 110 112 116 117 118 119 120 122 123 127 129 133 135 136 139 140 141 142 147 152 153 154 155 156 157 159 162 163 167 170 173 174 175 178 179 180 181 185 186 188 189 192 194 197 198 199
107 81 111 112 114 117 119 120 122 124 125 126 127 129 130 131 134 135 136 137 139 140 143 146 147 148 149 151 154 155 157 159 160 161 162 163 165 167 169 171 172 173 174 178 179 182 183 184 185 186 188 189 190 192 194 195 196 197 198 199 200
108 91 109 114 115 117 119 120 121 123 124 127 130 132 135 138 139 140 141 142 148 149 150 151 152 153 154 156 157 158 159 161 164 167 170 171 172 174 175 176 177 178 179 181 182 183 185 186 189 190 193 195 197 199
109 82 110 112 115 118 120 122 124 126 127 129 130 131 132 133 135 138 142 143 144 145 147 150 152 153 155 156 158 160 161 163 165 168 169 170 171 173 178 180 181 186 187 188 190 191 192 194 197 200
110 77 112 113 114 115 116 117 118 119 124 127 129 130 131 132 134 137 138 139 141 142 150 151 153 154 155 156 157 158 159 160 161 164 165 166 169 170 171 172 173 175 176 177 178 179 180 181 184 186 187 190 192 193 194 195 200
111 77 112 113 114 115 116 120 123 125 127 128 129 131 132 133 134 135 136 138 139 140 141 143 145 147 148 149 151 154 155 156 158 162 163 164 166 169 170 172 173 174 175 179 180 181 182 184 186 187 189 190 193 194 195 196 197 198 199 200
112 80 114 116 120 121 122 123 125 126 127 128 129 130 131 132 133 135 136 137 140 141 142 143 144 145 146 147 148 150 153 155 156 157 160 161 162 163 164 165 169 170 171 174 175 176 177 178 182 183 184 185 189 191 192 193 194 197 198 200
113 66 114 115 116 117 118 119 122 124 125 127 129 130 131 132 133 134 135 137 138 139 140 141 143 144 145 147 148 149 150 152 154 155 156 159 163 164 165 166 167 168 169 170 173 174 175 176 179 181 182 183 184 185 186 187 188 189 190 195 196
114 82 115 116 119 123 125 127 128 129 131 132 136 138 139 140 141 142 143 145 146 147 148 150 152 153 154 156 157 159 161 162 163 164 165 166 167 168 169 170 175 179 180 181 182 183 184 186 189 192 193 194 195 200
115 61 116 117 119 120 121 123 124 126 127 128 130 131 132 133 135 136 137 138 139 140 141 146 147 148 149 150 151 152 153 154 157 159 163 164 165 168 169 170 172 173 177 178 181 184 186 188 189 191 192 194 198 199 200
116 64 117 119 121 125 126 127 130 133 137 142 146 147 148 150 152 153 155 156 157 158 159 160 161 162 164 165 166 168 172 173 174 175 177 178 179 180 181 182 183 185 186 188 189 191 192 193 194 197 199 200
117 98 118 119 125 126 127 129 131 132 135 136 137 138 139 141 143 146 147 148 149 150 151 153 154 155 156 159 160 161 162 164 165 166 170 171 173 174 175 176 178 179 181 182 186 187 188 190 191 192 193 194 195 197 198
118 55 119 126 128 131 133 135 136 137 138 140 142 143 144 145 146 147 148 150 152 154 156 158 160 161 166 167 168 169 170 171 172 173 175 177 180 181 182 183 185 188 189 190 191 193 195 198 199 200
119 88 120 122 123 125 126 127 128 129 130 131 132 133 135 136 137 139 140 141 142 143 146 150 151 153 154 156 158 159 160 161 162 163 165 167 168 169 170 172 173 174 175 176 177 179 183 184 185 188 190 191 194 195 196 197
120 98 122 123 125 127 128 130 132 135 136 138 140 141 142 143 144 145 146 150 151 152 153 154 157 159 160 161 168 169 170 171 172 173 175 177 179 180 181 183 187 188 189 191 193 197 198 199 200
121 88 123 124 125 126 127 128 129 131 133 134 135 137 138 139 140 141 143 144 147 148 150 152 153 154 157 158 159 160 165 167 168 169 171 173 174 175 176 178 183 186 187 188 189 191 192 197 198
122 56 123 124 125 127 128 129 131 132 133 134 135 138 139 143 145 148 149 150 151 152 155 157 158 159 161 162 163 164 165 168 169 170 172 173 174 176 178 181 183 184 187 188 189 193 194 195 196 197 199
123 63 125 126 128 130 131 133 134 138 139 140 142 143 144 145 146 148 152 153 154 156 157 158 162 163 164 168 170 172 173 174 175 176 177 179 180 181 182 185 188 190 191 192 194 196
124 85 125 129 130 133 135 141 143 144 145 146 149 150 151 152 153 154 155 156 157 159 162 163 165 166 167 168 169 170 172 174 175 179 183 185 186 188 190 192 193 194 195 196 197 198 200
125 84 127 132 133 136 137 138 141 142 143 144 147 148 149 153 154 156 159 160 161 163 166 167 168 169 172 174 175 178 179 180 183 184 185 186 188 189 191 192 193 194 195 196 199 200
126 57 129 130 131 136 139 140 142 143 144 145 147 148 149 151 152 154 155 157 158 159 161 164 165 166 168 169 170 173 174 178 180 181 185 186 188 190 193 194 195 199
127 77 128 130 133 134 135 136 140 141 142 144 145 146 147 149 150 153 155 160 161 164 169 172 175 176 177 178 180 181 182 184 185 186 189 191 192 194 198 199 200
128 69 129 130 132 134 136 138 142 144 146 147 148 152 154 155 156 157 160 161 162 166 167 168 170 171 172 173 175 176 178 182 183 184 185 187 188 190 192 193 194 195 197 198 200
129 95 132 133 134 136 137 138 139 140 142 144 145 146 149 150 152 154 155 157 159 160 161 164 165 166 169 170 172 173 174 176 178 181 182 183 184 185 187 188 190 193 194 195 196 197 198 199 200
130 73 131 132 133 134 136 137 138 139 140 142 143 145 146 148 150 151 154 157 159 165 166 167 169 174 175 176 177 178 179 180 181 183 185 188 189 190 191 193 194 197
131 63 132 133 134 135 136 137 138 139 140 141 142 143 145 146 147 148 150 151 152 154 156 157 160 162 164 165 166 167 168 169 170 172 173 175 177 178 179 182 184 186 187 191 192 193 195 197 200
132 75 133 134 135 136 138 139 141 142 144 145 146 148 149 150 151 152 153 154 156 157 158 160 161 162 164 165 166 167 168 169 170 171 172 175 182 183 184 185 186 187 188 189 190 191 192 193 194 197 199
133 84 134 135 138 139 140 141 143 144 146 148 149 151 153 154 155 157 158 159 160 161 162 163 164 165 166 167 168 172 175 177 179 184 185 187 189 190 192 193 194 195 199 200
134 85 135 137 138 141 143 148 149 150 151 152 153 154 155 156 158 159 160 161 165 166 167 172 173 174 175 179 180 181 183 184 185 186 187 188 191 192 193 194 196 197 198 199 200
135 97 136 137 140 141 143 144 147 148 149 150 151 152 153 154 155 156 157 159 163 166 167 170 171 172 174 175 176 179 180 181 183 184 185 186 187 189 190 191 192 193 194 195 198 199
136 58 139 141 142 143 144 145 147 149 150 152 153 154 156 157 158 160 167 170 171 173 175 176 177 179 180 182 183 184 187 188 189 190 191 192 194 196 197 199 200
137 65 143 144 145 146 148 151 152 153 154 155 156 157 160 163 167 169 170 171 172 173 174 177 179 180 184 185 187 189 191 192 193 195 196 198 199
138 73 139 141 142 145 146 147 148 150 151 152 153 155 157 159 160 162 164 166 168 170 171 173 174 175 177 178 179 181 183 185 186 188 190 192 193 195 197 198 200
139 85 141 142 143 145 148 149 151 152 153 154 155 158 159 161 163 165 166 167 168 170 171 172 173 179 180 181 182 183 184 185 186 187 188 189 192 195 196 197 198 199 200
140 65 142 144 145 146 147 148 150 152 153 155 157 158 160 162 164 165 166 168 170 171 175 177 179 180 182 184 185 186 188 197 198 200
141 95 145 146 147 148 150 152 153 154 155 156 157 159 161 164 166 167 168 169 170 172 174 176 178 179 180 181 183 184 185 186 189 193 195 196 197 199
142 82 143 144 145 146 147 148 151 154 156 157 158 159 160 165 166 167 168 170 171 172 173 174 176 177 179 180 181 183 185 186 187 188 189 191 192 194 195 196 197 198 200
143 100 144 145 146 149 150 152 155 157 158 159 160 162 164 165 166 167 170 171 172 173 175 176 178 179 182 183 184 186 189 190 191 192 194 195 196 198 199
144 97 146 147 150 151 152 154 155 156 157 162 164 166 169 170 171 173 175 177 178 180 181 184 185 186 187 194 195 198 199 200
145 62 146 147 148 150 151 152 154 155 157 159 160 161 162 163 165 167 168 169 170 173 174 176 179 181 182 183 184 186 187 188 189 192 196 198 199 200
146 64 148 149 150 151 152 153 154 156 158 159 163 167 168 170 171 173 174 175 178 179 181 183 184 185 187 188 190 191 192 193 194 196 199 200
147 86 150 152 153 154 156 157 160 161 162 163 164 168 170 172 174 175 176 181 182 183 186 187 189 192 194 195 196 197 199 200
148 92 149 150 153 155 157 159 160 164 167 168 169 170 171 173 175 176 177 181 182 184 188 189 191 192 193 194 195 198 200
149 71 150 151 152 155 157 158 159 161 162 163 164 167 170 171 172 173 175 176 180 183 184 185 186 187 188 197 199 200
150 80 152 153 154 155 157 159 160 161 162 163 165 166 168 169 171 172 177 178 179 181 182 183 184 185 186 187 188 190 191 192 193 194 195 198 199
151 68 152 154 155 157 158 159 160 161 162 163 164 166 169 170 173 180 182 184 185 186 188 190 192 194 195 196 198 199 200
152 70 157 158 161 162 163 164 165 166 171 173 174 175 176 177 179 181 184 186 189 193 194 196 198 199 200
153 57 154 155 156 157 159 161 162 166 167 168 169 170 171 173 174 175 176 177 178 179 180 181 183 184 186 187 193 200
154 72 158 159 162 163 165 169 170 172 173 174 175 176 179 180 183 184 185 186 188 189 190 192 193 195 196 197 199
155 97 156 158 161 162 166 168 172 173 174 175 178 180 181 182 183 184 187 190 192 196 197 199 200
156 83 157 158 161 163 164 166 167 169 170 171 172 174 175 176 177 179 182 183 185 186 188 192 194 195 197 199 200
157 86 159 160 161 162 166 168 169 172 173 177 178 179 180 182 185 186 187 190 191 193 194 198
158 58 160 164 165 167 168 169 170 172 173 174 176 177 179 180 181 183 185 188 189 191 192 193 194 199 200
159 63 160 162 163 166 169 171 172 174 175 176 178 180 181 183 184 188 189 195 196 199 200
160 93 163 164 165 167 169 171 172 173 174 175 176 178 179 180 181 182 185 186 188 190 191 192 195 198 199
161 76 162 164 166 167 169 171 172 174 176 178 182 184 185 186 187 188 189 190 191 193 194 195 196 198
162 80 164 165 166 167 169 174 175 176 177 178 180 181 182 183 184 186 189 190 191 192 195 197 199 200
163 66 165 166 169 171 173 176 177 178 179 181 182 183 184 187 188 189 190 191 193 194 195 196 197 200
164 60 167 169 170 173 174 175 176 177 178 179 180 181 183 184 185 186 187 189 190 192 193 194 195 198 200
165 98 166 168 171 172 173 174 175 176 177 178 180 181 182 185 186 187 188 189 190 191 192 194 195 197
166 100 167 170 172 173 176 177 179 180 181 182 183 184 186 187 188 189 190 191 192 193 194 195 197 199 200
167 70 171 172 173 174 175 176 177 178 179 181 182 183 184 185 186 188 189 190 193 194 196 197 198 200
168 57 169 170 172 173 175 176 177 178 181 182 184 186 187 188 190 191 195 198 199
169 87 173 174 175 176 177 178 182 184 186 187 188 192 194 195 196 197 198 199
170 86 171 172 174 176 177 179 180 182 186 187 188 191 193 194 195 198
171 67 172 173 175 183 184 188 191 194 195 196 197 198 199 200
172 93 173 175 177 181 183 184 185 186 187 190 192 193 196 197
173 71 174 175 177 178 179 183 186 187 188 190 191 194 195 197 198 199
174 69 175 176 178 179 181 184 185 187 188 189 192 193 196 198 199 200
175 57 177 178 181 184 187 192 194 195 198 199
176 69 177 178 179 181 182 183 184 185 186 188 189 190 195 197 199 200
177 55 178 180 181 182 184 186 189 192 194 195 196 197 198 199 200
178 60 180 181 183 185 186 187 188 190 191 192 193 196 197 198 199 200
179 100 180 182 183 184 186 188 189 190 191 192 193 194 195 196 197 199
180 58 181 182 183 184 186 187 188 189 190 193 194 195 197 198 199
181 58 182 183 185 187 188 189 190 191 193 194 195 196 199 200
182 78 183 184 185 187 189 191 192 193 194 195
183 86 184 186 187 191 192 194 195 196 197 198 199
184 56 188 193 194 195 199
185 50 188 189 190 192 194 195 196 197 198 199
186 64 189 190 192 193 196 198 199 200
187 61 191 192 193 194 195 196 200
188 58 190 192 193 194 197 198 199 200
189 84 190 191 192 193 194 195 196 198
190 79 191 192 196 197 198
191 78 194 195 196 197 198 200
192 72 194 195 196 197
193 60 194 195 196 198 200
194 66 195 197 198 199 200
195 65 196
196 100 197 199
197 87 200
198 87 199 200
199 94
200 65
