200
1 46
2 43
3 28
4 93
5 95
6 48
7 90
8 84
9 65
10 98
11 29
12 73
13 46
14 42
15 75
16 89
17 95
18 26
19 70
20 43
21 32
22 45
23 22
24 51
25 86
26 58
27 92
28 52
29 39
30 27
31 75
32 28
33 22
34 91
35 34
36 93
37 27
38 52
39 63
40 55
41 86
42 93
43 83
44 62
45 51
46 56
47 89
48 88
49 99
50 64
51 56
52 92
53 86
54 81
55 72
56 79
57 33
58 51
59 80
60 38
61 85
62 71
63 31
64 96
65 43
66 55
67 73
68 78
69 62
70 46
71 51
72 96
73 98
74 64
75 35
76 61
77 95
78 81
79 21
80 70
81 41
82 60
83 39
84 42
85 23
86 93
87 28
88 74
89 52
90 75
91 59
92 54
93 36
94 88
95 29
96 72
97 73
98 54
99 55
100 100
101 67
102 46
103 28
104 70
105 53
106 92
107 70
108 28
109 79
110 24
111 89
112 55
113 41
114 79
115 93
116 21
117 44
118 64
119 45
120 76
121 45
122 34
123 90
124 95
125 90
126 74
127 24
128 35
129 64
130 96
131 52
132 42
133 93
134 82
135 90
136 31
137 50
138 68
139 48
140 75
141 90
142 49
143 65
144 98
145 41
146 74
147 48
148 70
149 49
150 68
151 80
152 74
153 60
154 48
155 77
156 68
157 61
158 36
159 92
160 93
161 28
162 82
163 60
164 100
165 53
166 31
167 52
168 68
169 87
170 98
171 77
172 64
173 77
174 89
175 89
176 41
177 44
178 55
179 63
180 59
181 43
182 32
183 50
184 93
185 47
186 48
187 88
188 33
189 31
190 75
191 31
192 67
193 42
194 47
195 76
196 61
197 43
198 29
199 96
200 58
