200
1 79 3 6 7 10 11 12 15 21 30 31 36 37 40 41 44 47 49 51 53 55 58 59 60 64 65 68 73 74 75 76 78 82 84 86 93 95 97 103 105 107 108 109 111 116 124 127 132 133 138 140 141 142 143 146 148 149 150 152 154 156 158 159 162 163 166 172 174 179 183 187 188 195 196 197
2 71 3 4 5 7 8 9 14 16 17 19 21 22 34 35 43 44 46 47 49 50 55 56 57 58 61 62 66 67 69 71 72 73 75 78 81 82 86 90 92 93 95 100 102 106 108 110 111 113 114 116 120 121 124 126 128 130 131 132 135 139 140 145 147 152 157 159 165 167 168 169 171 174 179 180 183 188 189 191 197 199
3 51 11 12 13 14 21 23 24 26 27 28 31 32 34 36 37 44 49 54 57 62 65 67 70 71 75 76 79 80 81 86 88 90 91 96 97 98 109 111 112 118 119 120 126 127 128 130 131 132 137 138 139 141 142 145 147 148 149 153 156 157 159 161 162 168 170 174 179 181 186 192 194 195 198
4 50 7 11 12 13 14 17 18 19 21 23 26 29 30 31 33 37 42 43 51 55 57 58 60 61 62 63 65 67 71 73 74 75 77 78 79 84 85 90 91 96 97 101 103 104 106 111 116 118 123 125 126 130 131 135 136 137 138 141 145 146 151 152 156 161 165 168 171 176 177 179 183 185 186 191 192 193 195 196 198 200
5 69 6 9 16 18 22 25 26 29 32 34 35 40 41 47 49 51 54 65 68 71 73 78 80 82 88 89 90 91 96 97 99 104 109 110 111 113 115 117 123 127 129 130 131 133 135 138 141 145 150 152 157 158 159 161 162 164 169 172 173 174 177 185 186 189 190 198 199
6 100 9 12 14 19 23 25 27 28 29 30 33 36 37 39 41 42 46 47 48 52 53 54 58 63 67 68 73 77 83 87 90 92 95 97 100 101 102 104 109 110 111 112 113 114 117 118 130 135 136 137 138 140 147 149 150 151 155 158 166 167 170 173 175 177 179 185 186 187 188 189 191 193 195 196 197
7 78 11 14 15 17 20 22 27 31 34 38 43 44 47 48 49 52 54 61 63 67 69 72 73 74 79 82 85 88 89 90 91 93 97 101 102 103 104 105 109 110 112 116 119 130 131 137 138 140 143 145 146 147 153 157 158 159 160 161 162 164 166 167 168 172 176 177 181 182 183 188 192 194 195 199 200
8 61 9 10 11 12 14 18 20 24 25 29 30 35 37 38 39 41 43 44 46 50 53 58 59 60 61 66 67 68 74 80 82 83 86 87 89 91 94 98 105 106 107 108 115 120 122 123 128 129 130 131 133 134 136 137 140 142 143 144 147 152 156 161 162 165 166 167 169 170 174 175 176 180 181 183 184 185 186 187 189 191 193 196 199 200
9 77 10 18 19 20 22 23 25 32 35 37 40 46 49 53 54 58 61 62 63 66 67 68 69 75 76 78 79 84 85 86 87 88 90 95 99 103 108 110 112 115 118 122 127 130 133 141 142 143 144 145 151 152 154 155 156 157 159 160 164 167 169 171 173 175 176 177 179 191 194 200
10 96 12 14 24 25 28 30 31 33 39 40 45 47 48 52 56 61 62 65 69 70 73 76 77 84 86 91 92 101 102 103 104 105 106 110 111 112 113 115 116 119 122 123 124 125 128 130 137 139 141 144 146 151 154 155 156 159 161 165 166 168 169 172 173 175 176 179 183 188 194 195 198 200
11 88 12 14 16 18 20 21 27 31 37 40 44 48 50 51 52 67 69 70 71 74 79 83 85 90 93 94 95 96 98 101 104 107 109 114 115 119 121 122 125 127 134 136 140 141 142 143 144 145 146 150 152 153 156 157 159 161 162 164 167 168 169 171 172 173 175 184 186 187 190 192 193 196 197 198 199
12 66 13 19 20 21 24 25 26 27 28 29 30 32 38 40 43 45 50 57 58 61 63 64 66 67 69 70 71 72 74 75 79 80 81 83 86 90 91 92 97 101 102 105 106 109 113 114 117 118 119 120 121 122 123 134 138 139 143 144 145 148 151 153 156 158 161 164 166 168 169 170 171 175 184 188 189 192 194 196 199 200
13 50 16 17 18 20 22 32 33 34 35 36 48 54 55 56 59 61 62 64 66 68 69 70 71 74 77 79 81 82 83 85 89 91 95 96 97 100 103 104 108 110 115 119 120 123 127 130 131 132 136 137 138 140 144 146 147 149 150 151 152 153 159 160 162 163 164 167 171 181 182 183 184 186 187 189 190 195 197
14 70 22 24 27 28 29 31 35 38 41 42 44 46 48 49 50 51 52 56 57 58 63 65 66 68 70 73 74 79 81 86 89 91 92 93 97 101 102 112 113 114 115 120 124 125 131 132 133 136 137 138 140 142 146 147 149 155 156 160 161 162 163 164 169 171 174 180 182 183 185 186 187 188 190 193 195 197 200
15 63 17 21 22 27 28 29 31 32 33 39 43 44 46 47 49 50 54 56 58 60 66 72 75 76 77 78 79 83 86 87 89 90 92 94 96 99 101 102 104 106 110 112 121 122 131 133 134 136 140 141 142 143 146 147 148 149 151 153 157 158 161 163 167 170 174 176 182 183 185 187 194 196 198 199
16 87 18 19 20 23 25 26 36 38 43 48 52 53 54 56 57 59 63 69 70 72 75 83 86 92 96 97 99 102 104 108 109 110 113 115 117 118 119 121 124 129 132 136 138 139 142 145 147 148 156 158 159 161 162 163 165 166 167 169 172 173 174 178 180 183 185 187 188 189 190 192 195 196 200
17 67 19 20 22 26 31 36 38 40 50 51 52 53 54 61 65 66 69 73 74 75 80 85 86 87 89 93 96 99 101 102 104 105 110 111 112 115 116 117 118 120 125 127 134 135 136 138 139 140 144 145 146 148 149 150 156 157 161 164 165 168 172 178 183 184 185 186 190 197 198
18 73 22 25 26 27 29 30 31 32 37 39 42 46 47 49 56 57 59 63 64 65 66 68 72 77 78 79 81 82 83 86 94 96 98 103 104 106 107 116 117 120 121 123 126 127 129 131 133 135 138 139 140 141 144 153 155 157 158 159 162 167 174 176 178 180 181 182 185 198 199
19 86 21 22 23 24 30 32 35 38 40 43 44 45 51 52 56 58 66 69 71 72 73 77 80 81 82 89 90 94 96 103 109 119 124 125 126 128 130 131 132 135 136 138 140 142 144 146 147 148 150 155 156 157 161 170 175 176 177 183 184 189 190 191 192 193 195 196 197 199 200
20 63 22 24 29 35 39 40 41 42 45 51 53 54 55 56 59 60 62 63 64 65 66 69 73 74 78 80 81 83 87 88 89 90 91 94 96 97 99 100 102 107 110 112 113 116 126 127 129 134 138 143 144 146 147 150 151 154 160 163 167 170 172 176 178 180 182 186 187 188 189 190 191 192 194 196 197 199
21 86 23 24 26 28 32 34 41 42 43 44 45 48 51 55 57 58 65 70 71 74 75 77 79 80 88 91 93 105 108 111 112 114 116 117 118 120 121 124 125 126 127 129 130 131 134 136 138 139 142 147 148 149 154 155 156 158 162 164 169 170 172 174 176 179 185 186 187 189 190 195 197 199
22 65 24 26 33 34 35 36 37 38 41 43 47 53 56 57 66 67 69 71 73 79 82 84 86 87 89 96 98 100 102 103 104 109 110 116 118 119 121 122 124 125 130 132 137 138 140 144 148 152 153 155 156 158 159 166 167 172 173 177 178 179 185 186 187 188 189 190 192 194 195 197 200
23 73 24 28 32 33 35 37 44 47 50 51 52 53 54 58 66 67 69 72 73 78 80 82 85 86 90 93 94 95 97 98 104 107 109 110 111 112 113 114 115 118 122 124 132 134 136 139 140 141 142 143 152 154 155 160 161 162 163 164 168 170 171 177 179 181 186 187 188 189 190 191 195 196
24 66 26 28 29 33 34 38 39 41 49 65 69 71 74 76 77 83 85 86 88 92 94 95 96 103 104 106 107 115 116 118 121 128 129 131 132 133 134 136 137 138 140 146 151 156 157 162 170 171 173 174 176 180 183 186 187 188 190 191 195 196 197 198 199
25 61 26 38 42 43 44 45 47 49 51 52 53 55 56 57 59 60 64 65 67 70 73 76 77 78 79 80 84 87 89 90 93 94 96 98 99 100 102 103 104 105 106 111 112 114 116 117 118 126 129 131 132 136 137 138 139 140 145 148 151 152 154 158 159 164 166 169 170 173 176 178 180 181 183 186 190 193 194 196 200
26 70 27 34 36 44 45 47 48 49 50 51 57 59 60 61 62 63 65 69 73 78 80 82 83 84 87 89 92 96 97 100 102 105 107 108 109 112 113 114 115 116 117 120 128 129 135 139 144 146 151 152 153 155 156 157 159 167 170 171 173 175 176 178 179 180 181 182 183 188 192 194 197 198 200
27 86 29 32 33 35 39 40 44 45 47 49 50 51 53 61 64 68 73 76 78 79 80 81 82 84 85 87 89 90 95 96 97 98 99 101 102 103 105 109 114 116 119 122 123 125 127 132 135 136 138 139 140 141 145 146 147 149 150 151 152 153 154 159 163 168 169 175 178 180 181 183 185 187 189 190 193 197 200
28 98 29 35 36 39 40 41 42 48 49 52 53 60 61 62 65 67 69 70 71 72 77 79 80 82 84 85 87 94 97 98 100 101 103 107 108 109 112 116 121 123 125 128 130 131 132 134 135 136 138 139 142 148 153 156 158 159 161 162 170 172 174 175 177 180 181 184 188 199 200
29 90 31 34 36 38 40 44 45 49 51 53 64 66 67 73 74 79 85 87 88 92 99 103 105 108 110 113 114 115 118 119 120 127 128 130 137 138 140 143 144 147 151 152 155 157 159 160 164 168 172 178 179 183 184 186 189 192 198 199 200
30 97 33 37 39 40 41 42 45 46 48 50 56 59 63 65 70 73 74 75 79 81 83 89 90 95 99 100 102 103 105 106 107 108 109 113 115 117 118 120 123 124 125 127 129 131 134 139 140 147 151 155 157 159 161 164 165 166 167 168 171 172 173 174 178 179 183 184 185 187 189 191 194 198 199
31 59 32 34 36 41 44 45 46 48 53 57 59 63 64 67 69 71 81 84 85 92 94 99 101 102 104 106 108 109 111 117 118 120 122 123 125 126 135 137 142 144 146 149 152 153 154 156 158 159 161 162 165 166 168 170 172 174 175 176 177 178 182 183 184 185 186 189 196 197
32 96 33 37 41 45 47 48 49 51 52 53 59 60 62 63 64 65 66 67 68 77 78 81 82 87 88 93 100 101 102 103 107 109 111 113 116 118 119 121 125 127 129 136 138 141 143 146 147 156 157 160 163 165 166 167 168 169 170 176 177 181 191 194 195 196 197
33 67 36 38 40 46 47 51 57 64 66 68 70 71 74 75 77 79 82 83 85 89 91 95 98 103 105 107 109 111 112 114 116 123 124 128 129 131 136 137 141 142 146 147 148 150 151 155 160 164 165 166 169 172 176 179 182 187 189 190 192 193 195 198
34 71 37 41 46 52 54 56 58 65 67 68 69 71 72 76 84 88 89 90 93 95 96 97 99 101 103 107 109 113 114 116 118 120 121 123 124 125 126 131 135 141 145 146 147 150 151 154 157 158 159 164 170 171 172 173 174 176 178 180 181 182 183 184 185 187 189 190 192 196 198 200
35 63 38 39 42 47 55 60 65 69 71 72 73 76 79 82 83 84 86 88 92 94 96 100 101 105 106 107 116 119 120 121 129 130 131 134 138 141 144 146 147 150 153 154 155 163 164 165 166 167 169 170 171 172 173 179 182 190 192 193 194 196 199
36 74 44 46 48 49 51 53 55 56 65 68 75 77 81 82 87 96 99 100 101 102 103 105 106 110 111 113 115 116 123 130 131 134 135 138 139 140 144 147 151 152 156 158 161 164 165 171 172 174 175 178 179 180 182 185 186 188 190 193 194 195 196 197 198
37 61 40 42 43 45 46 47 48 50 53 55 57 60 61 62 63 67 68 71 72 74 76 77 78 80 92 96 101 102 107 109 111 115 117 120 125 130 131 137 138 139 140 141 142 144 145 146 150 152 163 166 167 168 177 180 181 182 186 187 191 192 195 197 198 200
38 77 40 41 42 44 46 48 53 58 59 61 62 67 68 70 72 75 78 81 84 87 91 93 94 95 100 102 106 107 109 111 116 118 119 122 124 125 126 131 133 135 138 139 140 142 143 144 146 149 157 162 164 167 169 170 171 172 178 181 183 185 186 190 193 195 200
39 96 45 47 49 50 54 58 60 63 64 68 69 70 72 73 74 75 76 83 84 85 86 89 91 93 97 98 99 100 101 105 108 113 114 117 120 122 123 124 125 126 128 129 132 135 136 137 138 140 143 145 147 148 149 150 152 154 157 158 161 162 163 165 169 170 171 174 176 177 179 186 187 188 190 191 192 193 194 196
40 66 50 54 55 56 58 60 68 79 80 81 82 83 84 85 86 91 92 94 95 101 106 107 110 111 113 114 116 118 120 123 126 128 129 131 132 136 137 138 141 142 151 154 155 158 159 160 161 164 167 170 174 176 177 178 185 187 189 190 193 195 199
41 92 46 49 52 53 54 56 60 62 64 69 71 73 74 81 87 88 90 94 100 101 104 106 107 108 112 114 118 119 120 121 122 125 126 132 134 139 140 141 143 144 145 146 148 156 157 158 159 160 162 163 164 167 173 176 178 183 185 187 191 193 194 196 197 200
42 70 44 46 47 48 49 51 53 56 57 58 61 62 66 67 71 78 85 90 92 93 96 97 99 102 103 104 105 109 111 115 116 117 119 121 122 129 133 134 140 142 144 145 147 153 155 159 160 161 162 164 167 170 172 173 175 178 179 181 183 192 193 196 199
43 86 45 49 51 52 54 55 56 62 63 66 71 75 76 78 81 83 84 85 87 89 90 91 92 93 94 96 99 100 101 103 104 109 110 111 114 130 131 134 139 146 154 155 156 158 159 160 162 163 165 166 168 169 171 173 175 176 177 178 179 183 185 186 187 189 190 191 192 197
44 68 45 46 49 52 55 58 68 70 77 78 81 82 83 84 85 86 88 90 91 92 100 101 102 106 107 110 114 116 117 119 123 125 126 129 131 136 137 142 144 145 146 147 148 150 152 157 162 163 164 165 167 168 170 173 175 176 178 180 181 182 185 187 192 193 194 195 196 200
45 63 51 54 56 58 59 66 69 72 76 77 79 80 82 83 86 88 91 92 99 100 101 102 110 111 112 113 115 117 118 119 120 125 126 128 133 136 139 140 142 144 145 147 149 152 153 162 166 167 168 169 174 176 177 179 182 190 193 199
46 87 50 54 56 58 59 62 63 64 66 69 70 77 81 88 90 94 95 97 101 103 104 105 108 110 113 115 119 120 121 123 124 128 129 130 131 134 138 139 147 152 155 157 158 160 161 162 165 166 169 174 178 179 180 185 186 187 192 197 198 200
47 85 49 50 52 55 67 68 69 70 72 74 78 83 84 92 93 94 95 96 102 103 107 108 110 114 116 117 120 124 127 129 132 134 136 137 139 141 147 148 149 150 151 156 162 164 168 175 177 178 179 180 181 182 183 185 187 189 190 196 198 200
48 78 55 61 62 64 65 66 75 82 83 85 91 94 96 103 105 106 114 115 116 118 120 125 129 130 138 139 144 145 150 154 160 164 165 167 170 171 172 176 177 178 182 184 187 188 189 190 192 195 198 199
49 97 51 55 57 59 64 69 70 71 75 78 81 85 89 96 98 102 103 104 111 112 115 119 124 126 128 130 131 137 138 139 140 142 143 144 147 149 152 153 154 155 156 157 159 161 165 167 169 172 173 175 176 178 179 183 184 185 189 195 196 199
50 54 52 56 57 59 61 65 69 77 80 81 85 86 96 98 101 103 106 107 109 116 120 123 124 128 129 130 131 133 137 138 142 143 151 152 153 156 159 162 163 164 165 167 172 173 178 179 181 183 186 187 188 191 195 197 199 200
51 83 53 54 55 56 59 67 68 69 71 74 75 77 78 79 81 82 85 87 90 93 101 105 106 107 117 120 124 125 129 130 131 136 138 140 141 142 147 148 151 153 156 158 160 162 164 169 170 173 174 175 177 178 180 187 188 189 190 193 196 199
52 87 54 62 64 66 67 68 69 72 77 80 88 91 92 94 96 98 100 101 102 103 107 109 112 113 116 117 118 119 120 121 124 128 132 134 135 136 141 142 144 145 147 154 160 161 162 170 171 173 180 181 187 188 191 198
53 57 54 55 57 59 61 64 66 71 74 78 82 84 87 92 94 99 103 107 110 112 113 117 118 119 121 122 124 125 129 130 131 134 135 137 140 142 143 145 146 149 150 151 152 161 162 164 170 175 176 181 183 184 187 191 192 194 195 197 198 199
54 68 55 58 61 63 65 66 68 72 74 75 78 79 80 85 86 87 89 90 93 94 95 96 99 101 104 105 106 107 108 109 111 112 113 117 118 121 122 123 124 125 130 140 141 144 145 148 150 151 152 154 161 164 168 169 172 174 177 178 179 183 185 188 189 190 194 195 197 198
55 83 57 58 62 63 71 73 74 75 76 78 79 82 83 91 92 93 94 97 99 103 105 108 109 110 112 113 115 117 121 123 128 131 135 138 139 148 155 156 158 160 162 163 164 166 172 174 176 177 179 180 181 182 188 189 190 191 192 194 196 197
56 83 58 59 60 61 63 64 68 69 70 74 75 77 78 80 82 86 88 89 91 92 94 95 97 99 103 105 111 113 115 119 122 132 136 137 138 140 141 144 145 146 147 149 150 151 153 154 156 157 160 161 163 165 167 169 176 177 178 181 183 192 196 200
57 63 58 63 65 66 67 70 73 74 77 78 79 80 84 86 87 88 90 92 97 98 101 102 103 104 106 109 111 120 121 122 123 125 129 130 131 132 138 139 141 143 144 148 155 157 158 159 161 162 166 167 170 171 173 174 177 179 181 184 192 195 197 199
58 58 59 60 64 65 70 73 77 78 79 80 81 86 88 93 95 96 98 101 104 105 107 113 115 117 119 121 125 128 132 133 135 140 141 142 152 154 156 160 165 167 178 180 184 185 186 190 191 192 196
59 65 60 62 68 71 76 78 82 85 86 87 88 95 97 102 103 104 105 108 120 121 122 126 127 129 131 133 135 136 138 140 141 142 143 144 145 150 156 160 161 162 165 167 168 175 176 177 179 181 182 183 184 187 188 194 195 196
60 97 69 70 71 72 74 76 77 78 85 86 90 91 95 97 99 101 104 106 108 110 114 117 121 125 126 127 130 134 135 138 139 142 143 144 146 147 149 151 157 162 163 164 166 167 169 170 171 172 175 176 177 183 184 186 187 193 194 195 199 200
61 95 62 64 69 70 78 79 81 86 87 90 94 95 96 97 98 101 102 103 107 111 112 113 114 115 117 120 121 122 125 126 127 130 132 134 137 138 140 141 144 145 146 147 149 152 156 161 164 165 174 176 177 178 179 181 185 187 196 199
62 95 64 69 71 73 74 75 80 81 83 84 87 88 89 90 91 93 95 97 98 103 104 106 108 109 112 115 116 121 122 124 126 127 128 133 134 136 138 145 148 149 150 151 152 154 156 157 159 160 162 167 170 171 174 177 179 180 181 182 183 186 187 190 192 193 198 199 200
63 71 68 74 79 84 85 88 89 95 98 99 108 113 119 120 121 125 129 131 132 133 136 137 138 139 142 144 146 148 149 151 152 153 166 169 170 174 175 176 177 178 180 181 183 186 187 189 191 192 193 194 195 196 198 200
64 66 67 69 71 73 75 79 80 82 84 87 92 94 98 99 102 105 108 110 114 115 116 117 119 120 126 131 132 134 138 141 143 145 148 149 151 152 153 157 158 160 162 164 165 169 173 174 175 176 177 179 182 183 188 191 194 195 198
65 60 67 69 71 72 74 75 76 78 82 88 90 93 98 99 100 102 104 105 108 109 113 114 115 116 118 119 124 127 130 133 138 140 142 148 149 152 154 155 158 160 161 164 166 167 169 173 174 176 178 180 182 189 194 197 199
66 59 74 76 77 82 88 91 92 93 95 99 100 101 103 106 107 108 111 116 119 120 121 124 127 128 131 134 137 139 140 142 143 146 148 152 153 154 155 156 160 168 170 173 174 175 177 179 182 184 185 188 192 194 195 196 200
67 50 69 70 72 76 77 81 82 84 86 87 91 94 95 96 97 98 99 100 103 108 112 116 118 119 124 125 127 128 129 130 131 133 139 140 142 144 146 149 152 153 155 163 165 171 172 175 176 179 184 187 188 189 193 196 197 200
68 98 69 71 73 75 77 79 80 82 83 84 85 87 88 91 93 94 96 99 102 103 104 105 106 107 109 110 111 115 117 118 119 123 127 130 131 132 134 141 143 145 147 150 154 156 158 160 162 165 166 169 176 177 185 186 187 189 190 194 197 198
69 64 70 72 77 79 81 82 84 87 88 93 95 98 99 100 103 104 111 112 115 117 122 123 125 127 128 129 132 133 134 140 148 151 152 155 156 157 158 165 166 168 170 171 173 175 177 180 181 182 183 185 189 190 195 196 197 200
70 85 71 75 76 80 83 84 88 94 95 97 98 99 101 104 105 106 107 108 109 110 112 118 122 123 125 128 131 133 135 139 144 145 146 148 155 156 157 161 163 168 170 171 172 173 174 178 179 180 183 184 185 188 192 193 195 196 197 198
71 86 72 77 78 81 83 84 87 88 92 94 106 109 111 115 117 118 120 121 123 129 131 134 139 142 143 146 149 153 154 156 160 164 168 170 176 179 183 186 189 190 192 193 195 196 198
72 50 74 77 78 80 81 84 87 89 96 97 98 101 102 106 109 110 111 113 114 120 121 124 125 126 127 131 138 139 143 144 145 146 150 154 156 160 164 167 170 171 174 176 179 183 184 186 187 197
73 70 74 76 77 79 81 83 86 89 93 94 98 101 104 105 107 116 120 122 123 135 136 137 141 143 146 148 149 153 155 156 159 160 162 165 167 171 172 174 178 182 188 189 196 197 200
74 97 78 81 82 84 90 102 104 106 110 111 113 114 116 120 124 125 127 128 133 134 135 136 140 142 143 145 146 147 150 152 154 159 161 167 172 177 184 186 188 189 191 197 198
75 99 76 79 82 84 90 91 92 93 94 99 104 106 109 110 113 115 116 119 121 123 124 127 134 139 140 142 144 145 147 149 150 151 153 154 156 159 161 164 166 168 169 172 174 175 178 181 183 192 198
76 69 77 78 79 81 82 85 87 89 94 97 102 104 107 110 111 112 115 118 119 120 121 122 124 127 129 130 131 135 138 139 140 145 146 147 148 151 160 163 164 165 166 167 169 170 171 175 176 178 183 184 187 189 190 191 193 195 197 199
77 100 78 80 82 92 93 94 96 100 105 107 109 110 112 113 116 119 121 123 126 130 131 136 137 139 140 141 145 148 149 151 152 155 160 163 165 166 168 169 175 179 182 185 186 187 190 191 196 198 200
78 87 82 83 94 96 99 102 103 107 109 112 116 117 119 121 129 130 131 134 136 138 143 144 146 149 153 156 158 162 166 168 170 171 172 182 183 184 186 188 190 196 199
79 55 81 83 85 88 89 90 91 96 99 101 102 107 108 109 112 120 122 123 124 128 136 137 141 144 147 149 150 152 154 160 162 164 168 174 175 180 183 185 190 192 193 195 196 197 198
80 89 82 83 91 92 93 94 96 97 104 105 108 110 111 113 114 115 116 119 120 123 129 136 143 151 153 156 160 161 164 165 170 171 175 176 182 191 192 193 200
81 75 86 88 90 92 97 98 101 102 103 104 113 114 116 117 118 120 121 123 125 126 128 130 134 135 140 141 142 146 153 155 160 161 162 164 165 168 171 172 173 177 179 185 189 191 192 193 198 200
82 77 84 87 89 94 95 97 99 104 109 111 112 113 114 116 117 121 123 124 125 126 127 128 130 131 133 139 140 141 142 145 149 150 153 155 157 159 166 168 169 170 172 173 174 175 176 178 182 192 193 197 198
83 53 84 86 87 91 94 99 100 102 103 104 107 109 116 118 119 120 127 136 139 140 141 142 148 150 153 155 156 159 165 168 171 172 173 178 179 180 181 184 186 188 190 191 192 195 198
84 99 86 88 89 95 102 104 106 116 118 121 124 125 127 128 129 131 132 133 134 138 139 144 147 148 149 155 157 161 165 166 167 170 173 174 175 177 178 180 182 185 187 188 191 199
85 85 86 90 91 92 95 96 97 100 101 102 103 104 105 107 108 109 111 116 123 124 125 128 129 130 131 136 139 141 143 152 155 157 160 165 167 168 169 174 182 184 185 188 193 195 196 198 200
86 95 88 91 94 100 101 105 106 107 108 109 111 120 122 126 128 134 136 137 139 140 143 149 151 152 157 162 169 170 173 177 178 179 181 184 185 187 188 191 194 196 198
87 94 88 89 96 97 100 101 102 104 105 106 112 115 117 119 120 123 127 130 133 134 137 139 141 142 143 144 145 147 148 155 158 165 168 169 170 172 173 176 179 181 183 185 189 191 192 193 194 196 197 200
88 79 92 94 96 101 104 105 107 110 113 115 117 118 119 125 128 131 134 135 136 137 143 144 145 148 149 150 155 157 161 163 166 167 171 172 176 177 179 180 181 182 190 192 196
89 88 93 94 95 97 98 101 103 104 106 111 112 114 115 117 120 122 129 130 133 134 136 139 142 147 148 150 153 156 163 165 166 168 169 171 172 174 175 177 178 180 181 191 193 195 199
90 57 96 98 104 106 108 109 114 118 119 121 125 126 130 136 140 141 144 148 150 151 152 153 155 159 162 163 169 171 172 173 174 175 176 177 180 181 182 183 184 185 186 188 189 190 191 194 199
91 86 93 94 97 98 99 102 104 106 107 108 114 117 118 120 121 126 129 130 132 134 138 139 140 141 143 147 149 151 152 154 155 156 160 161 163 164 166 176 178 184 185 187 190 191 192 193 196 198 199
92 96 93 94 96 98 99 100 104 106 107 109 110 111 113 115 116 119 122 125 128 131 136 137 138 141 145 147 148 149 150 153 154 155 157 161 163 165 168 170 173 176 179 181 182 186 189 190 193 198 199 200
93 73 94 96 98 100 106 112 113 119 120 123 126 127 129 130 131 132 133 134 138 140 141 144 152 158 160 162 164 167 171 174 175 180 182 184 186 188 194 196 199 200
94 53 95 98 101 102 103 106 113 114 116 119 120 121 125 127 134 144 146 147 150 154 155 164 165 172 173 174 175 178 182 186 188 192 193 196 199
95 53 96 99 105 106 110 112 113 117 120 123 124 125 131 135 142 143 146 148 151 153 157 158 161 163 165 166 170 172 173 176 177 179 182 186 187 192 197 198
96 73 99 105 107 109 110 112 114 115 121 122 124 128 129 130 136 140 147 148 149 153 157 158 160 161 164 168 170 173 174 176 179 180 181 183 185 186 187 188 195 198 200
97 54 98 99 101 102 106 107 110 118 121 122 124 129 130 131 134 136 137 138 139 143 144 146 148 150 155 166 169 171 173 174 175 178 187 191 193 194 195 196 198
98 61 99 101 103 104 109 110 112 113 118 120 121 122 125 127 129 130 131 132 134 136 138 139 140 141 142 146 147 153 157 162 166 168 173 175 176 181 187 193
99 98 100 102 104 105 109 110 111 114 117 123 124 125 128 130 131 132 138 139 141 142 145 146 148 149 154 156 159 160 161 163 165 167 173 174 176 178 179 181 182 184 186 192 197
100 83 109 112 114 115 116 119 122 124 129 130 132 134 136 138 140 141 142 144 146 148 149 151 155 158 163 165 166 167 168 170 173 177 178 181 183 185 190 191 196 197 198 200
101 60 103 105 106 107 111 113 114 116 120 121 127 130 133 138 143 147 158 159 163 165 166 168 169 173 175 176 177 178 180 181 184 186 187 188 191
102 88 104 108 113 115 116 117 120 121 125 130 131 132 135 136 137 138 139 140 142 146 147 148 150 153 154 155 160 162 164 165 168 169 171 172 173 182 183 185 186 187 191 192 194 199 200
103 73 106 108 112 113 114 117 119 124 127 130 133 143 144 146 148 149 150 151 153 156 159 160 163 166 168 169 170 171 173 180 181 184 192 198 200
104 56 108 114 115 119 120 123 124 125 130 131 132 134 135 137 140 144 146 148 149 150 152 153 154 157 159 161 162 167 168 170 175 176 178 181 187 192 193 195 197 198
105 50 107 110 111 116 117 119 126 129 131 133 135 136 137 138 142 146 147 149 151 152 153 154 155 161 167 174 176 178 180 181 183 184 185 188 190 195 196
106 76 108 113 118 120 127 128 129 130 131 132 134 135 136 138 139 141 147 151 152 154 155 156 159 161 163 166 170 171 172 176 177 178 179 180 181 190 193 197
107 82 110 114 115 117 118 123 125 130 132 133 136 137 142 144 146 148 149 150 157 159 160 161 163 169 170 174 175 177 179 180 182 186 188 190 195 197 198 199 200
108 69 110 113 114 115 117 120 121 122 127 130 132 133 134 137 138 140 142 147 158 160 162 165 167 168 169 172 173 180 182 193 194 200
109 64 110 111 119 120 121 123 126 128 129 130 131 132 134 138 139 143 146 147 149 150 153 154 155 156 158 159 160 161 162 163 165 167 170 172 175 179 186 187 189 192 197 198 199
110 64 111 113 114 116 120 122 123 128 130 135 137 138 143 146 147 150 153 154 156 158 159 162 163 165 169 170 173 177 179 180 181 182 184 185 195
111 98 112 114 116 117 119 121 123 128 129 131 132 135 137 146 150 151 154 158 160 164 166 167 173 174 177 178 185 188 190 191 193 194
112 58 113 114 116 119 121 132 141 142 144 152 153 154 158 161 166 167 171 173 175 182 183 184 191 192 193 194 195 198 200
113 90 114 118 119 120 121 122 124 127 130 131 132 133 138 140 145 149 151 160 164 166 168 170 171 174 179 180 183 188 193 197 199 200
114 82 115 117 128 130 134 135 140 148 150 151 156 157 160 161 163 164 167 168 169 172 173 181 183 186 187 188 189 190 191 196 198 200
115 84 121 122 127 128 129 132 133 135 136 138 140 143 146 152 156 158 162 165 172 173 174 175 176 181 182 184 189 192 194 196 198
116 55 117 119 121 124 125 128 129 131 136 137 141 143 147 151 155 159 161 164 165 167 169 171 172 173 175 177 182 185 186 188 190 191 194 195 196 200
117 58 120 122 126 128 129 130 131 134 138 139 140 141 143 150 151 160 161 163 165 166 167 170 172 173 175 179 180 181 183 184 185 189 190 191 193 194 196 197 199
118 88 121 123 124 127 129 133 135 136 137 138 139 140 141 142 145 147 151 152 153 155 157 159 160 162 164 168 169 175 176 179 181 183 188 190 191 198
119 93 120 121 122 125 128 129 130 132 133 134 135 137 141 147 148 149 151 154 155 156 158 162 163 164 166 168 169 170 171 175 177 179 182 188 190 192 194 196 197 198 199 200
120 56 123 124 127 130 137 139 143 145 147 150 151 152 153 154 155 156 157 158 159 161 165 166 171 173 175 176 177 178 180 184 189 194 196 198
121 89 122 125 126 129 130 131 132 133 139 140 141 143 145 147 149 151 152 154 155 156 157 158 165 166 167 169 172 173 174 176 178 179 183 185 186 190 191 193 195
122 61 126 127 131 136 142 143 145 146 148 152 154 156 159 160 161 164 168 169 170 173 174 177 182 183 186 190 199 200
123 78 125 126 133 136 142 144 145 146 147 148 151 158 161 162 164 167 168 170 171 175 179 180 181 183 187 190 192 193 194 197 199 200
124 69 125 128 132 134 136 137 138 140 141 142 144 147 150 151 156 157 158 159 160 161 164 168 169 173 174 177 178 180 182 183 185 186 187 191 194 196 197 198 199
125 63 136 137 140 141 143 144 145 147 150 154 161 162 164 168 169 172 176 177 178 180 181 183 184 186 188 190 191 192 193 195 196 198 200
126 73 129 130 134 136 139 142 143 145 146 148 156 164 171 174 176 178 179 180 185 186 187 188 194 195 198 200
127 66 131 132 135 141 146 149 150 153 163 165 168 170 173 176 178 179 181 182 183 186 188 189 190 193 196 198 200
128 94 129 131 133 141 143 144 145 147 148 151 152 154 155 156 160 161 162 166 171 175 177 178 179 180 185 189 190 192 194 195 199 200
129 83 132 133 137 138 142 143 147 148 151 152 153 159 160 163 164 166 171 174 180 181 182 187 188 189 190 191 194 195 197 198 199 200
130 86 131 134 135 139 141 144 146 148 152 154 157 166 168 171 173 174 176 179 182 183 184 185 190 197 199 200
131 92 134 135 136 137 138 141 142 143 146 149 150 157 164 168 169 172 173 174 179 180 183 184 186 187 189 190 192 193 196 198 200
132 84 133 134 137 139 140 145 146 148 150 151 154 155 156 157 159 160 163 164 165 166 172 173 174 181 184 185 188 193 194 195 196 197 199 200
133 98 138 139 140 141 145 147 150 151 155 156 162 166 169 170 171 172 179 180 182 183 185 186 187 190 194 196 197 198 199
134 55 135 136 137 138 139 140 141 144 147 150 152 158 160 163 164 166 167 171 175 180 183 185 187 190 192 197
135 57 137 138 139 153 154 155 157 159 160 162 163 165 168 169 170 173 175 177 179 181 185 186 189 192 195 198 199
136 95 144 147 148 149 151 152 158 160 169 173 174 176 178 179 182 183 184 187 200
137 56 142 145 146 148 152 159 160 161 163 164 166 168 169 172 173 174 177 180 182 185 186 191 193 198 199 200
138 96 140 141 144 145 148 150 151 152 153 155 157 158 159 160 161 162 165 166 168 169 171 177 183 184 185 186 189 190 192 193 195 196 198 200
139 88 147 152 153 155 158 160 161 163 166 172 173 178 179 180 187 190 191 192
140 67 143 146 147 148 149 150 154 155 157 159 160 162 163 164 166 169 170 172 174 179 182 192 194 195 198 200
141 77 145 146 150 153 154 155 158 159 161 165 166 172 174 178 179 182 183 186 189 191 197 198 199 200
142 74 146 150 162 163 165 169 171 175 179 180 181 182 185 186 187 189 197 200
143 63 144 149 155 162 167 168 169 171 172 174 176 178 190 191 192 194 196 197
144 50 145 147 154 157 158 160 161 163 166 167 179 182 186 187 190 196
145 73 146 149 150 155 160 161 165 168 170 174 175 177 178 179 182 183 184 185 190 191 197
146 97 149 151 152 153 154 159 166 167 168 171 174 181 183 184 185 188 193 195 196 198 200
147 59 149 150 152 157 162 164 166 168 171 175 179 182 183 187 188 191 195 196 200
148 60 149 154 158 159 160 163 164 166 167 170 172 173 175 177 178 180 181 183 189 193 194 196 197 198
149 82 150 151 152 154 155 156 158 159 167 173 174 179 180 181 184 185 191 192 194 196 199
150 96 153 156 166 167 168 169 171 172 177 178 179 181 183 186 187 188 191 195 198 200
151 91 155 157 158 161 163 164 166 169 170 171 172 178 184 186 189 192 193 194 195 196 197 199
152 87 155 158 159 160 161 165 171 172 177 178 185 191 193 194 195 196
153 62 154 157 161 163 169 171 172 175 178 181 183 184 185 189 192 195 196 197 198
154 98 157 159 161 162 163 165 167 173 176 177 179 181 182 183 184 186 190 192 193 195
155 72 156 160 165 167 169 170 173 174 176 178 179 180 181 184 185 188 189 191 192 194 197 199 200
156 87 159 162 163 164 166 167 169 171 173 181 186 187 191 192 194 195 196 197
157 66 162 170 172 173 174 177 182 183 184 185 186 193 196 197
158 60 161 167 168 172 174 175 176 177 178 181 183 185 193 196 197 200
159 50 162 166 167 168 170 177 178 181 183 186 187 188 192 194 200
160 74 162 168 180 182 184 185 187 190 193 195 196 197 199 200
161 70 167 169 171 174 175 177 178 180 183 184 185 186 188 193 194 196
162 76 164 167 168 170 172 175 177 178 179 182 184 185 188 189 190 192 195 196 199 200
163 68 170 172 173 175 176 180 182 185 190 195 196 198
164 51 170 171 174 176 184 185 187 190 197
165 85 174 177 179 182 187 188 192 193 194 195
166 66 167 170 173 177 178 181 183 184 188 190 191 192 194 196 197 198 199
167 65 172 173 175 176 178 180 183 185 187 188 189 190 191 192 193 194 197 200
168 50 172 175 182 187 190 195 197 200
169 53 170 172 175 178 182 183 184 186 192 193 197
170 74 171 174 176 180 181 182 184 185 186 188 189 190 191 198 199 200
171 75 172 174 181 182 183 185 187 188 190 193 194 200
172 56 174 179 183 184 189 193 194
173 72 175 177 178 179 180 182 184 187 188 192 194 196 197 199
174 78 177 178 180 185 189 191 199
175 79 178 180 182 183 186 187 188 191 192 194 195 196 197 199
176 94 180 187 188 190 193 200
177 91 178 179 181 194 195 197 198
178 78 180 181 188 193 194 196 198 199 200
179 69 182 189 190
180 60 183 184 185 191 195 198
181 75 182 183 185 187 189 190 198 199 200
182 78 185 187 188 190 191 193 194 199 200
183 80 185 187 189 190 191 194 197 198 199 200
184 64 186 192 194 195 196 197 198 199 200
185 94 186 187 188 190 191 192 195 197 198 200
186 77 198
187 51 188 191 193 194 195 199 200
188 65 193 195 196
189 99 190 196
190 83 193 195 198
191 71 193 194
192 79 193 195 196 197
193 79 194 195 196 197 200
194 54 195 196 200
195 68 199
196 81 198
197 50 198
198 57
199 100
200 75
