200
1 54 3 14 16 22 32 53 67 80 90 98 99 106 119 149 162 176 189 190 195 198 199
2 68 30 32 49 57 66 125 143 147 176 177 179 180 185 191
3 67 9 18 28 38 39 58 63 70 71 102 110 116 119 132 134 148 164 166 174 190 191
4 60 5 27 36 45 46 68 69 76 78 85 92 95 97 101 114 123 127 133 138 155 168 174
5 96 8 29 47 53 56 81 84 95 104 115 123 124 128 141 143 153 158 161 165 166 188 189 196
6 50 23 26 36 37 40 41 52 60 78 81 89 93 96 104 113 120 121 129 130 137 140 146 196
7 72 12 13 24 42 43 49 60 74 81 85 92 108 119 121 126 144 181 195
8 79 16 19 24 79 80 87 93 98 109 113 119 123 128 134 147 155 161 171 191 194 198
9 73 17 30 32 61 67 84 88 93 112 118 128 129 133 136 142 147 152 187 199
10 78 20 32 36 59 82 83 105 108 120 141 148 150 176 183 191 192 195
11 78 30 61 83 98 156 164 176 178 180 185
12 80 13 18 19 64 70 81 93 95 96 103 104 107 124 128 135 138 139 149 158 175 181 187 188 193
13 56 35 46 49 67 70 84 138 149 160 163 168 179 200
14 89 33 43 45 64 76 80 111 122 132 137 171 184 199
15 64 29 31 42 52 53 57 58 60 64 71 75 80 91 95 108 122 130 165 169 188
16 70 22 30 37 51 61 67 68 75 89 90 98 99 103 111 115 146 158 166 170 182 184 187
17 76 21 25 39 49 51 58 78 81 103 139 146 156 160 172 177 188 189 191 197
18 60 21 50 63 66 68 70 75 84 99 106 111 137 151 181 191
19 57 24 28 38 43 49 54 64 66 68 74 107 110 152 154 163 178 179 180 185
20 63 31 32 38 45 46 47 52 74 99 104 132 143 145 156 181 199
21 71 37 56 61 75 78 96 104 105 117 130 136 145 147 155 184 187
22 56 40 45 62 66 70 71 83 97 123 134 150 152 158 166 172 179 200
23 99 40 44 47 72 78 86 90 91 96 106 108 124 132 143 148 155 163 176 183
24 78 42 52 67 71 75 78 86 90 94 103 106 109 112 127 131 155 158 160 192
25 54 26 28 29 32 50 59 71 74 89 102 108 112 153 168 180 183 187 191 200
26 64 30 52 53 56 70 71 75 79 85 87 89 101 152 199
27 81 30 33 41 52 54 86 102 113 137 145 156 157 180 185 189
28 84 30 76 78 82 94 97 132 138 139 143 165
29 79 35 56 60 69 78 88 99 105 141 152 155 160 165 172 185 197
30 71 34 39 79 85 86 88 89 91 117 125 140 141 151 167 170 176 186 192 195
31 81 38 42 88 98 100 112 141 146 147 154 156 164 171 175 177 183 192 194
32 58 34 46 48 61 70 80 83 91 109 120 138 156 165 169 177 179 191
33 64 39 55 85 86 88 96 109 111 125 129 153 158 177 183
34 60 39 40 43 63 70 73 78 92 104 105 107 117 153 163 175 196 200
35 78 47 51 56 58 59 61 65 67 69 88 93 95 103 110 118 125 131 154 161 164 165 166 171 187 197
36 53 42 65 66 92 97 104 114 115 121 123 134 141 160 161 164 183 187 193
37 76 48 51 53 68 72 79 96 101 103 106 109 122 124 133 134 164 167 177 186
38 74 40 53 57 67 69 70 93 95 99 104 125 127 130 137 142 143 145 146 160 173 186
39 72 40 47 50 55 67 93 99 140 146 147 152 153 155 156 182 186 197
40 67 55 89 98 99 110 141 143 149 159 168 190
41 95 49 79 83 88 92 100 105 119 123 130 131 144 171 175 183 193
42 69 50 57 66 69 75 82 92 128 133 134 161 184 197
43 68 47 55 57 66 69 74 80 86 92 138 145 177 180
44 76 61 86 112 113 121 132 135 147 148 163 168 173 182 189
45 75 51 54 55 56 81 84 97 101 130 134 148 160 174 176 194 199
46 74 48 51 52 65 70 72 77 79 91 107 113 136 146 155 165 178 188
47 70 52 64 73 74 83 95 99 100 105 121 133 135 142 150 152 164 175 178 191 194
48 94 59 64 77 84 87 89 122 134 144 150 155 163 173 183 186 194
49 53 70 91 92 95 105 121 129 133 158 161 176 177 187 199
50 63 72 85 88 96 98 105 115 128 133 149 150 160 167 181 187 192 195
51 50 53 57 73 86 88 89 100 102 113 128 136 137 147 175 186 187 198
52 73 57 59 69 73 76 78 80 84 90 93 121 122 124 127 141 152 177 196
53 63 75 84 91 96 97 103 104 106 118 135 149 154 162 188 189 191 193 198
54 61 63 66 71 74 104 105 110 123 125 127 140 147 149 150 182
55 56 58 62 83 92 94 108 123 140 143 162 176 178
56 91 71 97 124 135 143 149 171 175 176 177
57 56 59 71 82 99 111 121 132 134 142 153 154 185 193
58 98 60 71 72 78 82 89 102 154 159 161 163 174 190 200
59 99 76 83 92 94 103 104 105 106 114 125 135 136 144 145 185 189 195 200
60 95 79 86 98 112 174 178 184 192 197
61 67 62 77 79 83 90 99 114 139 147 154 167 175 188 200
62 58 109 125 127 133 151 152 154 156 164 165 196 199
63 94 89 103 108 119 129 132 133 141 144 149 160 171 181 183 198
64 67 70 81 92 131 138 142 169 180 182 199
65 71 89 92 107 115 117 118 126 130 133 140 142 143 158 163 178 185 191 199
66 79 68 84 87 93 96 105 106 111 115 128 137 145 147 152 159 170 171 183 193 194
67 63 91 92 103 105 106 108 114 120 133 140 153 157 165 168 169 174 183 194 197
68 64 69 73 78 86 91 98 107 116 121 127 128 137 139 149 183 189 199
69 79 75 86 88 114 117 121 124 131 132 149 151 157 159 162 172
70 53 77 91 93 96 101 110 114 118 124 129 131 133 134 138 181 194 196 199
71 86 82 85 89 107 110 111 112 117 120 130 152 176 177
72 75 80 86 129 134 141 153 159 170 171 178 189 193 195
73 66 84 87 93 103 109 123 126 129 137 138 144 151 171 179 198
74 63 81 90 91 105 106 110 113 128 153 173 174 178 180 197
75 84 82 84 86 88 91 99 105 139 142 154 167 178 180 185 188 192 196
76 53 83 90 107 128 135 144 151 155 161 163 180 191 199
77 83 81 82 92 99 113 141 147 154 155 166 177 181 189 192
78 60 102 107 124 127 139 152 157 159 160 168 170 174 191 192 196
79 82 84 106 120 121 130 144 163 171 185 200
80 76 95 97 122 129 141 145 147 158 168 178 181 194
81 74 89 94 107 110 118 127 137 140 142 145 153 163 179 180 190 193 200
82 83 83 88 116 122 144 149 180 182 190
83 51 91 97 100 105 107 122 136 142 158 172 190
84 81 88 89 100 102 111 112 127 130 134 140 144 179 185 198
85 91 87 94 96 98 105 114 144 149
86 65 91 97 101 108 109 114 131 142 145 146 163
87 52 91 106 109 149 152 165 169 175
88 82 99 120 123 129 130 142 144 145 153 160 161 178
89 95 99 106 118 120 147 163 177 183 184 196
90 55 92 102 103 116 121 126 128 131 132 154 158 160 163 166 176 177 190 197
91 78 102 111 115 118 120 138 155 158 168 186 190 193
92 56 98 103 128 133 164 173 181 198
93 87 105 132 134 137 155 156 158 165 186 191
94 50 106 109 114 116 127 136 165 168 184
95 57 103 108 111 115 120 128 153 157 167 184 195
96 84 103 107 112 116 126 132 136 143 164 166 186 187 192 197
97 77 116 121 126 128 171 187 188 194 200
98 76 107 109 155 176 181 184 193
99 78 170 188 192
100 92 103 116 131 134 137 154 170 183 197
101 71 118 121 124 127 162 170 191 196
102 51 116 126 129 131 151 155 163 165 168 189 195
103 82 107 115 158 167 174 176 185 190 191
104 61 129 135 139 158 165 175 178 185 194
105 85 117 127 128 129 135 138 141 145 174
106 88 111 118 130 154 168 170 177 180 197
107 100 123 127 148 170 196
108 51 111 116 132 136 146 166 181
109 66 114 115 125 134 145 159 184 192 199
110 94 112 122 123 152 159 161 180
111 70 126 135 138 149 154 170 175 176 178 181 187
112 71 122 167 172 189 195
113 86 116 126 148 158 160 171 184 196
114 88 125 129 149 165 172 178 182 184 185 188 191 198
115 65 128 132 135 139 143 151 153 172 187 193 194
116 85 122 136 145 163 169 171 174 185
117 77 120 126 128 137 139 176 177 187
118 61 121 127 136 149 153 173 175 193
119 69 127 131 137 146 147 157 163 174 181 185 190 193
120 66 123 124 140 152 153 158 170 194
121 86 127 149 169 185 190 199
122 59 136 144 156 164 187 195 197
123 69 128 132 137 152 167 176
124 85 128 136 137 155 165 174 178 182 190
125 57 148 172 194
126 100 133 137 149 155 160 161 166 173 178 183 195 196 199
127 78 143 144 151 198
128 98 173 195
129 76 138 142 147 154 169 172 187 192
130 87 144 177 178 188
131 78 137 176 193
132 79 136 160 184 191
133 82 139 185
134 93 143 163 166 177 193 195
135 55 139 141 145 154 165 166 172 196 197
136 50 140 143 169 176 185 191 195 199 200
137 83 157 162 174 189 192 197
138 56 140 146 166 170 178 190 191
139 90 164 170 172 176 188 189
140 58 152 158 163 165 167 180
141 78 144 146 161 172 176 183 188
142 81 149 153 169 176 184 196
143 79 155 188
144 54 182 184
145 75 154 158 185 195
146 82 148 167 172 181 192 197
147 100 175 178
148 76 169 177
149 58 151 155 169 172 181
150 51 151 155 158 161 175 186 187 189 194 198 199
151 64 185 199
152 81 176 177 184
153 80 155 160 184 194 199
154 63 155 178 196
155 73 163 170 172 199
156 88 162 173 189 197
157 62 172 173 180 182 183 190 191 198
158 63 162 163 169 177 183 194 198
159 91 174 176 183 196
160 71 163 165 166 169 174 185 193 200
161 98 172 190 193 195
162 81 173 187
163 70 167 170 177 178 182 190
164 67
165 55 176 192 198
166 56 167 182 199
167 79 190
168 90 173 175 180 197
169 82 180
170 64 176 195
171 81 174 181 184 196
172 55 183 200
173 85 179 196 198
174 86 180 184 188 192 195
175 82 180 186 194 195
176 71 181 199
177 69 189
178 98 180 184
179 63 181 196
180 91 192 195 198
181 86 187
182 95 184 195
183 75 194
184 84 200
185 71 186
186 53
187 93
188 70
189 50 195
190 60 191 194
191 55
192 83 193 195
193 63 200
194 58 199
195 65 197
196 90
197 50 198
198 80
199 50
200 97
