200
1 72 7 9 12 17 18 23 25 37 50 54 56 61 63 64 76 77 80 88 103 114 116 135 169 179 185 189 192 196
2 100 5 7 16 28 43 56 64 68 74 79 80 88 105 117 118 128 136 142 148 153 157 159 161 172 173 174 176 188 192 193 194 199
3 78 13 16 22 24 25 37 48 50 54 66 68 75 78 85 87 93 105 112 113 120 125 129 130 131 132 136 138 143 144 158 160 161 165 166 168 169 174 177 180 182 184 192 193 194 199
4 10 5 8 16 19 20 21 23 28 37 41 54 58 95 97 100 106 108 110 113 121 132 134 141 142 143 148 152 153 172 183 196 199
5 18 8 9 11 12 17 18 32 39 55 57 65 66 69 87 96 98 100 104 109 123 132 135 136 149 152 153 155 158 162 166 176 180 182 184 192 195 200
6 42 8 10 21 22 23 24 28 30 33 37 38 42 54 55 58 65 67 70 74 78 80 84 88 92 96 101 103 104 106 117 124 125 134 147 149 151 154 161 165 189 192 194 200
7 95 45 48 57 62 70 71 78 81 83 88 91 97 102 106 109 110 113 117 119 121 129 135 145 150 152 153 156 160 166 167 172 190 193 196 197 200
8 100 12 17 25 29 39 41 43 49 58 62 70 74 83 94 99 107 109 113 115 119 121 128 141 144 148 151 158 159 163 167 168 173 178 182 188 193
9 22 14 15 17 19 28 31 41 45 48 52 53 67 68 76 79 85 90 93 96 105 109 111 115 116 128 130 135 136 137 139 140 141 152 153 154 161 162 177 186 197
10 15 26 27 30 32 37 39 48 51 58 67 68 76 82 89 92 94 95 103 107 110 128 137 142 144 146 149 150 163 168 175 177 182 183
11 1 17 20 22 36 37 43 45 49 50 54 55 58 59 64 69 71 83 84 87 90 97 99 102 107 108 115 125 127 130 143 145 148 155 164 165 176 180 181 186 188 189 194 195 197 199
12 68 20 25 30 35 41 50 54 62 65 76 78 82 84 89 101 104 105 114 131 133 136 138 146 148 155 164 166 167 170 177 179 182 190
13 87 16 23 24 34 37 42 53 56 67 68 72 74 80 89 90 95 96 101 104 108 110 111 114 120 125 136 138 151 152 156 157 165 169 176 177 185 192 194 199
14 32 20 26 29 30 37 40 45 48 49 59 64 81 87 91 93 99 101 110 111 118 127 131 136 137 138 144 149 153 157 165 168 171 185 186 195
15 41 16 21 24 25 27 30 32 36 40 49 51 55 61 62 82 87 89 96 106 112 114 117 118 119 144 153 154 157 160 166 167 169 170 173 178 182 186 192 196 197 198 200
16 67 20 30 31 44 47 51 62 65 66 68 76 79 86 88 89 95 100 103 105 106 117 120 121 130 131 132 136 142 147 149 155 157 159 173 181 182 191 194 199
17 27 19 23 29 30 34 38 39 41 45 49 72 76 78 82 89 92 97 100 103 110 111 112 117 131 137 143 145 146 147 149 153 154 158 160 161 162 166 172 173 175 182 193 200
18 84 27 31 35 41 52 56 62 70 72 74 76 80 82 86 91 99 100 104 108 114 120 121 127 135 139 141 154 161 162 164 174 182 187 188 193 200
19 11 23 31 39 45 54 58 67 73 80 85 88 94 97 106 110 114 124 128 140 142 145 146 156 158 163 169 173 176 178 180 181 198 199
20 73 29 31 36 37 39 49 50 55 57 61 64 66 72 75 76 78 89 93 95 96 99 103 119 122 123 124 128 151 164 169 175
21 4 22 26 32 37 39 44 46 47 52 53 56 63 69 78 80 92 103 113 116 124 126 127 128 136 140 145 147 154 156 162 177 182 198
22 78 26 30 38 41 45 47 58 68 70 77 87 88 99 103 106 110 116 121 130 132 140 146 150 153 155 156 158 161 163 169 178 184
23 44 31 32 44 45 47 55 60 72 74 77 87 90 94 96 103 109 134 135 138 144 145 151 163 173 182 184 187 191
24 57 25 31 33 37 38 46 49 50 51 57 68 77 81 85 92 97 99 100 104 105 107 113 132 136 138 148 150 152 153 157 163 165 170 175 178 183 186 187 189 190
25 3 33 46 48 57 70 79 82 84 87 91 93 97 103 105 111 115 118 122 130 134 140 141 157 159 161 162 172 173 174 175 182 185 189
26 91 29 30 31 36 38 41 62 64 65 73 77 79 94 95 103 111 119 123 135 137 138 142 147 149 150 153 155 157 165 177 183 185 192
27 68 32 38 40 44 51 52 53 58 72 73 86 91 93 103 106 115 121 122 124 127 128 130 134 140 148 153 157 161 163 164 173 177 180 182 183 186 191 196
28 13 29 33 34 40 48 49 56 58 64 79 82 89 92 103 107 114 117 128 129 136 157 159 165 171 172 176 178 198
29 91 35 47 53 63 74 85 86 99 104 106 125 142 143 149 150 154 165 168 169 176 182 188 191
30 46 31 33 34 36 37 40 41 45 47 52 63 65 69 88 89 95 101 106 115 128 131 134 142 154 157 176 180 183 189 200
31 93 32 33 41 51 53 54 55 56 62 73 87 88 95 100 101 103 111 114 117 122 124 130 135 138 141 144 146 147 153 159 160 165 175 176 177 181 184 186 199 200
32 29 35 39 44 48 52 55 58 76 86 87 101 104 105 112 115 120 123 124 126 131 138 144 158 161 162 174 176 185 187 191 196 200
33 91 34 39 51 53 54 55 65 75 80 84 103 112 121 130 133 158 166 167 175 181 184 187 188 191 192 195 198 200
34 53 36 40 43 53 55 58 61 79 86 87 91 103 107 111 118 120 121 124 125 132 137 139 141 156 159 160 162 172 174 179 185 189 191 194 196 200
35 94 54 68 69 72 75 82 83 85 86 87 95 101 104 105 108 109 110 118 121 125 138 140 147 151 153 162 164 167 181 192 193 197
36 11 37 41 43 48 51 59 60 68 70 71 73 76 82 96 97 99 103 108 111 117 118 119 121 136 142 145 159 165 187 188 193 199
37 33 40 41 46 52 57 58 73 81 82 85 91 94 99 101 109 110 111 113 119 127 131 133 135 137 138 146 149 150 162 165 167 172 173 176 179 183 188 191 196 200
38 29 43 44 61 73 79 80 84 87 89 95 118 123 129 133 138 146 164 165 168 176 180 185 186 198 200
39 69 42 47 50 55 57 61 63 65 70 75 76 83 94 99 102 109 110 123 126 127 130 136 137 142 145 147 148 154 156 157 159 163 165 185 186 200
40 77 41 46 58 61 69 74 82 83 85 87 99 100 102 113 114 115 134 137 145 148 154 162 164 169 171 181 186 188 190 199
41 87 46 48 54 57 62 63 66 70 74 75 83 84 87 88 93 95 97 107 129 130 133 140 143 147 151 154 155 164 165 167 168 169 174 177 178 179 194 199
42 41 52 55 58 62 66 67 69 70 72 73 80 81 84 86 93 94 102 104 113 122 127 128 135 136 152 153 159 161 171 178 181 182 185 190 194 197 199
43 11 59 62 66 69 72 86 88 89 90 96 108 120 124 125 127 137 149 153 155 156 165 173 180 184 188 195 196 198
44 92 45 46 55 56 57 66 71 79 80 85 88 94 99 104 109 112 124 136 137 139 141 143 145 152 163 164 167 182 184 185 189 191
45 64 47 48 55 56 61 64 76 78 80 84 88 89 99 118 120 130 136 141 145 150 157 166 171 173 176 178 180 182 189 192 196 197 199
46 89 52 55 64 75 82 84 96 105 106 107 109 111 117 124 125 127 130 132 139 141 162 164 165 166 169 170 177 180 182 183 185 188 194 197 199
47 94 55 60 63 65 67 69 79 83 88 93 102 106 108 113 116 119 121 122 125 126 139 151 152 154 160 161 162 163 166 179 183 185 188 189 193 194
48 88 56 60 69 74 85 92 97 118 119 120 122 132 134 137 140 146 149 152 153 154 156 161 163 165 168 173 177 178 180 182 190 197
49 78 51 59 72 73 75 76 78 80 84 86 90 96 101 103 107 111 124 144 148 151 176 177 184 187 194 197 200
50 60 52 56 72 77 78 80 83 90 101 105 108 112 118 120 121 143 145 148 150 151 159 162 171 177 178 183 184 187 193 195
51 100 60 61 62 63 69 71 75 78 81 82 84 91 95 96 101 108 118 123 124 125 127 133 139 140 143 145 147 151 158 161 165 166 168 174 178 193 195
52 25 56 61 65 68 71 77 78 87 92 93 94 98 106 117 118 124 125 126 129 132 140 156 169 171 172 174 176 185 188 191
53 57 59 60 64 77 80 84 86 92 93 99 101 116 119 133 137 140 144 160 166 175 181 190
54 80 67 69 86 103 110 114 138 139 148 153 154 155 160 166 167 173 177 180 181 182 188 190 193 196
55 92 57 68 69 74 75 80 82 83 85 100 105 106 109 115 121 122 129 132 137 139 144 148 160 162 172 174 176 177 186 187 193 196 198
56 52 58 60 61 62 67 69 71 94 99 101 106 115 116 117 118 121 124 128 133 134 147 153 156 167 168 169 175 185 186 188 197
57 95 68 72 75 81 89 90 92 99 100 101 102 103 108 109 113 117 126 131 138 140 145 146 151 160 163 173 174 183 190 196 200
58 96 63 66 71 76 78 80 87 90 96 97 104 111 113 114 117 121 122 123 131 142 146 164 165 169 177 182 184 187 189 193 199
59 66 61 75 76 81 83 105 106 114 119 122 136 137 140 142 144 149 151 152 156 159 171 178 179 182 186 188 193 198 200
60 13 70 78 86 96 100 119 123 126 130 133 136 150 152 156 157 158 161 168 169 176 182
61 36 67 69 72 73 78 92 93 99 100 102 105 106 108 114 120 132 133 138 140 145 146 149 154 158 161 166 172 176 200
62 13 65 74 76 85 89 90 91 101 102 115 117 118 122 123 128 129 132 134 141 145 148 153 155 157 168 175 176 180 189 191 197 199
63 65 69 83 85 98 100 102 120 121 128 135 139 142 146 150 151 163 164 170 172 185 187 190
64 47 71 73 75 83 89 98 100 109 110 123 126 128 129 137 140 143 151 156 161 165 170 175 179 180 181 183 190 193 197
65 80 66 67 77 94 95 98 102 113 117 118 134 135 136 137 144 148 149 153 160 166 169 170 175 177 190 193
66 18 68 72 73 78 79 85 87 89 98 99 104 113 114 116 117 119 126 130 132 135 136 141 147 151 152 153 155 158 168 175 178 179 180 188
67 19 74 78 81 86 87 88 91 94 95 114 117 127 137 145 148 151 160 162 165 167 176 179 181 183 186 187 188 191
68 59 70 72 76 78 79 81 82 85 86 87 92 102 108 109 110 112 116 120 121 125 129 130 142 153 154 157 161 176 177 182 184 186 188 195
69 97 70 72 75 83 84 92 103 109 119 120 126 127 130 136 140 145 151 152 156 167 169 171 172 174 182 187
70 4 75 81 87 92 96 100 102 123 124 131 135 136 137 144 147 153 154 155 162 163 168 179 181 185 188 196
71 73 74 76 94 101 102 108 110 111 113 116 124 125 126 129 133 141 153 156 164 177 186 191 198
72 75 75 81 85 87 90 98 113 117 118 122 131 133 148 153 155 160 165 170 174 181 187 196 197 200
73 58 76 79 86 87 90 91 94 104 108 117 124 126 129 143 149 151 152 153 154 166 176 177 178 185 191 192 195 196 199
74 52 79 101 117 119 122 125 131 135 136 151 156 158 162 165 176 179 185 195
75 67 83 86 97 98 100 103 118 128 129 135 137 139 145 150 153 155 157 160 162 168 174 178 195 196
76 83 78 81 87 92 102 105 110 111 112 119 123 129 130 136 139 141 156 157 165 167 168 175 176 177 181 184 185 187
77 39 79 80 91 99 122 123 126 132 133 137 140 142 144 158 161 162 163 168 179 181 183 190 191 197 198
78 66 87 88 100 101 102 108 113 115 127 131 133 147 154 156 157 160 162 168 170 171 185 186 188 195 198
79 42 84 89 93 98 100 104 116 117 127 135 139 144 147 149 151 163 175 178 181 185 190
80 64 83 84 86 89 90 102 109 120 123 126 129 149 150 153 156 172 173 174 177 183 184 186 188 192 200
81 31 92 98 100 105 108 109 112 113 116 119 133 137 151 155 158 164 165 166 171 172 182 185 186 190 193
82 11 87 90 96 106 115 130 142 146 147 149 152 157 159 160 166 167 169 172 174 175 187 189 191
83 22 86 88 90 92 105 107 108 119 120 122 129 134 138 139 140 146 147 158 167 168 193 198 199
84 11 86 89 92 102 106 108 110 116 119 127 132 133 136 141 150 161 162 166 169 171 172 175 176 190
85 10 87 88 89 91 102 105 113 115 119 121 123 128 131 133 136 137 147 152 164 170 181 182 194 199
86 76 101 102 103 107 116 117 122 124 125 133 135 140 143 148 149 150 151 154 160 176 179 192 194 200
87 67 89 94 95 106 111 113 114 124 125 130 132 134 135 137 140 144 145 151 153 156 157 166 168 171 173 174 178 182 185 186 188 190 191 198
88 43 89 93 94 97 101 103 105 111 117 119 127 135 140 153 155 157 158 160 163 165 177 185 189 190 193 194 200
89 80 93 94 97 106 116 121 127 133 139 142 143 151 154 166 177 186 187 190 192 196
90 87 97 100 102 115 118 122 140 145 153 162 167 168 191 194 197 198 199
91 15 96 99 110 120 121 134 136 138 147 149 150 164 167 169 171 172 191
92 20 97 101 111 114 115 116 125 126 129 131 136 138 140 145 150 162 163 166 171 178 181 184 195
93 67 94 95 122 131 134 161 162 176 177 182 184 190 192 195 196
94 1 95 98 103 115 141 146 149 150 168 171 172 183 184 188 196
95 40 96 100 101 102 109 112 117 123 132 134 135 141 144 149 156 158 164 166 172 182 191 192 196
96 60 101 105 113 114 115 116 129 131 133 135 136 140 141 143 146 151 153 154 155 157 163 169 180 183 184 185 186 188 189
97 73 105 110 117 119 120 121 123 126 129 133 140 144 146 150 154 158 159 161 162 163 164 167 170 177 186 190
98 11 106 110 112 115 117 119 122 126 127 134 135 136 140 151 157 166 169 174 176 178 183 185 197 200
99 27 100 118 120 122 134 135 138 146 152 154 155 158 160 166 174 179 182 192 196 199 200
100 49 101 103 104 105 113 115 124 134 137 139 140 146 148 152 155 160 173 184 192 195
101 46 107 113 118 121 125 126 134 136 152 153 164 167 171 173 189 193
102 83 110 114 116 124 125 127 129 133 137 139 152 153 156 160 164 166 169 172 178 187 189 194 196 198 200
103 87 122 126 130 131 133 135 136 140 146 153 157 159 160 163 165 168 176 180 186 194 200
104 78 112 114 120 124 128 130 133 135 142 147 155 158 160 168 174 193 196 199
105 2 110 115 123 134 139 152 153 156 157 158 163 165 173 176 186 190 192 194 196 199
106 68 121 123 128 134 142 144 146 147 150 155 160 166 168 172 174 177 178 180 182 189
107 33 113 120 121 126 136 148 151 158 159 172 180 182 183 187 198
108 69 109 112 115 118 120 122 124 134 139 141 143 154 159 163 164 165 171 172 173 176 188
109 44 117 120 123 125 128 131 132 136 137 147 148 156 157 176 177 180 185 194 197 199
110 93 111 113 118 136 146 149 152 153 155 163 167 176 177 178 180 191 194 195 198 199
111 15 116 122 123 133 134 136 137 142 146 147 148 159 162 169 173 178 187 188
112 31 129 130 131 132 133 147 153 156 158 166 172 174 182 183 194 197
113 13 114 122 149 154 156 164 168 172 181 189 193 194 198 199
114 85 121 123 129 137 139 144 151 152 157 161 163 165 169 171 172 173 176 180 184 186 188 190 192
115 56 117 120 121 123 129 150 154 155 158 160 163 168 169 171 185 190 200
116 21 119 121 122 124 126 140 143 150 154 162 167 172 177 181 185 188 189 192 194 198 199 200
117 15 121 126 130 133 149 150 161 164 178 181 187 198 199
118 39 129 133 135 136 141 144 148 150 154 155 159 160 164 167 168 172 177 180 182 185 186 187 188 196
119 73 128 133 134 135 137 141 153 154 161 164 169 175 176 180 181 182 187 190 191 192 194 197
120 35 122 127 131 133 146 147 149 158 163 170 171 181 196 197 200
121 64 127 128 131 132 134 136 138 140 150 154 155 157 158 164 169 173 182 183 186 187 190 196
122 68 123 124 135 138 142 150 153 156 166 174 178 179 183 187 191 193
123 33 125 126 131 133 135 140 144 145 155 161 171 173 178 184 185 186 192 196
124 11 130 131 132 144 151 158 175 178 181 183 196 197
125 80 139 145 152 154 159 164 167 169 170 176 182
126 48 133 136 138 139 146 155 156 157 160 162 163 166 178 186 193 196
127 27 130 147 150 151 158 161 163 175 179 181 190 200
128 69 130 142 148 151 152 158 160 169 174 182 184 185 192 193 196 199
129 87 133 134 135 140 141 144 146 149 157 165 174 177 179 194
130 13 132 136 141 145 146 149 164 170 176 177 178 179 197
131 100 133 135 143 146 155 160 163 165 166 169 171 177 181 187 188 193 200
132 69 135 150 156 159 160 166 171 172 173 174 175 178 181 183 188 195 196
133 46 135 142 146 148 150 165 170 172 174 189 194 195
134 97 138 144 150 153 158 165 170 181 182 186 189 190 192 194
135 45 143 144 149 156 160 167 168 174 194
136 14 138 141 147 157 160 162 172 174 187 193 196 198 199
137 66 146 154 162 165 169 172 173 176 179 180 181 182 187 189 195 199
138 75 141 145 149 156 158 166 172 176 185 188 189 190 192 194
139 77 140 146 147 160 161 162 164 165 169 172 188 190 194 196
140 75 141 146 148 151 156 158 159 166 170 174 185 187 191 193 199
141 39 142 148 158 165 167 169 174 175 179 182 183 191 192 196 199 200
142 17 144 147 152 165 170 182 184 188 189 190 198
143 98 148 153 154 158 159 171 174 178 180 183 184 189 195
144 62 146 153 156 158 170 191 198
145 25 147 151 155 157 158 169 171 173 176 179 184 186 187 191 195
146 97 148 155 161 164 171 176 183 190 194
147 82 150 151 153 157 158 159 174 184 185 189 193 199 200
148 39 155 156 160 164 165 167 178 186 193 195 197
149 51 154 161 165 166 168 172 182 184 185 193 195 196 198 199 200
150 58 156 161 168 169 174 175 177 180 184 185 186 198 200
151 71 153 177 181 182 192 194 197 198 199
152 75 155 158 159 171 182 190 192 193 197 200
153 32 154 157 159 160 161 164 165 170 172 175 182 188 189 193 197
154 7 156 161 169 172 175 179 181 182 188 195
155 39 156 159 161 166 172 173 177 178 192 193 195
156 52 160 189 192
157 97 161 167 177 180 187 189 191 197
158 10 161 173 178 186
159 84 160 161 166 169 171 178 179 189
160 19 161 182 199
161 12 168 173 181 188 189 190 196
162 73 166 167 171 174 175 179 181 191 200
163 18 166 177 178 179 190
164 96 180 188 194 197
165 88 173 174 176 185 187 190 191
166 91 170 171 182 184 189 198 199
167 31 169 174 185 187 188 195
168 49 176 177 179 193 198
169 74 175 199
170 23 172 179 183 189 200
171 70 175 179 185 191 195 197
172 11 173 175 176 179 183 185 190 191 198
173 10 176 177 180
174 2 175 180 185 186 187 190 196 198 200
175 28 181 185 191 193 196
176 72 179 185 195 197 199 200
177 50 179 181 185 187 191 193 194 195 198
178 27 183 194 200
179 83 180 190 195 196 198 199 200
180 36 182 184 185 187 190 199
181 24 190 192
182 37 196 199 200
183 74 189 191 198 200
184 51 186 190 193 196
185 50 193
186 38 196 198 199
187 55 191 193 194 196
188 3 196 197 199 200
189 71 190 195 196
190 56 192
191 27 193 196 199
192 95 196 198
193 21
194 3
195 69 196 200
196 97
197 94 199
198 28
199 86
200 91
