200
1 84 4 5 6 7 11 12 14 15 17 20 21 22 25 27 28 29 31 32 33 34 35 37 38 39 41 44 45 46 49 50 51 53 54 57 58 59 60 61 63 65 67 70 71 72 73 74 75 76 78 79 80 82 83 84 85 87 88 89 90 93 94 96 97 98 100 101 102 103 104 106 108 110 111 112 113 114 115 118 119 120 121 122 124 125 126 127 128 129 131 133 136 137 138 139 140 142 143 146 147 148 149 150 151 152 153 154 155 156 157 158 159 160 162 163 165 166 167 170 172 173 174 175 176 177 180 181 182 184 185 186 187 188 189 191 192 193 196 197 198 199 200
2 80 3 4 6 8 9 10 11 12 14 17 18 19 20 21 22 23 24 25 26 28 29 30 31 32 34 35 37 38 39 40 41 45 46 47 48 50 51 53 54 55 56 58 62 63 65 66 68 70 71 72 73 75 77 80 86 89 90 91 92 96 98 99 100 101 102 103 105 106 108 109 110 113 116 118 119 121 122 123 124 125 126 127 128 129 130 131 132 134 135 136 137 139 140 142 143 144 145 146 147 148 150 151 152 154 156 157 158 160 162 163 164 165 166 169 170 172 173 174 176 178 179 181 182 185 186 189 191 193 195 197 198
3 91 6 9 11 12 13 14 15 16 17 18 19 20 22 24 25 27 30 31 32 35 36 37 38 39 40 42 43 44 45 46 47 48 49 52 54 55 56 57 58 60 61 63 64 65 67 68 69 72 73 75 77 78 79 81 82 83 85 86 88 89 90 93 94 95 96 98 99 100 101 102 103 104 105 107 108 109 110 111 112 114 115 116 117 118 119 121 123 125 126 127 129 130 131 133 134 135 136 137 139 140 141 142 143 144 145 148 149 150 152 155 156 157 158 159 161 162 163 165 166 168 169 170 171 175 177 178 179 180 186 187 191 192 194 195 196 197 198 199 200
4 20 5 7 8 9 10 11 12 14 15 16 17 22 24 25 26 27 29 30 31 32 34 36 37 40 42 43 44 45 47 49 50 51 52 54 55 56 58 59 60 62 63 64 65 67 70 71 73 74 75 76 77 78 79 83 84 85 87 88 89 90 91 92 93 94 95 96 98 101 102 105 106 107 108 111 112 113 114 116 117 119 122 123 124 125 128 130 131 132 133 135 136 137 138 139 140 142 143 144 145 146 149 150 152 153 154 155 157 158 159 160 164 166 169 170 171 172 176 178 179 181 182 183 185 186 189 190 191 192 195 196 197 200
5 18 9 11 12 15 16 17 19 20 22 23 24 26 27 28 29 30 32 33 34 35 36 40 41 43 45 46 47 48 50 51 54 55 56 57 59 60 65 66 67 68 69 70 71 72 73 74 77 78 79 80 82 83 84 85 86 87 88 89 90 91 93 94 95 98 99 100 101 102 104 105 106 107 108 109 110 112 113 114 115 116 117 118 119 120 121 122 123 124 126 127 128 129 131 132 135 136 137 138 139 140 141 142 143 144 145 146 147 148 150 151 152 154 156 157 158 159 161 162 163 165 166 168 169 170 172 173 174 175 176 179 181 183 184 185 186 187 189 190 191 193 194 195 196 198 199 200
6 10 7 9 10 11 12 13 14 15 16 18 19 20 21 23 26 27 28 31 32 34 35 36 37 38 41 42 46 47 48 52 55 58 59 60 61 62 63 64 66 67 68 70 71 72 73 74 76 77 78 79 80 81 82 83 84 86 87 88 89 90 91 93 94 95 97 98 99 100 101 103 104 106 107 108 110 111 112 114 115 116 117 118 121 123 124 125 127 128 129 130 131 133 134 136 138 139 140 141 143 144 145 146 147 148 149 151 152 153 155 156 157 158 160 161 162 163 164 165 166 170 172 173 174 175 176 177 178 179 180 182 184 185 186 187 189 190 191 192 194 195 196 197 198 199 200
7 91 8 9 10 12 13 15 17 18 19 20 22 23 25 26 27 28 29 30 32 33 34 35 37 38 39 40 41 42 43 45 48 49 50 51 52 54 55 56 58 59 61 62 63 64 66 67 68 70 71 72 73 74 75 77 78 79 80 83 84 85 86 87 88 89 91 92 93 94 96 97 98 99 100 101 102 103 104 105 106 107 108 111 112 114 115 116 117 118 119 120 121 125 127 129 131 133 135 137 141 142 145 146 148 149 150 151 152 153 155 156 157 158 159 160 161 162 165 167 169 170 171 175 177 179 181 182 184 185 187 188 189 191 193 194 195 196 197 198 199
8 81 10 12 13 14 15 18 20 22 23 24 25 26 27 28 29 30 31 32 34 36 37 39 40 44 47 50 51 53 55 56 61 62 64 65 66 67 68 71 73 74 75 76 77 78 80 81 82 83 84 86 87 90 91 92 94 96 98 99 100 101 102 105 107 109 110 113 114 116 117 118 119 120 125 127 131 132 133 134 136 139 140 142 145 146 147 148 149 153 157 158 162 163 164 165 166 168 169 170 172 174 176 177 178 179 182 183 184 185 187 189 190 193 194 196 197 198 199 200
9 60 10 13 15 16 18 20 21 22 24 26 28 29 30 31 32 35 37 38 39 41 42 48 49 50 51 52 54 55 56 58 59 60 61 62 63 64 68 71 72 74 75 76 77 78 81 82 83 84 85 86 87 88 89 90 91 93 94 95 96 97 98 99 100 101 102 105 106 107 110 111 112 113 114 115 118 120 122 124 125 126 127 129 130 132 134 135 136 139 140 141 142 144 146 147 148 149 151 153 154 157 158 159 160 162 163 165 166 169 171 172 176 177 178 179 180 181 182 183 184 186 187 188 190 191 192 193 194 196 199
10 83 11 12 13 14 15 17 19 21 22 24 26 27 29 33 35 36 37 38 39 40 41 43 44 45 46 47 48 50 51 52 54 55 57 59 60 61 64 66 67 68 69 70 71 73 75 76 77 80 81 82 83 84 85 86 87 88 89 92 94 96 97 100 101 102 104 105 106 112 113 115 116 117 118 120 121 123 125 126 127 128 130 133 135 136 137 138 139 140 142 144 145 146 149 150 151 153 154 155 156 157 158 161 162 165 167 170 171 172 175 176 177 178 179 180 183 184 185 186 188 189 190 191 192 194 195 196 197 198 199 200
11 71 12 15 16 17 18 19 21 22 23 25 26 27 30 31 32 33 34 35 37 39 40 41 43 44 45 46 47 48 50 51 53 54 56 57 58 59 60 61 63 64 65 66 68 69 70 73 75 76 78 80 81 83 84 85 86 90 91 92 93 95 97 99 101 103 104 106 108 109 110 111 112 113 114 115 116 117 118 119 122 125 127 128 129 130 131 132 133 134 135 136 137 140 141 142 143 145 146 147 149 151 153 155 156 157 159 160 162 163 164 165 166 168 170 171 172 173 178 179 180 182 183 184 186 187 189 190 194 195 197 198 199 200
12 62 14 15 19 21 22 24 25 26 27 28 29 30 33 34 36 37 38 39 40 42 43 46 47 48 50 52 53 55 56 57 58 59 60 61 62 63 65 66 67 69 70 71 73 74 75 76 77 78 79 83 84 86 88 89 90 91 92 94 95 98 100 101 102 103 104 106 108 110 111 113 114 116 117 118 120 121 122 123 124 125 127 129 131 134 135 136 137 138 141 142 143 145 146 147 148 150 151 152 153 154 155 156 157 158 159 161 162 163 164 167 169 171 172 175 177 179 180 181 183 186 188 190 191 192 195 196 198 199
13 90 14 17 18 19 20 21 22 23 26 27 28 30 32 34 35 36 37 39 40 42 43 46 48 50 52 53 54 55 56 57 58 60 61 62 63 64 65 68 69 74 76 77 79 80 83 84 85 87 88 89 91 93 94 95 96 97 98 99 101 102 103 104 105 108 110 112 114 115 116 117 119 120 122 123 126 128 129 130 131 132 133 134 135 136 137 138 139 140 142 143 145 146 147 148 149 150 151 152 153 155 157 158 160 162 164 165 166 168 170 172 173 174 175 176 177 179 180 181 182 183 184 187 188 189 190 191 193 194 196 197 199
14 54 15 17 21 22 24 25 26 28 30 32 33 34 36 37 38 39 40 41 42 43 46 47 49 51 52 55 56 57 58 59 60 61 63 64 65 66 67 68 69 70 71 72 73 74 75 76 77 78 79 80 81 82 83 85 86 89 90 91 93 94 95 98 100 101 102 104 105 106 107 108 109 111 112 114 115 116 117 118 119 120 121 122 123 124 125 127 128 130 132 134 135 136 137 138 139 140 141 142 143 144 146 147 148 149 151 152 155 157 158 159 160 161 163 164 165 166 167 168 170 172 174 176 177 179 180 181 182 183 184 185 186 189 190 192 193 194 195 196 197 199 200
15 21 16 18 20 21 22 23 24 25 26 27 28 29 30 31 32 34 35 36 37 38 39 40 41 43 44 48 49 50 51 52 53 54 55 56 57 58 59 61 62 63 64 65 66 67 68 69 72 73 74 76 79 80 81 82 84 85 87 88 89 90 91 93 94 96 97 98 99 100 101 102 103 104 107 108 110 111 112 113 115 116 117 118 119 120 122 123 124 125 126 127 128 130 131 132 133 135 137 140 141 142 143 144 145 146 149 151 152 154 156 157 158 159 160 161 162 164 165 166 169 170 172 175 177 178 179 180 181 184 185 187 188 189 190 191 193 195 197 198 199 200
16 88 17 19 20 21 22 24 25 26 28 29 30 31 32 33 34 35 37 38 39 40 41 42 43 47 48 50 51 53 54 56 57 60 61 63 65 66 67 70 71 72 73 74 75 77 80 81 82 83 87 88 90 91 92 93 94 95 96 97 98 99 100 107 108 109 111 112 114 118 119 121 122 123 124 126 127 128 129 130 132 135 138 139 140 142 144 146 148 149 150 151 152 153 154 155 156 162 163 164 165 167 168 169 170 171 172 174 175 176 177 178 179 180 182 183 184 185 186 187 189 190 191 192 193 194 195 197 198 199 200
17 2 18 19 20 22 23 24 25 27 28 29 30 31 32 33 34 35 37 39 41 42 43 44 45 47 48 49 50 51 53 54 56 57 59 60 61 62 64 66 67 69 70 71 74 76 77 78 80 81 82 88 90 91 93 94 95 96 98 100 101 102 105 109 110 112 113 114 117 118 119 120 122 123 125 128 129 130 131 133 134 136 137 138 139 140 141 142 145 146 147 148 149 151 152 154 155 156 157 159 161 162 163 166 167 169 170 171 172 174 177 180 181 182 183 184 186 188 189 190 194 195 197
18 100 19 21 22 23 24 28 29 30 31 32 35 39 40 41 42 45 46 47 48 49 50 53 54 56 57 58 59 60 62 66 67 70 71 72 73 75 76 77 78 79 81 82 86 89 90 91 92 94 95 96 98 99 100 102 103 104 105 106 107 108 109 110 111 114 115 116 118 119 120 121 122 123 124 125 126 127 130 131 132 133 135 137 138 141 143 145 146 147 148 154 157 158 159 164 165 166 170 171 172 173 176 177 178 179 180 182 184 185 186 187 189 191 192 193 195 196 198 199 200
19 85 20 21 22 23 24 27 28 30 31 32 33 34 38 39 40 42 45 46 51 52 53 54 56 57 58 59 60 61 62 63 64 66 70 72 73 74 75 78 80 81 83 85 86 87 88 90 91 93 94 95 96 97 98 100 101 102 103 104 106 108 109 112 113 114 115 116 117 120 121 123 124 126 127 128 130 131 132 133 134 136 138 140 141 142 143 144 146 147 148 149 150 151 152 153 155 156 157 159 160 162 163 165 167 168 169 173 174 175 176 177 178 179 180 181 182 183 184 185 186 188 189 190 191 192 193 194 196 197 198 200
20 35 21 22 23 24 25 26 27 28 29 31 33 34 35 37 38 39 40 41 42 43 44 47 49 50 51 53 54 55 58 61 62 63 67 68 69 70 71 72 73 74 76 79 80 81 84 85 86 87 89 91 95 96 98 99 101 102 104 105 106 109 110 111 112 113 114 115 116 117 119 120 121 122 123 124 126 127 128 129 130 132 134 136 137 138 140 141 142 144 145 146 147 148 149 150 151 152 153 154 156 157 158 161 162 163 164 166 167 168 169 170 172 173 174 175 176 178 179 180 181 182 183 184 185 186 187 192 193 195 196 198 199
21 90 23 24 25 26 27 28 31 33 34 35 36 37 39 40 41 42 43 46 47 48 49 51 54 56 57 59 60 61 62 64 65 67 68 71 72 74 75 76 77 78 79 80 82 83 85 87 90 91 92 93 94 99 100 101 102 104 105 106 108 109 111 112 116 117 118 119 122 123 124 126 129 131 132 134 135 136 137 139 140 141 142 143 144 146 147 148 149 151 153 155 157 159 162 165 166 167 168 171 172 173 175 179 180 181 183 185 186 187 188 189 190 191 192 195 197
22 15 25 27 29 30 31 32 33 35 37 38 39 40 41 42 43 44 45 46 47 49 50 51 53 54 55 57 58 60 63 64 65 66 67 70 73 74 76 77 79 80 81 82 83 84 85 86 89 90 91 93 94 96 97 99 100 101 102 103 105 107 108 112 114 115 116 117 121 122 123 124 125 126 127 128 129 130 131 132 133 136 137 138 140 141 144 145 146 147 148 150 153 154 156 157 159 161 162 164 165 167 168 169 170 173 176 179 181 182 183 188 189 190 193 194 199
23 11 25 28 29 30 31 32 34 35 36 37 38 39 40 41 42 43 44 45 47 48 49 50 52 53 54 56 57 58 59 60 62 63 65 66 67 69 70 71 72 73 74 75 76 79 80 81 83 84 85 87 89 90 92 93 94 95 96 97 101 102 103 104 106 107 108 109 111 112 113 114 116 117 119 120 121 123 124 126 129 131 133 136 137 138 139 140 141 142 143 144 145 148 150 151 152 153 154 155 156 157 158 159 160 161 163 164 165 166 168 169 170 171 173 174 175 177 179 181 182 183 185 187 188 189 192 193 194 195 196 198
24 43 25 26 28 32 33 34 36 37 40 42 43 44 45 46 47 49 50 51 52 53 55 56 57 58 60 61 63 64 66 67 68 70 71 72 73 74 76 77 78 79 81 82 83 84 85 88 89 90 91 92 93 94 95 96 97 99 100 101 102 103 104 105 107 108 110 111 115 116 117 119 120 121 122 125 127 128 130 132 133 134 135 138 139 140 141 142 143 144 145 147 148 149 152 153 154 156 157 158 159 161 162 163 164 165 166 167 168 169 170 172 175 176 178 179 180 183 186 188 189 190 191 192 193 195 198 199 200
25 34 27 29 30 31 32 33 34 35 36 37 39 40 43 45 46 47 48 50 53 54 57 58 60 61 62 63 64 65 66 67 68 69 70 71 72 73 74 75 76 80 81 82 83 84 85 86 87 88 89 90 91 92 93 94 95 96 98 100 101 102 103 105 111 112 113 114 116 117 118 119 121 123 124 126 127 128 129 131 132 133 138 139 140 141 142 143 144 145 146 147 148 149 150 151 153 154 156 158 159 160 161 166 167 168 169 170 171 172 173 174 175 177 178 179 180 181 182 183 184 185 187 188 189 190 193 194 196 197 198 200
26 15 27 28 29 30 31 32 33 34 35 36 37 38 39 40 42 43 45 46 47 48 49 52 53 54 55 58 59 62 65 67 68 71 72 73 74 75 76 77 78 79 80 81 83 84 85 88 90 91 93 94 95 96 97 98 99 100 102 103 104 105 106 107 108 109 110 113 114 115 116 120 123 124 125 128 129 130 131 132 133 134 135 136 138 140 141 142 143 145 146 148 150 151 154 155 156 158 159 160 164 165 166 167 168 169 170 171 172 173 174 176 177 178 179 180 182 183 184 185 186 187 189 190 191 192 193 194 195 196 197 199 200
27 20 30 31 34 35 37 39 41 42 43 45 46 47 48 49 50 51 53 54 57 58 59 60 62 63 64 66 67 68 70 72 73 75 77 78 79 81 82 84 85 86 88 90 94 95 96 97 98 99 100 101 102 103 104 106 107 108 109 111 112 114 115 116 117 118 121 122 123 124 125 126 127 128 129 130 131 132 133 134 135 137 138 139 140 141 143 144 146 147 148 149 153 154 157 158 159 160 161 162 165 166 167 168 170 171 172 173 174 176 177 179 180 181 183 184 185 186 188 190 191 192 193 196 197 198 199
28 70 30 31 32 33 35 36 38 39 40 41 42 44 45 46 47 48 50 51 52 53 54 56 58 60 61 62 63 64 65 67 68 69 71 72 73 75 76 78 79 80 81 82 86 87 90 91 94 95 97 98 99 100 103 107 108 110 111 112 115 117 118 119 120 122 124 126 127 128 129 130 132 133 134 135 136 137 138 139 140 143 145 146 147 149 150 153 154 156 158 159 160 161 163 164 165 166 167 168 169 171 174 175 177 178 179 181 182 184 185 186 189 190 192 194 195 197 198 200
29 38 30 34 36 39 42 43 44 46 48 49 50 51 52 54 56 57 58 59 60 61 62 64 65 66 67 68 69 71 72 73 74 75 76 77 78 80 81 83 84 85 87 90 91 92 93 94 95 96 97 99 101 102 105 107 108 109 110 111 113 114 115 116 117 118 119 120 121 122 123 126 127 128 129 132 133 134 136 138 139 140 141 144 145 147 149 150 153 156 159 160 161 162 163 164 165 166 167 168 169 170 171 172 173 176 177 178 179 181 182 183 185 187 188 189 190 191 192 193 194 195 197 198 199 200
30 91 32 34 37 38 39 40 41 42 44 45 46 49 50 51 55 56 57 58 59 61 62 64 66 69 70 72 75 76 77 78 79 80 81 82 83 84 85 86 89 90 91 92 93 94 96 97 100 101 102 103 106 107 110 112 113 114 115 117 118 120 121 122 123 124 125 127 130 131 132 133 134 135 136 137 138 140 141 142 143 144 145 146 148 150 151 154 156 157 159 163 165 166 167 168 169 172 174 176 177 179 182 183 184 185 186 187 189 190 193 194 195 196 197 198 199 200
31 82 32 33 35 36 38 39 41 42 44 45 46 47 49 50 51 52 54 57 60 61 64 65 66 67 68 69 70 71 72 75 76 77 78 80 81 82 85 86 88 89 90 93 97 98 99 100 101 102 104 107 108 109 111 112 113 114 115 116 119 120 122 123 124 125 127 128 129 131 133 134 135 138 141 142 143 145 146 148 149 150 152 157 158 160 161 163 164 165 166 167 168 169 172 173 176 177 178 180 181 184 185 186 187 188 189 190 191 193 196 197 198 199 200
32 31 33 34 35 36 37 38 41 43 46 47 48 49 50 51 52 53 54 55 57 59 60 62 66 68 69 70 72 73 75 76 84 86 88 89 90 91 93 94 95 96 97 98 100 102 104 106 107 108 109 110 112 115 117 118 119 122 123 126 127 128 129 130 131 132 134 135 137 138 139 142 144 145 146 147 149 151 154 155 157 158 159 160 161 162 163 165 166 169 170 171 172 173 174 175 178 179 180 183 184 185 186 187 188 189 190 191 194 195 196 198
33 41 34 35 36 38 40 45 46 47 48 49 53 54 55 56 57 58 59 60 63 65 66 67 68 71 72 73 74 75 76 77 78 79 80 82 83 84 85 86 88 89 90 91 92 94 95 96 97 99 100 103 105 106 107 108 109 113 114 115 116 118 120 122 123 124 125 131 132 133 137 138 139 140 141 142 144 145 146 148 150 152 153 154 155 156 157 159 160 161 162 164 165 167 168 169 170 171 172 174 175 176 177 180 181 182 183 184 185 186 188 189 191 192 194 195 198 199
34 37 36 37 40 42 43 48 49 50 51 52 53 54 56 57 58 59 60 61 63 68 69 70 71 73 75 79 80 81 84 85 86 87 88 89 93 95 96 97 98 99 100 104 105 106 107 108 109 110 112 113 115 116 117 118 119 120 121 122 123 124 125 126 127 128 129 130 131 132 134 135 136 137 138 139 140 141 142 143 144 146 148 149 150 151 155 157 158 159 160 161 162 163 164 167 168 169 171 172 173 174 176 178 179 180 182 183 185 187 188 189 192 193 194 195 196 198 199 200
35 41 36 37 38 40 41 42 43 44 46 47 48 50 51 53 55 57 60 61 62 63 64 65 66 67 69 70 71 74 78 80 83 84 85 86 87 89 90 91 92 93 94 95 96 97 98 99 100 102 103 104 105 106 107 109 110 111 113 114 115 116 117 118 120 121 122 123 124 125 126 128 130 131 133 134 135 136 137 140 141 142 143 144 145 146 147 148 149 150 152 153 154 155 156 157 158 160 162 163 164 165 167 168 171 172 173 174 175 176 177 178 179 180 183 184 188 189 191 192 193 194 195 196 197 198 199 200
36 81 37 41 42 43 45 46 48 49 51 52 53 55 57 59 61 62 63 65 67 69 70 73 76 77 78 81 82 85 88 91 94 95 96 97 98 99 101 102 103 105 108 109 115 116 117 118 119 123 124 125 127 128 130 131 132 133 136 137 138 139 140 141 144 145 148 150 151 153 154 155 156 157 159 160 162 163 164 165 167 168 169 170 171 172 174 176 177 178 179 181 182 183 184 185 186 187 192 194 195 197 198 199 200
37 66 38 39 40 42 43 44 48 49 50 54 58 59 61 62 63 67 68 69 70 72 74 75 77 78 79 83 84 86 88 89 90 94 97 98 99 101 102 103 104 105 106 107 108 109 111 112 113 114 116 119 121 122 123 124 125 126 130 131 132 133 135 136 137 138 139 140 142 143 148 149 152 154 155 156 157 159 160 161 164 165 166 167 168 169 170 173 174 175 176 177 178 181 182 184 186 189 190 191 192 193 194 196 197 198 199 200
38 62 39 40 41 42 43 44 45 46 47 48 49 51 52 53 54 55 58 59 60 61 62 66 67 68 74 75 76 77 78 84 85 89 92 93 94 95 97 98 99 101 102 103 106 107 108 110 111 112 113 116 118 120 121 122 125 126 129 130 131 132 133 134 135 138 140 142 143 144 146 147 149 150 151 152 153 154 155 158 159 160 162 163 165 166 167 168 172 173 174 175 176 177 179 181 183 184 185 186 189 190 191 192 194 195 196 197 198 199 200
39 79 40 41 42 44 45 46 47 48 49 50 51 53 54 55 56 57 58 61 62 63 64 65 66 67 68 69 70 71 73 75 76 77 78 79 80 81 82 83 85 86 87 88 89 90 91 95 96 98 99 100 101 103 104 106 107 108 109 110 111 112 113 114 115 116 117 118 119 120 121 124 125 127 128 130 131 134 135 136 137 140 141 142 143 148 149 150 151 154 155 156 157 158 160 161 162 163 165 166 168 169 170 174 176 177 178 179 180 181 183 184 185 187 188 191 193 194 195 196 198 199 200
40 88 42 43 44 47 48 49 50 52 53 54 55 56 57 58 59 61 62 63 64 65 66 67 68 69 71 72 73 74 75 76 78 79 80 81 82 83 84 86 87 88 89 91 93 94 97 99 101 102 104 105 108 110 112 113 114 115 116 117 119 122 123 124 125 127 128 129 131 136 137 139 140 141 142 144 146 148 150 151 152 154 155 156 157 159 162 166 167 168 170 171 172 173 174 175 176 177 179 180 181 182 185 186 187 188 189 190 192 194 195 196 197 198 199 200
41 23 42 43 44 46 48 50 51 54 55 56 57 58 59 60 61 63 64 65 66 67 68 69 74 75 76 77 79 81 82 83 84 86 87 88 89 90 92 94 95 97 98 99 103 104 107 108 109 110 111 112 114 115 116 117 118 119 120 121 123 124 125 126 128 129 131 132 133 135 136 140 141 143 146 148 149 150 151 153 154 157 159 160 161 162 163 168 171 172 174 175 176 177 178 179 180 182 183 184 185 186 188 190 191 192 193 194 196 200
42 51 45 46 47 48 49 50 51 52 53 54 55 56 57 59 60 61 63 65 66 67 68 69 70 71 72 73 74 75 76 78 80 82 84 85 86 87 89 90 91 92 93 96 98 99 100 101 102 103 104 106 107 108 109 110 112 114 115 116 117 118 121 123 125 126 128 132 133 134 136 137 138 141 144 145 147 148 150 152 154 156 157 158 159 160 162 163 164 165 166 167 168 169 170 172 173 175 176 177 178 179 180 181 182 183 184 187 189 190 191 192 193 194 195 199 200
43 57 44 45 47 48 49 50 51 52 53 56 57 59 60 61 63 65 66 67 72 73 74 75 76 77 79 80 81 82 83 85 87 88 90 91 92 93 94 96 97 98 99 102 103 104 105 106 107 108 109 110 111 112 113 114 115 117 118 119 121 122 123 124 126 127 128 134 137 138 139 140 141 142 143 144 147 148 151 152 153 154 156 157 158 159 160 163 164 165 166 168 170 171 172 173 174 176 179 180 181 182 184 185 187 189 191 192 193 194 196 197 199 200
44 64 45 46 47 48 49 50 51 52 54 55 56 60 63 66 68 70 71 72 73 76 77 78 79 82 84 85 86 87 88 90 91 92 94 96 97 98 103 105 106 107 108 109 110 112 113 116 118 119 120 121 122 123 124 125 126 127 128 129 130 131 133 134 135 136 137 139 141 142 144 145 148 149 150 151 152 154 155 156 157 158 159 160 162 163 164 165 166 168 169 170 171 172 176 178 179 180 181 184 185 186 187 188 189 190 192 194 196 197 199 200
45 26 47 48 49 51 53 54 55 56 57 58 59 60 61 62 63 65 66 67 68 70 71 72 73 74 75 76 79 81 82 83 84 85 87 88 91 92 93 94 99 100 101 102 108 109 110 111 112 113 115 117 118 119 120 122 123 124 125 126 127 129 130 131 132 134 135 136 139 143 145 146 148 149 150 153 154 156 157 158 159 160 161 162 163 164 166 167 169 170 171 174 177 178 179 180 181 182 185 187 188 189 190 195 196 198 200
46 61 47 49 50 52 53 55 57 58 62 63 64 65 66 69 71 72 73 74 75 77 79 80 84 87 89 90 91 93 94 95 97 98 101 102 103 104 105 106 108 111 112 113 114 115 117 119 120 123 124 125 126 127 128 129 130 132 133 135 136 137 140 141 143 145 149 150 151 152 154 155 156 157 158 159 160 161 162 165 166 168 169 170 171 172 174 175 176 177 178 179 181 182 183 185 187 188 189 190 192 193 194 196 197 198 200
47 37 49 51 52 55 56 57 58 60 61 62 63 64 67 68 69 71 72 73 74 75 76 77 78 79 81 82 83 84 85 86 88 90 91 92 93 95 96 98 99 104 105 106 107 108 109 110 111 115 116 118 120 123 124 127 128 129 133 134 135 136 137 138 139 140 141 142 143 145 146 149 150 151 153 156 158 159 160 163 165 166 167 168 169 171 173 174 177 180 181 182 184 185 187 188 189 190 192 193 195 198 199 200
48 80 49 50 53 54 55 56 57 58 60 61 62 63 64 66 68 70 72 73 75 77 78 79 80 81 82 83 85 87 88 89 90 91 93 95 97 98 99 101 102 103 104 105 106 107 108 109 112 114 115 116 117 119 120 122 123 124 125 127 129 130 132 133 134 135 136 137 138 139 143 145 146 147 148 150 152 154 155 156 159 161 163 164 166 167 168 169 170 172 173 174 175 178 180 181 182 183 185 188 189 190 194 197 198 199 200
49 55 51 53 54 55 56 57 58 59 60 61 62 63 64 65 66 67 68 69 70 72 73 76 77 79 81 82 83 85 87 90 91 94 95 96 98 99 100 102 104 105 108 109 110 111 113 116 117 119 121 122 123 124 125 126 127 128 131 133 134 135 136 137 138 139 140 141 143 144 146 147 148 149 151 152 154 155 156 159 161 164 166 167 168 171 172 173 174 175 177 178 179 180 181 182 183 184 186 189 190 191 192 193 194 195 196 198 199
50 19 52 54 55 56 57 59 60 61 62 63 65 66 67 69 70 71 72 73 77 78 79 80 81 83 84 85 87 88 91 92 93 96 97 98 99 100 101 102 105 107 108 109 110 111 112 114 115 116 117 118 119 120 121 122 123 124 126 128 129 130 132 133 134 135 136 137 138 139 141 142 143 144 145 147 149 150 151 152 153 154 155 156 157 158 159 160 163 164 166 168 169 171 172 173 176 177 179 180 181 182 184 186 187 191 192 194 195 196 197 199
51 100 52 53 54 55 56 57 58 59 60 61 65 68 69 70 71 73 74 75 76 77 78 79 80 81 82 84 85 88 89 91 93 94 95 97 98 99 101 104 105 106 108 109 110 112 114 115 118 119 121 124 125 127 129 132 133 134 135 137 138 140 141 142 144 145 146 147 149 153 154 155 156 157 158 161 163 164 168 170 171 172 174 176 177 178 179 181 182 184 186 187 188 189 190 191 192 193 194 196 197 199
52 55 53 59 63 65 67 68 70 71 74 75 76 77 79 80 81 82 84 86 89 91 92 93 94 95 96 98 99 100 101 103 105 107 108 111 115 118 119 120 121 124 125 126 127 128 129 130 132 133 134 136 137 138 139 140 142 143 145 146 148 149 150 152 154 155 157 158 160 161 162 163 164 166 168 169 172 173 174 175 176 178 180 182 183 184 185 186 187 188 192 194 196 197 199
53 7 54 55 56 58 60 61 63 64 65 67 69 70 72 73 75 76 77 78 79 80 81 82 84 85 87 88 89 90 91 92 95 96 100 102 103 104 105 106 107 109 110 111 112 114 118 119 120 121 122 125 127 128 129 130 132 134 135 136 137 139 140 141 142 144 145 146 147 148 149 151 153 154 155 158 159 160 164 166 167 170 173 175 176 177 180 181 182 183 184 186 187 188 189 190 192 194 195 197 198 199 200
54 17 55 56 57 59 63 64 65 68 69 70 71 72 73 75 78 79 81 83 84 85 86 87 88 89 90 91 92 93 94 95 97 99 100 101 102 105 106 108 110 112 114 116 119 120 121 126 127 128 129 130 133 134 136 137 140 141 142 143 144 145 146 147 148 150 152 153 154 155 156 159 160 164 166 167 170 172 173 174 175 176 177 178 180 181 183 184 185 186 187 188 189 190 191 192 195 196 197 198 199 200
55 76 57 58 60 61 62 64 65 66 67 70 71 72 73 74 75 77 78 79 80 81 82 83 84 88 90 92 93 94 96 97 98 99 100 102 104 105 106 107 108 109 110 111 112 114 116 117 118 119 120 121 123 124 125 126 128 129 130 131 132 135 136 138 139 141 142 145 146 147 148 150 151 153 156 157 158 159 160 161 163 164 165 166 168 169 170 171 172 173 176 177 179 180 181 182 183 185 188 191 192 193 194 195 198 199 200
56 38 57 59 60 66 67 68 70 71 72 74 75 77 79 80 82 85 87 88 89 90 91 92 93 94 95 96 98 100 101 102 105 106 107 109 110 115 116 117 118 119 120 121 122 124 125 126 127 128 129 130 131 132 133 134 135 137 139 140 142 143 144 145 146 148 150 151 152 153 154 155 156 158 160 161 162 163 164 168 169 171 173 174 176 177 178 179 181 182 183 184 185 187 188 190 191 192 193 195 196 197 199
57 69 59 61 63 64 66 67 70 72 75 76 77 80 81 82 83 84 86 87 88 89 90 91 93 94 95 97 98 99 100 102 103 104 106 108 109 110 111 113 114 115 116 117 118 119 120 121 122 124 125 126 127 133 134 135 136 138 139 142 143 144 145 146 147 149 152 153 154 156 157 159 161 162 163 164 165 166 168 169 170 171 172 173 174 175 176 178 179 180 184 185 186 187 188 193 194 195 197 198 200
58 55 59 60 61 63 64 65 68 69 70 73 74 75 76 77 78 80 81 83 84 85 86 87 88 89 90 91 92 93 94 99 100 101 102 104 105 106 108 109 110 112 114 115 116 117 118 119 120 124 125 127 128 130 131 132 134 135 136 137 138 141 142 146 147 150 151 152 153 154 155 158 159 161 163 164 165 166 167 169 170 173 174 175 177 179 181 183 186 188 194 196 199 200
59 17 60 61 62 63 64 65 66 67 68 69 71 72 75 76 77 78 79 81 82 83 85 86 88 89 90 91 93 95 97 99 100 102 103 104 105 106 107 108 109 110 111 112 113 114 116 117 118 121 122 123 124 126 127 129 130 131 132 133 134 135 136 137 138 139 141 142 143 145 146 147 149 151 152 153 154 155 156 157 158 159 160 163 165 166 168 172 173 174 176 177 179 180 181 182 183 184 185 186 189 190 192 193 194 195 197 200
60 56 62 63 64 65 67 68 71 72 73 74 75 76 77 78 80 81 82 84 86 89 90 91 92 97 98 99 102 103 104 106 107 108 109 111 112 113 114 115 116 118 120 121 122 123 124 126 127 128 130 131 132 133 134 135 136 137 139 143 145 146 147 149 152 153 154 156 157 161 162 163 166 170 171 172 174 175 176 178 181 182 183 184 186 187 188 190 191 192 193 195 196 197 198 199 200
61 72 62 63 64 65 68 69 71 72 73 74 75 76 77 78 79 82 84 85 87 88 89 90 91 92 93 94 95 96 97 99 100 103 104 105 106 107 108 109 110 111 112 113 115 118 119 120 121 123 124 125 126 127 129 130 131 132 133 134 135 137 138 139 140 141 142 143 145 146 147 148 149 150 153 154 156 157 158 160 161 162 164 165 166 167 168 169 170 171 172 173 174 175 176 177 178 182 183 184 185 186 189 190 196 197 200
62 51 64 65 66 67 68 71 73 74 76 77 82 83 85 86 87 88 89 90 91 93 94 95 97 99 100 101 102 107 109 110 111 112 113 114 115 117 119 122 124 125 127 128 131 132 134 135 136 137 138 140 141 142 143 145 149 150 153 154 155 156 157 158 160 161 168 169 172 173 175 176 177 180 181 182 183 184 185 186 188 190 193 195 196 197 198 199 200
63 95 64 66 69 70 71 72 73 74 75 76 77 78 79 80 81 82 83 84 86 88 89 90 91 92 94 95 96 98 99 100 101 103 104 108 109 110 111 112 114 115 117 118 121 122 123 124 126 127 128 130 132 133 134 135 136 137 138 139 140 144 147 148 152 154 155 156 158 159 160 161 162 164 165 166 167 168 169 171 172 173 174 176 177 178 179 180 181 182 183 184 185 188 189 190 191 192 195 196 197 198
64 70 65 66 68 69 70 71 73 74 76 78 79 80 81 82 83 85 86 87 88 89 91 92 93 94 95 96 98 99 100 101 103 104 105 107 108 109 110 111 112 113 114 115 116 117 119 120 121 122 123 124 125 127 128 130 131 132 133 134 135 136 137 138 139 140 141 145 146 147 149 150 152 153 154 155 156 157 158 159 162 163 165 167 169 170 171 172 173 177 179 180 184 185 186 188 189 191 192 194 195 196 197 199 200
65 40 66 67 68 69 70 73 74 75 76 77 78 79 80 83 87 89 90 91 92 94 95 96 98 99 100 101 103 105 106 107 108 109 110 111 112 113 115 116 117 118 119 120 123 124 125 126 128 130 131 132 133 134 135 136 139 143 146 147 148 149 151 152 153 155 156 157 158 159 161 164 165 166 167 169 170 171 172 173 174 176 177 179 180 181 182 183 184 185 186 189 191 192 194 195 196 197 198 200
66 50 67 69 70 72 73 75 77 78 79 81 83 84 85 86 87 88 89 90 94 95 96 98 99 100 101 102 104 105 107 109 110 111 112 114 115 116 117 118 120 121 122 125 126 129 131 132 133 134 135 137 139 140 141 143 145 146 147 148 149 150 151 152 153 154 155 156 159 160 161 164 168 169 171 172 174 175 176 177 182 183 184 185 187 188 190 191 194 195 199 200
67 80 68 70 72 73 74 75 77 79 81 82 87 88 89 90 95 96 97 98 100 101 103 104 107 108 109 110 111 112 113 114 115 116 117 119 120 123 125 126 127 128 129 131 133 135 137 138 139 140 141 143 145 146 148 150 151 152 153 154 155 158 160 161 162 163 164 166 167 168 169 170 171 172 173 174 175 176 177 180 182 184 185 186 187 188 189 191 192 193 194 195 196 198
68 13 70 72 73 74 75 77 78 80 82 83 84 85 86 87 88 91 92 93 94 95 96 97 98 99 100 101 102 103 104 106 108 109 110 112 113 115 116 122 124 125 126 128 129 130 131 132 135 136 137 138 139 140 142 143 144 145 150 151 152 154 155 156 157 158 159 160 162 163 164 165 166 168 169 170 171 172 173 174 175 176 178 179 180 182 183 184 185 187 188 189 190 193 194 196 197 198 199
69 3 70 71 72 76 77 78 79 81 83 85 86 87 88 89 90 91 93 94 95 96 97 99 101 102 103 104 107 108 109 110 111 115 117 118 120 121 122 123 124 125 126 127 128 129 131 132 133 134 136 137 138 139 141 142 143 146 147 148 149 150 151 154 155 156 158 159 161 162 163 164 165 168 170 172 173 174 175 177 178 179 180 181 183 184 185 186 187 189 190 191 192 194 195 196 197 198 200
70 45 72 73 75 76 77 80 84 85 86 88 92 94 95 97 98 101 103 104 107 108 110 111 114 115 116 117 118 119 120 121 122 123 124 125 128 129 131 132 133 135 136 138 139 144 145 146 147 149 150 151 152 153 155 157 158 159 163 165 166 167 169 170 173 174 176 178 180 181 184 186 187 190 191 192 196 198 199 200
71 82 72 74 76 77 78 80 82 83 86 88 89 94 98 100 101 102 103 105 106 107 108 110 111 112 113 114 115 118 119 120 121 122 123 126 127 130 131 132 133 134 136 137 138 140 143 145 146 147 148 150 151 152 153 154 155 156 157 158 159 161 162 164 165 166 167 169 171 172 173 176 177 178 179 181 182 183 184 185 186 187 188 189 190 191 192 193 197 198 200
72 21 73 74 76 77 80 82 83 84 85 88 89 91 93 94 95 98 99 100 101 102 104 105 106 107 108 109 110 111 114 115 120 121 123 124 126 128 129 130 131 132 133 134 135 136 138 139 141 142 143 144 146 147 148 149 150 151 152 154 156 157 159 161 162 165 166 167 168 170 171 172 173 175 178 180 181 183 184 185 186 189 190 191 192 195 196 199 200
73 89 74 77 78 79 80 81 82 83 84 85 86 88 91 92 93 94 95 96 97 99 100 101 102 103 104 106 107 108 110 111 112 113 114 115 116 117 118 119 120 122 123 124 125 126 127 128 129 130 131 132 133 134 135 137 139 140 141 142 143 144 146 147 148 149 150 153 157 158 163 165 166 167 169 172 173 175 177 178 182 183 184 185 187 188 189 192 193 194 195 196 197 198 199
74 71 77 79 81 83 86 89 92 93 94 96 97 98 99 100 101 105 108 109 110 111 112 113 116 121 123 125 127 128 130 131 133 134 135 136 137 138 140 141 142 143 144 145 146 147 149 150 151 152 153 154 156 157 158 159 160 161 162 163 165 166 167 168 169 170 171 172 173 174 176 177 178 179 180 181 183 185 186 187 188 189 190 192 194 196 197 198 200
75 97 76 77 78 81 83 84 85 86 87 88 89 90 91 92 93 94 95 96 97 99 100 101 102 105 106 107 108 110 111 114 116 117 119 120 121 124 126 127 128 129 131 132 133 135 137 140 141 142 143 144 145 146 148 149 150 151 152 154 156 157 163 164 169 171 175 176 177 179 180 181 184 185 186 190 191 192 193 194 195 196 197 199 200
76 69 78 79 82 83 84 85 86 87 90 92 94 95 96 97 98 99 100 102 104 105 106 107 108 110 111 113 114 116 118 119 120 122 123 124 125 126 127 128 129 130 131 132 133 135 136 137 138 139 140 142 143 149 152 153 154 156 157 159 161 162 163 165 166 167 168 169 170 172 174 176 178 179 181 184 185 186 187 188 189 190 191 192 193 194 195 198 199
77 58 78 79 80 81 82 84 85 86 87 88 89 90 91 92 93 94 96 97 98 99 100 101 102 103 104 105 106 108 109 110 112 116 118 119 120 121 123 124 125 126 127 128 129 130 132 133 134 135 136 137 138 139 140 141 142 146 147 150 151 152 153 154 156 159 161 164 165 169 170 171 172 174 175 178 179 180 181 183 186 187 188 190 193 194 195 197 198 199 200
78 59 79 80 81 83 89 90 91 92 93 95 96 97 98 101 102 103 105 107 108 109 110 111 112 113 114 116 117 118 119 121 122 123 124 125 126 127 128 129 130 131 132 133 134 135 136 137 138 139 142 143 144 145 146 147 148 149 150 152 153 154 155 158 159 161 162 163 164 167 169 170 171 172 173 175 176 177 178 179 180 181 186 188 189 191 192 194 195 196 198 200
79 44 82 85 86 87 88 90 92 93 94 95 96 97 101 102 104 105 106 107 109 110 111 112 113 114 115 117 118 119 120 121 123 125 129 130 132 134 135 136 137 139 140 142 144 145 146 148 151 152 153 156 157 159 160 162 163 165 166 167 170 172 177 178 181 182 186 187 188 189 190 191 192 193 194 195 196 197 199 200
80 4 81 82 83 85 87 91 92 93 95 96 97 99 100 101 102 103 104 105 106 107 108 109 110 112 113 116 117 118 119 120 121 124 126 127 128 131 132 134 135 136 137 139 140 141 142 145 146 147 148 150 151 153 154 159 160 164 165 167 169 170 171 172 173 175 177 178 179 181 182 184 185 187 189 190 191 193 194 195 196 197 199 200
81 97 82 83 85 86 87 88 89 90 92 94 98 99 100 101 102 103 105 108 109 110 112 113 114 115 116 117 118 119 120 123 124 125 126 127 130 131 133 135 136 137 139 141 142 143 150 152 153 154 155 156 159 160 161 163 164 165 167 168 169 170 171 172 173 174 176 177 178 179 180 182 183 185 186 190 191 192 193 194 195 196 197 199
82 17 83 84 85 86 87 89 90 91 92 93 94 96 97 98 99 100 101 102 103 108 109 110 111 112 114 115 116 117 118 121 122 124 125 127 128 129 130 131 135 137 139 140 141 143 144 145 147 148 149 150 153 154 155 156 157 158 159 160 161 164 166 167 171 172 173 175 178 179 182 185 187 188 191 193 194 195 196 197
83 46 84 86 87 88 89 90 91 92 93 94 96 98 99 100 101 105 106 107 108 111 112 114 115 117 118 119 121 122 123 125 127 128 129 130 133 134 135 136 137 138 139 140 143 144 146 147 148 151 153 155 157 158 159 161 162 163 164 165 167 168 169 170 171 172 174 175 176 177 178 179 180 181 182 183 185 186 188 190 191 192 195 196 197 199 200
84 74 86 87 89 90 91 92 93 94 95 96 97 99 100 102 103 105 106 107 108 109 110 111 112 113 114 115 117 118 121 122 123 124 127 130 132 133 134 136 137 139 140 142 144 145 147 148 150 151 152 153 154 155 156 157 158 159 160 161 163 164 165 167 169 170 171 172 173 174 176 180 181 182 183 186 187 188 189 190 191 193 195 196 197 198 199 200
85 41 87 88 89 90 91 92 93 94 95 99 102 104 108 110 111 112 114 115 118 121 122 123 124 128 130 131 132 133 134 135 136 137 138 141 142 144 145 146 149 150 151 152 153 154 155 156 158 159 160 161 162 163 164 165 166 167 168 171 173 174 176 177 178 179 180 181 183 185 187 189 190 191 193 194 197 198 200
86 27 87 88 90 91 92 93 94 95 96 97 98 101 103 104 105 108 109 110 114 115 117 118 119 120 121 122 123 124 125 126 127 128 129 131 132 133 134 135 136 137 139 140 141 143 144 145 147 148 149 150 151 152 153 154 155 157 158 159 160 162 166 168 169 170 173 175 176 177 178 179 181 182 184 186 189 190 191 192 193 194 195 197 198 199
87 35 88 89 90 92 93 94 95 96 97 98 99 100 101 102 103 104 105 106 107 109 110 111 112 113 114 115 116 117 118 120 121 122 123 125 126 127 128 129 131 132 133 135 138 140 141 142 143 145 147 148 149 150 151 153 155 157 158 160 161 163 164 165 166 167 168 170 172 173 174 175 176 177 178 179 181 182 184 186 190 192 193 195 196 197 198 199 200
88 88 89 91 92 93 95 96 97 98 100 102 103 104 105 106 109 110 111 115 116 117 118 119 121 122 124 125 126 127 128 129 130 131 132 134 135 137 139 140 141 142 143 144 146 147 148 149 151 153 154 156 157 158 162 163 164 165 166 167 168 169 170 171 173 174 175 176 179 181 184 186 187 188 190 191 192 194 195 196 197 199
89 33 90 92 96 97 98 99 102 104 105 106 107 108 109 110 111 112 114 115 116 117 118 121 123 124 125 126 127 130 132 134 135 136 137 139 140 141 142 143 144 147 148 149 151 152 153 156 157 160 161 162 165 167 169 170 171 172 173 174 175 176 179 180 181 182 184 185 186 187 189 190 191 194 196 197 198 199 200
90 35 92 94 96 97 98 99 101 102 105 106 107 108 109 112 113 114 116 117 120 121 122 123 124 125 126 127 129 130 131 133 134 135 137 141 142 143 146 148 149 150 151 152 153 154 155 156 157 158 159 160 161 162 163 164 165 167 168 169 170 171 173 174 176 177 178 179 180 181 182 183 185 186 187 189 190 192 195 196 198 199 200
91 19 92 93 94 98 101 102 103 104 105 106 107 108 109 110 111 112 114 116 117 118 123 125 126 127 128 129 130 131 132 133 134 136 137 138 140 141 142 143 144 145 146 147 149 150 151 152 154 155 158 159 160 162 163 164 165 166 167 170 173 174 176 177 180 181 182 183 184 185 186 187 189 190 192 195 196 197 198
92 53 93 94 95 96 97 99 101 102 105 106 107 108 109 111 112 113 114 115 116 117 118 121 122 123 124 128 129 131 136 138 140 142 143 144 145 146 148 150 156 157 158 159 160 161 163 164 165 166 167 168 169 170 171 172 173 176 177 178 179 180 181 183 184 186 187 188 189 190 192 193 194 195 196 197 199 200
93 90 94 95 96 97 98 99 100 101 102 103 104 105 106 107 108 110 111 112 114 115 118 119 122 123 124 129 133 134 136 137 138 139 145 146 148 150 151 152 153 154 156 157 159 160 161 165 167 169 170 171 173 176 179 180 182 183 184 185 186 187 188 189 190 191 192 193 194 195 196 197 198 200
94 2 98 100 101 102 103 104 105 106 107 108 109 111 113 114 116 118 119 120 121 122 123 124 125 128 131 132 135 136 137 138 139 140 142 143 144 145 147 149 150 151 152 153 154 155 159 160 161 162 163 164 165 166 167 168 169 170 172 173 177 178 180 181 182 183 185 186 187 189 190 191 196 200
95 13 96 99 100 101 104 105 106 107 109 113 114 115 116 117 118 119 120 122 125 126 127 129 131 132 133 134 135 136 138 139 140 142 145 146 149 150 155 156 158 159 160 162 163 164 165 166 168 171 173 176 177 179 180 181 182 184 185 187 191 192 194 195 196 199
96 58 99 100 102 103 104 105 106 107 109 110 114 115 116 117 118 120 121 122 123 124 125 126 127 129 130 132 135 136 137 138 139 140 141 142 143 145 146 147 148 149 151 153 154 155 156 157 159 161 162 165 167 168 171 172 173 176 177 178 181 182 183 184 185 186 187 188 189 191 192 193 194 195 196 197 198 200
97 94 98 99 100 101 103 106 107 108 109 110 112 113 115 117 118 120 122 123 124 125 126 130 132 133 136 139 141 142 144 145 146 147 148 149 150 152 153 154 158 160 161 163 164 165 166 171 174 175 176 177 178 179 180 181 183 184 185 186 187 188 189 190 191 193 194 196 197
98 5 99 100 101 104 106 107 108 111 113 114 115 116 117 119 121 123 124 125 126 128 130 131 133 135 136 137 138 139 141 143 145 146 148 150 151 152 154 155 156 159 160 161 163 164 165 167 170 172 174 175 176 178 180 181 182 183 185 186 188 191 192 194 195 196 197 198 200
99 71 100 101 103 104 105 106 107 110 111 112 113 115 116 118 119 124 125 126 127 128 132 134 135 137 138 139 141 142 143 144 145 146 147 148 149 151 152 153 154 155 156 157 159 162 163 164 168 169 170 171 173 174 177 181 182 183 184 185 186 187 189 190 191 192 194 195 197 198 199
100 44 101 102 104 105 106 109 110 113 114 115 116 118 120 121 122 124 125 127 128 129 131 132 133 134 137 139 140 141 142 143 144 145 147 148 149 150 151 152 154 155 156 159 160 161 162 163 164 165 166 167 168 169 171 172 173 174 175 177 179 180 181 183 184 186 187 189 190 191 192 193 194 195 197 199
101 67 102 107 108 109 110 111 112 114 116 117 118 119 120 121 124 125 126 127 130 131 133 134 135 136 137 141 143 144 147 148 149 150 151 153 154 155 156 157 159 160 162 164 165 166 167 168 169 170 171 172 174 175 176 177 178 179 180 181 182 183 184 187 188 191 192 193 195 196 197 198 199
102 69 103 105 106 111 114 115 117 119 121 122 123 124 125 127 128 129 130 131 132 134 135 137 138 139 140 141 142 143 144 145 146 147 148 149 150 151 155 156 157 158 159 160 161 162 163 168 170 173 174 175 177 178 180 183 184 185 186 187 188 189 190 192 195 196 197 198 200
103 96 104 106 107 109 110 111 115 116 117 118 119 120 121 122 124 125 127 128 129 130 131 132 133 137 139 140 141 142 143 145 146 147 148 149 150 151 152 153 154 155 156 159 161 162 163 165 167 168 170 171 172 174 175 177 178 179 181 183 184 185 186 188 190 191 192 193 194 197 198 199 200
104 23 105 106 108 109 110 111 112 113 115 118 119 120 121 122 124 127 128 130 131 133 134 135 138 139 140 141 142 143 146 147 148 149 150 151 152 153 154 157 158 159 160 161 162 163 164 166 167 168 169 170 172 173 174 176 177 178 179 180 181 182 183 185 186 188 189 190 191 195 196 197 199 200
105 53 107 109 111 112 114 115 118 121 124 126 127 130 132 133 134 135 137 138 140 141 143 144 146 148 150 151 152 153 154 155 156 158 159 160 161 162 163 164 166 167 168 169 170 171 172 173 174 175 176 177 178 180 181 182 184 186 187 189 190 191 192 193 194 195 196 198 199
106 85 107 108 110 112 113 114 115 117 118 119 120 121 123 125 126 127 128 129 131 132 134 135 136 137 139 140 141 142 144 145 146 148 149 150 151 153 155 156 157 159 160 161 167 168 170 172 173 174 175 176 177 178 179 182 183 184 185 186 187 189 190 191 192 193 194 195 196 197 198 200
107 93 108 110 111 112 113 114 115 116 119 120 121 122 123 124 125 126 127 128 129 130 131 132 133 135 136 137 139 142 145 146 147 148 150 152 153 154 155 156 158 160 161 162 163 164 166 169 170 173 174 176 177 178 179 180 182 184 185 186 187 188 189 190 191 192 193 195 196 197 199 200
108 93 109 110 111 112 113 114 116 119 122 126 127 128 129 130 131 133 134 135 136 137 139 140 141 142 143 145 146 148 149 150 151 152 153 155 157 158 159 160 161 162 163 164 168 169 170 171 173 176 177 178 179 180 182 183 184 185 186 187 188 189 190 191 192 193 195 196 197 199
109 68 111 112 113 115 117 120 121 123 126 127 128 129 130 131 132 133 134 135 136 137 138 140 142 145 146 147 149 150 151 152 154 155 156 157 158 160 162 163 164 168 169 170 172 173 174 175 176 177 179 180 181 183 184 185 186 188 189 190 193 195 196 197 198 199 200
110 26 111 112 113 114 117 118 119 120 121 122 123 124 125 126 127 128 130 131 132 133 135 136 137 139 143 144 145 146 147 148 151 152 153 154 155 156 157 158 159 163 164 166 167 172 173 174 176 177 180 183 185 186 188 191 193 194 195 196 197 199 200
111 36 112 113 114 115 116 120 121 122 123 124 125 126 127 128 130 131 132 134 135 136 137 138 139 140 141 142 143 144 145 146 147 148 150 152 153 154 155 158 159 160 162 163 164 165 166 167 168 169 170 171 173 175 177 178 179 183 184 185 186 192 193 195 196 198 200
112 1 114 117 120 121 122 124 125 126 127 128 130 131 132 133 134 135 136 137 138 140 142 143 145 148 149 150 151 153 154 155 156 157 159 160 163 165 166 167 171 172 173 174 176 177 178 179 180 181 182 184 185 186 190 192 193 195 196 197 198 199 200
113 29 115 117 118 119 121 122 123 124 126 127 128 129 130 132 138 139 140 141 142 143 144 145 147 149 150 151 153 154 155 156 157 158 159 161 162 166 168 169 171 172 173 174 175 177 178 180 181 183 184 185 187 188 189 190 191 192 193 195 196 197 198 200
114 12 115 116 119 120 121 122 124 126 127 128 131 133 134 136 137 140 141 142 143 146 149 150 153 154 155 158 159 162 164 166 167 168 169 170 172 174 175 176 177 179 180 181 182 184 185 186 187 189 190 191 192 194 195 197 198 199 200
115 92 116 117 118 119 121 122 124 125 126 127 129 130 131 132 133 134 135 136 137 138 140 141 142 144 145 146 147 148 149 150 151 152 153 154 155 156 157 158 159 161 162 165 166 167 168 169 171 173 175 176 177 180 181 182 183 185 186 187 188 190 191 192 193 194 196 198 199 200
116 17 117 118 120 121 122 124 126 128 129 131 132 133 134 135 136 138 139 140 141 142 143 145 146 149 150 151 152 153 156 157 158 160 161 162 163 164 165 166 168 169 170 171 172 173 174 175 176 179 180 182 183 184 186 187 189 192 193 195 196 197 198 199 200
117 45 120 121 122 123 125 126 128 129 130 131 132 133 134 135 136 137 138 139 140 142 143 144 146 147 148 149 150 152 153 154 155 157 158 159 160 161 164 165 166 167 168 169 171 172 173 175 177 179 180 181 182 183 184 185 186 187 188 190 191 192 193 195 196
118 15 119 120 121 122 123 126 129 130 131 133 134 135 136 137 138 139 141 143 145 147 148 149 150 151 153 154 156 157 158 159 160 161 162 163 164 165 167 168 170 171 172 174 175 176 178 180 181 182 183 184 185 187 188 189 192 193 195 197 198 199 200
119 9 120 121 122 124 125 126 127 130 133 134 135 136 137 138 140 144 145 146 147 148 149 151 153 155 158 159 160 161 162 163 164 168 169 173 174 175 176 177 178 180 181 182 184 186 187 189 190 191 193 195 196 197 198 199
120 56 121 122 123 124 126 127 129 131 132 133 134 135 136 137 138 139 140 141 143 145 146 147 149 150 151 152 153 155 156 158 160 161 162 163 164 167 168 169 172 173 174 175 176 177 178 180 181 182 185 186 187 188 189 190 191 193 194 195 196 199 200
121 60 123 124 128 129 130 131 132 133 135 136 137 138 139 140 141 142 143 144 145 147 149 150 152 153 154 155 156 157 158 159 161 162 163 164 165 167 170 171 172 174 175 176 179 182 184 185 187 189 190 191 193 194 196 198 199 200
122 78 123 125 126 127 128 130 132 133 137 140 141 142 143 146 148 149 150 151 152 153 154 155 156 158 159 161 165 166 167 168 169 172 173 175 176 177 179 181 182 185 186 187 189 190 191 192 194 196 197 198 199 200
123 80 124 126 127 128 130 131 132 136 137 138 139 140 141 142 143 146 147 148 150 151 152 153 156 157 158 159 160 161 162 165 166 167 168 170 171 172 173 174 175 177 179 182 183 184 185 186 187 188 189 191 192 195 196 198 199 200
124 23 125 126 127 128 129 130 131 132 133 134 135 137 138 139 140 142 143 144 145 146 147 149 150 153 157 158 160 164 165 167 168 169 170 171 172 173 174 177 179 180 185 186 188 189 190 191 193 194 196 198 199
125 39 126 128 130 131 133 136 137 139 140 144 145 147 148 149 150 151 152 153 155 156 157 159 161 162 163 164 167 169 170 172 173 176 177 178 180 181 182 183 184 185 186 187 188 189 190 191 192 193 195
126 27 127 128 129 131 133 134 135 136 137 139 140 141 143 144 145 146 147 148 151 152 153 155 156 159 160 162 166 167 172 173 174 175 176 177 178 179 180 181 183 184 185 186 188 189 192 193 194 196 198 200
127 10 128 129 131 133 134 136 138 139 140 141 142 145 146 147 148 149 150 151 153 155 156 157 158 161 163 164 167 168 169 170 172 173 174 175 176 177 178 179 180 181 182 183 184 186 187 189 190 191 192 193 195 197 198 200
128 4 130 131 132 133 135 136 138 141 146 150 151 156 158 159 160 161 162 163 164 165 166 167 168 169 172 173 174 176 177 178 179 180 181 184 185 186 187 190 192 193 194 195 196 198 199 200
129 93 131 132 135 136 138 141 142 143 144 145 147 148 149 150 152 153 154 155 156 158 161 162 163 164 166 167 169 171 172 173 174 175 178 180 182 183 184 185 186 187 188 189 190 191 192 195 196 198 199 200
130 56 131 132 134 135 136 140 141 142 144 147 148 149 150 153 154 156 157 158 160 161 162 163 164 165 166 167 168 169 170 172 173 174 175 177 178 180 182 183 184 186 188 191 193 196 198 199 200
131 83 132 133 134 136 137 138 141 142 143 144 145 146 147 149 150 151 152 154 155 156 157 158 160 161 163 166 167 168 169 170 173 174 175 176 177 178 179 180 181 182 183 184 185 186 187 189 191 192 193 194 195 196 197 198 199 200
132 95 133 135 136 137 138 139 140 141 142 143 144 145 146 147 148 150 153 155 156 157 158 159 160 161 162 164 165 169 170 172 174 175 176 178 179 180 181 182 185 186 187 188 190 191 192 194 195 196 197 198 199 200
133 24 136 137 138 139 140 141 142 143 144 145 146 147 148 149 150 151 152 153 154 156 157 159 160 161 162 163 165 166 167 168 169 170 171 172 173 174 176 177 179 180 181 182 187 188 189 191 192 193 196 198 200
134 61 135 138 140 141 145 146 147 148 150 152 153 155 156 158 159 160 161 162 163 164 167 168 170 171 173 174 175 176 177 178 179 180 181 182 183 185 186 188 189 190 191 192 193 195 196 198 199 200
135 66 136 137 139 140 143 144 146 147 148 149 151 152 153 157 158 159 160 161 162 164 166 167 168 169 171 172 173 175 176 178 179 181 182 183 185 187 189 191 193 194 197 198 200
136 77 137 139 140 142 143 144 146 147 148 150 152 153 154 155 156 157 158 160 162 163 164 166 167 169 170 173 174 175 177 180 183 185 186 187 189 191 192 193 194 196 197 199 200
137 89 138 140 141 143 145 146 147 149 150 151 152 155 156 157 158 159 160 161 162 163 164 165 167 168 170 171 172 174 175 176 178 179 180 181 185 188 189 191 193 195 197 198 199
138 98 140 142 143 145 146 147 148 151 152 154 155 156 157 158 159 160 161 162 163 165 166 167 169 173 175 176 177 178 179 181 183 184 186 187 188 190 191 193 194 195 196 197 198 199 200
139 54 140 143 144 145 146 148 149 150 151 152 153 154 155 156 157 159 160 161 162 163 165 166 167 169 170 171 173 175 176 178 179 180 181 182 183 184 187 188 189 192 193 195 196 197 198 199
140 39 141 142 143 147 149 151 152 153 155 156 157 159 161 163 164 166 168 169 173 175 177 178 179 180 182 183 184 185 186 187 188 189 190 192 193 194 195 199
141 67 142 143 144 146 147 148 149 150 151 152 153 154 155 156 159 160 161 164 165 167 168 169 170 171 172 173 174 175 178 179 180 181 182 185 186 189 191 192 194 196 197 199 200
142 54 144 145 146 147 148 150 152 153 154 155 156 157 158 159 161 162 163 168 169 176 180 181 183 184 186 187 188 189 192 195 196 198 200
143 61 144 145 147 148 150 151 152 154 157 158 159 160 161 162 163 164 165 166 168 169 170 173 177 178 179 180 181 183 184 185 186 187 188 189 190 191 193 195 196 198 199 200
144 53 145 147 148 149 151 152 154 158 159 161 162 163 164 165 166 169 170 171 172 173 175 178 180 181 182 183 184 186 189 190 192 193 196 198
145 32 146 147 148 149 150 151 152 153 154 155 156 157 158 161 162 163 164 165 167 168 172 173 175 176 178 179 180 181 182 185 186 188 189 194 195 196 199 200
146 90 147 149 150 152 153 155 156 157 160 162 164 165 167 169 170 172 174 176 177 179 181 182 183 185 187 188 189 190 191 192 193 194 195 196 197 198 199
147 7 148 150 151 152 153 158 159 160 161 162 163 164 167 168 169 170 171 175 179 180 181 182 183 185 189 190 191 193 195 196 198 200
148 97 149 152 153 154 155 158 159 161 162 163 164 166 168 169 171 172 175 177 178 179 180 182 183 185 187 188 189 190 192 193 194 195 196 197 198 200
149 98 150 151 152 155 156 157 159 160 164 165 166 167 168 169 170 171 172 173 174 178 181 182 183 186 187 188 190 192 193 194 196 198 199 200
150 65 151 152 153 154 155 156 161 162 163 164 166 167 168 170 172 173 174 176 177 178 179 180 181 184 186 187 192 193 194 197 198 199 200
151 70 152 153 154 158 159 160 161 163 164 167 168 170 173 175 177 178 179 180 182 183 184 185 187 188 189 190 191 192 193 194 196 197 198 199
152 46 153 154 155 156 157 158 159 160 161 162 165 166 167 168 169 170 171 172 173 175 177 179 180 181 183 184 186 187 188 189 190 191 192 193 194 196 197 198 199 200
153 61 154 155 156 157 158 160 161 162 163 164 165 166 167 168 170 171 172 173 174 175 178 182 187 188 189 190 192 193 194 195 197 198 200
154 73 156 157 158 159 160 163 164 165 166 167 168 169 170 172 173 174 176 177 178 179 181 182 183 184 185 186 187 190 191 192 194 195 196 197 199 200
155 61 156 158 160 161 162 164 165 166 168 169 171 172 174 175 176 178 182 183 187 188 190 192 193 195 196 197 198 199 200
156 14 158 159 160 161 163 164 165 166 168 169 171 172 174 175 176 177 178 182 183 187 188 189 190 192 193 194 196 198 199 200
157 92 158 159 161 163 166 167 168 172 173 175 176 178 179 180 181 183 185 186 187 188 190 191 193 194 195 196 197 198
158 27 159 160 161 162 163 166 168 171 172 174 175 176 177 180 181 182 183 185 186 187 188 189 191 193 194 195 197 199 200
159 8 160 161 162 163 164 165 166 167 168 169 171 172 174 175 176 180 182 183 187 191 192 193 194 195 196
160 62 161 163 164 166 167 169 170 171 172 175 176 177 179 180 181 182 183 184 186 188 189 190 192 194 195 196
161 7 163 164 165 166 168 169 173 174 175 178 179 180 181 182 183 184 185 188 189 190 192 193 194 195 198 199 200
162 19 163 164 165 166 167 169 171 172 173 174 175 176 178 179 180 181 183 184 185 186 187 189 190 191 192 193 195 197 198 199 200
163 88 165 166 170 171 173 176 177 180 181 184 185 186 187 188 191 192 193 194 195 198 200
164 75 165 166 167 168 170 172 175 176 177 178 179 180 181 182 183 186 187 188 189 190 191 192 193 194 195 196 198 199
165 69 166 167 168 169 170 171 174 176 178 179 180 182 184 185 186 187 189 190 191 193 194 195 196 198
166 61 167 168 169 172 176 177 179 180 181 184 186 187 189 191 193 194 195 196 200
167 94 168 170 171 172 173 176 177 179 180 181 184 185 186 187 188 190 193 195 197 198 199 200
168 9 169 171 172 173 174 175 176 178 179 180 181 182 183 184 185 187 188 189 190 193 195 196 197 199 200
169 46 170 171 175 180 181 182 183 184 185 187 188 189 190 191 192 194 195 196 198 199 200
170 82 174 175 177 178 180 183 184 186 187 188 189 191 192 193 194 195 196 197 199 200
171 88 172 173 174 175 177 180 181 184 187 189 190 193 194 195
172 3 175 176 177 179 181 183 184 185 186 187 189 192 196 197 198 200
173 94 174 176 177 178 180 181 182 183 185 186 187 190 191 193 194 195 196 197 198 200
174 50 175 176 178 179 180 182 183 184 185 186 188 189 190 191 192 198 199 200
175 21 177 182 184 185 186 187 189 190 193 194 195 196 197 200
176 83 177 178 179 180 182 183 184 186 188 189 190 191 192 193 194 195 196 198 199
177 63 178 180 182 183 184 185 187 188 189 190 192 193 194 195 197 199
178 3 180 181 182 183 184 185 186 187 188 189 191 192 194 195 196 197 199 200
179 65 181 182 184 186 187 188 189 190 191 192 193 195 197 198 199 200
180 21 181 184 185 186 188 189 190 191 193 196 197
181 9 183 186 188 189 190 191 192 193 194 195 197 199
182 74 183 184 185 186 187 189 190 191 192 194 196 197 198 199 200
183 46 184 185 186 187 190 191 192 194 195 197 198 200
184 4 186 187 188 190 193 198 199 200
185 26 187 189 190 191 192 193 195 197 199 200
186 74 187 188 189 190 191 192 193 194 195 198
187 21 189 190 191 192 193 197 198 200
188 66 189 190 191 192 193 194 195 197 198 199 200
189 54 191 192 194 196 198 200
190 19 191 193 194 196 197 198 199 200
191 86 192 194 195 196 199 200
192 23 193 194 195 196 197 198 199
193 83 194 195 196 197 198 199 200
194 78 195 196 200
195 60 196 197 198 199 200
196 85 200
197 24 198
198 28 199
199 32
200 83
