200
1 65 8 16 17 18 21 22 25 29 30 32 33 40 42 44 52 54 55 56 57 61 66 68 72 73 74 77 80 81 83 84 99 100 106 107 108 110 113 117 118 124 129 133 136 137 150 151 159 161 163 164 166 174 197 199
2 71 10 15 17 21 23 31 32 36 39 45 46 47 55 58 63 69 71 87 91 100 103 107 112 124 125 127 130 131 132 135 137 142 144 147 149 150 153 156 162 169 171 177 182 183 185 189 198 199
3 43 7 8 11 17 20 26 29 31 41 43 53 56 57 60 63 66 70 72 74 75 76 90 92 94 96 98 101 103 104 105 106 113 117 119 121 122 125 131 132 137 138 143 144 151 155 158 159 160 161 167 170 171 174 178 181 192 198
4 33 5 6 7 8 10 12 13 16 20 31 33 34 35 44 46 54 57 60 65 71 78 79 83 88 89 95 98 99 100 104 109 110 111 114 119 125 126 127 140 141 143 146 147 148 149 152 153 155 157 160 161 162 165 169 171 173 182 186 187 188 189 191
5 27 7 15 16 27 29 30 33 39 42 49 50 57 68 69 71 72 76 79 83 84 88 89 91 92 93 94 95 96 97 98 99 100 101 104 106 107 109 119 120 124 125 128 129 130 134 151 152 156 159 162 164 165 167 168 169 173 176 178 180 182 187 190 195 196 198 199
6 22 8 12 19 20 21 24 43 46 49 52 57 58 60 66 70 72 76 80 87 88 89 90 92 96 98 100 101 102 103 107 115 117 122 124 131 132 135 145 148 151 152 160 161 162 164 165 169 170 175 179 181 182 184 187 194 195
7 69 14 21 22 23 24 26 28 36 38 44 47 56 59 65 67 69 70 74 75 79 80 84 86 87 90 91 93 97 100 104 106 112 118 120 124 129 135 137 139 141 151 155 158 162 165 167 170 172 179 180 187 188 190 200
8 63 10 11 14 16 20 22 23 24 25 28 32 34 37 39 40 41 42 45 46 49 50 51 53 56 61 62 65 70 72 74 75 77 83 84 87 89 95 98 101 103 105 106 119 122 124 125 126 129 130 131 133 145 146 147 148 151 152 157 161 162 169 171 172 174 176 181 182 183 184 186 187 188 189 192 194 196 198 199
9 64 13 17 19 24 28 35 38 46 58 60 66 67 68 71 73 76 79 81 82 85 86 88 92 93 94 95 96 99 103 105 108 109 117 118 126 131 133 134 135 136 137 141 147 148 152 155 156 165 169 170 177 181 194 198 199
10 28 13 20 21 22 30 35 36 38 41 43 44 48 53 57 59 65 69 70 72 75 76 78 79 81 84 86 88 95 97 98 100 111 115 116 122 126 131 135 138 147 152 158 159 160 163 164 166 167 174 175 177 178 179 186 193 196 197 198
11 61 12 14 18 22 24 30 32 37 41 43 48 49 51 52 54 60 63 65 66 71 75 78 79 89 90 94 97 104 105 106 108 110 122 123 124 131 132 133 134 137 139 150 151 154 155 160 162 168 173 177 180 186 187 196
12 33 18 20 24 25 26 27 29 32 41 48 51 55 57 60 61 62 64 65 66 69 71 77 79 81 88 89 91 97 99 101 102 104 105 106 110 114 121 122 123 125 131 136 137 138 139 146 147 148 150 161 162 165 167 169 171 173 175 176 177 180 183 184 187 189 191 195
13 68 15 25 26 27 28 31 32 33 35 38 43 49 52 58 59 65 78 79 82 83 85 87 91 93 101 107 126 128 134 135 140 141 144 149 162 165 169 170 173 174 178 181 183 187 191 193 194 195 197
14 57 17 19 20 23 28 30 32 33 34 36 37 42 43 44 46 52 56 57 64 66 68 77 78 88 89 90 92 96 97 98 99 100 102 103 107 109 110 111 113 114 115 116 126 129 133 136 144 151 156 157 169 174 179 182 184 186 188 193 194 195 197 199
15 90 22 23 25 28 29 30 32 39 44 52 56 59 61 63 68 79 81 85 86 90 95 99 102 106 108 118 126 141 146 148 152 161 163 165 167 171 178 179 186 187 188 190 196 198 200
16 99 20 23 35 37 39 40 41 42 43 47 51 53 57 64 66 74 75 76 78 81 89 90 91 92 96 99 107 112 113 114 115 116 124 125 126 131 133 136 138 143 147 153 154 155 157 161 177 179 182 184 189 190 191 195 199
17 40 23 30 31 32 33 34 35 42 43 44 55 59 60 61 62 63 66 72 79 83 93 95 96 98 99 100 102 104 105 106 110 114 124 132 134 137 147 149 157 158 163 166 169 172 175 181 183 184 186 187 189 198 200
18 41 23 25 26 27 31 32 34 36 40 45 47 49 52 60 62 65 68 70 71 73 77 78 89 90 94 99 103 105 106 108 109 110 111 113 115 118 120 124 127 128 138 145 147 149 151 152 154 156 160 165 167 169 178 179 182 183 189
19 26 23 24 26 31 35 37 40 45 46 54 55 59 60 69 71 73 79 90 94 95 97 104 107 109 115 122 126 133 139 141 143 144 152 153 155 159 162 164 165 166 168 171 175 181 182 184 185 186 187 190 192 195 196
20 55 23 34 35 44 46 52 58 63 65 72 74 75 77 78 79 85 88 89 92 96 98 99 101 103 104 105 106 109 115 118 122 124 125 128 129 130 132 139 140 141 142 143 147 150 151 154 156 157 162 169 170 171 175 177 178 179 182 187 192 199 200
21 55 22 23 27 31 32 33 36 38 48 52 57 59 65 68 70 72 74 75 78 80 81 85 89 91 104 106 109 111 112 115 119 121 122 138 148 149 151 152 154 156 158 159 163 164 165 167 188 193
22 34 23 27 28 35 39 40 45 46 50 51 52 54 56 58 59 63 64 66 70 75 77 79 81 82 85 91 92 95 100 101 106 111 112 116 122 123 124 126 131 133 136 137 139 141 142 144 145 146 150 158 162 164 166 167 170 171 190 194 195 198
23 61 25 27 30 32 33 37 40 41 42 45 46 48 51 54 57 68 72 74 75 82 83 90 92 95 96 102 104 105 114 117 118 119 122 123 126 127 131 133 136 137 142 147 148 149 150 159 160 162 164 167 174 177 179 181 186 192 193 200
24 20 25 27 34 41 43 44 47 49 50 61 64 65 69 71 78 82 83 89 90 91 92 93 95 98 103 104 105 106 107 108 111 112 113 118 121 124 126 127 130 135 136 137 140 142 151 155 157 158 159 163 165 166 172 173 175 176 177 178 179 185 186 187 190 194 200
25 93 27 31 34 38 43 52 54 58 63 64 72 73 74 75 80 81 84 85 86 87 93 94 95 98 99 102 105 108 114 115 130 138 140 144 150 152 155 158 164 168 170 171 180 181 182 183 184 188 193 194 196 197
26 24 27 28 32 33 34 35 38 45 46 51 52 55 56 59 60 65 69 72 74 76 77 80 81 85 91 93 97 99 107 112 115 118 120 124 126 128 132 139 140 146 147 152 155 156 173 174 175 181 182 186 197
27 62 28 31 38 39 40 41 42 44 46 47 56 58 62 65 67 71 77 80 81 82 83 84 92 99 101 104 110 112 115 117 118 119 124 129 130 134 143 147 154 159 166 168 169 170 171 172 175 176 179 183 186 187 189 194 199
28 53 31 35 39 40 46 47 61 62 68 71 75 76 77 79 80 86 87 93 95 98 101 103 106 107 111 114 120 121 123 127 129 133 135 137 138 139 148 149 159 165 167 170 175 178 180 185 187 191 192 198
29 53 30 31 33 48 59 70 72 73 76 81 85 89 90 92 93 95 102 104 105 106 109 118 119 120 121 124 127 131 134 137 141 143 149 150 151 154 157 158 170 173 178 179 187 188 190 192 193 196 200
30 50 32 36 42 45 47 48 50 52 56 67 77 82 84 87 97 98 102 103 106 107 109 111 112 116 117 119 123 128 130 136 137 145 147 150 152 155 156 160 163 165 166 175 176 177 178 182 185 188 189 190 192 195 197
31 33 32 34 43 44 46 48 50 53 58 61 64 65 66 78 82 83 85 87 98 99 101 102 107 110 116 118 121 126 130 137 144 149 151 153 156 160 162 165 168 172 174 175 178 185 186 188 191
32 46 35 40 42 43 46 49 50 61 68 69 73 74 91 95 97 111 112 114 115 116 117 120 124 125 128 132 133 136 137 138 139 143 146 148 149 154 158 159 160 161 164 176 182 190 194 196 200
33 88 36 37 40 41 49 51 58 59 63 72 76 77 78 82 85 90 99 102 104 109 112 114 117 119 122 123 127 131 135 137 139 140 142 143 144 149 151 152 153 158 164 170 175 176 180 181 183 192 195 199 200
34 30 36 39 41 42 46 47 56 61 68 70 72 74 75 82 89 93 98 99 101 110 115 117 119 121 125 129 130 131 134 135 140 145 148 150 152 157 160 168 172 174 175 179 181 184 188 196 200
35 90 38 50 51 52 60 63 64 66 67 68 69 75 76 77 80 85 102 103 105 110 111 113 114 119 125 128 130 142 144 146 151 154 159 165 181 182 191 192 194 195 199
36 21 37 39 49 51 56 59 68 70 75 76 78 80 82 90 92 94 102 103 108 110 112 113 117 120 121 124 127 128 130 131 132 136 145 147 151 154 159 164 165 170 172 178 182 189 192 195 199
37 58 41 50 55 63 64 67 69 73 76 83 84 89 90 91 93 95 97 99 106 110 113 122 123 124 126 136 152 153 155 156 159 160 167 169 171 173 174 177 179 187 188 189 190 191 192 193 194 197 198 200
38 97 40 42 44 46 47 50 51 56 58 60 61 67 68 78 80 83 85 87 90 91 100 104 105 107 112 115 116 119 122 126 128 134 145 149 151 156 159 160 168 169 172 181 182 183 184 185 191 196 200
39 95 40 44 51 52 56 57 61 64 69 73 75 76 79 83 86 90 95 96 97 108 113 116 117 121 130 135 139 142 144 145 147 155 160 162 163 168 169 173 180 181 182 184 185 189 193 197 198
40 44 42 47 49 50 51 56 59 62 65 72 75 76 79 80 85 89 90 91 95 98 101 104 107 114 117 122 123 130 136 137 141 143 144 148 149 150 153 160 165 166 167 168 184 188 195 196 198
41 25 42 51 54 64 67 70 72 78 79 85 89 94 100 105 106 107 109 110 118 123 125 130 136 138 148 154 155 160 166 169 170 176 177 178 180 181 188 189 191 193 195 198
42 41 43 45 49 52 53 57 61 64 65 71 72 76 78 82 88 91 93 98 110 111 116 120 122 132 134 139 144 145 148 152 159 165 167 169 170 173 175 179 183 185 190 191 194 199
43 52 44 63 66 68 71 72 73 74 79 81 82 85 86 87 88 90 92 100 105 109 114 115 119 120 128 131 139 140 141 144 150 160 162 168 171 172 178 179 182 183 191 193 195 199 200
44 73 56 58 66 67 70 73 74 75 84 90 91 96 103 104 105 108 109 113 115 117 120 124 129 132 133 134 137 138 142 146 147 154 157 158 161 162 166 167 170 172 181 182 186 190 195 196 197 199 200
45 84 46 47 48 50 51 52 58 63 65 69 71 77 78 79 80 81 83 84 87 90 96 98 103 105 110 116 117 122 123 125 132 133 137 138 143 144 146 150 151 155 157 164 166 167 171 175 176 177 182 185 192 196
46 40 47 48 51 52 55 57 65 69 73 78 83 84 86 88 92 93 94 96 98 101 105 106 108 109 126 127 134 136 140 143 153 154 155 160 163 165 168 169 170 174 175 179 182 183 184 188 189 197 198
47 30 52 56 60 62 64 69 73 77 78 79 82 98 101 102 105 108 111 117 118 119 122 124 125 127 130 131 132 133 138 140 142 143 149 152 153 155 157 160 163 164 165 166 169 172 176 182 185 186 191 193 197 199 200
48 77 51 53 63 74 77 80 83 85 87 88 89 95 99 100 104 105 111 113 115 121 123 124 127 135 136 137 139 140 148 152 159 166 172 173 174 176 178 179 180 188 190 195 196 200
49 93 54 62 66 67 69 74 89 94 97 102 103 105 106 107 108 110 112 114 115 117 119 124 126 127 128 129 138 140 142 143 144 145 146 152 162 167 168 171 177 178 180 185 191 192 197 198
50 54 54 56 57 59 62 64 69 74 75 95 96 101 105 110 112 114 115 122 123 130 133 136 140 144 149 154 155 156 160 161 163 164 169 173 183 184 188 192 194 200
51 53 55 57 61 62 64 66 69 70 79 80 87 94 97 101 103 104 105 107 110 112 113 115 116 118 125 126 137 138 140 143 146 147 150 151 156 157 159 160 161 164 166 167 168 169 177 179 181 182 187 188 189 191 197 200
52 86 54 57 60 66 70 73 74 77 90 99 103 104 107 111 112 113 117 119 124 126 127 128 136 138 143 145 149 152 153 159 165 175 190 197 198 200
53 98 54 55 60 62 66 72 74 79 80 83 86 89 90 93 100 104 109 113 115 118 122 126 127 128 137 139 142 143 145 148 149 151 157 166 167 169 170 175 177 178 179 180 193 194 195 198 200
54 60 56 57 58 64 66 68 73 75 78 79 82 89 91 93 94 95 97 106 109 111 112 113 120 121 122 133 134 141 147 148 150 151 154 157 159 163 169 171 172 177 179 186 187 188 192 193 195
55 34 58 65 67 78 80 81 86 87 89 93 94 98 101 102 103 107 109 111 112 116 122 123 125 127 130 131 138 142 143 145 147 154 157 166 171 172 174 177 178 179 181 182 183 186 191 195 197 199
56 36 66 83 89 92 93 97 99 103 106 107 108 111 114 117 120 123 124 131 133 136 138 141 144 145 150 151 154 160 164 165 168 172 174 183 184 186 187 192 194 198
57 79 58 60 62 66 67 69 71 80 84 88 91 93 97 98 99 102 104 107 109 112 116 126 129 133 135 136 139 145 152 154 163 167 172 173 176 178 181 183 189
58 59 61 66 72 74 77 81 83 85 93 96 101 105 106 113 119 123 127 130 133 138 146 147 149 151 152 160 161 162 168 171 173 175 177 182 183 185 187 195 196
59 28 60 63 64 67 71 73 83 84 86 91 92 93 95 98 102 106 107 108 111 115 116 118 122 126 127 131 132 135 136 142 143 147 155 163 174 177 185 187 188 197 199
60 39 62 66 67 71 73 75 77 80 82 83 85 87 98 103 107 111 115 118 120 121 126 127 128 129 130 131 134 137 138 139 140 146 147 148 149 152 160 161 163 168 169 176 178 179 181 185 191 195
61 47 65 69 73 75 77 81 86 87 88 90 92 96 100 106 107 109 111 113 126 129 131 137 140 143 149 151 152 157 158 170 174 180 183 185 191 193 195 200
62 79 63 64 65 68 72 77 80 81 87 93 95 97 100 105 112 115 117 123 128 131 135 138 145 147 148 160 161 162 166 172 180 182 183 193 194 197 198
63 65 64 65 67 69 70 74 80 82 97 99 108 114 119 121 123 131 134 135 139 141 142 143 148 154 159 160 162 163 166 169 172 178 179 180 183 186 191 196 198
64 44 65 68 70 77 78 86 94 95 96 97 98 99 102 104 105 107 113 114 117 119 121 124 132 139 140 142 143 144 145 148 153 156 157 159 164 167 168 172 174 176 183 186 190 191 197 198 199
65 94 66 67 74 75 77 83 97 98 109 116 120 122 128 130 137 141 143 144 146 162 168 169 171 173 174 176 177 179 182 187 188 192 194 197
66 64 68 69 70 72 80 84 87 89 96 97 101 103 107 108 111 113 122 126 132 133 140 141 142 143 151 155 156 163 169 170 176 178 180 181 182 183 184 185 187 190 191 192 194 195 198 199 200
67 80 68 69 85 89 94 95 97 98 100 106 112 116 117 123 133 138 140 149 150 157 162 163 166 170 175 177 179 183 184 189 194 195 200
68 87 69 70 71 72 75 77 80 84 85 87 90 92 97 104 105 108 114 115 119 121 124 126 127 134 135 139 146 148 149 152 160 161 163 169 175 178 186 188 191 192 196 197 198
69 58 70 74 75 76 77 78 81 84 85 90 94 100 102 105 108 109 114 115 117 120 122 128 133 135 145 147 150 154 155 160 161 165 168 170 171 174 179 181 185 190 196
70 60 72 74 80 92 95 96 99 104 106 108 109 111 120 121 122 126 133 136 138 141 142 144 145 146 149 152 154 159 161 164 168 169 181 195 197 200
71 100 72 74 75 77 87 94 98 109 110 111 119 125 129 130 132 135 136 140 144 146 148 149 151 156 157 162 164 174 182 189 192 194 195
72 26 73 80 82 83 84 85 86 88 89 96 98 102 108 113 119 121 123 133 135 136 137 138 141 144 166 172 173 177 181 184 186 188 189 194 198
73 88 85 95 96 106 115 118 122 123 131 137 142 143 149 152 153 155 157 158 159 161 162 163 166 167 169 174 180 181 183 188 192
74 86 76 77 81 83 98 109 115 116 120 123 133 134 135 137 141 145 147 151 153 156 161 167 168 169 170 171 173 182 191 193 200
75 77 77 83 84 86 90 92 93 101 105 110 111 114 119 128 129 134 136 139 142 146 147 149 150 151 152 156 166 168 169 173 174 175 177 178 179 188 192
76 27 81 82 85 86 87 89 96 104 107 108 109 110 117 118 126 128 131 136 147 153 157 159 163 166 167 168 172 182 190 193 194 200
77 81 78 79 81 82 84 85 86 94 96 97 107 109 112 119 120 121 122 123 125 134 140 144 151 152 156 160 161 163 165 166 167 169 175 180 182 183 185 193
78 23 88 89 101 102 104 111 112 114 117 119 126 128 133 134 136 138 140 142 143 147 148 154 155 158 161 166 169 170 175 176 183 186 187 190 194 197
79 67 83 85 88 96 97 102 106 108 113 117 120 121 124 125 127 128 131 133 138 139 140 142 145 148 154 155 160 163 165 168 172 181 185 187 188 191 200
80 54 87 88 89 93 96 97 98 102 103 107 110 114 119 121 125 128 129 139 142 143 146 147 149 152 157 158 160 164 165 166 167 168 171 175 177 180 183 186 187 191 194 196
81 98 82 83 90 97 102 108 116 121 127 128 140 146 150 152 153 155 158 159 164 165 169 170 172 179 181 182 183 185 186 190 194 198 200
82 41 83 87 93 96 102 107 108 112 116 118 121 127 139 140 142 144 147 149 156 158 161 163 164 166 168 172 176 180 182 184 186 193 194 195
83 90 87 88 93 94 96 98 100 104 112 113 114 120 122 125 128 133 147 154 155 161 163 164 165 167 168 170 173 174 178 181 183 193 195 197 199
84 38 89 91 99 103 104 108 112 119 120 122 126 133 134 138 143 144 148 149 165 167 172 177 181 185 187 191 192 199
85 23 90 91 92 95 96 98 100 101 103 109 110 114 116 123 124 132 138 139 141 144 152 157 164 172 174 181 184 195 196 197 198 200
86 40 88 91 95 100 102 105 106 109 110 112 114 118 123 127 128 129 133 136 137 141 143 144 147 153 162 165 175 177 187 190 194 195 196 198
87 41 91 92 94 103 105 109 110 112 117 121 123 126 129 134 137 138 141 149 151 155 156 157 162 170 171 173 174 177 179 181 186 188 192 195 198 200
88 100 89 92 99 106 107 108 113 118 132 133 146 155 159 161 162 164 165 166 168 170 171 173 175 179 181 182 184 189 190 196 198 200
89 36 92 96 98 99 110 115 118 129 131 133 136 137 139 140 142 145 148 149 151 152 154 155 158 165 172 176 177 180 181 182 184 188 190 191 192 196 198 200
90 79 92 96 97 99 115 117 121 130 134 136 139 140 141 142 143 147 151 153 154 164 166 173 175 176 179 182 187 188 190 192 194 195 198
91 21 96 101 104 105 107 108 112 114 118 119 121 123 126 133 144 149 155 156 157 161 163 170 174 181 186 188 193 195 197 200
92 90 111 112 122 124 125 126 130 132 135 139 154 160 161 166 167 169 170 173 187 191 195 196 197
93 65 94 96 98 102 104 105 106 107 108 109 112 113 114 116 121 123 130 131 132 133 134 135 139 142 145 146 150 152 154 157 163 168 170 181 182 183 185 188 190 192
94 27 95 96 97 101 113 114 117 119 121 123 128 131 132 133 137 139 140 144 146 149 158 168 170 171 173 178 179 183 189
95 37 96 99 105 107 108 112 114 119 120 121 123 126 128 132 141 143 145 146 149 150 151 154 158 159 164 169 171 172 173 174 179 180 182 186 189 191 194 195 196
96 75 97 99 100 103 110 116 119 123 124 130 131 135 139 144 147 149 150 153 155 172 174 175 183 185 188 192 195 199
97 39 99 101 103 107 111 117 118 126 129 130 137 139 144 153 154 158 160 163 166 167 168 175 179 183 188 190 191
98 85 102 105 106 107 121 122 127 129 132 134 142 144 148 154 159 163 167 172 176 181 185 186 187 189 190 192 193
99 49 100 101 104 106 111 115 118 122 127 133 140 141 142 148 150 151 155 159 162 164 168 172 173 175 176 177 179 185 186 196 198
100 57 102 110 112 115 116 117 118 121 124 125 133 136 137 145 147 149 150 151 153 154 155 156 157 166 167 170 179 184 185 186 188 192
101 84 104 106 107 109 110 111 116 117 121 123 125 126 127 131 134 141 145 146 160 162 163 168 169 173 179 181 186 195 198 199
102 86 103 104 106 107 113 115 116 123 126 133 141 147 152 153 156 157 163 164 165 166 171 175 180 184 188 194 195 196 199
103 64 105 107 111 118 123 129 130 136 139 143 149 154 159 160 161 164 167 169 180 181 182 183 187 189 197
104 89 109 111 113 116 121 124 129 130 132 135 140 141 144 150 152 156 159 160 164 174 175 177 182 187 188 189 192 193 196 197
105 28 107 110 116 118 122 125 128 129 131 132 137 138 143 144 149 153 157 158 162 164 165 172 174 179 181 183 184 185 189 190 196 198 199 200
106 40 109 120 124 129 132 133 138 148 149 150 152 153 157 158 159 160 162 168 169 175 179 180 181 182 184 188 193 195 196 200
107 40 112 114 116 118 120 124 128 130 131 132 137 145 159 161 162 170 173 175 176 177 182 183 185 187 188 190 194 196
108 32 109 110 112 116 117 119 124 125 129 131 144 145 147 149 151 152 154 155 159 160 164 167 168 169 175 177 179 180 182 188 190 194 197
109 70 112 115 118 120 121 128 131 132 134 136 142 146 147 152 153 158 162 163 166 167 168 171 181 184 185 188 192 196
110 72 113 119 131 134 139 141 147 148 153 155 158 159 160 163 164 169 178 180 181 192 194 196
111 100 112 113 116 122 123 124 125 134 135 142 143 147 152 153 161 165 167 168 172 174 177 179 180 186 197
112 27 115 117 119 122 130 133 136 139 143 147 149 150 151 153 155 158 160 163 164 167 168 173 180 181 185 187 189 192 197
113 83 118 123 127 129 130 131 141 145 151 155 157 163 164 169 173 176 181 183 184 186 187 189 190 191 192 198 199
114 23 116 117 119 125 126 127 129 135 145 147 149 151 154 155 161 170 182 190 194 198 200
115 98 116 119 126 127 128 130 132 134 143 147 148 153 157 162 163 164 166 169 173 174 175 181 182 185 192
116 57 118 122 133 135 137 139 140 145 155 161 166 170 171 173 180 183 184 188 189 196 200
117 62 124 130 131 132 134 136 137 138 142 143 144 146 148 149 152 165 167 169 178 180 186 188 192 194 196
118 33 121 122 130 131 133 135 139 143 148 151 163 165 166 168 178 188 189 193 197 198
119 83 120 121 125 138 141 145 147 148 150 151 159 160 162 168 169 171 177 185 190 195 196
120 65 124 125 132 136 137 139 145 148 152 153 154 159 161 162 163 167 168 170 173 176 177 183 184 199
121 98 123 126 128 130 132 136 138 140 145 148 150 151 156 157 169 173 177 180 182 189 191 193 200
122 26 126 127 134 135 136 139 142 143 144 145 152 158 163 167 177 184 189 191 196 198 199
123 69 128 129 131 142 144 146 147 148 156 160 163 164 168 169 171 176 178 181 183 191 194 195 197
124 57 125 129 130 133 135 139 140 150 154 155 159 161 169 170 171 172 176 177 178 179 181 186 191 192 194 195 196 197 200
125 89 127 128 133 135 138 147 149 152 153 155 157 160 165 167 168 172 173 175 178 179 180 181 182 189 192 194 195 196 198 199 200
126 50 127 132 137 139 141 142 143 148 157 161 164 165 169 182 184 190 191 192 197
127 71 130 138 139 140 143 144 145 148 149 150 155 160 167 169 170 176 177 179 182 185 187 188 190 191 192 193
128 33 130 132 134 137 139 148 151 156 157 160 163 166 167 168 175 181 187 189 190 193 195 199
129 21 134 136 137 139 144 147 149 151 154 161 162 163 169 172 176 180 181 188 190 191 196
130 61 132 134 135 136 155 157 161 163 164 170 172 174 177 181 182 183 186 193 195 197 199
131 39 136 139 142 143 144 145 146 149 151 156 157 162 166 174 177 178 179 182 183 188 189 190 191 199
132 74 135 136 138 145 146 147 149 152 155 159 165 170 171 172 174 178 183 184 186 187 189 191 193
133 51 135 140 143 146 153 155 156 159 160 164 166 171 172 181 182 188 191 192 193 196 198 199
134 40 135 142 145 147 155 158 159 160 163 176 183 187 188 191 196
135 90 140 141 142 144 149 152 153 157 159 160 161 168 169 177 181 186 188 191 193 197
136 25 145 146 152 153 160 168 169 171 172 174 175 179 182 192 193
137 94 141 142 143 146 151 155 158 163 164 170 173 174 177 178 181 185 193 200
138 75 139 142 148 149 150 154 161 162 163 164 167 168 172 173 174 176 180 181 183 185 189 191 194 197 200
139 95 145 146 147 149 150 151 157 158 160 163 164 168 169 173 186 189 190 194 196 197 198 199 200
140 57 141 143 146 149 150 153 159 164 167 169 171 174 180 182 189 193 195 197 199 200
141 86 142 143 148 150 158 162 163 164 169 176 188 190 192 195 198
142 23 147 152 156 161 162 164 165 167 172 177 179 181 182 184 187 192 195 197 198 199 200
143 71 152 153 156 160 164 168 175 181 185 187 196 197 198
144 26 151 152 153 156 157 161 164 165 166 169 172 176 180 186 187 188 189 191 196 198
145 57 151 157 158 159 160 170 171 180 181 183 188 195 200
146 73 153 160 161 163 171 175 176 178 180 181 191 192 194 195
147 35 152 155 156 159 163 167 180 181 190 191 192
148 39 164 165 166 169 170 174 182 189 190 197 200
149 60 161 162 171 178 179 183 184 185 189 190 191 193 194 197 198 199
150 33 155 157 165 166 168 169 170 172 174 175 176 177 178 179 181 186 188 189 190 192 198 200
151 44 152 154 155 157 158 160 162 173 177 181 183 185 193 197 198 199 200
152 63 157 181 184 185 186 190 194 197
153 58 158 159 160 162 163 165 166 167 177 187 188 194 199 200
154 58 155 158 161 163 164 167 177 181 182 183 184 187 188 189 192 193 195 196 199
155 44 156 160 161 166 167 169 171 177 182 183 186 189 198 199 200
156 25 157 158 160 164 165 166 167 171 172 174 176 183 186 193 197 200
157 45 158 163 166 167 170 171 172 173 175 176 178 181 183 189 192 195 196 197
158 71 161 164 171 172 174 176 177 188 193 195
159 92 160 164 168 170 173 175 178 188 189 191 193 194 195 196 199
160 85 161 163 165 167 175 176 179 183 184 185 188 192 195
161 41 165 167 169 171 173 176 188 190 192 194
162 92 166 171 175 178 180 181 183 192 197 198
163 92 164 165 171 175 184 185 186 194 196 197 199 200
164 28 170 173 175 180 185 189 190 191 198 199
165 63 171 173 182 184 186 189 191
166 41 169 172 175 179 181 186 196
167 83 168 171 174 175 176 178 181 182 189 198 199
168 60 174 176 177 179 183 194 195
169 28 171 175 178 181 184 186 189 191 192 193 194
170 92 172 177 178 179 181 182 187 191 192
171 73 173 180 183 187 188 195 196 197 199
172 64 173 177 178 183 184 189 191 192 194 195
173 23 174 176 177 179 186 190 196 198 200
174 52 177 189 191
175 48 177 184 186 195 196 199
176 35 178 180 181 183 184 185 191 194 197
177 92 180 184 188 189 191 192 196 198
178 77 183 188 189 192 193 197 200
179 28 182 186 190 191 196
180 34 182 184 185 198 200
181 51 182 185 188 189 192 193 194 195 196 199
182 43 183 186 191 200
183 91 186 194 195 196 197
184 94 185
185 94 191 192 193 195
186 63 188 191 192 193 194 195 199
187 59 194 195 197 200
188 73 189 190 194 200
189 39 190 194 195 196 197
190 27 194 199 200
191 66 193 196 200
192 29 193 200
193 80 195 196 200
194 88 196 199
195 92
196 49 197
197 82
198 60
199 70
200 49
