200
1 77
2 20
3 36
4 22
5 95
6 73
7 95
8 100
9 91
10 55
11 50
12 62
13 44
14 52
15 96
16 99
17 82
18 54
19 75
20 81
21 24
22 86
23 61
24 32
25 80
26 92
27 66
28 84
29 99
30 65
31 77
32 29
33 42
34 53
35 38
36 58
37 36
38 49
39 25
40 47
41 97
42 55
43 77
44 39
45 74
46 69
47 73
48 84
49 54
50 46
51 26
52 68
53 77
54 74
55 43
56 39
57 64
58 88
59 77
60 39
61 82
62 79
63 97
64 33
65 79
66 52
67 79
68 81
69 36
70 45
71 39
72 42
73 40
74 90
75 65
76 98
77 40
78 52
79 100
80 78
81 82
82 98
83 67
84 97
85 33
86 34
87 21
88 85
89 24
90 51
91 97
92 65
93 45
94 56
95 100
96 55
97 74
98 58
99 62
100 76
101 71
102 69
103 52
104 34
105 93
106 60
107 91
108 33
109 98
110 41
111 74
112 89
113 86
114 74
115 64
116 29
117 82
118 61
119 54
120 93
121 44
122 72
123 41
124 32
125 75
126 86
127 86
128 39
129 56
130 80
131 54
132 25
133 60
134 60
135 23
136 83
137 92
138 81
139 70
140 33
141 21
142 91
143 96
144 75
145 45
146 52
147 44
148 42
149 32
150 20
151 81
152 21
153 30
154 49
155 70
156 45
157 36
158 26
159 95
160 40
161 38
162 22
163 45
164 60
165 27
166 52
167 35
168 44
169 92
170 79
171 82
172 39
173 89
174 24
175 69
176 29
177 84
178 83
179 38
180 66
181 41
182 31
183 85
184 21
185 31
186 98
187 22
188 42
189 60
190 70
191 51
192 69
193 96
194 81
195 26
196 67
197 97
198 90
199 53
200 43
