200
1 77 4 5 6 8 9 11 12 13 14 15 16 17 18 20 22 23 24 26 27 28 30 31 34 35 37 39 43 45 46 47 50 51 52 53 54 55 56 57 58 60 61 62 63 64 65 66 67 68 69 70 71 73 74 75 76 77 78 79 80 81 82 83 86 87 89 90 92 93 94 95 97 98 99 100 102 103 104 105 106 107 108 109 110 111 113 114 115 116 117 119 120 121 122 124 125 126 128 130 131 132 134 135 136 137 138 139 140 141 142 143 145 146 147 148 149 150 151 152 153 154 156 157 158 159 160 161 162 164 165 166 168 169 170 171 172 175 176 178 179 181 183 184 186 190 193 194 195 197 198 199 200
2 20 3 4 5 6 9 10 12 13 14 15 18 19 20 21 22 23 24 25 26 27 28 29 30 31 32 33 36 38 39 40 41 42 43 44 45 46 47 48 49 50 52 53 54 55 56 58 60 61 62 65 66 67 68 69 70 71 72 74 75 77 78 79 80 81 82 83 84 86 87 88 89 90 91 92 95 96 98 99 100 101 102 103 104 105 106 107 108 109 110 111 113 114 115 116 119 120 121 124 125 126 127 128 129 130 131 132 133 134 135 136 137 138 140 141 142 143 144 148 149 151 152 153 154 155 156 157 158 159 160 162 163 164 165 166 168 169 170 171 172 173 174 175 176 177 178 180 181 182 183 184 186 187 188 189 190 191 192 194 195 196 197 199 200
3 36 4 5 6 7 8 9 10 11 13 14 15 16 17 18 20 21 26 28 29 32 33 34 35 36 37 38 41 42 43 44 46 47 49 50 51 52 53 54 55 56 57 59 62 63 65 66 68 69 71 73 74 75 76 77 78 79 80 81 82 83 84 85 86 87 88 89 91 92 94 95 96 97 99 101 102 103 104 105 109 110 111 112 113 114 115 116 118 119 120 123 126 127 128 129 130 131 132 133 134 135 136 137 138 139 141 142 143 144 145 146 147 148 149 151 152 153 154 156 157 159 160 161 162 163 164 165 166 167 169 173 174 175 176 177 178 179 180 181 182 183 185 186 187 189 190 191 192 193 194 196 197 199 200
4 22 5 6 7 8 9 10 11 12 16 17 18 19 20 21 22 23 25 26 27 28 29 30 31 32 33 36 38 39 40 42 44 46 47 49 50 51 52 53 54 55 58 59 61 62 63 64 65 66 67 68 69 70 71 72 73 74 75 76 77 78 79 80 81 83 85 86 87 88 89 92 93 94 95 96 97 98 99 100 101 102 103 105 106 107 108 109 111 112 113 114 115 116 118 119 120 121 123 124 125 127 129 130 132 133 134 135 136 137 138 139 143 144 145 146 147 149 150 151 152 153 154 155 156 157 158 159 160 161 162 163 164 165 166 167 169 170 171 174 175 176 177 178 179 180 181 182 183 184 185 186 187 188 189 190 193 194 195 196 197 198 199 200
5 95 6 7 10 11 12 15 17 22 24 25 26 27 29 30 31 32 33 34 35 36 37 39 40 41 42 43 44 45 46 47 48 49 50 51 52 53 54 55 59 60 61 62 63 64 65 66 67 68 69 70 72 73 74 75 76 77 78 79 80 81 82 84 85 87 88 89 90 91 92 93 94 95 97 98 99 101 104 105 106 107 108 111 112 113 114 117 118 120 121 122 123 125 126 127 129 131 132 133 135 136 137 138 140 142 143 144 145 146 147 148 149 150 151 152 153 154 155 156 157 158 160 161 162 164 165 166 167 168 169 170 171 172 173 174 175 177 179 180 182 183 184 185 186 187 188 189 190 191 192 193 195 196 197 199
6 73 7 9 10 11 12 13 14 15 16 17 18 19 20 21 22 24 25 26 27 28 29 31 32 34 35 36 38 39 40 41 42 43 45 46 48 49 51 52 53 54 55 56 57 58 59 61 64 66 68 69 71 72 73 74 75 76 77 78 79 80 81 82 83 84 85 86 88 89 90 94 95 96 97 99 100 101 102 103 104 105 106 108 109 110 112 113 114 115 116 117 120 121 122 123 124 125 126 128 129 130 131 132 133 134 135 136 138 139 140 142 144 145 146 148 149 150 152 154 155 156 157 160 161 163 164 166 168 169 170 171 172 173 174 175 176 177 178 179 180 181 182 184 185 187 188 189 190 191 192 193 194 195 196 197 198 199 200
7 95 10 11 12 15 16 17 18 19 21 23 24 25 26 27 28 29 30 32 33 34 35 36 37 38 39 40 41 42 44 45 46 47 48 49 51 52 54 55 57 58 60 61 62 63 64 65 66 68 69 70 71 72 73 74 75 76 77 78 79 81 82 83 84 85 86 89 90 91 92 93 95 96 97 99 100 101 102 103 104 105 108 110 111 114 115 116 119 120 122 123 124 125 127 128 129 130 131 132 133 134 135 136 137 138 139 142 143 144 146 147 148 150 151 152 153 154 156 158 160 161 163 164 165 167 168 171 172 173 174 175 176 177 179 180 181 183 184 186 187 188 189 190 191 192 193 194 195 196 197 198 199 200
8 100 9 10 12 14 17 18 19 20 22 23 24 25 26 27 29 30 31 32 33 34 35 36 37 38 39 40 41 42 43 44 45 46 47 48 49 50 51 52 53 54 56 57 58 59 60 62 63 65 67 68 69 70 71 72 73 76 77 78 79 80 82 83 84 85 86 87 88 89 90 91 92 93 94 95 96 97 98 100 101 102 104 105 106 108 109 110 112 114 116 117 118 119 120 121 122 123 124 125 126 127 128 129 130 131 132 133 135 136 137 138 139 140 141 142 144 145 146 149 150 153 157 158 160 161 162 163 165 166 167 168 169 170 171 172 173 174 175 176 177 178 179 181 182 183 184 185 187 188 189 190 191 192 193 194 195 197 198 199 200
9 91 10 11 12 13 14 16 19 20 21 22 23 24 25 26 27 28 29 30 31 32 33 34 35 36 37 38 39 40 41 42 44 45 46 47 48 50 51 52 56 57 59 60 61 62 63 64 65 67 68 69 70 71 72 73 75 76 78 82 83 84 85 87 88 90 91 93 95 96 97 98 102 103 104 105 108 109 111 114 115 116 117 119 120 121 122 123 126 127 128 129 130 131 132 133 134 135 137 138 139 141 143 144 145 146 147 148 149 150 151 152 154 155 156 159 160 161 162 164 165 166 167 169 170 172 173 174 175 176 177 178 179 181 183 184 186 187 188 189 190 191 192 195 196 197 198 199
10 55 11 12 13 14 15 16 17 18 19 20 21 22 23 25 26 27 28 29 30 33 35 36 38 40 41 42 43 44 45 46 48 50 51 52 54 55 56 57 58 59 60 61 63 64 65 66 67 68 69 70 73 74 75 77 78 79 80 81 82 83 84 85 88 89 90 91 92 93 94 95 96 97 98 99 101 102 103 104 105 106 107 109 111 112 113 114 115 117 118 119 120 122 123 124 126 128 129 130 131 132 133 134 135 137 138 139 140 141 144 145 147 148 150 151 153 155 156 157 158 159 160 162 164 165 166 167 169 172 173 174 175 176 177 178 179 181 182 183 184 185 186 187 188 189 190 191 192 193 194 195 196 197 199
11 50 12 14 15 16 17 18 19 20 22 23 24 25 26 27 28 29 30 31 32 33 34 35 36 37 38 39 40 41 43 44 45 46 49 50 51 53 54 55 56 57 58 60 61 62 63 64 65 66 67 68 69 70 71 72 73 74 77 78 79 80 81 83 84 85 87 88 89 91 92 93 94 95 96 97 98 99 100 101 103 104 106 107 109 110 112 113 114 115 117 118 119 120 122 124 126 127 128 129 131 132 133 134 135 136 137 138 140 142 143 144 145 146 149 151 152 153 154 155 156 157 158 159 160 162 163 164 165 167 168 170 171 172 173 174 175 176 177 178 179 180 183 184 185 186 187 188 189 190 191 192 193 194 195 196 199
12 62 13 14 15 16 17 18 21 22 23 24 26 27 28 29 30 31 32 33 34 36 38 39 40 41 42 43 44 45 46 47 48 49 53 54 56 58 59 61 62 63 65 66 67 68 69 70 72 73 74 75 77 78 79 82 84 85 86 87 88 89 90 91 92 93 94 95 96 97 98 99 100 102 104 105 107 108 110 111 112 113 114 115 117 118 119 121 122 123 124 126 127 128 129 131 132 133 134 135 136 138 139 140 141 142 143 144 145 146 147 148 149 151 152 153 154 155 156 157 158 159 160 161 162 163 164 165 166 168 169 171 172 175 177 178 179 180 181 182 183 185 186 188 189 190 191 192 193 194 195 196 197 198 199 200
13 44 15 16 19 20 21 22 23 24 26 27 28 29 30 31 32 33 36 37 38 39 40 42 44 45 46 47 48 49 50 51 52 53 54 55 57 58 59 60 61 62 63 64 69 71 73 74 76 77 78 80 81 83 84 85 86 88 89 90 91 92 93 94 95 96 97 98 99 100 101 102 103 104 105 106 107 110 112 113 114 116 117 118 120 121 123 124 125 126 127 128 129 131 132 134 135 137 138 139 140 141 142 144 145 147 148 149 150 151 153 154 155 156 157 158 159 160 161 162 163 164 165 166 167 168 169 170 171 172 173 174 175 177 178 179 180 181 182 184 186 187 189 190 191 192 193 194 195 196 198 199 200
14 52 15 16 17 18 19 20 21 22 23 24 25 26 30 31 32 33 34 35 36 37 39 40 43 44 47 48 49 50 51 52 53 55 57 58 62 63 64 65 68 69 71 73 76 77 78 79 80 81 82 83 84 85 86 87 88 89 90 91 93 94 95 97 98 100 101 102 103 104 105 106 107 108 109 111 112 113 114 115 117 118 120 121 123 124 125 126 128 129 130 131 133 134 136 137 139 143 144 145 148 149 151 153 154 155 156 157 159 160 161 162 163 165 167 170 171 172 173 174 175 177 178 179 180 182 183 184 185 186 187 188 191 192 193 194 196 197 198 199 200
15 96 16 17 18 20 21 22 23 24 25 26 28 30 32 33 34 35 36 37 38 39 40 42 43 44 45 46 48 49 50 51 52 55 57 58 59 60 61 62 64 65 66 67 68 69 70 71 72 73 74 75 76 77 78 79 80 82 85 87 88 89 90 93 94 95 96 97 98 99 100 101 102 103 104 106 108 110 112 114 115 116 117 118 119 121 122 123 124 125 127 130 131 132 133 134 135 136 139 140 141 142 143 144 146 147 148 150 151 152 155 156 157 158 160 161 162 163 166 167 168 169 170 173 174 175 176 177 178 179 180 181 182 183 184 185 186 187 188 189 190 191 192 193 194 195 196 197 199 200
16 99 17 18 19 20 22 23 24 25 26 28 29 30 32 33 34 35 36 37 39 40 42 43 44 45 46 47 48 50 51 52 53 54 55 56 58 60 61 62 63 64 65 66 67 68 69 70 71 72 73 74 75 76 77 78 79 80 81 82 83 84 86 89 90 91 93 94 95 96 97 98 99 100 102 104 105 107 108 109 110 111 112 113 114 116 117 118 119 122 123 124 125 126 127 128 130 131 132 134 136 137 138 139 141 142 143 144 145 146 147 148 149 152 154 155 156 157 158 159 160 161 162 163 164 165 166 167 168 169 170 171 172 174 175 178 179 180 181 184 185 186 187 188 189 190 191 193 195 196 197 198 200
17 82 18 19 20 21 22 23 24 25 26 27 28 29 30 31 33 34 35 36 37 38 40 41 42 43 44 45 46 48 50 51 52 53 54 55 56 59 61 62 63 65 66 68 70 71 73 74 75 76 77 78 79 80 81 84 86 87 88 90 92 93 94 96 97 98 99 100 101 102 103 104 105 106 107 109 110 111 112 113 114 115 116 117 118 120 121 122 123 124 125 126 127 129 130 131 132 133 135 136 137 140 141 143 144 145 146 147 148 151 154 155 156 157 158 160 161 162 163 164 166 167 170 171 172 173 174 175 176 178 179 180 181 182 183 184 185 186 187 189 190 191 192 193 194 196 197 198 200
18 54 19 20 21 22 23 25 26 28 30 31 32 33 34 35 36 37 38 40 41 44 45 46 47 48 49 52 53 54 55 56 57 58 59 60 61 63 64 65 66 67 68 69 70 72 73 74 75 76 77 78 79 80 81 82 83 84 85 86 87 88 89 91 92 93 94 95 96 97 98 100 102 103 104 106 107 108 109 111 112 113 114 115 116 118 119 120 121 122 123 124 125 126 127 128 133 134 135 136 137 138 139 140 141 142 145 146 149 150 152 153 154 156 157 158 159 160 161 162 164 165 166 167 168 169 170 172 173 174 175 176 178 179 180 181 182 183 186 187 188 189 190 191 192 193 194 195 196 197 198 199 200
19 75 20 21 22 24 26 27 29 31 32 33 34 35 36 37 38 39 40 41 42 43 44 48 49 51 52 53 55 56 57 58 59 60 61 62 63 64 66 67 68 69 70 72 73 74 75 76 77 78 79 81 83 84 86 87 88 89 91 92 93 94 95 97 98 99 100 101 102 106 107 108 109 110 111 112 113 114 115 116 117 118 119 120 121 122 123 124 125 126 127 128 129 130 131 132 133 134 136 137 139 140 141 142 143 144 145 148 149 150 151 152 153 155 156 158 159 160 161 162 163 164 165 166 167 168 169 170 171 172 174 176 177 179 180 181 182 183 185 186 187 189 190 191 192 193 194 195 197 198 199
20 81 21 22 23 24 25 26 27 28 29 31 32 33 34 35 36 37 38 39 41 43 44 45 46 47 49 50 55 58 59 60 62 63 64 65 66 67 68 69 70 71 72 73 74 75 77 78 80 81 82 83 84 85 86 88 89 90 92 93 95 96 99 100 101 102 103 105 106 107 108 109 110 111 112 113 116 117 118 120 122 123 124 126 127 128 130 131 132 133 134 135 136 137 138 139 140 141 142 143 144 145 146 147 148 149 151 152 153 154 155 156 157 158 159 160 162 163 164 165 166 168 170 171 173 174 175 176 178 179 181 183 184 185 187 188 190 191 192 193 195 196 197 198 199
21 24 22 23 24 25 29 30 31 32 34 35 37 38 39 40 41 42 43 44 45 46 47 48 49 50 51 52 53 54 55 56 58 59 60 61 62 63 64 66 67 69 72 73 75 77 78 79 80 81 83 84 85 86 88 89 90 91 92 93 94 95 96 98 99 100 101 102 103 104 105 106 109 110 111 112 113 114 115 116 119 120 122 124 126 127 128 130 131 132 133 134 135 136 137 138 139 140 141 142 143 144 145 147 148 149 150 151 152 153 154 155 156 157 159 161 162 163 164 165 166 167 168 169 170 171 172 173 174 176 177 178 179 180 181 182 183 185 187 188 189 191 193 194 195 197 200
22 86 24 25 27 28 29 30 33 35 36 37 38 39 40 42 43 46 47 48 50 51 54 56 57 58 60 61 63 64 65 67 68 69 71 72 73 74 75 76 77 78 79 80 81 82 83 84 85 86 87 89 91 92 93 94 95 96 97 98 99 100 102 103 104 105 106 107 108 109 111 113 115 116 117 118 119 120 121 122 123 124 126 128 130 131 132 133 134 135 137 138 139 140 141 143 144 145 146 149 150 151 152 153 154 155 156 157 158 159 160 161 162 163 166 167 168 170 175 176 178 179 182 183 184 185 186 187 188 189 190 191 192 193 195 197 198 199
23 61 24 25 26 28 30 31 32 34 35 36 37 38 39 42 43 44 45 46 47 48 49 50 51 53 55 57 58 59 62 63 64 65 66 67 68 69 70 71 72 73 74 75 76 77 79 80 81 82 83 84 85 86 87 88 90 91 92 93 94 95 96 98 99 100 101 102 103 104 105 107 108 110 111 112 114 115 117 118 119 120 121 122 123 125 126 127 129 130 132 133 134 136 137 138 139 140 141 142 143 144 145 146 148 150 151 152 154 155 156 157 158 159 160 162 163 164 165 167 168 169 170 171 172 174 176 177 178 180 182 183 184 186 187 188 189 190 191 193 194 195 196 198 199 200
24 32 25 27 28 29 30 31 32 33 37 38 40 41 43 44 45 46 48 49 50 52 53 54 56 57 58 59 60 61 63 64 65 66 67 68 69 70 71 72 76 77 78 79 80 81 83 84 86 87 88 89 90 92 93 95 97 99 101 102 103 104 105 106 107 108 110 111 112 113 114 115 116 117 118 120 121 122 123 125 126 128 130 131 132 133 135 136 137 138 139 140 142 143 145 146 148 149 150 151 152 154 155 157 158 159 160 161 162 163 165 166 167 168 170 171 172 173 175 176 180 181 182 184 185 186 187 188 189 190 192 193 195 196 197 200
25 80 26 27 28 29 31 32 34 35 36 38 39 40 42 43 44 45 46 47 48 49 50 51 52 53 54 55 56 58 59 60 61 65 68 69 70 71 72 73 74 75 76 79 80 82 83 84 86 87 88 89 92 93 94 96 97 98 99 100 101 102 103 104 105 106 107 109 112 113 114 115 116 117 119 120 121 122 123 124 125 126 128 129 130 131 132 133 134 135 137 138 139 142 143 144 145 146 148 149 152 153 154 155 156 157 158 159 161 163 164 165 166 167 168 169 170 171 172 173 174 175 177 178 179 180 181 182 183 184 185 186 187 189 190 191 192 194 196 198 199 200
26 92 27 28 29 30 31 33 34 35 37 38 39 41 42 43 44 45 49 50 51 52 53 54 55 56 57 59 60 61 62 63 64 65 66 67 68 69 70 71 72 74 75 76 79 80 82 83 84 85 86 87 88 89 90 91 92 93 95 96 98 100 101 102 103 104 105 107 108 109 112 113 117 118 120 122 123 124 125 126 127 129 131 132 133 135 140 141 142 143 144 145 146 148 150 151 153 154 155 156 157 158 161 163 164 165 166 167 169 172 174 175 177 178 179 180 181 182 183 184 186 187 188 190 191 192 193 194 195 196 197 198 199 200
27 66 30 31 32 33 34 35 36 37 38 39 40 41 42 43 44 45 46 47 48 49 50 51 53 54 55 56 57 60 61 63 64 67 68 70 71 72 75 76 77 78 79 80 81 82 84 86 87 88 89 90 91 92 93 96 97 98 100 101 102 103 105 106 107 108 109 110 111 113 114 116 117 118 119 120 121 122 123 124 125 127 128 129 130 131 132 134 136 137 138 139 140 141 142 143 144 145 146 147 148 149 151 152 155 156 157 158 160 161 162 163 164 165 166 167 168 169 170 171 172 173 175 178 182 183 184 185 186 187 188 189 191 192 194 195 196 197 198 199 200
28 84 29 30 31 32 33 34 35 36 37 38 39 40 41 42 44 45 46 47 48 50 51 52 54 56 57 58 59 60 61 62 64 65 66 67 68 69 70 71 72 74 75 76 77 78 79 80 82 84 86 87 89 91 92 93 95 96 97 99 100 101 102 103 104 105 106 108 109 110 111 112 113 115 116 117 118 120 121 122 123 125 126 127 128 129 130 131 132 133 134 135 136 138 139 140 141 142 143 144 145 147 148 149 151 152 153 154 156 157 158 159 160 161 163 164 165 166 167 168 169 171 172 175 178 179 180 181 182 183 184 185 186 187 189 190 191 192 193 194 195 196 197 198 199 200
29 99 30 32 33 34 35 36 37 38 39 40 41 43 44 46 47 49 50 51 53 55 56 57 58 62 64 65 67 68 69 70 72 74 75 76 78 80 81 82 83 86 87 88 89 90 91 92 93 94 95 96 98 99 100 101 102 103 105 106 107 108 109 110 111 112 113 114 116 118 119 122 124 125 126 128 129 130 131 132 133 134 135 136 137 138 139 141 142 143 144 145 146 147 149 150 151 152 153 156 157 158 159 162 163 164 165 167 168 169 170 171 172 173 174 177 178 180 181 182 183 185 186 187 188 189 190 191 192 193 195 196 197 199 200
30 65 31 32 34 37 38 39 40 41 42 43 45 46 47 48 49 50 51 52 53 54 56 57 58 61 62 63 64 65 66 67 68 69 70 71 72 73 74 75 76 77 78 79 80 81 82 83 85 87 88 89 90 91 93 96 97 98 101 102 104 105 106 107 108 109 110 111 112 113 114 115 116 118 119 120 123 124 125 126 127 128 129 132 133 134 135 136 137 139 140 141 143 144 145 146 147 148 149 150 152 153 155 156 157 158 159 160 161 163 164 165 166 167 168 169 171 173 174 175 178 179 180 181 182 183 184 187 188 189 190 191 192 193 194 195 196 197 198 199
31 77 32 33 35 36 38 39 41 42 43 44 45 46 48 49 50 51 52 53 54 55 57 59 60 62 64 65 67 68 69 70 71 72 73 75 76 78 79 80 81 82 83 84 85 86 89 90 91 92 93 95 97 98 99 100 102 103 104 105 106 107 110 113 114 115 117 118 120 121 122 123 124 125 126 127 128 129 130 131 132 133 134 135 136 137 140 142 144 145 146 147 148 149 150 151 152 154 155 156 157 160 161 162 163 164 165 166 169 170 171 172 173 174 175 176 177 178 179 180 181 182 183 184 185 186 187 188 189 190 192 193 194 195 197 200
32 29 33 35 36 38 39 40 41 43 44 45 46 47 48 49 50 51 52 53 54 55 56 57 60 61 62 63 65 66 67 68 69 70 72 73 74 75 77 78 79 80 82 83 85 87 88 90 91 93 94 95 96 98 99 101 102 104 105 106 107 108 109 110 111 112 113 114 115 116 117 118 119 121 122 124 125 126 127 129 130 131 132 133 134 135 136 137 138 140 141 142 146 147 148 149 152 153 154 156 157 158 159 162 163 164 165 166 168 171 173 174 175 176 177 178 179 180 181 182 184 185 187 188 189 190 191 192 193 194 195 197 198 199 200
33 42 34 35 36 38 39 40 41 42 43 44 45 46 47 48 50 51 53 54 55 56 57 59 60 61 62 63 64 65 66 68 69 70 71 72 73 74 75 77 78 79 80 81 83 84 85 86 87 88 89 93 94 95 96 97 98 99 100 103 104 105 106 107 108 109 110 111 112 113 114 115 116 117 118 119 120 121 122 123 125 126 127 128 129 130 131 132 133 135 139 141 143 145 146 147 148 149 150 151 153 155 156 157 158 159 161 162 163 164 165 166 167 168 169 170 171 173 175 176 177 178 179 180 181 182 184 185 187 188 189 190 192 194 196 197 199 200
34 53 35 38 39 40 41 43 44 45 47 48 49 50 53 54 55 56 57 58 59 60 61 62 64 65 66 67 68 69 70 71 72 73 75 76 79 81 82 83 84 85 86 87 89 90 93 94 95 96 97 98 99 100 101 102 103 104 105 106 107 108 110 111 112 113 115 116 117 118 121 122 124 126 128 131 132 133 134 135 136 137 138 139 140 142 143 144 145 146 147 148 152 154 156 157 158 159 160 161 162 163 165 166 167 168 169 170 171 174 175 177 178 179 180 181 182 183 184 187 188 189 190 191 192 193 194 195 196 197 198 199
35 38 36 38 39 40 41 42 43 46 47 48 49 50 51 52 55 57 58 59 61 62 64 65 66 68 69 70 71 73 74 76 77 79 80 81 82 83 84 85 86 87 88 89 90 91 92 93 94 95 97 98 99 100 102 103 104 105 106 108 109 110 111 112 113 114 115 117 119 120 121 123 124 126 127 128 129 131 134 137 138 139 140 141 142 143 144 145 146 147 148 149 150 151 152 153 155 156 158 159 160 161 164 165 166 167 168 169 170 171 174 175 176 181 184 185 186 187 188 189 191 192 193 197 198 200
36 58 37 38 39 40 42 43 44 45 46 47 48 49 50 52 54 55 56 58 59 61 62 63 65 66 67 69 70 71 72 73 74 75 76 77 78 79 80 81 83 85 86 87 89 90 91 92 93 94 95 96 97 98 99 100 101 102 103 104 105 106 107 108 109 110 111 112 114 115 116 117 119 120 121 122 123 124 126 128 129 130 132 133 134 136 137 138 139 140 141 142 143 144 145 146 147 148 149 150 151 152 154 155 157 158 159 160 161 162 163 164 165 166 167 168 169 171 172 173 174 175 176 177 178 179 180 181 184 185 186 187 188 189 190 192 193 194 195 196 197 198 200
37 36 40 42 43 44 46 47 48 49 50 51 52 54 55 56 57 58 59 60 61 62 64 65 69 70 71 73 74 75 76 77 78 79 83 84 85 86 87 88 90 91 92 93 94 95 96 97 98 99 101 102 103 104 105 106 107 108 109 110 111 112 113 114 115 116 117 119 120 121 122 123 126 127 128 129 130 134 136 137 138 139 140 141 142 143 144 146 147 148 149 151 152 153 154 156 157 158 160 161 162 165 166 168 170 171 173 176 177 178 180 183 184 186 187 192 194 196 198 199 200
38 49 41 42 43 44 47 49 51 52 53 54 56 57 58 59 60 61 62 63 64 65 66 68 69 70 71 75 76 78 79 81 82 83 84 85 86 88 89 90 91 92 93 95 96 97 98 99 102 103 104 105 107 109 110 111 112 113 114 116 118 121 122 123 124 125 126 127 128 129 130 131 133 134 135 136 137 138 139 141 142 144 145 146 147 148 150 151 153 154 155 156 157 158 160 161 162 163 164 165 166 168 169 170 172 173 174 175 176 178 179 180 183 184 185 186 189 191 192 194 195 196 197 198 200
39 25 40 41 42 43 45 47 49 50 51 53 54 55 56 57 58 60 61 62 64 65 66 68 69 70 71 72 73 75 76 77 78 79 80 81 83 84 85 86 87 92 93 94 95 97 98 99 100 101 102 104 105 106 107 109 110 111 112 113 114 115 116 118 119 121 122 123 124 125 127 128 129 130 132 134 136 137 138 139 140 141 143 144 146 147 148 149 150 151 152 154 155 156 157 158 159 160 161 162 163 164 165 166 167 168 169 170 171 172 174 175 176 178 180 181 182 183 184 186 187 188 190 191 192 194 195 197 198 199 200
40 47 41 42 43 45 46 47 49 51 52 53 54 55 56 57 58 59 60 61 63 65 66 68 70 71 72 73 74 75 76 77 78 79 80 81 83 84 85 86 87 89 90 91 93 94 95 97 98 99 102 104 105 106 107 108 111 112 114 115 116 117 118 119 120 121 123 124 125 126 127 128 129 130 132 133 134 135 136 137 139 140 141 142 144 145 146 148 150 151 152 153 154 155 156 158 160 161 162 163 164 165 166 167 168 169 171 172 173 174 175 176 178 179 180 181 182 183 184 186 187 188 189 190 191 192 193 194 195 197 198 199 200
41 97 42 43 44 47 48 49 50 51 52 53 54 55 56 57 58 59 60 62 63 64 65 66 67 69 70 71 72 73 74 75 76 77 79 80 81 82 83 84 85 86 87 88 89 90 91 92 93 94 95 96 97 99 100 101 102 103 105 107 109 110 111 112 113 114 115 117 118 119 123 125 126 127 128 129 130 131 132 133 134 135 136 138 140 141 142 143 144 145 146 148 150 151 152 154 155 158 159 160 162 163 164 165 166 167 168 169 170 171 172 174 176 180 181 182 183 184 185 187 189 191 193 194 195 196 197 198 199 200
42 55 43 44 48 49 50 51 53 54 55 56 57 58 59 60 61 62 63 64 65 66 67 68 69 71 72 73 74 75 76 77 78 79 80 81 82 83 84 87 88 89 90 92 93 94 95 96 97 98 99 101 103 104 106 107 108 109 110 111 115 116 117 118 119 121 122 123 124 125 126 127 128 129 130 131 132 133 134 135 136 137 138 139 140 141 142 143 144 145 146 147 151 152 153 154 155 156 157 159 160 161 162 163 164 165 166 167 168 169 170 171 172 173 174 175 176 178 179 180 181 182 183 186 187 189 190 191 192 193 194 195 197 198 199 200
43 77 45 46 47 48 49 50 51 52 53 54 55 57 58 59 60 61 62 63 67 68 69 70 71 72 73 74 75 76 77 78 80 83 84 85 86 87 88 89 90 91 92 94 95 96 98 100 101 102 103 104 105 106 107 108 109 111 112 114 115 116 117 118 119 120 121 122 123 124 127 129 130 132 133 134 135 136 137 138 139 140 141 145 146 147 148 149 151 152 153 154 155 157 158 160 161 163 164 165 167 168 170 171 172 174 176 177 178 179 180 181 182 183 184 185 186 188 191 192 193 194 196 197 198 199 200
44 39 47 48 49 50 51 54 55 56 57 58 59 61 62 63 64 65 67 68 69 70 71 73 74 75 76 77 78 79 80 81 82 83 84 85 89 90 91 92 93 94 95 98 101 102 103 104 105 106 107 108 111 112 113 114 115 116 118 119 120 121 122 123 124 125 126 127 128 129 130 131 132 133 134 135 136 137 138 140 141 142 143 144 145 146 147 148 149 150 151 152 155 156 157 158 159 160 161 163 164 165 166 167 168 169 170 171 172 173 174 175 177 178 179 180 181 182 183 184 185 186 187 188 189 190 192 194 195 196 197 198 199 200
45 74 46 48 50 52 53 55 56 57 58 59 60 61 62 63 64 65 66 67 68 69 70 72 73 74 75 76 78 79 80 81 84 85 86 87 88 89 90 91 92 95 96 97 98 99 100 101 102 103 104 105 106 108 109 110 111 112 113 115 116 118 119 120 121 122 123 124 125 126 129 130 131 132 135 137 139 140 141 142 145 147 148 149 150 152 153 155 156 157 158 159 160 161 162 163 165 166 167 168 169 171 174 175 176 177 178 179 180 181 183 185 186 189 192 193 194 195 196 197 198 199 200
46 69 47 48 49 51 52 54 55 56 57 58 59 60 63 64 65 66 67 68 69 70 71 72 73 74 76 77 78 79 82 83 84 85 86 88 89 90 91 92 94 95 96 100 104 105 106 107 108 111 112 113 114 115 116 117 118 119 120 121 122 123 124 126 127 128 129 131 132 133 134 135 136 137 138 140 142 143 144 145 147 148 149 151 152 153 154 155 157 158 159 160 162 163 164 165 166 167 168 169 170 171 173 174 176 177 178 179 180 181 186 187 188 189 190 191 193 194 196 197 198 199 200
47 73 48 51 52 53 57 58 59 60 61 62 63 64 65 66 71 72 74 75 76 77 78 79 80 81 83 85 86 87 88 89 90 94 95 96 97 98 99 100 101 102 103 104 106 108 109 110 111 112 114 115 116 117 118 119 120 121 122 123 125 126 127 128 129 130 131 132 133 134 136 137 138 139 140 143 144 145 146 148 149 150 151 152 153 155 156 157 158 159 160 162 163 164 165 166 167 168 169 170 171 172 173 174 175 177 178 179 180 181 182 184 185 186 187 188 189 190 191 192 193 195 196 199 200
48 84 49 51 52 53 54 56 57 58 60 61 63 64 65 66 67 68 69 70 71 74 76 77 78 81 82 84 86 87 89 90 91 92 93 94 96 97 98 99 100 101 102 103 104 106 107 108 109 110 111 112 113 114 116 118 119 120 122 123 124 125 126 127 128 129 130 131 132 133 134 136 137 138 139 140 142 143 145 146 147 148 149 150 151 154 156 157 158 159 160 161 162 163 164 165 166 167 168 170 171 173 175 176 177 178 179 180 181 182 185 186 187 188 189 191 192 194 195 196 197 198 200
49 54 50 51 52 53 55 56 58 59 60 61 62 63 64 65 67 68 69 70 71 72 73 74 75 76 77 78 79 80 81 82 83 84 86 87 89 91 92 93 94 95 96 97 98 99 100 101 102 103 104 105 106 108 109 110 111 112 113 114 115 118 119 120 121 122 123 124 125 126 127 128 130 131 132 134 135 137 139 141 142 143 144 145 147 148 149 150 152 153 154 155 156 158 159 161 162 163 164 165 166 167 168 169 170 171 172 174 176 177 178 179 180 181 184 185 186 187 189 190 191 192 193 195 196 198 200
50 46 53 54 55 56 58 61 63 64 65 66 67 68 69 71 72 73 74 75 76 77 78 79 81 82 83 84 85 86 87 88 90 91 92 93 94 95 96 97 99 100 101 102 103 104 105 108 109 110 111 113 115 116 117 118 119 120 121 122 123 124 127 128 129 130 131 133 134 135 136 137 138 140 141 142 143 145 146 150 151 152 153 154 155 156 158 159 160 161 162 165 166 167 168 170 171 172 173 175 176 177 178 179 180 181 182 184 185 186 187 188 189 190 191 192 193 194 195 196 197 198 199 200
51 26 52 54 55 56 57 58 59 61 62 63 64 66 68 69 71 72 73 74 76 79 81 82 83 84 85 86 87 88 89 91 92 93 94 96 97 99 104 105 106 108 109 111 112 113 114 116 117 118 119 120 121 122 123 124 125 126 127 128 129 130 131 133 134 135 136 137 138 139 140 141 142 143 144 145 146 148 151 152 153 154 156 158 160 161 162 164 167 168 170 172 174 175 176 178 179 181 183 184 186 187 188 189 191 192 194 195 196 197 198 199 200
52 68 54 55 56 57 60 61 62 63 64 65 66 67 68 70 72 74 75 76 77 79 80 81 82 84 85 86 87 88 89 91 92 93 94 96 98 99 101 102 103 104 105 106 107 108 110 111 112 113 114 115 116 117 118 119 120 121 122 125 127 128 129 131 132 134 135 136 138 141 143 145 146 148 149 150 151 152 153 154 156 157 158 159 160 162 163 164 166 168 169 170 171 175 176 177 178 179 180 181 183 186 188 189 190 192 193 196 197 198 199
53 77 54 55 56 57 58 59 60 61 62 63 64 66 67 68 69 70 71 72 73 75 76 77 78 80 82 84 85 86 88 89 90 92 94 96 97 99 102 103 106 107 109 110 111 112 113 114 115 116 117 118 119 121 122 123 124 126 128 130 131 132 133 134 135 138 139 142 145 146 147 148 149 150 152 153 156 158 159 160 161 162 163 164 166 167 168 169 170 171 173 174 175 176 177 178 180 182 184 185 186 187 188 189 190 191 192 193 194 195 196 197 198 199 200
54 74 55 56 57 58 59 60 62 63 64 65 66 67 69 70 71 72 74 76 77 79 81 82 84 85 87 88 89 91 92 93 94 95 96 97 99 100 101 102 104 105 107 108 109 110 111 112 113 114 115 117 118 120 121 122 123 124 125 126 128 130 131 132 133 135 136 138 140 141 142 144 145 146 147 148 149 150 151 152 153 154 156 158 159 160 161 164 165 166 167 168 169 170 171 172 173 174 175 177 178 179 181 183 184 186 188 189 190 191 192 193 194 197 198 199 200
55 43 56 57 58 59 61 62 63 64 65 67 69 71 72 73 74 76 77 78 79 80 81 83 84 86 87 88 89 90 91 94 95 96 97 98 99 100 101 102 103 104 105 106 107 108 109 110 111 113 116 117 118 119 120 121 123 125 126 127 128 129 130 131 132 134 135 136 137 139 140 141 142 143 144 145 149 150 151 153 154 155 156 157 159 160 161 162 163 164 165 166 167 168 169 170 171 172 174 176 177 178 180 181 183 184 185 186 187 188 189 191 192 193 194 195 196 197 198 199
56 39 57 58 59 60 61 63 65 66 67 68 69 70 71 72 74 75 76 77 78 80 81 83 84 85 86 87 88 89 90 91 92 93 94 95 96 97 98 99 100 101 102 105 106 107 108 109 110 111 112 113 115 117 118 119 120 121 122 124 125 126 127 128 130 131 132 133 134 136 137 138 139 140 141 143 144 145 146 147 148 152 153 154 155 156 158 159 161 163 164 165 166 167 168 169 170 171 173 174 176 177 178 179 180 182 183 184 185 187 188 189 190 192 193 194 195 196 197 198 199 200
57 64 58 59 60 61 62 64 65 66 67 68 69 70 72 73 74 76 77 78 79 80 81 82 86 87 89 91 92 93 95 96 97 98 99 100 102 103 105 106 107 108 109 111 112 113 114 115 116 117 119 121 122 123 124 125 126 128 129 130 131 132 133 134 135 136 137 138 140 141 142 143 145 146 147 148 149 150 151 153 154 155 157 158 159 161 162 163 165 167 168 169 170 172 173 174 177 178 179 180 181 182 183 184 185 187 188 189 191 193 194 195 196 197 198 199 200
58 88 59 60 61 62 63 64 65 66 67 68 69 70 71 72 75 76 79 80 81 82 83 84 86 87 89 90 91 92 93 95 96 97 98 101 102 104 105 107 108 110 111 112 113 117 119 120 121 123 124 125 128 129 130 131 132 133 134 135 137 138 139 140 141 143 145 146 147 148 149 151 152 153 154 156 157 158 159 160 161 162 164 166 167 168 169 170 171 173 174 176 177 178 180 182 183 184 185 186 187 188 189 190 192 194 195 196 197 198 199 200
59 77 60 61 62 63 64 65 66 67 68 69 71 72 73 74 76 78 79 81 82 83 84 85 86 90 92 93 94 97 98 99 100 101 104 106 107 108 109 110 112 113 114 115 116 117 118 119 120 121 122 123 125 126 127 128 129 130 131 132 133 134 135 137 140 142 143 144 145 146 147 148 149 150 151 152 153 154 155 157 158 159 160 161 162 165 166 167 168 169 170 171 172 173 174 175 176 179 180 182 183 185 186 187 188 189 190 191 192 194 195 196 197 198 199 200
60 39 62 63 64 66 67 68 69 70 71 72 73 74 75 76 77 78 79 80 81 82 83 84 85 86 87 88 89 90 91 92 93 94 95 96 97 98 99 100 101 102 103 104 105 106 107 108 109 110 111 112 113 114 116 117 118 119 120 121 123 125 126 127 129 130 131 132 133 134 136 137 138 139 142 143 144 145 146 147 148 149 150 151 152 153 154 155 156 157 158 161 162 164 165 167 168 169 170 171 174 176 177 178 179 180 182 183 184 185 186 187 188 189 190 191 192 193 194 195 196 197 199 200
61 82 62 64 65 66 68 69 70 71 73 75 76 77 78 79 81 82 83 84 86 87 88 89 91 93 94 95 96 97 98 99 100 102 103 104 106 107 108 109 110 112 113 114 116 118 119 120 121 122 123 124 126 127 128 129 130 131 132 133 134 135 136 137 138 139 140 142 143 144 145 146 147 148 149 150 153 156 157 158 161 162 163 164 165 166 167 168 170 172 173 174 177 178 179 180 181 182 183 184 186 188 189 190 191 192 193 194 195 197 198 200
62 79 63 65 67 68 69 70 72 73 75 76 77 79 80 81 82 83 84 87 88 90 91 93 94 95 96 97 99 100 101 102 103 105 106 107 108 109 110 112 113 114 115 116 117 118 119 120 122 123 124 125 126 127 130 132 133 134 135 136 137 138 139 140 141 142 144 145 146 147 148 149 150 151 152 153 155 157 158 159 160 161 162 163 165 166 170 171 172 173 174 175 176 177 178 179 180 181 182 183 184 185 187 189 190 191 192 193 194 195 196 197 198 199 200
63 97 64 66 67 70 71 72 73 74 75 76 77 78 79 80 81 82 83 84 85 87 88 89 90 91 92 93 94 95 96 97 98 99 101 102 103 104 105 106 107 108 109 110 111 112 114 115 116 117 119 120 121 122 123 124 126 127 130 132 134 135 136 137 138 139 140 141 142 143 144 145 146 147 148 149 152 153 154 155 156 158 159 160 161 163 164 165 166 167 168 169 170 171 175 176 177 178 179 180 181 182 183 184 185 186 188 189 190 191 192 193 194 196 199
64 33 66 68 69 70 71 72 73 74 77 78 79 80 81 82 84 85 86 89 90 91 92 93 94 96 98 99 101 102 103 104 105 106 107 108 109 110 111 112 113 114 115 117 118 120 121 124 126 127 128 130 132 134 135 136 137 138 139 141 143 145 146 147 148 149 150 151 152 153 154 155 156 158 159 160 161 164 165 166 167 168 171 172 174 175 176 177 178 179 180 181 182 185 187 188 190 191 192 193 194 195 196 197 199 200
65 79 66 67 68 69 70 71 72 73 74 78 80 81 82 85 86 89 90 91 92 93 94 95 96 97 99 101 102 103 104 106 107 108 109 110 111 112 113 114 115 116 117 118 120 122 124 125 126 127 128 129 130 131 132 133 134 135 137 138 140 141 142 143 144 145 147 148 149 150 151 152 153 155 157 159 160 161 162 163 164 165 166 167 168 169 171 172 173 175 176 177 178 183 184 186 187 189 190 191 193 194 195 196 198 199 200
66 52 67 68 69 70 72 74 75 76 78 79 80 81 82 85 86 87 88 89 90 91 92 93 98 99 100 102 104 105 106 107 109 110 111 112 113 114 117 121 122 123 124 125 126 130 131 132 133 134 136 137 141 143 146 147 149 150 151 152 153 154 155 157 158 159 160 161 162 163 164 165 166 167 168 169 170 172 173 174 175 177 178 179 180 181 182 184 185 188 189 191 192 195 198 200
67 79 68 69 70 71 72 73 75 77 78 79 80 81 83 84 85 87 88 90 91 92 93 94 96 97 99 100 101 102 104 108 110 111 112 113 114 115 116 117 119 120 121 122 124 125 126 127 128 129 130 131 132 133 134 135 136 137 138 139 141 142 143 144 145 147 148 149 150 151 153 154 155 156 157 158 160 161 162 163 164 165 167 168 169 170 171 172 173 174 176 177 178 179 180 181 182 183 187 188 189 190 191 192 194 196 198 199
68 81 70 71 72 73 74 76 77 78 79 80 81 82 84 85 86 87 88 89 90 91 94 95 98 99 100 102 103 104 105 107 108 112 113 114 116 117 118 120 121 122 123 125 126 127 128 129 130 131 133 134 135 136 137 139 140 141 143 144 145 147 149 150 151 152 153 155 158 160 161 162 163 164 165 167 168 170 171 172 173 174 175 177 178 179 180 181 182 183 184 185 186 189 190 192 193 194 195 196 197 198 199 200
69 36 70 71 72 73 74 75 76 78 79 81 83 84 85 86 87 89 92 93 94 96 97 98 99 100 101 102 103 105 107 108 109 110 112 114 117 118 119 120 121 122 123 124 125 126 128 129 131 132 133 134 135 137 138 139 140 141 142 145 147 148 149 150 151 152 153 154 155 156 157 158 159 160 161 162 163 164 165 167 168 169 170 171 172 173 174 175 176 177 178 179 180 181 182 183 184 185 186 188 189 190 191 192 193 195 196 197 198 200
70 45 71 72 73 74 76 77 78 79 80 81 82 84 85 86 87 88 89 90 92 93 94 95 96 97 99 100 102 103 104 105 106 108 110 111 112 113 115 116 117 118 119 121 122 123 124 126 127 128 129 132 133 134 135 136 138 140 142 144 145 146 147 149 150 151 152 153 154 156 157 158 160 161 162 163 164 166 168 169 170 171 172 173 177 178 179 180 182 184 185 187 188 189 190 191 193 194 195 196 197
71 39 72 73 74 75 76 78 79 81 82 83 85 86 87 88 89 90 91 93 94 96 97 99 100 101 103 104 105 106 107 108 110 111 112 114 115 116 117 119 120 121 122 123 124 125 127 128 129 130 131 132 133 134 135 137 138 139 140 141 142 143 145 146 147 148 149 150 151 152 155 157 158 159 160 161 163 164 165 166 167 168 169 170 171 173 174 175 176 179 181 182 183 185 186 187 188 189 190 191 192 193 195 197 198 200
72 42 74 75 76 77 79 80 81 82 83 84 85 86 88 90 91 93 94 95 96 98 99 101 102 103 104 105 106 107 108 109 110 111 112 113 114 115 116 117 120 121 124 126 127 128 129 131 132 133 134 135 136 137 138 139 141 142 143 144 145 146 147 148 149 150 151 152 153 154 155 156 157 158 160 161 162 163 164 165 166 168 169 170 171 173 174 176 177 178 179 180 181 182 183 184 185 187 189 190 191 192 193 195 196 197 198 199 200
73 40 75 77 78 79 81 82 83 84 85 87 88 89 90 91 92 93 96 98 99 100 101 103 104 105 107 108 110 111 112 113 114 115 116 117 118 119 120 121 122 123 124 126 127 129 130 131 136 137 138 139 140 141 142 143 144 145 146 147 148 150 151 152 153 154 156 157 158 159 160 161 162 164 165 168 169 170 172 173 175 177 178 179 181 182 183 184 185 187 188 189 190 191 193 194 195 196 197 198 200
74 90 75 76 77 78 79 80 81 82 83 87 89 91 92 93 95 96 97 100 101 102 103 104 105 106 107 108 109 111 112 113 114 115 116 117 118 120 121 122 123 126 127 128 129 130 131 132 133 134 135 136 137 138 139 140 141 142 144 147 151 152 154 155 156 157 158 159 161 162 163 165 166 167 168 169 170 171 173 174 175 176 179 180 181 182 184 185 186 187 188 189 190 192 194 196 197 198 199
75 65 76 77 79 81 82 83 84 85 86 87 88 89 90 92 93 94 95 96 97 98 100 102 103 106 109 110 113 114 115 116 117 118 119 120 121 122 124 126 127 128 129 130 131 132 133 134 135 137 138 139 140 141 142 143 145 146 147 148 149 151 152 153 154 155 156 157 158 159 160 161 162 164 165 166 167 168 169 170 171 172 174 175 178 179 180 181 182 183 184 185 189 190 191 192 194 195 197 198 199 200
76 98 77 79 81 82 86 89 90 92 93 94 95 98 99 101 102 103 104 105 108 109 110 111 112 113 115 116 118 119 121 122 124 126 127 128 130 131 132 133 134 135 137 138 140 142 144 145 146 147 149 150 151 152 153 154 155 156 157 158 159 160 161 162 163 164 165 166 169 170 171 172 173 174 175 176 177 178 179 180 181 182 183 184 185 186 187 189 190 191 192 193 195 196 198 199 200
77 40 78 79 80 82 83 84 86 87 88 89 90 92 93 94 95 96 98 100 101 102 103 104 105 106 107 108 109 111 112 114 115 116 117 118 119 120 121 122 123 124 125 126 127 128 129 130 133 134 135 136 137 138 139 140 142 143 144 145 147 148 151 152 153 154 155 156 157 158 159 161 162 163 164 165 166 168 169 170 171 173 174 177 178 179 180 181 182 183 184 185 186 188 189 190 191 193 194 195 196 197 198 199
78 52 80 81 82 83 84 85 87 90 91 92 93 94 96 97 98 101 102 103 104 105 106 107 108 109 110 111 112 113 114 116 117 118 119 123 124 126 127 128 129 130 131 134 135 136 137 138 139 140 141 142 143 144 145 148 149 150 151 152 153 155 156 157 159 160 161 162 164 165 166 167 168 169 170 171 172 175 176 179 180 181 182 183 185 186 187 188 189 190 191 192 194 195 198 199 200
79 100 80 81 82 83 86 87 89 91 92 93 94 95 98 99 100 102 103 104 105 106 107 109 111 112 113 114 115 117 118 119 120 121 122 123 124 125 126 127 128 129 130 131 132 133 134 135 137 140 141 143 145 146 148 149 150 151 152 153 154 155 156 158 160 161 162 163 165 167 168 169 171 172 173 174 175 176 178 179 181 182 183 184 185 186 187 188 189 190 191 193 194 195 196 197 198 200
80 78 81 83 84 86 87 88 90 91 92 93 94 97 98 99 100 101 102 105 106 107 108 109 110 111 113 114 115 116 117 118 119 120 121 122 123 124 126 129 131 132 133 134 135 137 138 139 141 142 143 144 145 146 149 150 152 153 154 158 159 160 161 164 165 166 167 168 169 170 172 173 174 176 177 178 180 181 182 183 184 185 186 187 189 190 191 192 193 194 195 197 198 199 200
81 82 83 84 85 86 87 88 89 90 92 93 95 97 99 100 101 102 103 104 105 106 107 108 109 110 111 113 114 116 117 118 119 120 121 122 124 126 128 129 131 132 133 134 135 136 137 138 139 144 145 146 147 149 153 154 155 156 157 158 159 161 163 164 166 167 168 169 170 171 172 173 174 175 176 177 178 179 180 181 182 183 184 185 186 187 188 189 190 191 192 194 196 197 199 200
82 98 83 84 86 87 89 90 91 93 94 95 96 98 99 100 101 103 104 105 106 107 108 109 110 111 113 116 117 118 120 121 122 124 125 126 129 131 132 133 134 135 136 137 138 139 140 141 142 143 144 145 146 147 149 150 151 153 154 156 157 160 161 162 164 165 166 168 169 170 171 172 173 175 177 178 179 180 181 182 184 185 186 187 188 189 190 192 194 196 197 198 200
83 67 84 85 86 87 89 90 91 92 93 94 95 96 97 98 99 100 102 103 104 105 106 107 111 112 113 114 115 116 120 121 122 123 124 125 126 127 128 129 131 132 133 134 135 136 137 138 142 143 145 146 148 150 151 152 154 155 156 157 158 159 161 164 165 166 168 169 170 171 172 173 174 175 177 179 180 181 183 185 188 189 190 191 194 196 197 198 199 200
84 97 85 86 87 88 89 90 91 93 94 96 97 98 99 100 101 104 105 106 108 110 111 112 113 114 116 117 118 119 121 122 123 124 126 127 128 129 130 131 133 134 135 136 137 138 139 140 141 142 144 147 148 149 151 152 153 154 155 157 158 159 160 161 162 163 164 165 166 167 168 169 170 171 172 173 175 176 177 178 179 180 181 182 184 187 188 189 191 192 194 195 196 199 200
85 33 87 88 89 90 91 92 93 94 95 96 97 98 100 101 102 103 104 105 108 109 110 112 113 115 116 117 118 119 120 121 122 123 124 125 127 129 130 131 132 134 135 136 137 139 140 142 143 144 146 147 148 149 150 151 152 153 154 157 159 160 161 162 163 164 165 166 168 169 171 172 173 174 175 176 178 180 181 182 183 184 185 186 187 188 189 190 191 192 193 194 195 196 197 198
86 34 87 88 89 90 91 93 94 95 97 98 101 102 104 106 107 109 110 111 115 117 118 119 120 121 122 124 125 126 128 129 130 132 133 135 136 137 138 139 141 142 143 145 147 148 150 151 152 153 155 156 158 159 160 162 163 164 165 166 169 170 171 173 175 176 177 178 179 180 181 182 183 185 186 187 189 191 192 194 195 196 197 198
87 21 88 89 90 91 92 93 97 98 99 100 103 104 105 107 108 109 110 111 112 114 115 116 118 119 120 121 122 123 126 128 129 130 132 133 134 136 137 138 139 140 141 142 143 145 146 147 148 149 150 154 155 156 158 160 161 162 165 166 167 168 169 170 171 175 176 177 178 179 180 181 182 184 186 187 188 189 190 191 193 194 195 198 199 200
88 85 89 90 92 93 94 95 96 97 98 99 101 102 103 106 107 108 109 110 111 112 113 114 117 118 119 120 121 122 123 124 126 127 128 129 130 131 132 133 134 136 137 138 139 140 141 142 143 144 145 146 147 148 149 150 151 154 155 157 158 159 161 162 163 164 165 166 167 168 170 171 172 173 175 176 178 179 180 181 182 183 185 188 189 190 191 193 194 195 197 198 199 200
89 24 91 92 93 95 97 100 101 104 105 106 107 108 109 110 111 112 113 114 115 116 117 118 119 120 121 122 123 125 126 127 128 129 130 131 132 133 135 136 137 139 140 143 145 146 147 148 149 150 151 152 153 154 156 157 158 159 160 161 162 163 165 166 167 168 169 170 171 172 173 174 175 176 177 178 180 181 182 183 184 185 187 188 190 191 193 194 196 197 198 199 200
90 51 91 92 93 94 97 98 100 101 102 103 105 106 108 109 110 111 112 114 117 119 120 121 122 123 124 125 126 127 128 129 130 131 132 133 134 135 136 137 138 139 140 141 142 143 144 145 147 148 149 150 151 152 155 157 158 159 160 161 162 163 164 165 166 167 168 169 170 171 174 175 176 177 178 180 181 183 184 185 188 189 190 192 195 197 198 199 200
91 97 92 93 94 95 96 98 99 101 102 104 105 109 110 111 112 113 114 115 116 117 119 121 123 124 126 127 128 129 130 132 134 135 137 138 139 140 141 143 144 145 146 147 149 150 151 152 154 155 156 158 162 163 164 166 167 168 169 170 171 173 174 175 176 177 178 179 180 181 182 183 184 185 187 188 189 191 192 193 194 197 199 200
92 65 93 94 95 96 97 98 99 100 101 102 103 104 105 106 108 109 110 111 112 114 115 116 117 118 119 120 121 122 123 124 125 126 127 128 129 130 131 132 133 134 135 136 138 140 141 142 143 144 145 146 147 149 150 151 152 154 155 156 157 158 159 160 162 163 164 165 166 167 168 169 173 174 175 176 177 178 179 180 181 182 183 184 185 186 187 188 189 190 191 192 193 195 196 198 200
93 45 94 95 96 98 99 100 101 102 104 105 106 107 108 109 110 111 112 113 114 116 117 118 119 122 123 125 127 128 129 130 132 133 134 135 136 137 138 139 140 141 142 143 144 145 146 147 148 149 150 151 152 153 154 155 156 157 159 160 161 162 164 165 166 167 169 171 172 175 177 178 180 181 182 183 184 185 186 187 190 191 192 193 194 195 196 197 199 200
94 56 95 96 98 99 100 101 104 105 106 107 108 109 110 111 112 113 119 120 121 122 123 125 127 128 129 130 132 133 134 135 136 137 138 139 140 141 142 143 144 145 147 148 149 150 152 153 156 158 160 161 162 163 164 165 166 167 168 170 171 173 175 176 177 178 179 180 181 182 184 185 186 187 188 190 191 192 193 194 195 196 197 198 200
95 100 96 97 99 101 102 103 104 106 107 108 109 110 111 112 114 115 116 117 118 119 120 121 122 123 124 125 126 128 129 130 132 133 134 135 136 137 138 140 141 142 143 144 145 146 148 149 150 151 152 153 154 155 156 157 158 159 160 161 162 167 168 170 171 172 173 174 175 176 177 178 180 181 182 183 184 185 186 187 188 189 190 191 192 193 194 195 196 197 198 199
96 55 98 99 100 101 103 104 105 106 107 108 110 111 112 113 116 118 119 121 122 123 124 126 127 129 131 133 134 135 136 138 139 140 141 142 143 144 145 146 148 149 150 152 153 154 155 156 158 159 160 161 162 163 164 165 166 167 168 170 172 174 175 176 177 178 179 180 182 183 184 187 188 189 190 191 192 193 194 195 197 198 199 200
97 74 98 99 100 101 102 103 104 105 106 107 108 109 110 112 113 114 115 116 117 119 120 121 122 123 124 125 126 127 128 129 130 131 132 133 134 136 137 138 140 141 142 143 144 145 147 148 149 150 151 152 155 157 158 159 160 161 163 164 165 166 167 168 170 172 174 175 176 178 179 180 181 182 183 184 185 186 187 188 189 190 193 194 195 196 198 199 200
98 58 99 101 102 103 105 107 108 111 113 115 116 117 120 121 122 123 124 125 126 127 128 129 130 131 132 133 134 135 136 137 138 139 140 142 144 145 146 147 148 149 151 152 153 155 157 158 160 161 162 163 164 165 166 167 168 170 171 172 173 174 175 177 181 183 184 185 188 189 192 193 194 195 196 197 198 199 200
99 62 100 101 102 103 104 105 106 107 108 109 110 111 112 114 115 116 117 118 120 121 122 123 124 125 126 127 128 129 130 132 133 134 135 137 138 140 142 143 144 145 146 147 149 150 151 152 153 154 155 156 157 158 159 160 161 162 163 164 165 166 167 168 169 171 172 174 176 180 182 183 184 186 187 188 189 190 191 192 193 195 196 197 199 200
100 76 103 104 105 106 107 108 109 110 111 112 113 114 115 116 117 118 121 123 124 125 126 128 129 131 132 134 135 136 138 139 140 141 142 144 146 147 148 149 151 153 154 155 156 158 159 160 162 164 165 166 167 168 169 170 171 172 174 175 176 178 179 180 181 183 184 185 186 187 188 189 191 192 193 194 195 196 198
101 71 103 105 107 108 110 111 112 113 114 115 117 118 121 122 123 124 127 128 129 131 132 135 136 137 138 139 140 141 144 146 148 149 150 152 154 155 157 158 159 160 161 162 163 165 166 167 168 169 170 171 172 173 175 176 177 178 179 180 181 182 183 184 185 186 187 188 189 190 191 192 193 194 195 196 197 198 200
102 69 103 104 105 106 107 108 110 111 112 114 115 117 119 120 121 122 124 125 127 128 129 130 131 132 133 134 135 136 138 139 141 142 144 146 147 148 149 150 151 152 153 154 156 157 158 159 160 161 162 163 164 165 166 168 169 170 171 173 175 176 177 178 179 180 182 183 184 185 186 187 189 190 191 192 193 194 195 196 197 198 199 200
103 52 104 106 107 108 110 111 112 114 115 116 117 118 119 120 121 122 124 125 126 127 129 130 131 132 134 137 138 139 141 142 143 144 145 147 148 149 151 153 154 155 156 157 158 160 161 163 164 166 167 168 169 171 172 173 174 175 177 178 180 181 182 183 184 185 186 187 189 190 191 192 194 195 197 198 199
104 34 105 106 107 108 109 110 111 112 113 114 115 116 117 118 119 120 121 122 123 125 126 127 128 130 132 133 134 135 136 138 139 141 142 143 144 145 146 147 148 149 150 151 152 153 155 158 159 161 162 163 164 165 166 167 168 169 170 171 172 173 174 175 176 179 180 181 182 183 184 185 186 187 189 190 191 192 193 194 195 196 197 199 200
105 93 106 107 109 110 111 112 114 115 116 117 118 119 121 122 123 124 125 126 128 129 130 131 132 133 135 136 137 138 139 140 141 146 147 148 150 151 152 153 154 155 156 157 158 159 160 161 162 163 164 165 166 167 168 169 170 171 172 173 174 175 176 177 178 179 180 181 182 183 184 185 186 187 189 192 193 194 196 199 200
106 60 107 108 109 111 112 115 117 118 119 120 121 122 123 124 125 126 128 129 130 131 133 134 135 136 137 138 139 141 143 145 146 147 148 149 150 153 154 155 156 157 158 159 160 161 162 163 164 165 166 167 169 170 171 172 173 174 175 176 178 179 182 183 184 185 186 187 188 189 191 193 194 196 197 198 199 200
107 91 108 109 110 111 112 113 114 115 119 120 121 123 125 126 127 128 129 131 133 134 135 137 138 139 140 142 144 145 146 147 148 149 150 151 152 153 154 155 157 158 159 160 161 162 164 165 166 167 168 169 170 171 172 173 175 176 177 178 180 181 182 183 184 185 186 187 188 190 191 193 194 195 196 198 199 200
108 33 109 111 112 114 115 116 117 118 121 122 125 126 127 129 130 131 132 134 135 136 137 138 139 140 142 144 145 146 147 148 151 152 153 154 155 156 158 160 161 162 163 164 165 167 168 169 170 171 172 173 175 177 179 180 181 182 184 185 186 187 188 189 190 191 192 193 195 197 199 200
109 98 112 113 114 115 116 117 119 120 122 123 124 125 126 127 128 129 130 131 132 133 134 136 137 139 140 141 142 143 144 145 147 151 152 153 154 156 157 160 161 162 163 164 165 166 167 168 169 170 171 172 173 175 176 177 178 179 180 182 183 184 185 187 188 190 191 192 193 197 198 199 200
110 41 112 114 115 116 117 119 120 124 125 126 127 128 129 132 133 134 135 136 138 139 144 145 146 147 148 149 150 152 153 154 155 158 159 160 161 162 164 165 166 168 169 170 173 174 176 178 180 181 182 183 184 185 188 189 191 192 193 194 195 196 198 200
111 74 112 113 115 116 118 123 125 126 127 128 129 130 131 132 133 134 135 136 137 138 139 141 142 143 144 145 146 147 148 150 151 152 154 155 156 157 158 159 160 161 162 163 164 165 166 167 168 169 170 171 172 173 174 175 176 177 178 179 180 182 184 185 186 189 190 191 192 193 194 195 196 197 198 199 200
112 89 113 114 115 117 118 119 120 121 122 123 124 125 126 127 128 129 130 131 132 133 134 135 136 137 138 139 140 141 142 143 145 146 147 149 150 151 152 153 154 157 158 160 161 162 163 165 167 169 170 171 172 173 174 175 176 177 178 179 180 181 182 183 184 185 186 187 188 189 191 193 194 195 196 197 198 199 200
113 86 114 115 116 117 118 119 120 121 123 125 127 128 129 133 134 136 137 138 139 140 143 144 145 146 147 148 151 153 154 155 157 158 159 162 163 164 165 166 167 168 169 171 173 174 176 177 178 180 181 182 183 184 185 186 187 188 189 190 191 192 193 194 195 196 197 198 199
114 74 116 117 118 119 120 121 122 124 125 126 127 128 129 130 131 132 134 135 137 138 140 142 143 144 145 146 147 149 150 152 153 154 156 157 158 159 160 161 162 163 164 165 166 167 168 170 171 172 173 174 175 176 177 178 179 180 181 182 183 184 185 186 187 191 193 194 196 197 198 199
115 64 117 118 120 121 122 123 124 126 127 129 131 132 135 137 138 139 140 141 142 143 146 147 148 149 150 151 152 153 154 155 156 157 158 161 162 163 164 165 166 167 168 169 171 172 173 174 175 176 177 178 179 180 181 182 183 184 186 187 189 190 191 192 193 195 196 197 198 200
116 29 117 118 119 120 122 123 124 125 126 127 129 130 132 133 135 138 139 141 142 143 144 146 148 149 151 153 155 156 157 158 159 161 162 163 164 165 167 169 170 171 172 174 175 176 178 180 181 182 183 186 188 190 191 192 194 195 196 197 198 200
117 82 118 121 122 123 126 127 128 129 133 134 139 140 141 142 143 145 146 148 149 151 153 154 155 156 157 158 159 160 161 162 164 165 166 167 168 169 170 171 172 173 174 175 177 178 179 181 182 184 185 186 187 189 190 192 193 194 195 196 199 200
118 61 119 120 121 122 123 126 128 131 132 133 134 135 136 137 138 139 141 142 143 144 145 147 148 149 150 151 152 153 154 155 156 157 158 160 161 162 163 164 166 167 168 170 171 172 173 174 175 176 177 178 179 180 181 182 184 185 186 187 189 190 191 193 194 195 198 199 200
119 54 120 121 122 124 125 127 128 129 131 132 134 135 137 138 139 140 141 142 143 144 145 147 148 149 150 151 152 153 154 156 158 159 161 163 164 165 166 168 169 170 171 172 173 174 175 177 178 179 180 181 182 183 184 185 186 187 188 189 190 191 192 193 194 195 196 198 199 200
120 93 121 122 123 124 125 126 127 128 129 130 131 132 133 134 135 136 138 139 140 141 142 143 144 145 146 148 152 153 154 155 158 159 160 161 162 163 164 165 166 167 168 169 170 171 172 173 174 175 176 177 178 179 180 182 183 184 185 186 187 188 189 191 193 194 195 196 197 198 199 200
121 44 122 123 124 125 126 127 128 130 131 132 133 134 135 136 139 141 142 143 144 146 147 148 149 150 151 152 154 155 156 158 159 161 162 163 165 166 168 169 170 171 172 173 174 176 179 180 182 183 184 185 187 188 189 190 191 192 193 194 195 196 198 199 200
122 72 123 124 125 126 127 128 129 130 131 132 134 136 138 139 140 141 143 145 146 147 148 152 153 154 155 156 159 161 162 163 164 165 166 167 168 169 170 171 172 173 174 175 176 177 178 179 180 181 182 183 184 185 186 187 189 191 192 194 196 198 199 200
123 41 124 125 126 127 128 129 131 132 133 135 136 137 140 141 143 144 145 146 148 150 151 153 154 155 156 157 158 159 160 161 162 164 165 167 168 169 171 172 173 174 175 176 177 178 180 181 182 184 188 189 190 191 192 193 195 196 197 199 200
124 32 125 126 127 128 129 130 132 133 134 135 136 137 138 139 140 141 142 145 146 148 152 154 155 156 157 158 159 161 162 163 164 165 167 169 173 174 175 177 178 179 180 181 182 183 184 185 186 187 189 190 191 192 193 194 195 196 197 198 200
125 75 126 127 128 130 131 132 133 134 135 136 138 139 140 141 142 143 144 146 147 148 149 150 151 153 154 155 156 158 160 161 162 163 165 166 167 169 170 172 173 177 178 179 180 181 183 184 185 186 189 190 192 193 194 195 196 197 198 199 200
126 86 127 130 131 132 133 134 136 137 138 140 141 143 144 146 147 149 150 151 152 153 154 155 156 157 158 159 160 162 163 165 168 169 170 171 172 173 176 178 179 180 182 183 184 185 186 187 188 189 190 191 193 194 196 197 198 199 200
127 86 128 129 130 131 132 134 135 137 138 140 142 143 145 150 151 152 153 154 155 156 157 158 159 160 161 162 163 164 165 168 169 170 173 174 175 176 177 178 179 180 181 182 184 185 186 187 188 189 190 191 192 194 195 196 198 199 200
128 39 129 130 131 132 133 134 135 136 138 139 140 141 142 143 144 145 146 148 149 150 151 152 155 156 157 158 159 160 161 162 163 164 165 166 167 168 170 171 172 173 176 177 178 179 181 182 183 184 185 186 187 188 189 190 192 193 194 195 196 197 199 200
129 56 130 132 133 135 136 137 138 139 140 141 142 143 144 146 147 149 151 153 154 156 157 158 159 160 161 162 163 164 165 166 167 168 169 170 171 172 173 175 176 178 179 184 185 186 187 188 189 190 191 192 193 195 196 197 200
130 80 136 137 138 139 140 141 142 143 145 146 147 149 150 151 152 155 156 157 158 159 160 162 163 164 165 166 167 168 169 170 176 177 178 180 181 182 185 186 188 189 190 191 192 193 194 195 196 197 198 199 200
131 54 132 134 135 139 142 143 144 145 146 147 148 149 150 151 154 155 157 158 160 163 164 165 166 167 168 170 171 172 173 174 176 179 180 181 183 184 185 187 188 189 190 191 193 194 195 197 198 199
132 25 134 135 136 137 138 139 141 142 143 145 146 148 149 150 151 153 154 155 156 157 158 159 160 161 162 163 164 165 166 167 168 169 170 171 172 173 174 175 176 177 179 180 181 182 183 184 185 186 190 191 192 193 194 195 196 198 199 200
133 60 134 135 136 137 138 139 141 142 143 144 145 146 147 148 149 151 152 153 154 155 156 157 158 159 160 161 162 163 164 166 167 168 169 170 171 172 173 175 176 177 178 179 181 182 183 185 186 187 189 191 192 193 194 195 197 198 199
134 60 135 137 138 139 140 141 143 144 145 146 147 148 149 150 151 152 153 157 158 159 160 161 162 163 164 167 168 169 170 172 173 174 175 176 178 179 181 182 183 184 185 186 187 189 190 192 193 194 195 196 197 198 199
135 23 137 139 141 142 143 144 145 147 149 150 151 152 153 154 157 159 161 162 163 165 166 167 168 169 170 171 172 173 178 179 181 182 183 184 185 186 187 188 189 191 192 193 194 195 196 197 198 199 200
136 83 137 138 139 140 141 142 143 144 145 146 147 148 149 150 152 155 156 157 158 159 160 161 162 163 165 166 167 168 171 173 174 175 176 178 179 180 181 182 183 184 186 187 189 190 191 193 195 196 197 198 199 200
137 92 138 139 140 141 142 143 144 145 146 147 150 151 155 156 158 160 161 162 163 164 165 166 167 168 170 171 172 173 174 175 177 179 180 181 182 184 185 186 189 190 191 192 193 194 197 198
138 81 140 141 142 143 144 145 146 148 149 150 151 152 153 154 155 156 158 160 161 162 163 164 165 166 167 168 171 172 173 175 176 178 179 180 181 182 183 184 185 186 187 189 190 191 193 195 197 200
139 70 142 143 145 146 147 148 149 150 151 152 153 154 155 156 157 158 161 162 163 165 167 168 169 170 172 174 175 176 177 178 179 180 181 183 184 186 187 189 190 191 192 193 195 196 197 198 199 200
140 33 142 143 144 145 146 149 150 151 152 153 156 157 158 159 160 161 162 163 165 166 167 168 169 170 171 172 174 175 176 177 178 179 180 181 183 184 185 186 187 188 189 190 191 192 194 196 198 199 200
141 21 142 143 145 146 147 148 149 150 151 152 154 156 157 159 160 163 164 167 168 169 170 171 172 173 174 175 176 177 178 179 180 181 182 184 185 186 187 188 189 191 192 193 194 196 198 199 200
142 91 143 144 145 146 147 148 150 151 152 153 154 156 158 159 161 162 163 166 167 168 169 170 171 173 174 175 176 178 179 180 181 182 183 184 185 186 187 189 190 191 192 193 195 196 197 198 199 200
143 96 144 145 147 148 149 152 153 154 156 158 159 160 161 162 163 164 165 166 167 168 169 170 172 173 174 175 176 177 178 179 180 183 185 186 187 188 189 190 192 193 195 196 197 199 200
144 75 145 146 147 148 149 150 151 153 154 155 156 157 158 159 160 161 163 164 165 166 167 170 171 172 173 175 177 179 183 184 185 186 187 188 189 190 191 192 193 194 196 198 199 200
145 45 146 147 148 149 150 151 152 153 154 155 158 159 160 161 162 163 165 166 167 168 169 170 171 172 174 177 179 181 182 183 184 185 186 188 189 190 191 192 193 194 195 198 200
146 52 147 148 149 150 151 154 155 156 157 158 159 160 161 162 163 164 165 166 167 168 169 170 171 172 173 174 175 176 177 179 180 181 182 184 186 187 188 189 190 192 193 195 196 197 198 199 200
147 44 148 149 150 151 152 153 154 155 156 157 159 160 161 162 163 164 165 166 167 168 169 170 171 172 173 174 175 176 177 178 179 180 182 183 184 185 186 188 191 192 193 194 195 196 197 198 199 200
148 42 149 150 151 152 153 156 157 158 160 161 162 163 164 165 166 167 169 170 171 172 174 175 176 177 178 179 180 181 182 183 184 185 186 187 188 189 191 193 195 196 197 199 200
149 32 150 151 152 153 154 155 156 157 158 160 161 162 163 164 166 167 168 170 171 172 174 175 176 177 181 182 184 185 186 187 188 189 191 192 194 195 196 197 198 200
150 20 151 152 153 154 155 156 157 158 160 162 163 164 166 167 168 169 170 171 172 174 175 176 177 178 179 180 181 182 183 185 186 187 189 190 191 192 193 194 195 196 198 199 200
151 81 152 153 154 155 157 158 159 160 161 162 163 165 166 167 169 172 174 175 176 177 179 180 181 183 184 185 187 188 192 193 195 196 197 198 199 200
152 21 153 154 156 157 159 161 162 164 165 167 168 170 172 173 174 175 177 178 180 184 185 186 187 188 189 190 192 193 194 197 198
153 30 154 155 156 157 158 159 160 161 162 163 165 167 168 169 172 175 176 177 179 180 181 182 183 184 186 187 188 191 193 194 195 196 197 199
154 49 155 156 158 159 161 162 163 164 165 166 167 168 169 171 172 173 174 175 176 177 178 179 182 183 185 186 188 189 190 191 193 194 195 196 197 198 199 200
155 70 156 157 158 160 161 162 163 164 165 166 167 168 169 171 172 174 175 176 177 179 180 182 184 185 187 188 189 190 191 192 193 194 195 196 197 200
156 45 158 159 160 161 162 163 164 165 166 168 169 170 171 172 173 174 175 176 177 180 182 183 184 185 186 188 189 190 191 192 193 194 195 196 197 198 199 200
157 36 158 159 160 161 162 163 164 165 167 168 170 171 173 174 175 176 177 178 179 183 184 185 186 188 189 192 196 197 198 199 200
158 26 159 160 162 163 164 165 166 167 168 169 172 173 174 175 176 177 178 179 180 181 182 183 184 185 187 188 189 193 195 196 198 199 200
159 95 160 161 162 163 165 166 167 169 170 171 172 175 176 179 181 182 183 184 185 187 188 189 190 191 192 193 194 195 197 199 200
160 40 161 162 166 169 170 171 172 173 174 175 176 177 179 181 183 185 186 187 188 191 193 194 195 197 198 199 200
161 38 162 164 165 166 168 169 170 171 173 174 175 176 177 178 179 181 182 185 186 187 188 189 191 192 193 194 195 196 197 198 199
162 22 163 165 168 169 171 172 174 175 176 177 178 179 180 181 182 183 185 186 188 190 191 192 193 194 196 198 200
163 45 164 166 167 168 170 171 172 174 179 180 182 183 184 187 188 192 193 194 195 196 197 199 200
164 60 165 166 167 168 169 170 172 173 174 175 176 177 178 179 181 182 183 184 185 186 187 188 189 190 192 193 194 195 196 197 198 199 200
165 27 166 167 168 169 170 172 174 175 176 178 179 180 182 185 186 188 189 191 192 195 196 197 199
166 52 168 169 170 171 172 173 174 177 179 180 181 182 183 184 185 186 187 188 189 190 191 193 194 195 196 197 198 199 200
167 35 168 169 172 173 174 175 176 177 178 180 183 184 185 186 187 188 190 191 192 193 194 195 196 197 198 199 200
168 44 169 170 171 172 175 176 177 178 180 181 182 184 186 187 189 190 191 192 193 194 195 196 197 198 199 200
169 92 170 171 172 173 174 175 176 177 179 180 183 184 185 186 187 190 191 192 193 194 195 197 199 200
170 79 171 172 173 174 175 176 177 178 179 180 182 183 185 186 188 191 192 193 196 197 198 200
171 82 172 173 175 176 177 178 179 180 182 183 184 186 187 188 189 190 192 193 194 195 196 198 199 200
172 39 173 174 175 176 177 178 179 180 181 182 183 184 185 186 187 188 189 190 191 193 194 195 196 197 198 199 200
173 89 174 175 176 178 179 181 182 184 185 186 187 188 189 190 191 192 193 195 196 197 198 199 200
174 24 175 176 178 179 180 181 183 184 185 187 190 191 192 193 194 195 197 198 199 200
175 69 176 177 178 179 180 181 182 183 184 185 186 187 188 189 190 192 193 194 195 198 199 200
176 29 177 179 180 182 184 185 186 188 191 193 194 195 196 197 198 199
177 84 178 179 182 183 185 187 188 189 190 191 192 193 194 195 197 198 199 200
178 83 179 180 181 182 184 185 187 188 189 190 191 192 194 195 196 198 199 200
179 38 180 181 183 184 185 186 187 188 189 191 193 194 195 197 198 199 200
180 66 181 182 183 184 185 186 187 188 189 190 191 194 195 196 197 198 199 200
181 41 182 183 184 185 186 187 188 189 190 191 192 193 194 195 197 198 200
182 31 183 184 185 186 187 188 189 190 191 192 193 195 198 200
183 85 184 185 186 187 188 189 191 193 194 197 198 199 200
184 21 187 188 189 190 191 192 193 194 195 197 199 200
185 31 186 187 188 189 190 191 192 193 194 195 196 198 199 200
186 98 187 188 189 190 191 192 194 195 196 197 198 199 200
187 22 188 189 190 191 194 197 198 199 200
188 42 189 190 191 192 193 194 196 198
189 60 190 191 192 193 195 196 198
190 70 192 193 194 195 196 197 198 199 200
191 51 193 194 195 196 197 198 199
192 69 193 194 195 196 197 200
193 96 195 196 198 199 200
194 81 195 196 197 198 199 200
195 26 196 197 198 200
196 67 197 198 199 200
197 97 198
198 90 199 200
199 53 200
200 43
