200
1 85 3 5 12 17 18 21 24 25 27 38 39 43 44 50 51 59 61 74 75 76 77 78 86 90 103 111 112 113 134 147 149 154 168 170 173 176 179 187 192 195
2 28 5 10 13 16 44 53 55 62 65 77 81 83 94 95 102 121 134 139 141 142 149 151 156 162 177 182 187
3 90 4 11 12 19 33 38 41 48 51 59 65 71 73 75 90 102 103 106 110 119 121 126 128 129 135 136 137 138 139 155 169 173 179 181 186 191 194 197 199
4 92 7 19 23 36 39 53 59 68 75 84 87 88 90 95 98 99 105 109 113 116 118 120 122 123 125 127 133 150 162 167 170 181 183 184 185 191 193 198 200
5 85 20 31 36 39 44 45 58 63 67 68 70 76 77 87 92 105 111 112 114 130 140 142 144 149 155 159 164 173 175 178 183 186 192
6 85 13 18 22 35 46 47 57 84 86 88 89 96 98 99 100 109 116 119 130 134 138 145 146 147 151 167 178 180 181 184 187 192 195
7 82 17 22 24 25 37 41 42 43 46 51 53 60 62 68 75 77 78 80 81 89 97 105 109 111 119 129 130 136 139 150 153 162 166 171 174 175 188 194
8 51 9 15 16 22 28 39 47 49 50 51 54 59 62 65 68 73 74 93 94 110 114 120 125 127 132 136 139 140 142 143 145 149 153 158 183 187 194 195
9 51 15 28 30 41 44 48 53 57 61 66 68 69 72 76 95 105 115 117 119 121 123 133 141 144 148 149 151 156 158 170 175 179 183 186 200
10 18 12 19 33 37 41 42 47 53 56 61 65 67 69 73 75 81 85 89 103 105 108 115 120 121 122 128 130 135 137 140 141 144 152 153 154 164 171 172 174 176 184 190
11 22 13 21 25 27 29 33 41 43 51 54 59 60 62 66 67 69 80 83 84 85 93 94 96 100 101 105 111 119 125 128 129 143 151 157 167 175 182 184 189 190 195 199
12 21 23 46 47 49 56 58 61 64 69 71 85 92 94 96 97 98 102 115 120 127 135 137 143 144 145 149 153 157 173 174 175 177 179 180 181 184 187 188 190 192
13 41 16 18 31 34 41 43 50 52 54 58 66 67 73 82 83 91 104 117 131 139 141 143 147 148 150 152 155 158 181 183 184 187 188 190 191 192 196
14 12 33 35 43 48 49 53 60 61 62 68 69 70 79 82 85 86 87 92 106 111 114 118 127 129 130 136 137 138 150 152 167 168 171 184 185 186 195
15 31 16 27 30 33 37 45 57 68 69 70 71 74 75 78 80 81 89 90 94 119 120 122 127 133 134 145 150 156 167 168 183 189 199
16 72 22 23 31 38 51 56 59 68 70 72 75 81 89 90 94 103 105 107 108 111 112 116 119 126 130 137 139 143 149 160 172 175 176 178 182 186 187 188 196 198 200
17 14 31 34 35 41 44 46 50 65 66 71 72 76 77 85 93 94 97 98 110 111 125 144 150 152 162 166 178 182 186 188
18 57 20 22 24 26 27 33 36 37 43 45 46 50 51 61 64 65 71 77 78 83 84 87 101 105 116 126 128 131 140 146 152 159 165 177 181 187 189 194 199
19 91 24 27 35 36 37 44 49 52 57 66 67 70 73 77 80 87 92 95 106 110 115 118 120 130 131 143 145 147 160 161 163 175 177 182 183 187 190
20 48 21 45 46 47 54 55 56 70 74 75 78 79 82 84 86 90 113 115 116 117 121 122 139 156 157 161 162 165 171 175 180 184 186 188 190 193
21 4 23 25 30 41 46 52 53 56 71 87 88 90 95 101 106 109 113 121 123 125 126 130 135 139 145 147 155 162 163 167 169 177 185 191 193 195 197
22 85 25 30 33 46 47 54 63 66 72 75 76 95 102 105 111 117 118 122 123 124 130 131 138 139 148 151 155 159 160 168 173 175 180 182 195 199
23 48 24 30 36 41 45 46 47 48 59 66 81 100 106 118 122 125 126 129 133 134 135 140 142 147 148 150 151 156 159 166 170 171 172 175 178 179 182 183 186 197
24 26 26 30 36 39 41 42 44 45 46 48 56 61 62 69 75 77 81 88 91 105 106 108 125 133 134 139 140 141 144 147 152 162 164 165 166 173 177 179 181 183 188 190 198
25 75 30 33 35 36 41 42 60 65 66 67 70 72 79 98 101 116 120 128 129 137 142 146 164 178 183 186
26 72 27 32 53 57 62 63 65 69 84 90 91 96 100 102 114 116 119 123 131 134 136 144 147 153 158 164 169 176 184 187 192 194
27 25 34 41 45 67 71 74 76 82 84 85 95 97 101 103 105 106 110 112 113 114 125 130 134 146 147 150 155 160 162 174 179 183 187 189
28 52 29 37 41 46 50 58 59 61 74 75 81 82 84 86 89 90 96 101 107 108 114 117 120 123 124 127 128 130 136 142 148 151 170 174 178 180 185 187 189 192 195 198
29 19 31 37 41 44 53 64 66 68 70 72 73 77 81 93 99 101 103 118 119 123 125 135 141 149 154 162 173 176 180 181 189 191 192 195 197
30 8 34 35 39 44 46 49 55 60 62 63 75 76 95 104 112 114 123 124 134 138 143 145 148 151 163 165 167 175 187 190 192 197 198
31 16 43 44 49 63 68 76 77 92 93 94 96 102 128 130 137 138 142 148 151 155 156 160 163 165 167 184 185 194 196
32 94 33 36 42 64 68 75 76 83 95 99 101 102 104 105 110 111 117 124 129 137 139 143 144 146 154 159 167 173 174 190 198
33 10 34 36 39 40 46 52 61 74 79 80 82 94 98 100 104 110 115 117 121 126 127 130 168 169 170 173
34 85 35 39 41 42 50 52 55 62 72 77 79 80 83 91 92 99 100 101 111 112 114 115 117 123 127 143 147 150 153 156 164 167 169 171 174 176 185 198
35 36 39 53 54 71 72 77 87 89 94 101 105 108 110 111 114 125 131 138 152 159 160 162 164 165 177 188 191 192
36 84 38 43 46 47 51 55 57 65 69 75 77 84 91 94 95 97 99 100 102 106 109 112 117 118 123 126 129 131 132 134 135 140 147 153 157 158 166 171 176 189 190 191 200
37 90 40 41 46 47 52 54 55 57 59 62 64 68 72 78 82 86 92 94 103 108 110 126 128 130 131 134 136 137 143 148 152 161 162 163 165 167 168 186 191 192 194 200
38 16 40 45 56 60 63 87 90 92 93 99 107 114 116 123 124 137 149 150 162 184
39 80 49 55 61 63 88 92 100 104 108 112 113 119 121 122 123 126 128 130 131 132 139 144 149 151 154 155 157 167 168 170 174 189 198
40 80 45 55 59 61 68 70 77 89 110 119 123 124 142 145 147 149 158 159 162 163 165 178 180 183 189 197 199
41 91 42 44 52 59 63 65 66 76 82 85 93 101 105 111 117 118 122 130 144 146 150 165 169 170 174 179 190
42 27 71 72 76 80 82 83 86 87 92 96 112 114 120 127 132 133 138 141 143 146 147 148 151 152 154 158 164 170 172 187 195
43 60 50 60 61 62 68 76 86 99 107 116 120 121 123 125 126 131 140 149 151 156 157 165 167 175 177 178 182 190 198 200
44 31 46 47 48 53 57 62 68 74 76 79 94 108 115 119 124 125 126 129 135 151 155 161 167 176 186 194 198
45 64 50 52 69 78 81 82 84 87 89 96 99 104 106 107 120 123 128 135 140 142 143 146 147 149 151 156 161 167 172 177 180 185 192 196 197 198 199 200
46 30 48 49 53 58 62 72 73 75 79 82 85 96 100 104 111 113 116 119 124 127 146 152 165 170 174 175 185 194 196
47 98 50 56 59 63 67 80 81 82 84 88 89 91 92 97 104 115 117 118 119 124 131 139 154 157 160 162 179 180 182 184 186 191
48 59 55 61 69 82 88 91 93 94 101 120 125 128 133 135 140 144 145 167 168 173 174 177 195
49 32 53 66 70 81 82 88 90 99 103 113 120 122 130 132 133 146 153 154 159 162 164 172 173 180 182 186 193 194 198
50 27 52 63 69 70 74 82 100 101 112 115 118 119 126 129 130 131 137 141 145 152 156 157 160 161 169 178 180 182 192 193 195
51 13 55 57 59 63 69 72 79 80 85 87 93 100 105 107 109 110 112 123 133 144 159 161 166 183 193 199
52 56 53 56 57 60 63 69 86 87 88 91 95 98 99 109 114 118 121 125 135 137 141 147 157 160 172 176 177 182 191 195 199
53 27 54 62 68 69 70 72 75 86 89 96 98 111 118 120 121 126 135 138 143 144 145 146 147 154 157 158 165 170 175 180 194 195 196
54 63 61 63 66 67 70 71 72 75 83 94 96 97 110 111 114 117 120 123 127 128 132 138 155 160 170 171 173 177 178 180 187 189 191
55 3 61 63 66 67 70 71 75 77 83 87 93 95 102 117 119 121 122 123 135 136 139 140 144 145 147 148 159 161 172 177 178 186 187 190 191 196 198 200
56 100 59 64 69 89 97 98 105 109 112 115 120 121 122 126 127 130 131 134 138 140 150 161 164 176 178 180 181 184
57 38 58 59 66 70 73 76 80 82 85 90 91 94 95 97 99 104 107 123 144 151 155 156 157 164 165 167 169 170 171 175 177 178 181 189 191 200
58 50 64 67 71 96 101 111 118 121 130 132 136 142 152 164 171 190 192 197
59 55 61 65 67 69 77 78 81 88 96 97 101 103 115 121 140 145 152 167 172 177 181 186
60 94 61 64 74 75 87 96 100 101 103 112 116 118 128 132 133 135 137 142 144 147 150 153 156 172 175 179 186
61 14 64 66 68 72 76 82 83 86 90 95 96 100 101 119 124 137 147 149 151 159 162 168 171 173 174 180 184 192
62 3 72 78 79 85 87 89 100 101 109 116 121 125 149 152 153 155 158 169 173 175 181 191 194 198
63 75 65 67 69 75 78 91 92 96 99 111 112 114 124 128 135 136 140 145 152 153 159 165 177 184 197
64 38 78 79 83 92 100 106 111 115 119 120 124 126 127 135 139 143 146 155 156 160 165 170 175 177 186 189 193 198 200
65 69 70 72 73 77 81 92 97 102 107 110 123 132 133 136 142 147 153 157 163 169 170 171 172 175 176 177 178 184 195 196 200
66 8 75 90 92 93 94 102 124 137 140 141 148 152 163 171 179 181 186 197
67 77 75 87 98 113 117 132 139 140 141 150 152 154 162 169 171 174 177 179 180 189 196 200
68 12 70 81 85 106 121 125 126 127 133 136 138 139 141 147 148 150 151 152 155 161 163 168 177 183 184 185 186 191 197 198 200
69 23 70 71 77 89 95 96 102 106 113 133 135 141 142 144 146 147 150 151 156 158 161 168 171 173 178 187 190 191 196
70 47 78 79 86 90 91 94 97 100 107 108 112 113 115 121 128 131 140 141 143 144 149 158 167 169 170 178 183 192 199
71 28 78 81 84 85 88 93 94 104 121 127 132 134 138 140 144 149 155 167 174 175 176 196
72 19 76 80 82 88 90 93 97 108 115 119 121 123 130 134 136 138 141 145 148 149 151 155 173 180 181 183 184 196
73 18 77 78 79 91 97 102 111 116 129 138 140 144 152 153 154 171 172 175 178 180 184 186 193 195
74 25 83 86 89 91 107 108 110 116 120 121 127 133 134 136 138 139 145 150 155 158 159 162 177
75 85 78 79 81 88 90 94 95 104 107 121 122 124 133 139 147 149 151 152 153 159 161 164 168 171 177 182 187 189 193 200
76 31 91 101 116 120 128 138 140 141 146 155 165 169 179 196 198
77 58 86 100 106 107 109 112 130 136 137 138 141 154 157 160 174 180 181 193 196
78 100 79 95 97 115 120 123 125 128 131 137 146 151 156 158 165 169 175 177 178 184 186 188 198 199
79 10 86 89 96 99 104 108 115 116 119 125 128 130 131 132 135 138 141 144 148 150 163 175 186 188 199
80 3 89 91 94 107 114 116 117 120 121 126 128 139 142 143 155 160 161 164 168 173 175 178 179 180 182 189 199 200
81 2 85 87 99 102 104 121 129 132 135 137 138 142 147 150 158 162 164 165 176 178 181 190 196 199
82 73 87 89 95 103 104 107 109 110 117 122 138 147 150 151 161 169 179 184 186 200
83 14 86 91 96 99 111 112 113 126 133 137 149 156 162 165 166 168 174 179 190 195 197
84 9 87 96 98 107 116 133 134 140 144 145 146 151 153 156 157 158 162 177 179 187 194 199 200
85 66 87 89 90 94 98 99 100 103 105 106 112 120 123 127 142 144 145 151 152 154 158 159 172 178 186 189 197
86 42 87 97 101 103 105 106 128 135 136 139 145 146 147 148 149 156 169 178 190 191 195
87 13 89 91 95 98 100 101 108 112 115 121 122 125 127 128 131 137 141 142 147 148 151 152 155 161 167 175 180 192 200
88 30 94 105 119 122 130 136 142 146 148 179 183 194 195
89 59 90 91 107 121 125 126 135 139 141 149 151 155 161 165 169 170 175 177 179 186 192 200
90 64 91 94 95 97 101 103 110 117 118 119 120 124 128 132 133 137 138 140 142 159 167 168 173 174 177 178 182 191 197 198
91 39 99 103 105 109 119 125 128 133 134 135 136 138 142 148 153 154 159 160 172 173 177 178 183 189 190 193 197 198
92 91 110 119 124 135 138 139 144 151 152 153 183 193 194 197 199
93 1 98 101 103 107 112 117 120 121 122 127 131 134 141 142 146 161 162 165 171 175 181 199
94 49 97 98 111 113 115 121 126 132 134 135 150 157 158 164 167 177 180 185 188 191 192 194 199 200
95 97 96 100 102 111 116 120 122 128 131 133 142 145 148 171 180
96 46 100 101 105 113 119 121 132 137 140 142 143 150 151 154 157 163 194 196
97 67 101 114 121 122 123 124 130 135 136 150 157 164 177 185 186 189 193 195 196 197
98 7 109 110 111 112 117 118 123 126 131 132 149 150 151 153 154 157 170 174 175 176 181 183 184 194
99 7 127 128 131 132 134 140 141 144 145 148 150 153 160 164 173 176 187 189 193 197
100 17 102 108 116 118 121 129 132 139 160 163 167 173 175 178 179 182 185 192 197
101 91 102 103 112 113 119 130 131 141 148 156 163 168 177 183 184 185 189
102 85 107 110 111 120 125 128 130 149 152 156 159 168 170 173 180 189 197 198 199
103 25 107 116 125 132 134 142 144 149 150 151 155 158 159 163 166 168 176 181 182 185 197
104 97 110 113 114 118 141 156 157 163 169 171 172 177 180 182 183 190 192 193 198 199
105 70 106 107 112 113 114 115 120 138 140 142 152 165 171 181 188 189
106 24 110 128 129 135 141 144 147 152 159 169 179 182 183 187 190 191 192 199
107 80 110 111 112 123 125 128 129 132 133 134 135 137 159 160 162 169 170 184 185 191 199
108 98 110 111 120 121 126 127 138 143 150 164 166 167 168 176 182 188 189 192 194
109 23 119 123 129 130 131 148 164 173 174 178 184 191 192 198
110 48 111 138 139 151 153 159 165 169 174 183 190 197 200
111 17 130 132 134 136 147 150 158 162 168 175 178 180 193 194 198
112 82 113 119 122 127 133 137 143 145 147 153 158 168 178 180 186 189 190 198 199 200
113 18 118 124 125 127 130 137 142 149 152 155 158 164 167 175 177 188
114 38 118 134 138 140 141 143 147 158 163 164 169 172 178 182 187 190 200
115 92 122 129 133 134 137 142 149 152 161 163 167 169 170 173 181 186 188 193 200
116 42 119 127 128 129 131 132 133 137 142 145 151 158 163 166 167 178 179 182 186 188 190 191 194 197
117 40 124 134 137 143 150 160 165 168 170 171 178 190 192
118 88 119 122 126 129 131 138 141 148 151 152 156 166 167 176 178 186 195 197 200
119 4 123 126 130 135 136 151 163 165 174
120 67 127 130 131 139 140 144 149 157 172 183 190 200
121 14 132 138 143 153 162 165 167 168 170 173 174 176 186 188 199 200
122 12 123 127 129 130 132 136 141 149 154 159 161 165 167 176 179 184 185 186 196
123 11 128 130 132 136 145 147 149 152 153 162 163 165 171 175 182 185 187 188 197
124 63 142 144 151 152 156 162 165 166 169 176 190 197
125 45 139 141 147 148 150 152 155 158 162 166 173 176 182 183 186
126 78 138 145 153 156 158 167 168 176 178 179 180 181 188 199
127 8 132 133 134 141 163 169 170 174 188 196 198
128 67 129 146 155 162 167 169 171 180 186 190 197
129 88 138 141 143 148 150 152 154 159 162 164 168 172 173 183 193 195
130 57 136 138 144 145 148 155 158 159 167 172 174 190 196 199 200
131 25 139 140 144 153 162 165 168 171 187 190 200
132 29 141 143 160 162 164 166 168 170 175 178 182 184 185 186 198
133 26 140 146 161 164 166 170 173 176 185 193 194 196 197
134 54 135 139 144 158 165 166 171 174 177 182 186 187 191 195
135 23 136 141 144 145 151 154 155 161 163 167 168 169 179 183 189 195 199
136 84 138 139 142 143 148 152 156 159 160 174 179 184 186 187 193
137 62 147 148 152 157 158 174 175 189 200
138 3 141 142 145 146 149 158 162 166 169 171 185 189 192 197 198
139 32 147 149 152 157 158 160 163 165 178 180 183 184 185 190 195
140 96 141 145 153 154 159 163 174 176 178 184 186 189 191 192 195
141 88 143 146 150 151 155 157 159 168 170 174 180 181 189 190 196 198
142 15 148 149 153 161 162 171 184 190
143 21 151 155 158 160 161 162 166 167 183 188 189 191 195 199
144 11 148 165 173 187 189
145 52 148 150 151 154 155 156 161 170 172 173 177 178 191 194 195 197 200
146 29 149 159 169 175 178 179 181 185 188 189 190 191 192 193
147 45 152 153 162 163 171 172 179 188 189 193 195 200
148 82 150 151 153 154 155 156 159 169 170 173 174 177 183 187 194 195
149 96 151 152 156 159 161 165 167 174 177 178 181 182 187 192 195 198 200
150 85 153 155 156 157 158 160 163 181 183 185 195 197 200
151 54 155 160 165 168 178 179 183 196 198
152 100 155 171 174 180 186 195 197 199
153 59 157 158 159 172 185 192 193
154 54 156 161 163 166 173 175 184 186 196
155 9 158 160 167 168 177 179 188 189 192 193 200
156 20 159 160 168 169 170 171 182 183 185 188 194 195
157 37 166 175 183
158 40 160 162 165 171 172 179 183 185 189 197 200
159 87 169 171 172 189 192 197 199
160 89 163 164 165 169 174 179 183 187
161 92 162 166 173 174 181 182 188 191 193 196 199
162 1 166 167 169 174 178 180 182 189 198
163 32 167 173 178 179 184 187 191 196
164 70 165 167 171 175 187 188 190 200
165 91 191 194
166 96 170 172 179 181 183 189 195 197
167 27 170 176 182 189 191
168 90 170 176 178 179 183 192 193 198
169 87 171 184 189 193
170 9 174 177 180 186 188 190 195 196 198
171 30 176 185 189 196
172 83 174 182 184 196
173 7 181 184 187 192 193 196 198
174 56 183 184 186 188 189
175 77 185 187 192 198
176 51 177 181 185
177 55 178 191 196
178 20 182 183 185 188 189 195 199
179 76 187 196
180 44 182 190 191 194 195 197
181 10 183 184 191 196 197
182 29 184 187 188 190 193 194 197
183 94 185 188 198 199
184 61 186 190 194 196
185 26 189 191 194 195
186 20 188 193 196 197
187 74 193
188 66 198
189 99 190 192 194 199
190 98 193 200
191 66 197 199
192 39 197
193 19 197 198
194 44 196
195 33 196
196 50 197
197 74 198
198 65
199 94
200 68
