200
1 55 3 6 8 9 11 16 19 23 29 34 35 36 39 45 46 47 48 49 50 53 54 58 59 62 63 66 68 70 72 74 80 81 83 86 87 91 93 96 98 101 102 103 110 111 112 118 119 123 125 131 132 133 134 136 139 140 143 155 159 168 172 173 174 175 177 180 182 183 187 188 193 196 198 200
2 46 4 5 12 14 15 18 19 20 22 23 24 26 30 32 33 34 37 43 44 46 48 52 54 57 58 61 62 67 68 78 79 81 83 86 87 93 98 104 105 106 107 112 113 117 118 122 123 130 134 135 137 138 142 144 147 149 151 152 155 156 157 158 161 163 165 169 171 175 177 182 183 188 194 197 199 200
3 74 4 8 9 10 12 19 22 24 26 29 33 36 40 41 42 43 44 45 47 49 50 66 67 68 69 71 72 74 77 81 85 87 88 90 91 94 99 105 108 109 110 111 112 114 115 120 123 125 126 127 130 131 132 133 134 136 137 138 141 143 145 146 147 148 150 154 156 158 159 161 162 164 165 172 173 175 177 178 179 183 184 185 187 188 193 195 197 199
4 53 6 8 9 11 16 17 24 25 26 34 36 42 50 52 53 54 55 57 59 65 70 71 72 73 74 75 76 77 83 86 87 88 89 92 93 96 102 105 107 109 111 112 114 120 128 130 132 133 134 135 137 139 140 143 145 148 149 151 164 167 171 173 174 175 177 180 182 186 188 189 190 194 196 200
5 33 7 10 11 13 14 16 17 19 20 22 30 32 33 35 38 41 44 47 51 54 55 56 62 65 67 69 70 71 76 77 79 80 81 84 88 90 91 96 97 98 99 100 101 108 112 113 114 115 116 119 121 123 128 129 130 132 134 137 147 149 150 151 153 154 155 160 161 163 164 165 166 171 172 173 174 176 178 179 183 184 191 194 197 198
6 71 7 13 15 17 19 21 24 25 27 30 37 39 40 43 45 46 47 54 55 56 57 62 68 71 76 80 81 87 88 93 94 95 96 99 100 104 106 109 110 111 113 116 117 120 122 124 125 126 129 131 133 134 139 142 143 145 146 148 153 154 155 159 162 163 164 167 173 174 175 186 187 192 193 194 195 196 197 198 199 200
7 49 8 11 14 21 22 26 30 34 35 37 40 42 44 45 46 50 53 54 55 56 60 61 63 65 67 68 69 72 74 77 79 83 84 85 87 88 91 93 98 101 106 117 118 120 122 126 127 130 131 133 136 140 141 144 145 149 152 153 154 157 161 162 163 165 166 169 170 173 175 178 180 185 194 197 198 200
8 36 9 11 13 15 16 17 22 24 29 30 34 35 37 38 41 43 44 45 49 58 60 67 69 72 76 77 78 79 81 85 86 87 88 91 97 98 100 101 102 107 112 113 114 115 116 118 121 122 123 126 127 129 132 133 134 143 144 146 149 152 156 157 161 166 167 168 172 182 183 186 189 195 196 198 199
9 95 14 15 17 19 21 25 26 27 29 30 34 37 38 39 42 43 49 51 54 56 58 59 63 67 68 69 70 72 83 85 88 91 93 97 100 103 105 107 115 116 117 119 122 123 124 125 126 127 131 132 133 135 136 138 139 141 144 145 147 151 152 153 154 157 158 161 162 163 171 173 174 176 178 181 182 186 187 190 191 192 193 195 196 197 198 200
10 68 11 13 14 20 21 22 23 25 26 30 39 41 43 45 47 49 52 53 57 58 60 64 67 68 71 72 74 80 83 85 87 89 91 92 93 95 97 99 100 107 108 114 115 123 124 129 131 132 134 135 136 139 141 142 145 146 148 149 151 154 155 156 159 163 164 165 166 172 173 179 180 181 183 185 186 187 193 196 198 199
11 92 12 13 15 21 22 23 24 26 29 30 31 34 36 47 50 57 59 60 61 62 67 71 80 87 92 97 98 99 101 103 104 105 107 111 114 115 116 118 119 120 127 128 130 132 133 137 139 142 144 150 151 152 155 157 160 163 164 170 172 174 176 177 178 180 185 188 189 191 192
12 27 13 17 20 21 26 28 29 30 31 37 40 46 48 49 57 59 60 62 66 68 73 75 76 78 79 81 85 88 89 91 92 94 98 108 110 111 114 115 117 120 122 129 130 132 133 134 136 138 142 143 144 148 150 162 170 172 173 174 175 176 178 180 183 184 191 193 199
13 98 14 15 17 19 21 26 27 30 32 36 37 39 42 49 50 55 57 61 68 72 75 76 78 84 87 90 91 93 95 97 98 103 109 110 118 121 122 125 126 131 133 134 135 141 147 154 156 157 158 160 163 164 165 168 173 174 175 179 180 184 185 186 188 190 193 194 197 198
14 30 15 16 21 22 24 28 31 32 33 36 37 38 39 42 47 48 49 51 58 60 69 71 74 75 78 80 81 84 85 86 87 88 91 93 95 97 99 103 107 108 109 112 113 115 116 117 120 122 125 126 128 131 139 140 141 142 146 147 154 155 160 161 165 168 169 172 173 174 175 176 177 179 182 186 188 191 193 195
15 96 17 18 19 21 22 24 28 31 33 35 36 44 47 49 52 53 55 57 58 62 68 71 72 75 77 81 84 87 88 93 94 99 101 102 103 107 109 112 115 117 119 120 121 122 125 127 128 129 131 133 137 143 145 146 148 149 151 152 153 155 157 166 171 176 178 181 182 185 187 191 192 193 195 199
16 96 17 20 22 25 29 30 31 35 41 42 43 46 48 51 53 54 58 59 62 64 66 70 72 73 74 76 77 81 89 91 92 93 97 98 100 102 107 108 109 111 112 113 118 121 122 129 132 135 138 139 140 142 145 149 152 153 155 158 159 160 161 163 165 166 169 175 178 180 183 185 187 189 195 198 199
17 37 20 22 23 26 28 29 30 33 34 35 36 39 41 42 47 49 51 55 56 59 60 64 67 68 70 72 73 76 78 80 81 83 84 85 87 89 91 93 96 97 98 101 103 106 108 109 110 111 113 116 121 128 129 132 134 136 140 141 142 143 144 146 151 152 154 155 156 157 158 159 161 167 168 170 173 174 178 185 191 192 193 195 197 200
18 57 19 20 22 23 24 29 30 33 35 40 43 45 50 51 55 56 59 61 62 66 67 71 73 74 78 79 80 83 86 97 99 101 103 104 109 111 112 113 119 123 124 125 130 132 133 134 136 141 142 144 145 146 149 150 152 155 157 158 159 165 172 173 176 177 178 180 181 182 183 186 187 190 191 193 196 198
19 55 20 22 26 29 33 35 38 39 44 48 53 57 59 60 67 68 78 79 80 83 91 94 96 97 101 103 104 106 110 114 117 120 122 123 129 130 131 133 134 140 142 143 144 147 149 150 151 156 157 161 165 173 175 177 181 186 188 192 193 198 199
20 96 21 23 24 29 30 32 35 38 40 43 45 47 49 52 53 58 63 64 66 69 73 75 81 84 86 88 90 91 103 106 108 111 112 114 118 120 127 131 138 139 143 144 146 148 149 151 154 156 157 159 161 163 164 166 169 171 174 176 178 179 182 188 195 197 199 200
21 96 22 24 31 32 39 40 41 42 44 45 46 52 53 54 55 56 58 61 62 64 66 67 72 73 75 77 78 82 85 87 92 95 99 101 103 107 108 110 113 114 115 116 118 119 124 125 126 127 128 129 133 135 136 137 139 145 146 147 150 151 153 155 156 159 161 162 165 167 168 173 177 179 180 185 187 188 192 194 198
22 75 24 26 30 31 33 34 35 41 42 43 50 52 53 54 59 61 64 68 69 73 79 81 82 88 89 90 91 92 93 94 97 101 106 111 112 113 114 116 118 119 120 121 129 130 134 135 136 137 138 142 143 144 145 147 148 150 151 156 157 158 159 161 165 170 176 185 186 187 190 191 193 199
23 84 24 28 29 31 34 35 37 40 46 48 49 50 53 54 56 58 62 63 64 67 68 69 74 76 77 80 81 82 85 86 87 90 92 93 94 97 98 102 108 109 110 111 114 117 119 120 125 129 132 133 135 142 143 145 149 150 151 152 153 154 155 156 158 160 165 167 168 169 170 171 175 178 179 181 185 186 188 189 190 191 199
24 32 26 27 28 29 31 32 35 36 42 47 48 51 53 54 55 56 60 62 66 75 77 79 81 82 85 87 92 95 96 98 99 100 101 103 108 109 110 112 114 115 116 117 118 122 125 131 134 135 136 142 145 146 150 157 159 160 164 165 167 171 172 174 175 179 180 182 184 185 186 192 197 199
25 45 26 33 35 36 39 45 46 49 51 57 61 62 63 67 68 70 71 75 76 78 79 85 88 89 90 94 95 102 104 106 108 112 115 116 119 121 123 125 128 129 130 134 136 138 140 144 147 148 149 152 155 157 162 163 165 166 168 173 174 175 179 180 181 183 185 186 187 189 191 192 193 195 199 200
26 84 27 28 29 30 31 34 35 38 39 41 43 44 45 47 54 55 56 57 59 60 61 62 64 65 68 70 71 72 75 79 80 81 82 85 86 87 93 94 96 97 100 101 102 105 110 114 115 116 119 121 125 133 134 135 139 140 141 144 145 151 152 153 155 156 157 160 163 164 169 175 176 179 180 185 187 192 194 195 197
27 20 29 30 31 32 33 36 37 39 42 47 48 49 53 54 59 60 64 66 67 77 80 82 83 87 88 89 92 93 98 102 107 115 117 119 120 122 125 126 127 131 132 133 134 135 137 139 140 143 144 146 148 150 152 155 158 161 164 165 166 169 170 177 179 180 183 184 185 190 191 192 195 199 200
28 35 31 36 37 39 40 43 47 48 54 55 56 59 63 65 66 67 74 77 84 85 86 92 93 94 97 99 102 103 105 109 110 114 116 118 120 124 125 132 134 135 137 138 145 146 148 150 151 153 154 157 158 159 161 162 165 166 169 170 171 177 181 183 184 185 186 187 189 198
29 53 30 33 34 35 37 38 46 47 49 51 52 55 59 61 69 70 72 77 80 85 87 91 93 95 100 101 102 111 112 113 114 119 120 121 125 126 127 130 131 132 133 136 138 142 143 145 148 149 150 151 156 157 159 164 166 168 174 175 177 178 184 190 193 195 196 200
30 41 31 33 36 38 39 44 45 47 48 52 53 58 59 65 66 68 69 70 72 73 76 77 79 80 81 83 84 86 88 90 93 94 98 99 102 107 111 113 115 116 120 125 126 127 128 129 134 135 136 137 138 140 144 146 148 153 156 157 158 159 160 161 162 166 167 172 173 176 178 182 184 185 186 188 190 191 197 198 199 200
31 23 32 33 40 43 46 48 49 50 54 55 56 58 60 68 70 76 77 79 81 83 86 87 91 95 96 97 98 100 102 103 107 110 113 114 117 119 121 123 126 128 131 132 133 136 137 142 144 149 155 158 160 165 168 171 173 175 177 178 182 185 186 187 188 189 194 200
32 51 33 34 35 36 38 45 48 51 52 56 57 58 59 61 69 70 73 74 75 79 84 85 87 88 90 91 92 95 96 98 100 106 108 111 112 114 116 117 121 124 127 130 132 133 136 137 144 145 146 149 151 152 153 154 155 156 157 158 160 163 169 170 174 175 179 182 185 187 188 189 191 193 194 195 197 200
33 93 35 38 39 40 41 48 49 50 53 54 55 62 63 64 65 66 68 69 72 74 78 80 82 90 93 95 98 101 102 107 108 114 117 119 122 123 126 130 131 132 134 136 137 148 151 154 156 157 160 168 171 176 178 179 181 182 190 191 194 195 197 198 199 200
34 70 38 42 50 52 53 56 57 60 61 66 70 72 73 74 77 80 83 86 88 91 95 96 97 98 100 104 105 107 108 109 111 112 114 115 116 117 120 125 127 128 129 131 132 134 138 139 140 142 149 154 155 156 161 162 164 165 166 168 169 172 173 176 178 180 182 183 187 188 190 192 197 198
35 45 42 45 46 49 50 53 54 55 57 59 61 64 65 70 71 79 81 91 92 95 96 99 100 107 108 109 112 116 125 126 127 132 133 134 135 136 146 149 153 154 155 160 161 163 165 167 169 173 176 178 184 185 186 189 190 194 196
36 32 37 40 41 44 50 52 53 58 63 64 68 69 71 72 79 81 86 87 88 89 91 92 94 96 98 99 100 105 112 122 136 137 139 143 146 147 148 150 153 155 156 157 158 160 162 163 168 169 170 172 173 174 178 179 180 181 186 187 188 189 193 194 196
37 24 40 41 42 54 55 57 58 60 69 70 73 76 78 81 82 85 90 94 100 101 108 109 110 111 116 118 120 122 125 129 130 133 135 137 138 139 140 141 147 148 157 158 165 166 167 170 173 176 181 183 184 186 188 196 197 198
38 21 44 45 46 47 49 51 60 61 67 71 72 75 76 79 80 82 83 85 89 91 93 94 99 102 103 104 106 110 111 113 115 119 123 132 134 136 137 142 143 144 145 148 149 152 153 154 160 162 163 164 166 168 171 175 176 180 184 187 190 195 196 197 199 200
39 95 41 46 49 50 53 54 55 57 58 66 68 71 72 73 74 83 88 89 90 91 99 103 104 106 107 108 112 113 115 122 126 128 129 131 134 136 143 144 149 151 152 153 155 159 162 163 164 166 167 174 175 177 178 180 188 190 191 195 200
40 91 41 43 52 53 58 60 62 63 64 67 68 69 70 71 76 82 85 89 90 97 103 108 115 118 119 120 129 130 135 138 140 143 147 149 150 156 159 160 166 167 170 171 172 173 175 178 180 182 183 186 189 193 198
41 35 43 49 52 55 56 59 61 62 66 68 69 72 82 87 89 91 93 94 96 109 112 114 121 124 125 129 130 131 132 135 141 143 145 147 148 150 153 155 158 161 162 166 169 170 172 175 176 179 181 185 191 195 198 200
42 61 43 45 46 48 51 52 54 56 58 60 61 63 64 65 66 67 70 73 74 78 79 82 86 88 96 102 104 107 109 110 111 113 114 116 119 122 123 125 134 138 140 144 146 148 150 151 152 153 155 157 160 164 166 169 170 176 177 178 179 187 189 191 192 194 195 197 200
43 31 45 46 48 51 54 61 64 67 70 73 76 78 80 82 83 85 86 94 96 97 98 100 103 104 107 108 110 112 117 119 120 124 136 137 139 142 143 146 150 151 152 153 155 159 162 163 164 169 171 174 177 178 179 180 181 182 184 185 188 189 192 194 197 198
44 28 47 48 50 54 56 57 60 61 63 65 68 70 72 75 77 78 79 88 92 98 100 101 106 108 111 112 113 116 118 120 126 127 130 131 133 135 140 149 150 152 153 154 157 158 162 165 166 170 178 182 183 186 189 192 196 197 198 199 200
45 44 47 48 49 53 55 58 59 60 61 63 65 66 67 69 71 75 76 78 84 85 88 91 93 94 96 98 101 105 106 107 108 109 117 122 123 127 129 132 133 135 138 141 142 143 145 147 151 158 159 162 163 164 166 167 169 172 173 177 179 180 186 188 193 194 198 200
46 89 47 48 50 51 52 59 62 64 65 67 72 76 79 81 83 88 89 90 91 97 98 100 101 103 108 109 112 113 115 116 117 119 120 121 124 130 131 134 139 142 144 145 146 147 151 152 155 156 158 169 175 176 179 181 186 187 189 193 194 197 199
47 99 49 50 51 53 62 63 65 68 69 71 81 85 88 92 99 100 106 116 119 122 125 127 131 135 139 145 147 148 149 154 155 158 159 162 164 167 168 170 172 173 174 175 180 184 185 186 188 189 190 191 194 196 198 199
48 40 49 53 54 55 59 62 64 65 70 71 73 75 82 83 84 91 93 94 96 101 102 103 105 108 110 111 112 113 118 122 124 125 128 129 130 131 132 133 136 138 141 143 144 145 146 147 150 152 153 155 156 159 166 167 168 169 172 176 178 180 183 184 185 187 191 198 200
49 94 56 58 59 60 61 64 66 67 68 69 70 72 78 81 83 85 86 87 88 92 94 95 96 97 102 103 104 105 107 108 111 112 115 116 117 119 120 121 123 125 126 128 130 133 138 141 142 148 152 154 156 160 164 166 168 174 175 178 180 181 185 186 187 188 190 191 193 196
50 60 51 53 58 59 61 70 71 72 73 75 76 78 79 82 83 87 88 91 92 96 98 101 102 110 111 113 115 116 118 120 125 131 133 140 141 146 148 152 153 156 158 160 161 163 165 166 168 169 171 173 175 178 179 180 181 185 192 197 198 200
51 58 53 55 57 61 65 66 67 72 73 74 79 80 82 84 89 92 96 100 101 103 105 106 108 114 115 124 126 127 128 130 131 132 133 136 139 140 144 145 146 150 152 153 158 159 161 163 165 166 168 172 173 174 177 178 179 183 184 185 187 189 190 191 196 197
52 80 55 57 60 62 68 72 73 74 76 78 79 80 82 83 85 89 91 93 96 97 98 101 105 108 110 115 117 119 122 126 129 130 132 133 134 135 136 137 139 146 152 153 154 159 161 163 164 165 166 170 172 173 174 179 180 181 182 186 188 190 191 199
53 97 56 57 58 60 61 64 65 67 72 73 76 78 79 84 88 92 94 96 97 99 100 102 107 108 111 115 118 119 121 124 126 131 133 134 135 137 139 142 143 146 147 148 149 152 153 155 157 162 167 168 171 173 175 179 180 182 183 189 190 191 192 193 195 199
54 80 57 60 61 64 67 68 69 70 71 72 74 75 76 78 80 81 84 86 88 89 90 92 95 98 100 101 102 108 111 114 118 123 124 126 130 136 137 139 141 144 151 152 154 158 162 163 165 166 167 171 176 177 179 183 184 186 188 189 190 193 196 200
55 36 59 62 63 69 72 73 74 76 83 84 85 88 89 91 92 95 97 99 100 103 108 112 114 116 118 119 122 124 125 126 128 130 131 132 133 134 136 139 140 145 146 147 148 151 152 154 155 156 167 170 173 178 179 181 184 187 190 193 195 199
56 80 58 61 64 66 68 74 75 77 81 82 88 91 92 93 94 95 97 98 99 101 104 111 113 114 116 119 122 125 127 129 130 131 133 134 140 142 143 144 145 149 151 155 159 160 161 166 167 169 171 172 174 176 178 183 186 190 193 194 195 196 197 198 200
57 65 59 60 64 68 69 70 72 77 81 82 84 87 89 90 93 96 98 99 100 104 109 111 113 115 116 117 118 122 125 127 130 133 141 146 149 150 152 154 156 159 168 170 171 172 173 180 181 184 186 190 192
58 71 59 64 66 68 69 77 80 81 82 83 84 86 88 95 96 97 99 102 117 121 123 128 133 134 137 144 148 149 150 152 153 155 157 159 162 164 166 167 169 171 172 178 182 183 190 194 195 198 200
59 89 62 65 66 67 72 74 78 83 85 86 89 90 92 94 95 96 104 108 110 112 115 119 122 123 125 126 129 131 133 136 138 141 142 145 147 148 149 150 151 159 164 165 166 167 168 169 170 171 174 180 181 183 184 185 186 188 189 190 192 195 197
60 43 63 65 66 67 68 71 73 74 75 80 81 83 87 89 90 92 93 96 97 102 103 105 112 113 122 125 126 128 130 132 135 138 140 146 147 148 150 151 152 155 158 159 161 163 164 166 169 172 173 175 178 183 184 185 187 189 190 191 192 194 195 196 200
61 90 64 65 71 73 74 76 81 82 83 84 87 90 91 95 98 100 102 105 107 108 111 112 116 117 121 122 123 129 130 137 138 139 145 146 148 149 151 153 156 157 158 160 165 169 170 171 175 176 183 184 188 190 191 196 197 198 199 200
62 66 63 65 67 68 72 74 75 77 80 82 83 84 87 93 95 99 101 104 106 110 111 112 114 116 117 121 124 126 128 131 132 135 136 141 145 147 149 151 156 162 163 164 172 173 175 178 179 181 183 185 186 187 188 190 191 192 193 196 197 199
63 57 66 67 74 75 80 81 83 85 87 91 92 96 99 101 103 104 106 107 108 110 112 114 115 117 121 122 123 128 131 132 136 139 144 145 146 149 151 152 154 157 158 164 167 172 173 174 177 180 181 182 187 189 190 191 194 197 199
64 31 66 67 71 74 75 77 78 81 83 86 90 93 94 96 100 102 103 111 113 118 119 120 122 124 125 127 129 133 134 138 139 142 146 147 150 152 153 155 156 157 160 161 162 165 166 172 173 174 178 183 186 189 190 195 197
65 62 69 70 71 72 73 77 83 84 85 89 90 94 97 100 104 106 110 112 114 115 120 121 122 123 125 126 129 130 132 134 137 138 139 143 146 147 149 154 157 163 166 169 171 173 178 180 184 185 186 188 189 192 198 200
66 37 76 82 84 91 93 99 100 101 103 106 109 114 116 121 122 123 126 134 139 144 146 149 150 151 152 153 156 158 162 163 166 168 170 173 182 183 185 192 195 198
67 84 68 79 82 83 85 87 89 90 91 94 96 98 102 105 108 109 114 115 120 121 123 124 129 130 134 137 140 143 146 149 150 152 153 154 161 169 170 172 174 177 180 181 183 187 189 190 192 193 194 196
68 33 69 70 75 78 79 82 83 84 88 99 102 103 107 109 115 117 120 122 123 124 127 130 138 140 141 145 149 150 153 154 155 156 158 159 160 162 163 166 167 169 170 187 188 192 194 195 197 199
69 86 74 80 88 90 92 93 94 99 100 101 104 105 108 112 114 115 117 120 128 129 130 131 143 144 146 148 152 153 159 160 167 168 170 176 177 184 186 189 190 192 199
70 74 74 78 79 81 82 83 87 92 93 94 96 99 100 106 108 112 113 122 124 125 128 130 132 133 136 138 139 141 144 145 148 149 151 157 163 166 167 173 174 175 180 184 186 192 193 194 196 198
71 97 72 73 75 79 81 82 84 90 91 92 93 94 95 96 98 99 100 102 104 108 115 116 119 120 122 126 127 128 131 134 135 136 140 141 150 151 152 153 154 157 158 159 162 164 173 175 177 182 188 194 196 198 199
72 48 75 76 77 81 83 85 89 91 97 101 103 106 109 112 115 117 120 123 124 128 129 133 134 136 138 142 144 146 147 149 151 154 155 156 158 162 169 170 175 178 179 180 181 183 186 188 189 190 191 194 196 198 199
73 68 76 80 83 84 94 96 100 102 105 107 113 115 116 117 118 119 121 127 128 134 138 141 142 143 144 146 148 153 154 155 158 159 161 171 173 175 179 181 184 188 189 190 193 194 196 198 200
74 64 78 82 85 87 89 90 92 94 95 98 102 104 105 106 110 114 116 117 118 119 120 121 124 125 128 131 132 133 134 138 140 142 145 148 149 153 155 157 158 161 170 172 173 174 176 178 179 184 185 187 192 193 194 199
75 45 77 81 82 85 91 92 93 99 100 101 110 111 113 114 115 117 121 124 125 130 132 134 139 140 141 143 144 147 150 153 155 160 161 163 165 166 171 172 176 179 180 183 185 188 197 199
76 56 78 84 88 92 93 95 98 100 103 105 106 107 112 117 118 122 123 125 132 133 136 137 141 142 143 144 146 147 150 151 154 158 160 161 166 169 174 175 180 187 188 192 194 196 198 200
77 54 80 84 85 86 88 90 92 93 100 104 105 106 110 111 113 116 118 121 122 124 125 126 127 129 131 132 133 134 135 136 137 140 141 142 143 146 148 151 155 157 159 160 162 166 170 171 175 177 178 181 186 187 188 190 192 193 198
78 92 82 85 86 87 90 96 113 116 117 118 122 123 129 134 135 136 141 142 143 152 153 154 158 162 164 165 171 173 177 180 186 189 190 191 192 194 197 198
79 91 80 81 82 83 89 91 92 97 104 107 110 111 115 116 118 119 124 125 126 127 131 132 135 137 138 139 142 145 146 147 149 150 158 160 161 165 166 168 171 177 179 184 185 186 190 194 195 196 197 199
80 59 81 88 91 92 93 95 98 101 102 104 105 106 112 116 117 118 119 122 123 124 127 130 135 137 138 139 140 143 154 155 157 158 159 163 164 167 168 169 170 171 173 182 184 188 189 191 193 195 197
81 56 84 86 87 88 89 90 94 99 103 106 108 111 114 115 119 120 122 129 131 132 136 139 142 144 147 148 150 156 162 164 165 167 168 170 172 174 175 178 179 182 184 189 191 192 194 197 198
82 56 84 85 88 92 99 105 106 107 108 110 111 112 116 118 120 123 126 128 130 131 135 143 147 148 149 150 156 157 161 163 164 166 167 169 170 171 173 178 181 184 188 191 192 196 197 198 199
83 67 84 86 89 90 95 96 97 98 99 100 101 102 104 109 110 113 114 120 121 122 123 127 133 135 139 141 142 143 144 148 168 169 170 171 172 175 177 179 184 186 191 194 199 200
84 79 85 86 89 97 99 106 107 108 111 112 113 114 116 119 120 121 122 123 126 127 128 133 134 135 136 138 143 144 146 147 148 149 152 155 156 158 161 163 168 177 178 180 188 189 192 194 195 198 199 200
85 41 90 91 92 96 99 100 102 103 105 106 107 109 111 113 114 115 116 117 120 127 128 130 132 134 135 136 137 139 143 147 148 149 150 151 154 156 158 160 162 166 172 182 185 188 189 193 194 196 197 198
86 55 88 89 97 100 103 104 105 108 109 113 115 116 119 121 122 124 126 127 132 139 147 148 152 156 160 162 163 165 177 179 182 184 185 187 188 193 195 197
87 26 90 98 99 100 104 106 107 109 112 116 118 121 122 125 128 129 142 143 144 146 154 156 161 163 166 169 170 172 173 174 175 178 179 182 183 184 185 186 196
88 77 90 92 96 97 100 101 103 104 107 110 111 112 115 117 121 126 127 129 131 134 136 142 147 148 155 156 159 165 168 169 172 177 178 181 182 183 185 186 188 189 191 195 196 198 199
89 42 90 91 93 94 95 98 100 101 104 106 107 110 111 113 114 116 120 124 126 128 131 132 135 138 139 140 142 147 149 151 156 157 158 161 162 166 168 173 176 177 178 179 182 184 186 187 189 192 194 196 197 200
90 40 96 97 101 102 103 104 110 111 116 118 119 123 124 126 132 139 143 145 149 152 154 158 160 163 164 166 168 171 174 176 185 187 190 193 194 195 200
91 85 93 94 98 99 100 101 105 107 111 114 117 124 126 128 130 131 134 136 137 138 143 144 148 151 153 155 157 159 162 163 165 170 174 177 179 180 185 186 187 190 192 196 198 200
92 83 94 97 99 100 101 103 104 107 110 111 112 114 116 117 120 122 123 126 128 130 132 134 137 143 146 147 153 154 155 159 161 162 163 166 169 171 172 173 174 178 179 184 185 186 189 190 191 194 197
93 20 94 95 105 107 108 109 114 115 121 123 125 126 135 141 142 147 148 149 151 152 156 158 160 162 165 166 168 172 181 182 186 188 190 191 192 193 194 195 197 200
94 33 95 97 100 104 109 110 118 121 127 129 130 131 133 134 135 137 139 140 141 144 147 153 157 162 165 168 170 171 173 175 177 179 180 181 183 191 192 195 198 199
95 20 96 103 104 106 107 108 111 118 119 121 124 128 138 142 145 146 149 151 155 157 158 159 160 161 162 165 167 169 170 173 174 175 177 178 184 187 188 194 198 199
96 73 97 100 104 105 107 109 110 114 115 116 121 125 127 129 132 134 135 139 141 146 148 149 150 151 154 155 157 158 159 160 161 162 165 168 171 172 175 180 182 185 186 188 189 191 194 195 198
97 65 100 101 102 105 110 113 115 116 118 120 122 123 125 126 127 128 129 135 140 141 143 146 147 152 153 155 156 157 159 164 170 171 173 175 177 181 184 185 186 188 195 196 197 200
98 63 99 103 104 108 109 110 113 118 120 121 123 124 129 130 134 137 140 144 145 146 150 153 154 156 157 161 162 163 167 169 171 173 179 182 183 184 185 188 194 197
99 28 104 105 109 111 119 122 124 127 130 133 140 142 144 145 147 152 155 158 159 163 166 167 168 169 170 176 180 186 188 189 195 198 200
100 80 103 105 113 118 119 121 122 136 139 152 153 159 160 161 169 170 174 175 176 178 179 180 183 185 186 188 189 190 192 194 198 200
101 90 103 109 111 113 114 115 117 119 120 121 123 124 127 130 131 133 134 136 138 140 141 144 146 153 154 155 157 158 163 166 170 171 172 180 181 183 185 186 190 193 194 195 196 198 199 200
102 70 103 104 105 112 113 116 118 120 125 128 131 132 133 134 135 139 141 143 144 146 150 154 156 160 170 171 174 177 180 182 184 186 187 193 194 195 196 198 199 200
103 69 105 106 108 112 113 116 117 119 120 121 122 126 127 128 130 132 133 135 136 137 138 139 141 142 144 151 155 156 157 158 164 171 172 173 174 176 177 179 183 184 186 187 188 191 195 196 199
104 51 105 107 111 115 116 119 120 122 125 127 128 129 131 132 138 140 141 143 145 146 148 150 152 156 157 159 160 164 165 167 168 169 173 176 179 185 186 189 192
105 100 113 118 119 122 124 125 130 131 134 136 137 139 144 145 146 151 152 157 159 162 164 169 170 174 175 176 177 179 180 181 182 183 186 187 189 193 197
106 55 111 112 113 114 115 119 120 121 122 133 134 136 137 138 140 148 153 154 157 160 161 167 168 169 171 172 173 177 178 179 180 182 187 191 192 193 195 197 198 199
107 62 109 112 116 117 119 124 127 129 131 143 144 145 146 147 150 151 156 159 160 171 172 180 183 184 185 187 192 198
108 100 110 114 116 118 120 121 122 123 131 134 136 137 140 142 143 146 151 152 153 156 158 159 162 164 168 169 177 184 186 192 194 196 198 200
109 97 111 112 119 123 126 130 132 133 134 135 138 142 143 146 149 151 160 168 172 175 177 178 181 182 187 189 190 194 195
110 78 116 117 119 121 123 128 129 133 135 136 137 145 149 151 152 153 154 155 156 162 163 165 167 168 169 170 173 174 176 178 181 182 185 186 187 189 191 192 196 199 200
111 64 113 115 116 117 118 119 120 122 126 129 131 137 138 141 147 151 156 158 163 165 169 172 173 176 177 180 185 187 188 192 197 200
112 31 113 114 116 120 125 127 128 130 134 135 143 145 148 152 153 155 157 159 164 169 173 176 178 179 181 186 196 199
113 56 115 118 123 124 127 132 136 138 139 142 144 150 152 153 154 155 160 161 162 164 165 167 169 170 171 173 174 179 180 186 187 189 195 197 199
114 67 115 118 121 122 125 126 127 129 130 136 137 138 139 141 142 143 146 150 151 154 160 161 163 166 168 169 170 171 172 183 184 190 193 194 195 200
115 42 117 118 120 121 123 125 127 130 131 133 134 135 137 138 146 149 152 153 157 158 159 160 161 163 164 167 172 173 175 178 180 186 187 192 194 197 198 200
116 70 118 120 126 128 134 138 142 144 146 148 149 151 160 161 163 164 165 166 173 177 183 187 194 200
117 93 118 119 120 122 123 124 125 131 132 134 139 141 142 144 146 147 148 149 150 151 152 161 163 164 165 167 170 171 172 173 174 176 177 179 181 182 184 193 194 195
118 91 119 127 131 136 137 140 142 153 154 155 160 161 162 164 166 167 170 171 174 175 178 179 184 185 189 191 193 194 195 198 200
119 48 121 123 124 125 126 130 133 134 138 139 140 141 143 144 145 148 149 152 153 157 158 163 166 167 171 172 174 176 177 179 180 184 190 191 192 195 197
120 66 125 128 130 135 138 139 142 144 146 149 150 153 155 157 158 159 160 161 167 168 170 171 173 174 175 178 179 183 185 186 190 193 195 197 198
121 35 122 125 128 141 142 144 145 149 152 160 161 163 164 166 168 171 172 175 176 178 181 183 186 187 188 190 193 196 197 200
122 75 123 124 127 129 130 131 136 137 138 144 145 152 154 157 158 159 160 169 170 171 175 177 178 181 183 186 187 190 191 192 197 200
123 20 127 132 133 134 137 143 145 146 147 149 151 154 155 156 162 165 169 171 174 179 182 183 185 186 188 189 197
124 61 127 128 129 130 131 132 133 135 140 142 145 146 148 150 151 152 157 158 162 169 170 171 173 175 185 186 188 189 191 194 195 196
125 67 126 128 129 136 140 141 146 148 149 150 151 152 155 157 159 162 163 165 170 172 173 174 175 182 184 186 188 189 191 192 193 198
126 24 128 130 136 138 139 142 145 147 150 151 152 155 156 160 162 163 166 167 171 173 174 182 185 187 189 192 194 197 198
127 87 128 129 133 137 138 141 142 147 152 154 156 159 163 165 166 168 169 170 173 175 177 178 180 181 185 187 188 190 194 195
128 72 130 132 135 136 137 139 144 145 147 149 151 153 154 156 158 159 162 166 167 168 169 173 174 177 178 180 183 184 185 186 187 191 193 194 195
129 26 131 132 133 134 135 137 140 142 143 144 146 151 153 160 167 168 169 172 174 175 177 178 180 181 185 195 196 197 198
130 73 131 133 138 143 145 149 150 153 154 159 162 163 164 166 169 173 175 177 190 192 193 198 199
131 40 132 137 138 143 145 146 149 151 152 161 162 167 169 174 177 178 179 186 188 195 198 199 200
132 24 134 136 137 140 141 143 144 146 148 151 152 153 154 159 161 163 165 170 171 173 174 175 179 181 182 190 191 193 194 196 197 198 200
133 92 135 142 144 145 149 150 151 152 153 154 156 157 158 159 160 162 163 164 166 168 172 173 174 176 179 181 182 187 192 194 195 200
134 26 137 139 141 144 146 153 155 157 158 162 166 170 172 174 175 176 184 186 188 189 190 196
135 64 137 147 148 151 158 159 162 168 169 171 172 173 175 176 177 179 181 182 186 192 193 197 199 200
136 37 140 143 148 150 154 155 157 161 162 163 165 166 167 170 172 174 175 178 181 183 185 188 189 192 195 196 199 200
137 20 139 140 141 143 145 150 153 154 156 157 163 164 165 167 170 172 179 183 186 187 188 192 193 194 196 197 198
138 62 141 142 144 147 148 150 154 155 156 159 160 161 164 166 171 172 173 176 180 182 184 185 193 196 197 198
139 95 140 142 145 154 155 159 162 171 173 176 178 181 182 187 191 198
140 63 145 147 150 154 158 160 164 165 172 173 175 178 179 180 181 186 188 189 190 191 196 197 200
141 82 143 145 146 147 150 153 157 161 163 165 170 172 175 178 179 183 184 185 186 188 192 193 195 197 198 200
142 93 143 145 147 148 149 154 155 156 159 163 164 167 173 175 179 188 189 190 191 193 194 195
143 53 145 149 160 161 165 166 168 169 172 173 174 179 181 186 191 195 200
144 34 148 153 154 155 160 161 163 165 166 168 172 174 176 181 183 186 187 188 189 190 195 197 198 199
145 51 147 151 152 153 157 158 160 166 170 171 174 175 176 180 181 182 183 186 188 198
146 85 150 151 153 154 157 158 162 163 164 167 169 170 173 174 175 176 177 179 186 187 189 190 192 195 197 198
147 26 148 149 150 151 154 157 158 161 163 164 165 168 170 171 178 181 182 186 191 196
148 25 150 152 154 155 158 164 166 167 169 170 172 173 174 175 176 179 180 181 182 183 184 186 187 191 195
149 38 150 151 155 158 160 161 162 163 165 166 168 170 173 179 180 181 186 188 191 192 200
150 49 156 163 169 170 171 172 174 175 176 177 179 180 181 182 184 189 190 194 195 197 199
151 56 152 153 155 156 161 162 163 165 170 171 173 175 176 177 179 186 189 193 195 198 199 200
152 37 153 156 157 161 163 166 167 168 171 173 175 177 184 186 188 192 193 195 196 197
153 88 155 161 164 165 167 169 170 174 177 179 186 188 195 196 197 198
154 70 157 164 165 175 176 178 181 182 186 190 192 194 197 198 199
155 69 157 158 164 165 166 168 169 170 173 174 176 186 190 191 195 196 197 200
156 37 157 158 161 163 169 170 171 172 174 175 180 181 182 183 187 191 193 194
157 69 159 162 165 167 169 173 174 175 176 180 183 187 192 193 197
158 54 159 162 166 167 168 170 172 175 177 178 179 183 186 189 192 193 200
159 74 163 164 166 167 168 170 172 174 175 176 177 179 180 181 185 187 189 191 192 196 200
160 39 162 163 164 165 175 176 181 183 186 187 188 190 191 192 194 199 200
161 95 163 165 168 179 180 186 188 189 192 193 195 197 198 199
162 45 163 165 168 170 171 177 178 185 187 192 195 198 199
163 43 166 167 169 170 182 183 184 188 190 191 195 197
164 36 171 172 173 176 178 181 183 187 188 192 194 198
165 89 166 167 172 173 175 178 180 181 182 186 189 196 197 198 199 200
166 49 167 169 174 175 177 178 180 181 184 186 187 188 189 190 191 192 194 195 196 197 198 200
167 100 168 172 173 176 179 182 183 184 188 190 193 198 200
168 56 169 171 172 174 176 177 180 181 182 183 185 195 196
169 24 172 173 176 177 178 182 188 189 190 191 194 196 197 199
170 87 178 179 181 183 184 189 192 194 195 198 199
171 77 172 173 178 180 184 187 189 190 198
172 81 173 175 179 180 181 182 185 186 190 191 193 197 200
173 21 175 176 180 182 183 184 187 189 194 198
174 40 178 180 182 184 188 191 192 193 194 195 196
175 57 176 177 178 184 194 198 199 200
176 94 177 183 187 192 193 198
177 59 180 182 183 184 188 190 192
178 75 180 181 184 185 186 187 188 190 196 197
179 65 180 189 194 196 199 200
180 69 182 183 184 185 186 188 189 190 199 200
181 87 183 184 185 186 192 195 197 198 199
182 42 190 193 194 197 199
183 50 192 194 196 197
184 98 192 196 198 199 200
185 62 187 188 189 190 191 192 193 194 196
186 53 187 189 194 197
187 86 189 196 197 198 200
188 64 189 191 193 194 199 200
189 51 190 194 195 199
190 71 193 198 199 200
191 79 193 196 198 200
192 20 193 194 196 197 198 199
193 78 194 195 196 197 198
194 91 196 200
195 44 197
196 35
197 20 198 200
198 100 199 200
199 76 200
200 27
