200
1 85 3 6 8 9 11 18 20 21 24 25 28 29 30 38 44 47 50 53 57 58 60 63 64 65 71 76 78 79 83 84 86 88 91 96 103 104 106 109 110 112 116 120 130 139 141 152 153 155 156 158 165 169 170 171 174 175 178 181 182 184 185 191 192 193 197 200
2 28 4 5 6 7 10 11 13 18 21 24 26 35 43 46 54 57 59 66 67 68 72 73 81 84 85 88 89 90 93 95 98 104 106 109 112 121 124 125 127 130 132 134 135 136 137 145 147 149 150 151 153 155 157 159 162 163 168 171 172 176 177 178 185 187 190 191 194 199
3 90 4 6 9 12 15 20 21 22 24 25 28 35 40 44 45 48 53 56 59 61 62 64 65 67 68 69 80 92 93 94 101 104 105 110 111 120 128 130 131 132 133 134 136 139 140 142 158 161 174 177 190 193 194 196 197
4 92 6 7 15 18 19 20 31 32 35 38 42 47 57 61 62 63 65 66 71 73 74 75 77 78 80 81 82 83 85 91 99 100 101 102 104 106 107 108 114 116 119 122 125 126 130 133 137 141 142 145 146 150 153 154 155 161 164 166 169 170 179 184 188 189 194 198
5 85 7 8 12 22 30 37 40 47 50 51 52 54 56 62 64 65 66 80 83 85 102 105 106 108 119 123 124 130 137 138 146 147 151 152 153 154 159 160 164 168 171 172 174 175 179 180 181 186 188 192 195 197 198
6 85 13 16 18 19 20 26 27 29 30 36 40 41 42 44 46 49 51 55 58 61 71 73 78 79 80 82 89 91 93 96 97 98 99 104 106 109 113 114 115 116 120 121 123 128 130 133 135 140 141 142 145 147 151 155 158 171 178 179 184 191 197 199 200
7 82 30 33 43 48 54 56 61 62 63 64 66 68 69 70 71 78 89 90 96 97 101 122 125 127 128 131 136 140 147 156 162 164 171 189 190 191 192 195 196 197
8 51 13 15 17 22 24 26 32 36 37 39 40 41 45 47 48 49 50 52 53 61 69 77 82 85 86 93 96 98 99 108 111 113 114 119 122 124 128 132 133 136 141 142 148 154 156 165 168 173 175 177 178 182 183 187 188 191 197
9 51 16 17 18 24 26 28 29 32 33 37 38 40 43 47 48 52 53 65 67 68 74 78 81 84 87 92 95 96 99 107 110 112 120 122 127 128 129 130 133 136 140 141 143 151 153 156 158 159 160 161 170 171 172 175 183 185 189 190 191 193 195 197 198
10 18 11 16 18 28 31 32 33 39 45 46 47 49 51 54 66 73 78 80 85 90 95 96 100 101 105 107 109 112 113 114 115 117 122 132 135 136 140 142 146 148 150 151 154 156 159 164 167 169 175 177 178 180 184 186 191 194 195 196
11 22 12 13 14 21 35 42 43 51 52 55 58 67 70 71 74 75 78 84 89 91 95 98 99 100 101 102 104 106 109 113 125 126 127 128 135 139 140 142 144 147 148 149 150 154 155 159 161 163 164 165 170 171 173 174 177 190 191 192 193 200
12 21 14 15 16 17 18 19 26 27 34 35 40 44 45 59 62 66 70 71 72 73 74 80 84 88 92 93 101 103 109 110 113 116 122 126 130 133 134 136 139 142 143 154 156 159 167 169 173 175 177 178 185 189 191 192 193 197
13 41 14 16 18 27 33 37 38 43 44 45 57 63 67 76 79 80 84 88 93 94 116 121 124 133 135 137 139 145 148 151 153 155 156 168 172 173 174 178 188 189 192 195
14 12 15 26 28 30 31 33 38 39 40 47 48 50 57 61 66 68 72 77 79 80 86 91 93 94 95 102 103 104 110 114 115 116 120 123 125 130 136 140 143 148 152 163 168 175 183 187 189 200
15 31 16 17 19 26 29 31 34 38 43 45 49 52 56 58 61 62 68 70 71 72 73 75 82 84 85 87 94 96 103 106 107 109 110 111 112 114 116 118 119 120 123 130 132 136 141 142 145 151 162 166 167 173 177 180 181 185 186 189 194 199 200
16 72 17 19 20 21 22 26 27 32 33 36 37 41 43 44 46 49 51 52 53 54 55 56 57 63 64 65 74 76 85 91 98 99 100 103 113 114 115 126 132 134 135 136 142 144 147 156 169 175 180 181
17 14 18 21 23 26 30 37 46 47 48 50 51 52 54 55 58 61 64 68 70 72 74 77 81 82 85 89 90 91 93 94 95 96 103 107 108 109 113 114 117 119 124 125 130 134 136 138 141 142 144 145 146 147 151 153 155 157 158 159 160 161 164 165 169 173 178 184 187 191 200
18 57 21 23 24 31 32 37 41 47 48 49 50 54 55 56 58 59 61 63 70 83 87 89 90 91 93 94 95 97 101 102 103 104 107 108 110 111 115 117 118 119 121 126 127 132 151 156 163 164 171 172 175 179 193 196 197 198 200
19 91 20 21 22 31 33 35 48 57 60 63 71 74 79 80 83 84 88 90 100 116 117 118 119 120 121 122 124 132 133 142 145 146 149 151 159 161 163 164 167 171 173 181 187 188 193 195 196
20 48 21 24 28 29 30 38 41 42 47 48 53 55 57 61 66 67 70 75 76 90 91 92 93 102 111 115 121 125 127 131 134 138 140 146 149 156 159 164 167 169 174 177 178 183 184 185 187 189 192 198 199 200
21 4 22 26 27 29 30 31 32 33 34 35 39 41 42 44 52 53 59 61 64 67 68 74 75 76 83 90 93 101 102 104 107 113 115 116 117 119 125 128 134 136 139 143 145 152 156 158 159 169 173 174 175 178 182 190 193 196 199
22 85 23 26 27 30 33 34 37 40 47 49 54 58 61 62 72 73 74 76 78 80 81 83 87 91 97 100 101 106 117 118 124 125 136 137 142 143 144 146 147 148 155 157 162 164 168 170 172 174 179 184 189 192 195 197 199 200
23 48 25 27 33 34 37 42 45 49 55 59 60 64 68 73 75 76 85 88 93 100 103 107 108 115 117 120 124 128 130 135 136 157 162 165 166 169 170 173 175 176 179 181 183 185 190 191 198
24 26 32 33 38 41 42 45 52 53 56 57 64 66 67 69 72 74 78 81 88 92 93 101 105 109 112 113 114 118 129 130 131 133 135 138 140 145 146 149 150 152 158 160 167 168 170 172 173 175 180 182 185 187 188 189 192 196 199 200
25 75 30 35 36 44 48 52 53 56 63 64 66 70 71 77 83 87 89 91 94 97 99 101 106 114 116 117 118 124 126 129 138 140 141 145 146 151 155 156 162 166 167 169 176 185 186 187 190 191 194 195
26 72 28 31 34 38 39 42 50 52 57 63 66 70 78 84 86 89 90 96 108 111 112 118 126 127 129 140 144 148 149 150 154 155 156 157 160 161 163 167 181 191 193 198
27 25 31 34 44 46 48 50 55 59 61 70 71 72 78 79 81 83 84 85 86 90 96 97 99 101 105 108 114 115 117 118 122 125 131 139 144 147 153 155 159 166 167 176 177 178 182 183 188 190
28 52 29 31 32 33 34 36 41 42 45 48 50 52 53 58 59 60 61 67 68 70 71 73 77 80 82 83 85 88 91 93 96 97 101 103 104 107 108 115 118 119 123 125 126 127 130 132 135 142 146 148 151 158 162 163 166 167 168 169 171 174 176 177 181 186 189 190 191
29 19 30 35 36 49 50 51 53 55 60 62 63 71 72 74 75 77 81 83 84 85 86 93 98 105 114 117 120 132 134 138 140 142 143 146 148 156 157 161 164 165 168 169 180 183 189 191 197
30 8 33 34 37 40 41 43 44 46 50 54 56 58 63 65 67 68 69 73 77 78 79 81 82 85 88 96 98 99 105 107 108 109 110 113 119 122 124 133 135 143 144 145 149 151 152 153 154 164 165 170 173 176 181 184 190 194 195 197 199
31 16 38 48 59 60 61 67 71 74 77 81 82 83 90 91 92 95 96 97 102 104 106 108 113 120 125 127 129 134 135 146 150 151 153 160 161 165 167 168 169 170 175 176 178 184 187 192 194 196 200
32 94 33 38 41 51 52 54 62 64 69 70 72 82 83 84 90 92 95 99 105 108 110 111 115 117 122 123 129 131 134 136 137 139 144 150 154 155 157 160 162 163 164 166 169 176 179 181 185 186 187 189
33 10 38 39 42 46 49 50 56 58 61 66 75 77 84 87 105 108 112 115 121 125 127 128 130 132 139 140 141 142 144 149 168 169 181 183 193
34 85 35 36 40 43 45 50 52 53 55 56 58 62 63 67 68 69 72 77 82 85 86 88 89 96 99 100 101 102 105 106 111 114 121 124 130 143 144 148 149 152 153 156 164 166 167 168 172 175 178 182 183 186 192 196
35 36 37 42 44 45 46 47 51 56 64 68 69 72 77 78 81 83 85 93 95 97 100 104 108 110 112 115 116 117 118 122 127 128 130 132 139 145 146 148 155 156 159 164 166 172 173 174 181 186 190 193 194 199
36 84 37 41 47 51 60 61 64 66 67 68 70 72 75 76 77 80 82 89 90 92 96 98 99 101 102 108 111 113 115 118 119 121 127 129 130 136 138 142 143 149 152 153 155 156 160 167 168 169 173 175 176 177 178 183 185 187 195 197 200
37 90 42 54 58 59 60 67 71 72 74 78 80 90 94 100 104 110 111 113 114 117 119 121 122 123 124 129 130 136 138 139 141 143 146 151 160 165 168 169 175 176 187 192 193 195 197 198 199 200
38 16 43 44 47 51 53 54 55 58 61 66 67 73 82 87 88 89 91 94 95 96 98 99 100 101 104 105 109 114 118 121 122 123 124 126 128 129 130 132 135 137 143 144 146 149 152 159 163 167 170 173 174 178 183 185 186 189 191 192 194 196 197 200
39 80 40 47 54 56 58 59 62 65 66 68 73 77 78 88 89 93 99 100 104 105 111 112 114 117 119 121 122 123 124 131 135 138 142 154 165 167 171 172 175 176 182 184 186 188 194 197 198 200
40 80 51 52 55 60 70 71 74 75 80 81 82 85 91 92 93 95 96 103 105 106 109 113 114 115 118 120 125 127 139 143 144 147 156 157 158 171 175 182 183 189 191 197 198 199
41 91 42 43 47 49 50 55 57 64 66 70 72 73 74 87 89 90 91 92 95 96 100 102 105 108 110 113 121 122 125 128 138 141 145 148 150 151 153 154 164 165 168 170 176 178 179 181 183 187 189 194
42 27 49 52 53 54 55 57 60 70 77 78 91 92 93 101 105 108 116 117 120 124 125 126 128 130 131 135 145 146 159 161 168 172 175 177 180 187 188 189 194 196 199
43 60 45 54 57 60 63 65 66 71 72 74 82 86 89 92 94 95 98 100 101 106 110 111 121 122 125 127 132 133 136 138 139 142 144 145 146 147 151 152 155 158 159 160 167 172 174 176 179 181 183 184 187 188 192 196
44 31 45 47 49 51 59 60 62 69 70 73 74 79 81 88 89 101 106 114 118 120 122 123 128 130 131 132 134 135 145 149 150 152 160 161 162 168 170 174 184 186 188 189 190 194 196 197
45 64 49 50 51 53 57 59 60 65 67 72 76 77 79 80 82 84 85 89 95 100 101 102 106 107 112 113 118 119 121 123 127 128 135 136 141 149 150 151 153 163 164 166 173 175 176 178 179 181 184 185 186 191 193 199
46 30 47 49 61 70 72 76 77 78 81 85 90 106 108 109 116 120 125 126 132 136 139 142 146 152 153 156 159 161 164 166 169 173 182 183 190 194 195 197
47 98 48 59 67 68 71 74 75 77 80 81 96 101 103 107 111 117 120 124 125 127 137 138 140 146 147 152 154 156 158 161 173 175 180 184 187 189 193 196 199
48 59 54 56 64 70 72 73 77 79 81 84 86 92 97 98 99 104 112 113 117 119 121 128 130 131 132 133 134 135 148 152 165 166 169 171 175 178 181 188 192 195 197 200
49 32 50 54 62 64 65 67 75 79 81 82 83 98 102 103 107 109 112 116 117 118 122 125 134 137 138 139 142 143 148 152 153 157 160 161 166 172 176 183 185 187 188 190 193 197
50 27 56 61 66 70 71 75 80 88 89 96 103 104 106 109 112 114 115 120 121 124 127 128 135 139 144 149 151 152 155 156 159 163 164 167 170 171 172 183 184 187 194 196 197 200
51 13 53 55 62 65 67 70 77 81 83 85 86 97 98 103 107 108 114 115 128 134 138 144 152 158 159 161 163 165 172 177 179 181 183 191
52 56 53 54 56 58 59 63 67 69 74 75 80 82 84 86 88 91 92 93 94 95 98 99 101 105 115 117 118 124 127 128 130 131 135 140 145 150 151 153 155 156 160 161 176 178 180 183 187 195 196 199
53 27 60 62 79 81 89 101 106 111 112 122 130 136 141 147 149 155 161 166 169 170 178 184 185 191 193 194 195 196 198 199
54 63 55 56 62 65 66 70 71 73 76 81 84 88 90 91 93 96 102 103 109 112 113 119 120 122 127 128 129 131 132 139 145 146 148 151 154 155 157 159 163 172 176 177 178 180 186 189 190 194 195 197
55 3 56 58 62 64 65 73 84 87 88 90 91 93 94 99 104 107 108 114 116 120 124 126 128 131 132 133 135 142 143 146 150 152 154 165 166 174 175 178 179 182 187 195 196 199
56 100 59 60 61 63 64 65 69 71 73 77 80 82 83 86 90 96 97 99 101 104 106 109 114 117 118 123 136 137 139 143 144 145 149 153 156 162 164 166 168 170 171 172 173 176 178 180 187 188 190 194 195 196 197
57 38 58 63 72 77 82 84 88 90 94 96 98 100 101 102 110 111 117 118 119 125 131 132 135 139 140 143 145 148 151 158 159 161 163 164 167 168 169 181 184 186 194 195 197 198
58 50 61 62 63 65 67 69 71 73 81 84 95 96 100 101 102 105 116 117 118 128 135 142 144 146 147 148 150 151 152 153 156 159 160 165 168 170 174 178 182 185 187 188 193 195 196
59 55 60 62 64 67 72 75 85 87 89 91 95 98 100 106 110 114 116 123 124 125 126 127 131 132 134 137 138 146 151 152 158 159 160 164 170 173 177 179 180 184 190
60 94 66 67 71 72 73 78 80 85 89 91 92 97 111 112 118 123 125 129 136 143 145 146 148 149 152 154 155 156 163 167 171 175 178 181 187 188 189 190 192 198 199
61 14 63 64 71 72 85 92 100 102 109 110 111 113 125 126 132 133 134 135 136 138 141 142 146 153 154 155 156 159 160 161 167 173 174 176 179 183 190 192 200
62 3 64 65 68 71 74 78 79 80 81 83 84 86 88 97 100 111 115 117 121 123 125 126 130 132 135 137 140 142 147 148 160 162 165 169 179 186 187 190
63 75 65 66 73 74 79 92 93 95 97 98 100 102 104 109 111 112 114 121 124 125 126 132 142 151 152 153 154 165 167 168 171 174 175 176 179 180 183 185 190 193 194 197 198 200
64 38 65 70 73 77 82 88 89 90 93 94 100 105 110 117 123 126 132 134 136 143 144 147 152 153 155 161 165 166 171 172 176 194 198
65 69 68 70 74 77 83 84 88 97 100 107 111 119 123 127 132 136 137 139 145 147 148 152 158 168 169 176 182 183 189 195
66 8 79 80 82 87 89 96 98 107 109 111 114 120 121 122 125 126 134 137 138 143 146 151 152 153 163 164 172 173 175 183 198
67 77 70 71 77 78 79 80 82 86 98 99 101 103 104 110 111 119 122 125 126 136 140 141 143 147 148 151 153 156 157 159 163 170 176 177 178 184 190 192 197 199
68 12 70 71 74 75 78 82 86 87 90 91 94 102 108 110 118 122 123 125 127 128 130 133 137 138 142 143 144 145 148 156 161 163 166 167 175 180 181 184 189 191 194 195 198
69 23 74 78 83 84 88 90 95 99 102 103 105 108 109 110 114 117 118 129 134 135 139 145 158 159 164 167 169 176 179 186 194 198 200
70 47 73 74 77 82 88 91 94 95 96 97 98 101 102 106 114 115 118 121 126 127 128 131 133 136 140 142 145 147 148 151 157 162 165 166 169 170 172 176 177 182 184 187 191 192 197 200
71 28 73 76 79 81 82 92 95 96 101 106 107 111 113 115 116 118 120 125 129 136 137 138 144 149 150 152 160 162 169 171 172 175 178 180 181 185 187 191 195 197 198
72 19 74 80 83 84 85 91 97 98 101 110 111 112 116 117 120 123 126 127 128 129 131 133 137 140 141 142 143 148 150 161 173 176 177 180 181 183 185 188 189 190 196 198 199
73 18 76 77 79 82 89 90 98 99 103 106 112 115 116 125 131 132 137 140 144 146 148 153 157 159 161 166 167 177 182 184 188
74 25 76 79 80 81 82 85 88 90 97 100 101 104 107 116 119 128 129 131 134 138 145 163 170 174 178 180 183 184 189 192 195 196 200
75 85 79 83 85 86 90 93 99 106 107 108 112 114 116 117 119 122 127 128 131 132 135 142 143 144 146 147 149 155 156 161 166 170 182 185 186 189 191 192
76 31 78 81 82 84 86 87 91 96 99 100 102 103 105 106 107 110 111 113 114 124 128 129 131 132 138 143 145 146 147 151 155 158 159 165 167 169 170 173 180 184 188
77 58 78 82 83 86 92 98 100 104 113 116 129 132 134 135 136 139 140 145 148 150 154 156 161 168 170 185 190 191 192 200
78 100 82 89 92 104 108 110 113 115 116 119 120 140 146 147 151 170 171 178 180 181 187 190 193 196 198 200
79 10 83 86 88 92 94 98 100 101 103 104 107 110 118 119 120 133 135 143 149 153 156 159 161 164 170 172 173 176 181 185 187 195
80 3 84 86 97 105 110 111 116 120 130 134 138 140 141 144 145 148 153 154 162 165 171 175 181 185 189 192
81 2 82 83 86 88 89 90 102 104 106 108 114 121 124 130 131 135 138 139 140 141 151 153 159 160 161 162 163 167 177 186 192 193 195 199
82 73 83 85 89 90 94 96 100 101 115 116 117 118 127 129 146 152 162 168 172 175 176 177 179 183 190 192 195 197
83 14 86 94 97 101 102 103 105 106 108 112 120 121 125 127 129 132 138 143 145 149 150 151 152 154 163 164 167 168 169 173 174 177 184 191 192 194 196 199
84 9 86 91 100 102 110 112 113 114 124 129 132 134 138 139 141 142 147 148 150 151 152 156 158 162 168 169 181 185 186 188 193 195 197 198
85 66 86 87 89 92 93 95 96 97 103 107 112 113 118 119 120 123 124 125 126 131 133 135 137 143 144 146 148 152 157 166 167 170 175 176 180 182 185 187 188 196
86 42 87 91 92 102 105 107 108 111 114 118 120 122 124 132 133 140 142 143 145 151 152 153 156 157 161 164 165 166 167 171 176 178 179 186 187 188 191 194 196 197 200
87 13 98 100 104 105 106 111 116 118 124 126 130 131 135 140 143 147 150 159 165 166 167 177 181 189 190 192
88 30 95 96 98 99 103 106 108 109 110 111 113 119 124 125 148 149 151 154 158 161 162 164 165 170 171 172 181 187 189 190 198
89 59 90 93 96 98 99 103 106 110 111 114 117 119 120 121 131 132 133 136 137 138 140 148 151 152 153 162 165 169 173 177 178 179 182 183 189 191 195
90 64 95 99 104 107 109 111 116 127 130 131 132 135 137 138 139 142 143 147 148 151 152 153 155 156 160 161 163 166 169 170 193 196
91 39 93 94 95 103 104 107 112 115 121 123 126 131 145 151 155 159 160 165 168 176 180 185 187 192 198 199 200
92 91 94 98 100 102 108 113 117 119 122 125 126 127 135 137 143 144 147 150 151 152 154 158 163 164 168 175 178 180 182 183 184 185 186 188 197
93 1 97 99 100 101 106 111 112 117 127 128 134 136 137 139 144 147 148 149 152 161 163 178 180 184 185 187 188 189 192 194 198 199 200
94 49 95 97 105 107 108 112 116 117 120 124 126 127 130 131 135 137 138 139 140 144 145 146 147 149 150 151 157 158 160 161 167 173 175 182 183 184 187 188 191 198 199
95 97 96 97 99 100 107 108 113 119 121 124 128 130 131 135 137 143 149 152 155 156 157 158 161 162 163 165 167 170 177 179 181 186 187 190 191 194
96 46 98 105 108 111 115 121 123 125 126 127 131 138 142 143 146 150 154 155 159 161 165 167 169 170 172 174 178 182 184 188 189 192 193
97 67 100 104 107 108 110 114 117 118 119 121 123 125 127 133 136 137 139 140 141 149 152 153 155 157 160 161 169 182 183 186 188 200
98 7 99 103 104 116 117 119 122 125 127 129 132 138 141 147 158 159 167 170 181 183 185 189 191 196
99 7 102 110 113 117 119 120 121 125 130 136 142 145 146 148 149 150 156 159 165 167 168 169 173 175 184 185 193 195 200
100 17 101 108 110 120 128 131 134 136 140 142 145 148 149 150 153 157 164 165 166 170 173 176 180 193 198 199 200
101 91 108 111 112 118 124 129 133 140 143 145 153 159 162 166 179 181 186 190 192 194 196 200
102 85 109 113 121 130 137 141 143 150 157 159 164 165 166 169 174 177 179 180 181 182 183 186 187 188 190 196
103 25 116 120 121 126 129 136 140 143 146 150 153 156 158 159 161 162 169 171 174 175 176 178 185 187 188 189 192 193 196
104 97 106 108 109 112 113 115 117 121 122 130 133 136 140 144 148 152 155 159 160 163 168 169 172 174 175 176 177 178 179 183 185 190 196 198 200
105 70 106 108 109 111 113 117 120 123 125 127 129 134 137 139 146 148 154 162 164 167 168 178 179 181 182 184 186 199
106 24 110 114 116 120 122 123 126 127 128 129 132 133 134 136 140 142 143 144 145 146 152 153 155 157 159 162 163 166 167 168 172 175 177 178 186 187 188 190 191 194
107 80 108 114 115 125 127 137 139 141 142 143 144 146 148 150 157 165 171 175 176 177 182 188 193 199
108 98 111 112 115 118 124 126 129 133 134 138 140 144 152 154 168 174 184 191 193 195 200
109 23 111 117 119 122 123 124 126 127 130 134 136 137 145 150 151 162 165 168 173 180 185 188 193
110 48 117 118 121 125 128 139 140 141 149 152 153 155 156 160 161 168 171 178 184 190 191 194 197 200
111 17 117 128 131 133 138 139 142 146 148 150 152 153 155 162 163 167 169 173 175 176 178 179 181 185 189 190 192 199
112 82 113 114 115 121 125 130 133 135 136 138 139 143 145 152 155 157 161 169 176 177 179 183 186 193 198
113 18 115 116 118 121 126 133 136 145 146 152 157 158 159 161 162 163 164 165 174 182 191 197
114 38 117 120 122 126 127 143 150 156 159 162 165 174 179 189 193
115 92 118 122 125 128 130 132 138 141 148 155 157 158 159 161 162 163 168 176 177 178 180 182 184 185 188 189 192 193 195 197
116 42 119 122 123 133 136 138 139 141 144 145 147 155 158 161 162 163 165 169 170 171 172 177 179 180 185 187 194 196 197 198
117 40 120 126 127 128 132 133 134 139 141 143 155 156 158 165 166 175 177 188 191 196
118 88 120 121 125 127 129 133 138 140 141 142 143 148 149 154 156 159 160 161 171 173 175 180 181 188 191 194 197 198 199
119 4 121 123 124 125 128 129 131 135 143 151 152 159 163 166 173 174 175 177 180 181 184 186 189 190 191 197
120 67 121 122 125 132 133 136 139 141 144 145 148 152 156 158 163 171 175 176 178 182 186 187 194 198
121 14 122 126 127 128 131 134 135 137 141 143 146 150 151 155 160 162 169 171 188 190 195 196
122 12 131 134 135 136 141 150 155 157 159 161 165 168 171 173 183 184 190 192 194 199 200
123 11 125 126 127 129 130 131 137 138 141 145 147 149 152 154 155 158 159 160 166 176 180 182 186 192 194 195 196 198
124 63 131 132 140 141 142 148 149 150 152 171 172 173
125 45 131 132 133 137 143 146 150 152 154 155 157 158 161 168 170 172 173 174 175 177 179 181 183 186 188 189 198 199 200
126 78 132 134 135 138 139 150 152 165 166 169 177 179 180 181 182 189 191 195 197
127 8 141 143 144 148 153 155 156 157 158 160 161 162 164 165 168 170 171 174 176 178 181 184 185 188 189 192 194 197 199
128 67 131 132 137 141 144 147 150 157 158 159 160 167 168 172 179 180 182 184 186 196 199
129 88 132 133 135 137 142 145 150 153 163 167 169 174 177 178 179 182 183 186 189 190 192 196 200
130 57 131 135 141 146 147 148 150 153 155 158 160 163 164 180 182 189 190 192 193 194 195 196 198
131 25 137 142 144 148 157 160 161 162 163 170 172 174 180 181 182 185 189 190 191 195 196 197 198 199 200
132 29 142 148 152 153 155 157 164 165 172 179 180 185 186 189 192 194 198 200
133 26 134 136 138 146 147 151 154 156 157 163 166 167 171 172 175 178 180 181 182 185 187 188 195 198
134 54 136 139 146 147 150 154 155 156 157 159 161 163 164 166 170 176 177 180 187 188 190 191 195 198 200
135 23 142 148 149 150 151 158 161 166 171 176 177 178 179 183 192 193 198 199
136 84 138 140 141 144 146 148 151 152 153 154 156 162 163 166 167 176 179 182 183 190 195 196 197 200
137 62 143 144 145 147 149 157 159 161 166 168 170 172 173 177 180 182 187 193
138 3 139 141 145 147 150 156 163 165 166 168 172 176 192 196 198 199
139 32 141 142 146 148 150 151 153 155 161 164 169 170 171 172 177 182 183 189 191 194
140 96 142 144 145 149 150 151 154 165 174 175 188 189 194
141 88 142 148 153 156 158 159 161 167 169 173 174 187 188 189 195 198
142 15 151 153 154 156 165 168 171 172 174 175 185 189 190 193 198
143 21 145 147 163 169 170 176 178 181 183 186 189 196 198 199
144 11 149 154 156 158 164 167 170 172 173 179 181 183 184 186 188 189 192 199 200
145 52 146 147 151 152 153 156 158 161 166 168 170 172 173 177 179 181 189 191 192 194 195 196
146 29 151 153 155 156 157 159 160 161 162 163 166 170 174 176 178 190
147 45 148 149 152 155 157 159 169 170 182 183 191 193
148 82 156 157 161 163 165 167 170 171 172 173 177 178 183
149 96 150 157 169 173 174 177 178 179 181 182 183 189
150 85 152 165 166 176 178 183 185 186 189 193 195
151 54 152 156 161 164 171 172 174 176 181 182 184 191 194 196 197 198 199
152 100 153 155 161 162 167 170 172 174 179 181 182 183 192 196 197 198
153 59 154 156 164 165 166 169 175 177 183 188 193 194
154 54 159 162 169 176 178 179 192 193 195 197
155 9 156 164 167 169 179 180 184 185 193 194 195 197 200
156 20 157 164 167 171 174 181 184 185 193 195 196 197 198 200
157 37 167 185 193 198 200
158 40 163 165 166 168 173 174 177 181 182 186 191
159 87 160 161 163 169 173 182 188 193 194 199
160 89 162 165 173 175 176 178 182 184 187 188 190 193
161 92 167 170 171 195 197 199 200
162 1 165 167 173 174 175 177 178 181 185 192 193 200
163 32 167 168 170 173 178 183 185 187 200
164 70 165 174 177 178 182 184 187 193 194 197 199
165 91 166 167 172 173 175 176 178 185 186 188 193 195 200
166 96 168 173 177 181 190 193 196 199
167 27 168 169 172 174 175 177 178 179 189 190 191 196
168 90 171 176 181 183 187 189 190 191 196
169 87 170 173 176 179 184 187 189 197
170 9 174 179 182 183 195 196 198 200
171 30 177 178 181 185 186 190 200
172 83 174 181 183 193 196 198
173 7 175 180 184 185 187 191 193
174 56 182 185 200
175 77 176 177 178 182 192 193 195 197 198
176 51 178 184 185 186 192 194
177 55 178 179 185 190 191 193
178 20 186 188 195 198 200
179 76 181 182 184 185 187 188 191
180 44 187 189 191 192 194 195 196 197 199
181 10 184 193 197 200
182 29 183 184 187 196 199
183 94 185 186 188 190 194 196 199 200
184 61 194
185 26 188 189 190
186 20 188 189 191 193 194 199
187 74 191 197
188 66
189 99 196
190 98 200
191 66 194 198 199
192 39 193 200
193 19 194 195
194 44 196 197 198
195 33 198
196 50 198 200
197 74
198 65
199 94
200 68
