200
1 72 2 3 4 6 8 10 11 12 13 14 15 16 17 19 20 22 23 26 27 28 29 30 31 33 34 36 37 38 39 40 41 43 44 45 46 47 48 49 50 52 53 54 55 56 57 58 62 63 64 65 68 70 71 73 74 75 76 77 78 79 80 81 82 83 85 87 88 89 90 93 94 95 97 99 100 101 102 103 104 105 106 107 108 109 110 111 112 113 115 116 118 120 121 123 124 125 126 127 128 130 131 133 134 136 137 140 141 143 144 145 147 148 151 152 155 157 158 161 162 163 164 165 166 167 168 169 170 171 174 177 178 184 185 189 190 191 192 193 195 197 198 199
2 100 3 4 6 7 8 9 10 13 16 17 18 19 21 25 28 29 31 32 34 35 36 37 39 40 41 43 45 46 47 48 49 52 53 54 55 56 57 58 60 65 66 69 70 73 74 75 76 77 78 80 82 83 84 86 88 90 91 92 93 94 96 97 98 99 101 105 106 107 108 110 111 112 114 116 117 121 122 124 125 126 127 129 130 131 132 133 134 137 138 139 142 144 145 146 147 148 149 150 151 152 153 154 155 156 160 161 163 165 166 167 168 170 172 174 175 176 177 178 179 181 183 184 186 187 188 189 191 192 193 194 195 197 198 199
3 78 4 5 8 9 10 11 12 14 15 16 17 18 19 20 21 22 24 26 27 29 30 32 33 34 35 36 37 38 39 40 41 42 44 45 48 49 50 52 54 57 58 59 60 61 62 63 65 66 67 68 69 70 71 72 74 75 77 78 79 80 81 82 83 85 86 88 89 91 92 95 96 98 99 100 102 103 104 105 106 107 109 110 111 112 113 114 115 116 117 118 120 122 123 124 128 129 131 132 134 136 137 141 143 144 145 146 147 148 149 151 152 153 154 155 156 158 159 161 164 166 168 170 171 173 174 175 178 180 181 182 183 184 185 186 187 188 189 190 191 192 193 194 195 197 199
4 10 6 7 8 11 12 13 14 16 17 18 19 22 24 25 27 28 29 30 31 33 34 35 37 38 39 40 42 44 46 47 48 49 51 53 55 56 57 58 60 61 62 63 65 67 68 69 70 71 72 73 74 75 76 80 82 83 84 85 87 88 92 94 97 98 99 100 102 103 104 105 106 107 109 110 111 113 114 116 118 119 120 122 123 124 125 126 127 128 130 131 132 133 134 136 138 141 142 143 146 147 148 149 150 152 153 154 155 156 157 158 159 160 163 165 166 167 168 169 170 171 172 173 174 175 176 177 178 181 182 183 185 186 187 188 191 192 194 195 197 198 199
5 18 6 7 8 10 11 12 15 16 17 18 19 20 21 22 25 26 27 28 29 30 31 32 33 34 36 37 38 39 41 42 43 45 46 47 49 50 51 52 54 55 57 58 59 60 61 63 64 65 66 68 69 70 71 72 73 74 77 79 82 83 85 87 88 90 96 97 98 100 101 102 103 105 109 111 113 114 115 116 117 118 120 121 122 123 125 126 127 128 129 130 131 132 133 134 135 138 139 140 141 143 144 145 146 147 148 150 151 152 153 154 155 156 157 159 160 163 164 166 167 168 171 173 174 175 177 178 179 180 181 182 184 186 187 188 189 190 191 192 193 194 195 198 199 200
6 42 7 8 9 15 17 18 21 22 24 25 26 27 29 32 33 34 35 37 38 40 41 42 43 44 45 46 47 48 49 51 52 53 54 56 57 58 59 60 63 64 65 66 67 68 69 70 71 75 76 79 80 81 82 87 88 89 91 92 93 97 99 100 101 102 103 104 106 107 108 109 110 111 115 116 118 119 120 121 122 123 125 126 127 129 130 132 133 135 136 137 138 141 142 143 144 145 146 147 148 149 150 151 152 154 155 157 158 159 160 162 165 166 167 168 169 170 172 173 175 176 179 180 181 183 185 186 188 190 191 193 194 195 196 198 199 200
7 95 8 9 10 11 13 14 15 17 18 20 21 23 24 25 26 28 32 33 34 35 36 37 40 41 42 44 45 48 49 51 52 53 54 55 58 59 60 61 62 63 64 65 69 70 71 72 73 75 77 78 79 81 82 83 84 85 86 87 88 89 90 91 92 93 95 98 99 100 101 102 105 108 109 111 112 113 114 115 116 117 118 120 121 122 123 124 125 126 128 129 130 131 133 135 137 139 140 141 142 143 144 146 147 148 150 151 152 153 154 156 157 158 160 161 162 163 165 167 168 170 172 176 177 179 181 182 183 184 187 188 190 191 192 193 195 197 198 200
8 100 9 10 11 12 14 15 16 17 18 19 20 21 22 23 24 25 26 27 28 29 30 32 33 34 35 36 37 38 39 40 41 42 43 45 46 47 48 49 50 51 52 55 57 58 59 60 61 62 64 65 68 70 71 72 73 74 77 79 80 81 83 84 87 88 90 91 92 94 95 96 97 98 99 100 102 103 104 105 106 107 108 109 110 111 113 114 117 118 119 121 124 125 126 127 128 129 130 132 133 134 135 136 137 138 140 141 142 143 146 147 148 150 152 153 154 155 156 159 160 161 162 164 166 167 169 170 172 173 175 176 179 180 181 182 184 185 187 188 189 190 192 193 194 195 196 197 198 199
9 22 10 12 13 14 15 16 17 18 19 21 22 24 26 27 28 31 32 33 34 35 36 37 39 40 42 43 44 45 46 47 48 52 53 54 56 57 58 59 60 61 62 63 65 68 69 70 71 72 73 74 76 78 79 81 82 83 85 86 87 89 90 91 92 93 94 95 96 97 98 99 100 101 102 103 106 107 108 109 110 112 113 114 115 116 117 118 119 120 121 122 123 124 125 126 127 128 129 131 133 134 135 136 137 138 140 141 143 144 145 148 150 151 152 154 156 157 158 160 161 162 163 166 167 168 170 172 173 174 177 179 180 181 182 186 189 192 196 197 199 200
10 15 11 12 13 14 17 18 20 21 22 24 25 27 29 31 35 36 37 38 40 42 43 44 45 47 48 50 51 53 54 55 56 61 65 66 67 68 69 71 72 73 75 76 78 79 84 85 86 88 89 90 91 92 93 94 96 97 99 100 102 103 104 106 107 109 110 111 112 116 117 119 120 121 123 124 126 127 129 130 131 132 133 134 135 136 137 138 139 143 144 145 146 147 149 151 155 158 159 160 161 162 164 165 166 167 168 169 172 173 174 177 178 179 180 181 185 186 187 188 189 190 191 192 193 194 196 197 199
11 1 13 15 17 19 22 24 25 26 27 28 29 31 32 33 34 36 37 38 40 41 43 44 47 48 49 51 53 56 58 59 60 62 64 65 66 67 68 69 70 71 72 74 76 77 78 79 80 82 83 86 87 88 90 91 92 93 94 95 97 99 101 102 103 104 105 106 107 108 110 111 112 113 114 115 116 117 118 120 122 123 125 126 128 130 131 134 135 136 138 139 140 141 142 143 145 146 147 149 152 153 154 155 156 161 165 166 167 169 170 171 173 174 175 176 177 179 181 182 183 184 185 186 187 189 192 194 195 196 197 198 199
12 68 14 15 18 19 20 22 23 24 25 26 27 29 30 31 32 33 34 35 36 40 41 42 43 46 48 49 50 52 53 55 56 57 58 59 60 61 62 63 64 65 66 67 68 69 70 71 73 76 77 80 81 82 83 85 88 91 92 93 94 95 99 101 102 103 104 105 106 109 110 111 112 113 115 116 117 118 119 121 122 123 124 126 128 131 132 133 134 137 139 140 142 145 147 152 153 154 155 156 157 158 159 160 161 162 164 165 166 168 169 170 171 175 176 178 179 180 182 183 184 185 186 187 188 189 190 191 192 193 195 197 199 200
13 87 14 15 16 18 19 20 21 22 24 25 26 27 28 29 30 31 32 35 38 40 43 45 46 47 48 49 50 53 54 55 57 59 60 63 64 65 67 68 69 70 71 72 73 74 76 78 79 80 81 84 85 86 87 89 90 91 92 93 94 96 101 102 103 105 106 109 110 111 112 113 115 118 119 120 121 122 123 124 125 126 127 128 129 130 132 133 134 135 138 139 141 143 145 146 148 149 150 151 152 153 154 155 157 158 159 162 164 165 168 169 170 171 173 175 177 178 179 181 182 183 184 185 186 187 188 189 190 191 192 194 195 196 197 198 199 200
14 32 15 17 18 19 21 22 25 26 27 29 30 31 32 34 35 37 39 41 42 43 44 45 46 47 48 49 50 51 54 56 57 58 59 60 61 62 63 65 66 68 69 70 71 72 74 75 76 80 81 82 84 85 87 88 90 91 92 95 96 98 100 103 105 106 107 108 110 111 112 113 114 115 116 118 119 121 122 123 126 127 128 131 134 136 137 138 139 140 141 143 146 147 148 149 151 152 153 154 155 156 157 159 160 161 163 164 165 166 167 168 169 173 174 176 177 178 179 182 185 186 187 188 190 191 192 193 194 196 197 198 199 200
15 41 16 17 18 19 20 21 22 23 24 25 28 29 30 32 33 34 36 37 38 40 41 43 44 45 46 47 50 52 54 55 56 57 58 59 61 62 63 64 65 66 67 68 74 75 76 77 78 79 80 81 82 83 85 86 87 88 92 93 94 95 97 98 99 101 105 106 107 110 111 112 114 115 116 118 119 120 121 122 123 127 129 130 132 133 134 135 136 137 138 139 140 141 143 145 147 152 153 154 155 157 158 159 160 161 163 165 166 167 168 169 171 172 174 175 176 177 178 179 180 181 182 183 184 187 188 189 190 191 192 193 194 195 196 197 198 199
16 67 18 19 20 22 23 25 26 27 28 29 32 33 34 35 37 39 40 41 42 43 44 45 47 48 49 50 51 53 54 55 57 60 63 64 68 69 71 72 73 74 75 76 79 80 81 82 83 85 86 87 91 92 93 95 97 98 99 100 102 104 105 106 107 109 110 111 112 113 114 115 116 117 118 120 121 124 126 128 129 130 131 132 133 134 135 136 137 139 140 141 142 144 145 146 147 148 149 154 155 157 159 160 162 163 164 165 167 168 169 170 173 174 175 176 177 178 180 181 183 184 186 187 188 190 191 193 194 196 197 198 199 200
17 27 19 20 21 24 25 26 27 28 29 30 31 33 35 37 38 39 40 41 42 43 46 47 49 50 52 56 59 60 61 66 69 70 71 72 73 74 75 76 77 79 80 84 86 88 89 91 92 93 94 95 96 97 98 99 100 102 103 104 106 108 109 110 111 115 117 118 120 121 122 125 126 127 128 132 136 137 139 140 142 143 144 145 146 148 149 150 151 152 155 156 157 162 163 164 165 166 167 168 169 173 174 175 176 177 179 180 181 183 184 185 186 187 189 190 191 192 193 194 195 196 197 198 199 200
18 84 19 22 25 26 28 29 30 31 32 33 34 36 37 38 39 40 42 43 44 46 47 48 49 50 52 55 56 57 59 61 62 63 65 66 67 68 69 73 75 77 79 81 82 83 84 85 86 88 89 90 92 93 94 95 96 97 98 99 100 101 102 103 104 107 109 110 111 112 113 114 118 119 122 123 124 125 126 129 130 131 132 133 134 135 136 137 140 143 144 146 148 149 151 153 156 157 158 159 160 161 163 164 165 168 169 170 171 172 173 175 176 177 178 180 181 182 183 184 185 186 187 189 190 192 193 196 197 198 200
19 11 20 21 22 23 24 25 27 28 29 30 33 34 35 36 38 40 41 44 49 50 52 53 54 55 57 58 60 61 62 63 64 65 67 69 70 71 72 74 75 77 78 80 81 82 83 84 86 87 88 89 94 95 96 97 98 99 100 101 103 104 105 106 108 109 111 112 113 116 119 120 121 123 125 126 128 129 130 131 132 133 134 136 137 140 142 143 145 147 148 149 151 154 155 158 159 160 161 162 164 165 167 168 170 172 173 174 175 177 180 181 182 184 185 188 189 190 192 194 195 197 198 199 200
20 73 21 24 26 28 29 30 31 34 35 36 37 38 39 42 43 44 45 47 49 50 51 52 54 55 56 57 58 60 61 62 63 64 65 66 68 69 71 74 75 76 78 79 80 82 83 84 85 86 88 89 91 92 93 94 95 96 97 98 100 101 104 107 108 111 113 117 118 120 121 123 124 125 126 127 128 130 131 133 134 136 138 140 141 142 143 144 145 147 148 149 150 151 154 155 156 157 158 159 161 162 163 164 165 166 168 172 173 175 176 177 178 182 184 185 187 188 189 190 191 192 193 194 195 196 198 199 200
21 4 22 23 24 25 26 27 29 30 33 34 36 41 43 44 48 49 54 55 56 57 58 59 60 61 63 64 65 67 68 71 72 73 75 76 77 78 79 80 83 84 85 86 87 88 89 90 93 96 97 98 99 100 101 102 103 104 106 108 109 110 111 112 113 116 117 118 119 121 122 123 124 127 128 129 132 133 135 136 137 139 140 141 142 143 146 149 150 151 152 156 157 158 159 160 161 162 163 166 167 169 174 175 176 177 178 179 180 181 182 184 185 186 189 190 191 192 194 195 196 197 198 199
22 78 24 25 26 27 28 29 31 32 33 34 35 39 41 42 43 44 45 48 50 51 52 54 55 57 58 59 61 62 64 65 66 67 68 70 72 73 76 77 78 79 83 84 85 88 89 90 91 92 93 94 95 97 98 100 101 103 104 105 106 107 108 109 111 114 115 116 117 118 119 120 121 123 124 125 128 131 132 133 134 135 136 139 140 141 142 143 144 145 147 150 151 152 154 155 157 158 160 163 164 165 166 167 169 171 172 173 174 176 177 178 179 180 183 184 186 187 188 193 195 196 197 199
23 44 24 25 26 27 29 32 33 34 38 39 40 42 43 44 46 47 49 50 52 54 55 56 57 58 60 61 63 65 67 68 69 70 71 72 73 74 76 78 79 80 81 82 83 84 86 87 89 91 92 95 96 98 100 101 102 103 104 105 106 107 109 110 111 114 115 116 117 118 119 121 122 123 126 127 128 129 131 133 135 136 137 138 139 140 141 144 145 146 148 151 153 155 156 157 158 162 164 168 170 173 174 179 180 182 183 185 186 188 189 190 194 195 196 197 199
24 57 25 28 30 32 33 35 36 37 38 40 41 42 43 44 45 46 47 48 49 50 51 52 53 55 57 58 60 61 62 63 64 65 66 67 69 70 71 72 74 76 81 82 83 84 85 86 87 88 90 91 92 93 94 95 96 100 101 102 104 107 108 109 110 111 113 114 115 118 120 121 122 123 124 125 126 130 132 133 135 136 138 140 141 142 144 145 147 148 149 154 156 157 160 161 162 163 164 165 166 167 169 170 172 173 174 176 177 179 180 186 188 189 190 191 193 194 195 196 197 198 199 200
25 3 28 29 30 31 32 33 34 35 36 38 39 41 42 43 44 45 46 47 48 50 51 52 53 54 56 57 58 59 60 61 63 64 66 67 68 69 72 73 74 75 76 77 82 83 84 85 86 87 89 90 91 92 93 95 96 97 98 99 100 101 102 103 104 105 106 109 111 112 113 115 116 117 118 119 120 121 122 123 124 127 129 131 134 135 137 138 139 140 141 142 143 144 145 147 148 150 151 152 153 154 155 156 158 160 163 166 167 168 169 170 171 173 174 175 177 178 180 182 183 184 185 186 187 189 190 191 192 193 194 195 199 200
26 91 27 29 30 31 34 36 38 39 40 41 42 43 44 45 46 47 48 49 50 51 52 53 54 55 57 58 59 60 61 62 66 67 68 70 72 73 74 76 77 78 80 81 83 84 85 86 87 88 89 90 91 92 94 95 96 98 99 100 103 104 105 107 110 111 113 115 117 118 119 120 121 122 124 125 126 132 134 135 136 137 140 141 144 145 147 149 150 151 152 156 157 158 159 160 161 162 163 164 165 166 168 170 171 175 179 180 181 183 185 186 187 188 190 191 192 193 194 195 198 199 200
27 68 28 29 31 32 33 34 35 36 40 41 42 44 48 49 50 52 53 54 55 56 57 58 59 61 63 64 65 66 67 69 71 72 73 74 75 76 77 78 79 80 83 84 86 87 89 92 93 94 95 98 100 103 104 106 107 108 109 110 112 113 115 117 119 121 123 125 126 128 129 130 132 133 134 135 136 137 139 141 142 144 147 148 149 151 152 153 154 155 156 157 160 161 162 163 166 167 168 169 172 173 174 176 177 178 179 180 181 182 183 184 185 186 187 188 190 191 193 194 195 196 197 198 199 200
28 13 29 30 31 34 36 37 38 39 40 41 42 43 44 46 47 49 50 51 52 53 54 55 56 57 60 61 62 63 64 65 67 68 69 70 71 73 75 76 77 79 80 81 82 83 84 86 87 88 90 91 93 94 95 97 98 99 100 103 106 107 109 110 111 112 114 115 116 117 120 127 128 129 130 132 133 134 136 139 140 141 142 144 147 148 149 150 151 152 153 157 158 159 160 161 162 163 164 166 168 170 171 172 173 177 179 181 183 184 185 187 190 192 194 195 197 198 199
29 91 30 31 33 34 35 37 38 39 40 41 43 44 45 48 49 50 51 52 53 55 56 57 58 62 63 64 65 67 68 69 70 71 75 77 78 79 80 81 82 83 84 85 86 89 90 91 93 94 95 96 98 100 101 103 104 105 107 108 109 112 115 117 118 121 122 123 124 126 128 129 130 131 132 134 135 137 138 139 142 143 144 145 146 147 148 150 152 153 154 155 156 157 163 165 166 167 168 170 174 176 177 179 180 181 182 183 184 185 186 187 188 189 190 193 194 195 197 199
30 46 31 35 36 37 38 39 41 42 43 44 48 50 52 53 55 57 58 59 61 65 66 72 75 78 79 80 81 82 85 86 87 89 90 92 93 94 95 97 98 100 101 103 104 106 107 108 109 110 111 113 114 117 118 119 120 121 122 123 124 126 127 128 129 132 134 135 136 137 140 141 142 143 144 146 147 148 149 150 152 153 154 155 156 157 159 160 161 162 163 164 165 166 167 172 173 174 176 177 178 179 180 183 184 187 188 189 190 191 193 195 196 197 198 200
31 93 32 33 34 35 36 37 38 39 40 41 42 43 44 46 49 51 52 54 55 56 58 59 64 65 66 68 69 70 72 73 74 76 77 78 79 80 81 82 83 85 86 89 90 94 95 96 97 99 101 102 105 107 109 110 112 113 117 118 119 120 122 125 126 127 128 129 130 131 137 138 139 140 141 142 143 144 145 146 148 149 150 151 153 155 158 161 162 163 164 165 166 167 168 171 176 177 179 180 181 182 183 185 186 187 188 189 190 191 192 196 198 199 200
32 29 33 34 35 36 38 39 40 41 43 44 45 46 47 48 49 51 52 54 56 57 58 59 61 62 63 65 66 68 69 70 71 72 73 74 75 76 79 80 82 84 85 86 88 89 90 91 93 94 97 98 99 100 101 102 103 105 107 111 112 113 114 116 117 118 119 120 121 122 123 124 126 127 128 130 131 133 134 135 136 137 138 139 140 142 143 144 145 146 147 150 151 152 155 156 158 159 160 161 162 163 164 165 166 167 168 170 173 174 176 177 178 179 180 182 183 184 185 186 187 188 189 192 194 195 196 198 200
33 91 34 35 36 37 41 42 45 46 49 50 51 52 53 54 55 56 58 59 62 67 68 69 70 71 72 73 74 75 76 77 78 79 80 81 83 84 85 86 87 88 89 93 94 95 96 97 98 99 102 103 104 106 107 108 109 110 111 113 114 116 117 118 119 120 121 122 123 124 125 126 127 128 129 130 131 132 133 135 136 137 138 140 143 144 145 146 147 148 149 151 152 155 156 159 162 164 166 167 168 170 172 173 175 176 177 178 180 181 184 185 186 188 191 192 193 194 195 196 197
34 53 36 38 39 40 41 42 43 44 45 46 47 48 50 52 53 54 56 57 58 59 60 63 65 66 67 68 69 70 71 72 75 76 77 78 79 80 82 87 88 89 90 91 93 94 95 96 97 98 100 102 103 106 112 113 114 115 116 117 119 120 121 122 123 124 125 126 127 128 129 131 132 134 136 138 139 140 142 145 147 150 153 155 156 158 159 161 163 164 167 168 170 171 173 175 176 177 178 180 183 184 185 186 187 189 192 193 194 197 199 200
35 94 36 37 39 41 42 43 44 46 47 48 49 50 53 54 55 57 58 59 60 61 62 63 64 66 68 69 71 72 73 74 75 78 79 81 82 83 84 85 86 87 88 89 91 92 94 95 97 100 101 102 104 106 107 108 110 112 113 116 117 118 121 122 123 124 127 128 129 130 132 133 136 137 138 139 141 142 144 147 151 152 153 154 155 156 157 158 159 161 162 163 165 167 168 171 173 175 176 177 178 179 180 181 182 184 185 186 187 188 189 190 192 194 195 197 198 199
36 11 38 41 42 43 44 45 46 48 49 50 51 52 54 55 57 58 59 60 61 62 63 64 67 68 69 70 71 72 73 75 76 78 79 80 81 84 85 87 88 89 90 91 92 93 95 96 98 99 101 102 103 105 107 109 110 113 114 115 116 118 120 121 122 123 124 126 128 129 130 131 132 133 135 136 137 138 140 141 142 143 144 145 149 150 152 153 154 155 157 159 163 164 165 166 167 168 169 170 171 172 174 175 176 178 179 180 182 183 186 187 190 191 192 193 194 195 197 198
37 33 38 40 41 43 46 47 48 49 52 54 55 56 57 59 60 61 62 64 65 67 68 69 72 74 75 76 78 79 80 82 84 85 88 89 91 93 96 97 98 99 102 104 107 108 109 110 111 113 116 117 118 119 120 121 122 124 125 127 128 130 132 134 135 136 137 138 140 141 143 145 146 147 148 149 151 152 153 155 156 157 158 159 165 166 167 168 170 171 172 173 174 175 176 178 179 184 185 186 189 190 191 193 194 195 196 198 199
38 29 39 41 42 43 44 45 46 47 48 51 53 54 55 57 60 62 63 64 65 66 68 72 74 75 76 77 78 79 81 86 87 88 90 91 92 93 94 96 97 98 100 102 103 104 105 108 110 111 112 113 117 120 121 124 125 126 128 129 130 131 133 134 135 136 137 139 141 143 145 146 147 148 150 151 152 154 155 156 157 158 160 161 162 163 165 166 167 169 171 172 174 176 180 181 183 184 185 186 187 188 189 192 195 196 197 198 199 200
39 69 40 41 42 43 46 47 48 49 50 51 52 54 55 56 60 61 62 63 65 67 68 72 74 76 77 78 81 82 84 89 93 94 96 97 101 103 104 106 107 110 111 112 114 117 118 119 121 123 127 129 130 131 132 133 135 136 137 139 140 141 142 143 144 145 146 148 150 152 153 154 156 157 158 159 160 162 163 164 165 166 168 174 177 178 185 186 187 188 189 190 191 192 193 196 200
40 77 41 42 43 44 47 48 49 51 52 54 58 59 60 62 63 64 65 66 67 68 69 72 73 74 75 76 77 78 79 80 82 83 84 85 86 87 88 89 90 91 93 94 96 97 98 100 101 102 103 104 105 106 108 109 110 112 113 114 117 118 119 120 123 124 126 127 128 131 133 135 136 137 138 139 141 142 143 144 145 146 149 150 154 155 157 159 160 161 162 164 166 167 168 170 171 172 175 177 178 180 181 182 183 184 185 186 187 189 190 193 195 199
41 87 42 44 45 46 48 49 52 56 59 60 61 63 65 67 68 69 70 73 74 75 76 77 78 79 82 83 85 86 87 88 89 92 93 94 96 97 98 103 106 107 108 109 110 111 112 113 114 115 116 118 119 120 121 122 123 124 126 127 128 129 131 132 133 134 138 139 140 141 142 143 145 147 148 150 153 156 157 159 160 162 163 164 166 167 169 170 171 172 173 174 175 178 179 180 181 182 183 184 185 186 187 188 189 193 197 198 200
42 41 43 45 47 48 50 51 53 54 55 57 58 59 60 61 63 64 65 66 67 70 71 73 74 75 76 77 81 82 84 86 87 88 89 90 92 95 96 98 100 101 105 106 107 108 109 112 113 114 115 116 117 118 119 121 122 126 127 128 130 131 133 135 136 138 139 141 144 147 148 150 151 152 154 157 158 159 161 163 166 167 168 169 171 172 173 175 177 178 179 181 183 184 187 188 189 190 191 193 195 196 198
43 11 44 47 48 49 50 52 54 55 56 60 61 62 63 64 66 67 68 70 71 72 73 74 75 77 78 79 80 81 83 84 85 86 89 90 91 93 95 98 99 100 101 102 103 104 105 106 107 111 113 114 116 117 118 119 120 121 122 123 125 126 127 128 130 133 135 136 137 138 140 143 144 145 146 148 149 150 152 153 154 155 156 157 158 160 162 163 164 165 166 167 168 171 172 173 174 175 176 177 179 181 182 183 185 187 188 190 192 193 194 196 197 198 199
44 92 45 47 48 51 52 53 54 55 56 57 58 59 61 62 63 64 65 66 67 68 69 70 71 72 74 75 77 78 79 80 81 84 86 88 89 91 92 94 96 100 102 103 105 109 110 111 112 113 114 117 120 121 122 124 125 127 128 130 131 133 134 135 137 138 139 140 141 142 144 145 147 148 150 151 154 156 157 160 161 162 163 164 165 166 167 169 171 172 173 174 175 179 182 185 186 190 192 193 194 195 196 198 199 200
45 64 46 47 49 52 53 54 56 60 61 62 63 64 65 66 67 69 70 71 73 74 76 77 78 79 80 82 83 84 86 87 88 92 93 95 96 97 100 102 103 104 106 107 109 111 112 113 114 117 118 119 120 121 122 123 124 125 128 130 131 133 135 136 137 138 139 144 145 147 148 149 150 152 153 155 156 157 158 160 161 163 164 166 167 168 169 171 173 175 177 178 179 180 182 183 184 187 188 189 190 191 193 194 195 196 198 199 200
46 89 47 48 50 51 52 54 55 58 59 60 61 62 64 65 66 67 68 69 74 75 76 77 79 80 81 82 83 84 85 86 87 88 90 92 93 95 96 97 98 104 107 108 109 113 114 115 118 124 125 126 129 130 133 134 135 136 137 140 141 144 146 147 148 149 150 151 152 153 155 156 158 159 161 162 163 166 167 169 170 172 173 177 178 179 180 182 184 185 187 190 192 194 195 196 197 198 199
47 94 48 50 51 52 53 55 56 57 59 60 64 65 67 69 70 73 74 76 77 79 80 81 82 83 85 86 87 88 89 90 91 94 95 96 97 99 101 102 103 104 105 106 107 108 110 112 114 116 117 119 122 124 126 127 129 130 131 132 133 135 136 137 138 139 144 145 146 147 148 149 150 151 153 157 158 160 161 163 168 170 171 172 173 174 175 176 177 179 180 181 182 183 184 186 188 190 191 192 193 196 197 198 199 200
48 88 50 51 52 53 54 55 56 57 60 61 62 63 65 67 68 71 72 73 74 77 78 80 81 82 83 85 86 87 89 90 91 92 94 95 96 97 102 103 104 105 108 109 110 112 113 114 115 116 118 119 122 123 124 125 126 127 128 129 131 132 135 136 139 140 142 143 145 146 147 150 151 152 153 154 155 156 157 158 159 161 162 163 165 168 169 170 172 175 176 177 179 180 181 182 184 186 187 188 189 190 192 193 194 195 196 197 198 199 200
49 78 50 51 52 53 54 55 56 57 58 59 61 62 63 64 66 67 68 71 72 73 74 78 79 80 81 82 83 84 85 86 88 89 90 91 92 93 95 97 98 99 100 102 104 105 106 108 110 111 113 114 115 116 118 119 121 123 124 125 126 127 128 129 130 131 132 135 136 137 139 140 141 143 144 145 148 150 153 154 155 156 157 158 159 160 161 162 163 164 166 167 169 170 171 172 175 176 178 180 181 182 183 185 186 187 188 189 190 191 192 193 195 197 199 200
50 60 51 53 55 58 62 63 64 66 67 68 69 70 73 74 77 78 80 82 83 85 87 89 90 91 92 93 95 96 97 99 100 102 104 105 108 109 110 112 114 118 120 121 124 128 131 132 134 136 137 138 139 140 142 144 146 147 148 151 152 153 154 156 157 158 159 160 161 163 164 168 171 172 173 174 175 176 177 178 181 184 186 187 190 191 192 194 196 197 198 199 200
51 100 52 53 54 56 57 59 60 62 64 65 66 67 70 71 73 74 76 77 78 81 82 83 85 86 87 88 91 92 93 94 95 96 97 98 99 100 102 103 104 105 106 107 108 110 111 113 114 117 123 124 125 126 127 129 131 134 135 136 137 138 139 140 142 145 146 147 148 150 151 152 153 155 158 159 160 161 163 164 165 166 167 168 171 172 173 174 175 176 178 182 183 184 185 186 187 188 189 190 191 192 193 195 196 197 198 200
52 25 53 54 56 57 59 60 61 62 64 65 66 68 69 71 72 73 74 75 76 79 80 81 85 86 87 88 89 90 91 92 93 94 95 96 98 99 103 104 107 108 109 110 111 112 113 114 115 116 117 118 119 120 125 126 127 128 129 130 131 132 133 135 137 138 139 140 141 142 145 147 148 149 152 153 154 155 157 158 162 165 167 168 169 170 171 173 174 177 179 181 182 183 185 186 187 190 191 194 195 198 199 200
53 57 54 58 59 60 61 64 65 66 68 70 71 74 75 77 78 79 81 82 83 84 85 86 87 88 90 91 92 93 95 97 98 99 102 104 105 106 107 109 110 111 112 114 116 117 118 119 120 121 122 123 124 125 126 127 129 130 131 132 135 137 139 140 141 142 143 144 146 147 152 153 154 155 157 159 160 161 163 166 168 169 170 171 172 174 176 177 179 180 181 182 183 184 186 187 190 192 193 194 195 197 198 200
54 80 55 57 58 59 60 61 63 64 65 66 67 68 70 71 72 73 74 75 78 80 81 82 84 86 87 88 89 90 91 92 93 95 96 97 98 99 100 101 104 106 107 108 109 111 113 114 115 116 118 119 120 121 123 124 125 126 127 128 132 134 135 136 138 139 143 144 145 147 150 152 154 155 157 158 160 161 162 163 166 168 169 173 174 175 177 179 180 181 184 185 186 187 189 190 192 193 194 195 197 198 200
55 92 56 58 59 60 62 63 64 65 66 69 70 71 72 73 74 76 77 78 81 82 84 85 86 87 89 90 92 93 94 96 97 98 100 104 105 106 107 110 112 114 115 117 119 122 123 124 125 126 129 130 131 132 133 135 137 138 139 142 145 148 149 151 152 153 155 156 157 159 161 163 167 168 169 170 171 172 173 175 176 177 178 179 180 182 183 185 186 188 190 191 194 195 197 198 200
56 52 57 60 61 62 64 66 68 71 72 73 75 77 78 79 81 82 83 84 85 86 87 89 91 93 97 101 102 103 104 105 107 108 109 110 111 112 113 115 116 118 120 121 122 123 124 125 126 127 128 129 130 131 132 133 134 136 137 138 139 140 141 142 143 144 145 148 149 150 152 153 154 155 156 157 158 160 161 162 163 164 167 168 169 170 171 172 173 174 175 176 177 178 179 184 185 187 188 189 192 196 197 198 199 200
57 95 62 63 64 65 66 67 70 72 73 74 86 89 90 92 93 94 98 100 101 104 105 106 107 108 109 112 113 115 116 117 118 119 121 122 123 124 125 126 127 128 130 134 135 136 137 138 139 140 141 142 143 144 145 148 150 151 152 153 154 155 157 158 159 160 161 162 163 165 166 167 168 169 170 173 176 178 179 182 183 184 185 186 187 189 190 191 192 193 194 195 197 198 199 200
58 96 59 60 61 62 63 65 66 68 71 72 73 74 76 77 78 79 81 83 84 85 87 89 90 92 93 94 95 96 97 98 99 100 101 105 107 108 110 111 112 114 115 116 117 118 119 120 121 122 123 124 125 126 127 129 130 132 137 138 140 141 142 147 151 153 154 155 156 157 158 159 160 162 163 164 165 166 168 169 170 171 173 174 175 176 177 179 180 182 186 188 189 191 193 194 195 196 197 199 200
59 66 60 61 62 63 66 68 69 70 71 73 76 78 79 80 81 82 83 85 86 87 89 90 91 92 95 96 97 98 100 101 102 103 105 108 111 113 115 116 117 119 120 121 123 124 126 127 128 129 130 131 134 135 137 138 139 141 143 145 149 151 152 154 156 157 158 159 160 161 165 167 169 170 171 172 173 175 176 177 178 179 180 182 183 184 185 186 187 188 189 190 193 194 195 196 197 198 199 200
60 13 61 65 66 69 70 72 75 76 77 78 79 80 81 83 84 85 87 89 90 91 94 96 97 99 100 102 103 104 105 109 111 112 113 114 115 117 118 120 121 122 123 125 127 129 130 131 133 134 135 136 139 141 143 144 145 146 147 149 151 152 154 156 158 159 160 161 162 164 165 167 168 169 170 171 173 176 177 181 182 184 186 189 190 191 192 193 194 195 196 197 198 199
61 36 62 64 65 66 67 68 69 70 72 73 74 77 78 80 81 82 83 84 86 88 89 91 92 94 95 96 97 98 102 103 105 106 107 108 109 110 113 114 117 119 120 121 123 124 125 126 127 129 130 132 135 136 137 138 139 140 141 142 144 145 146 147 150 151 152 153 154 155 157 159 160 161 164 166 170 171 172 173 174 181 182 183 184 185 187 188 191 192 193 194 195 196 197 198 199
62 13 63 66 67 68 69 70 71 72 74 76 77 78 79 80 81 82 84 86 90 91 93 94 95 96 97 98 99 100 102 103 104 105 106 107 108 109 112 113 115 116 117 118 119 120 122 123 124 126 127 128 129 132 133 134 135 138 139 140 141 142 143 144 145 146 150 152 153 157 158 159 160 161 162 165 166 167 168 171 172 173 174 175 176 177 178 180 181 183 184 186 188 190 191 193 196 198 199
63 65 64 65 66 67 68 70 72 74 76 77 78 79 80 81 82 83 84 85 86 87 88 89 90 91 92 93 94 96 98 100 101 102 104 107 108 109 112 114 115 116 117 118 120 121 123 124 125 126 127 128 130 131 132 133 135 136 139 144 145 146 147 151 153 154 156 157 158 159 160 161 163 164 166 167 171 172 173 174 175 176 178 179 180 182 184 185 187 188 190 193 194 198 199 200
64 47 65 66 67 71 72 73 75 76 77 79 80 81 82 83 84 87 90 91 92 95 96 97 99 100 101 102 103 104 105 109 110 111 113 115 117 118 119 120 124 125 127 129 130 131 135 136 138 139 143 144 145 146 149 151 152 153 156 157 161 162 163 164 165 167 169 170 172 173 174 176 177 178 179 180 182 184 185 186 187 188 189 191 192 194 195 197 198 199 200
65 80 67 68 69 70 72 73 74 75 76 77 78 79 80 81 84 85 86 87 90 91 93 95 97 98 99 100 101 102 103 104 105 106 107 108 109 110 111 112 113 117 118 119 120 121 122 123 124 126 128 129 130 131 132 133 134 135 136 137 138 140 141 142 144 145 147 148 149 150 152 154 155 157 158 159 160 162 163 165 167 169 170 171 173 175 178 181 182 184 185 186 187 188 189 190 191 192 193 194 195 196 197 198 199
66 18 67 68 69 70 71 73 74 75 76 78 79 80 81 83 84 85 86 87 89 90 91 92 94 95 96 98 99 105 106 107 108 109 112 113 114 116 118 120 121 122 123 126 127 129 130 131 132 133 135 136 137 139 140 141 142 144 145 148 150 151 152 153 155 157 159 160 161 162 164 165 166 167 168 169 170 171 172 173 174 175 176 177 179 180 182 183 184 185 186 187 188 189 190 195 197 198 199
67 19 69 72 73 75 76 77 78 79 81 84 85 86 87 89 91 92 94 95 96 97 99 100 101 104 105 106 107 108 110 113 115 116 118 119 120 125 126 127 128 130 134 135 136 139 140 141 142 143 144 145 146 147 148 149 152 153 154 155 156 157 160 164 167 168 169 170 172 173 174 175 176 177 180 181 182 184 185 186 187 188 189 190 191 193 195 196 197 200
68 59 71 72 73 74 75 78 80 81 82 85 86 88 90 91 92 93 95 98 99 100 101 103 104 105 106 107 108 109 110 111 115 116 117 118 119 120 122 123 124 125 126 127 128 129 130 132 133 134 135 136 137 139 140 142 143 144 146 147 148 150 151 152 154 156 157 158 159 160 162 164 167 168 169 170 171 172 173 174 175 176 177 178 179 180 181 183 185 186 189 192 194 195 196 197 198 199
69 97 70 71 72 73 74 75 77 78 79 83 84 86 88 89 90 91 92 94 95 96 97 98 99 100 101 103 104 106 108 110 111 113 114 115 116 118 119 120 121 122 124 125 126 128 129 130 131 132 133 136 137 138 139 141 142 143 145 146 147 148 149 150 151 152 153 155 156 157 159 160 161 162 164 165 167 168 170 172 174 178 179 181 182 183 184 185 186 188 190 191 192 193 194 195 196 197 200
70 4 73 74 75 77 78 80 81 84 85 88 89 90 91 93 94 95 97 98 100 101 102 103 104 105 107 108 110 111 112 113 115 118 119 120 121 122 123 124 125 126 127 128 129 130 131 132 133 134 137 140 141 142 143 144 145 146 147 148 149 150 151 152 153 154 156 157 159 160 161 162 163 164 166 167 168 169 170 171 172 177 178 179 184 185 186 189 190 191 192 194 195 196 197 199 200
71 73 72 75 76 78 80 81 83 85 87 88 90 91 92 93 95 96 97 98 99 100 101 102 103 105 106 108 109 110 111 112 114 117 118 121 123 124 126 127 129 130 131 133 134 135 137 138 139 140 141 142 143 144 145 146 149 150 152 153 155 156 157 158 159 162 163 165 166 168 169 170 171 173 176 177 178 179 180 181 182 185 186 187 188 189 190 191 192 194 197 198 199
72 75 74 75 76 77 78 80 82 83 84 85 87 89 90 92 93 95 97 98 100 101 103 105 107 108 110 111 112 113 114 115 116 118 119 125 126 127 128 131 132 134 135 136 137 138 139 140 141 143 145 149 150 153 154 155 156 158 160 161 163 164 166 168 169 170 172 174 176 178 179 180 181 182 183 184 185 186 188 189 191 192 195 196 197 198 199 200
73 58 75 76 77 78 79 80 81 82 83 85 86 87 88 89 90 91 92 93 94 95 96 97 98 99 100 102 103 105 106 107 108 110 112 115 119 120 122 123 125 126 127 128 129 132 135 136 140 141 142 143 144 145 147 148 149 151 152 154 155 157 158 159 161 162 163 164 166 167 169 170 172 174 176 177 179 180 181 183 184 185 188 190 191 192 193 194 195 196 197 199
74 52 75 76 78 79 80 81 82 85 86 87 88 90 95 96 97 98 100 103 104 106 108 111 113 114 116 117 118 119 121 123 124 125 126 127 128 130 131 132 133 134 135 136 138 139 140 143 144 145 146 148 149 152 153 155 156 157 158 159 160 163 166 167 168 170 171 172 173 174 175 177 178 179 183 185 187 188 190 191 192 193 194 195 197 200
75 67 76 77 78 79 80 82 83 84 85 86 87 88 89 90 91 93 95 97 98 99 100 102 103 104 105 106 107 108 109 110 112 115 116 117 119 120 121 123 124 125 126 127 128 129 130 131 134 135 136 137 139 140 141 142 144 145 146 147 148 149 151 153 154 155 156 157 158 159 160 162 163 164 165 167 168 170 171 172 173 174 175 176 178 179 180 182 184 185 186 187 188 189 191 192 193 194 195 197 200
76 83 77 79 81 82 83 84 87 88 89 92 93 95 96 97 99 100 103 104 106 107 108 110 111 112 113 114 115 118 123 124 125 126 128 129 130 133 134 135 136 138 139 140 141 142 143 144 145 146 147 148 149 150 151 152 155 156 157 158 161 162 163 164 167 169 170 171 173 174 175 177 178 179 181 182 183 184 187 189 191 193 194 196 197 198 200
77 39 78 80 82 84 85 86 87 89 91 93 94 95 96 98 99 100 101 103 104 105 106 108 109 110 111 112 113 115 117 118 119 121 122 123 125 126 127 128 129 130 131 132 133 135 136 137 138 141 143 144 145 146 148 151 152 153 154 155 157 159 160 161 163 164 166 167 168 169 170 171 173 174 175 177 178 179 180 183 184 185 186 187 191 193 194 195 196 197 198 199
78 66 79 80 82 83 85 86 87 88 90 91 92 94 95 98 105 107 108 109 110 111 116 117 118 120 121 125 126 127 128 129 130 131 133 134 135 137 138 140 143 145 146 147 148 149 150 151 152 153 154 156 157 158 159 160 161 162 164 165 166 169 170 171 173 174 175 177 178 179 180 181 183 184 186 189 190 191 192 195 196 198 199 200
79 42 80 81 82 84 86 87 89 90 91 94 95 96 97 98 99 100 102 103 104 105 112 113 114 115 118 119 120 121 122 124 125 126 127 129 130 131 133 134 135 138 139 140 141 143 145 146 147 149 152 155 156 157 158 159 160 161 163 164 166 167 168 169 171 172 173 174 175 176 178 179 180 181 182 183 184 185 186 187 188 190 191 192 193 194 195 199 200
80 64 81 82 83 85 86 87 89 90 91 92 94 96 99 100 102 103 105 107 108 110 111 114 115 116 117 118 119 120 121 122 123 125 127 128 131 132 133 134 135 137 138 139 141 145 146 147 148 155 159 162 163 164 165 167 169 170 171 172 175 176 178 179 180 181 183 184 185 187 188 190 191 192 194 195 197 198 199
81 31 82 83 84 87 88 89 94 96 98 99 100 101 102 104 106 107 110 112 113 114 115 116 117 119 120 121 122 123 124 126 129 130 131 132 134 135 136 137 138 139 140 141 142 143 144 146 147 149 150 151 153 154 156 157 158 160 161 162 164 165 166 167 168 169 170 171 173 175 176 177 178 179 180 181 182 183 185 186 187 189 191 194 195 196 198 199 200
82 11 83 84 86 87 88 89 90 91 92 94 95 97 98 99 100 102 103 104 106 108 109 110 111 113 115 116 117 118 120 122 123 124 125 126 128 129 130 131 132 133 135 136 138 139 140 141 143 144 145 146 147 149 150 152 153 154 155 156 157 159 160 161 162 163 165 166 168 169 170 172 174 175 176 179 180 184 185 186 187 189 190 191 193 195 196 197 198 199 200
83 22 84 85 86 87 90 91 92 93 94 95 96 97 98 99 100 101 102 103 104 106 107 108 109 110 111 112 113 117 118 119 120 122 123 128 129 130 131 134 137 139 141 143 144 145 146 147 148 150 151 153 154 155 156 157 158 159 162 164 165 166 167 170 171 176 177 178 180 181 182 183 184 185 186 188 191 192 193 194 195 196 197 198 199 200
84 11 85 86 87 88 91 93 94 96 97 98 99 103 104 105 107 108 109 111 113 114 116 118 119 120 121 122 123 124 127 128 129 131 132 133 134 135 136 137 139 140 142 143 144 146 147 148 149 150 152 155 156 157 159 162 164 166 169 171 173 174 175 176 177 178 179 180 181 182 184 186 187 188 190 191 193 196 197 198
85 10 86 90 91 92 93 94 96 97 98 99 100 101 103 104 105 107 109 110 111 112 113 114 115 117 118 119 122 123 124 125 126 128 129 130 131 132 133 134 135 136 137 138 139 140 142 143 144 145 146 149 150 151 154 155 156 158 160 161 162 163 164 165 166 168 169 170 171 172 173 174 175 176 177 178 180 181 182 184 185 187 188 189 190 191 192 193 194 196 197 200
86 76 87 88 89 90 91 92 93 96 97 99 101 102 104 106 108 109 111 112 114 115 117 118 119 121 122 123 124 125 126 128 129 130 131 133 135 136 138 139 140 142 145 146 147 148 150 151 152 153 154 157 158 159 160 161 162 164 165 167 168 169 171 172 173 174 175 176 177 178 180 182 184 185 186 187 188 189 190 191 192 194 195 196 197 198 199 200
87 67 88 89 90 91 92 93 94 95 96 100 101 103 104 105 106 107 108 109 110 111 114 115 116 118 119 121 122 123 125 126 129 131 136 138 139 142 143 144 147 150 151 152 153 154 156 157 158 159 160 161 163 164 165 169 170 171 173 174 177 178 179 180 182 183 184 185 189 190 192 193 194 195 196 197 198 200
88 43 89 90 91 92 93 95 96 97 99 100 102 103 104 106 107 108 109 114 116 118 119 125 126 127 129 132 133 134 136 137 138 139 140 143 144 145 146 147 151 153 154 156 157 159 163 164 165 166 167 168 169 170 172 173 174 175 176 178 179 180 183 186 187 188 191 193 194 195 196 197 198 199
89 80 91 92 93 94 95 96 97 98 99 100 102 103 104 105 106 107 108 109 111 114 116 118 119 121 122 124 125 127 128 131 132 133 135 138 140 141 142 143 144 145 146 147 149 150 153 155 156 157 158 159 160 161 162 164 166 169 170 172 174 177 179 180 182 183 184 186 187 188 189 190 191 192 193 194 196 198 199
90 87 91 92 93 94 97 98 99 100 101 102 104 105 106 107 108 110 111 112 113 114 115 116 117 118 119 120 122 123 125 128 129 130 131 132 133 134 136 137 141 144 146 147 149 150 151 152 154 155 156 159 161 162 164 166 168 170 171 172 173 174 175 177 178 179 180 181 182 183 184 185 186 187 189 191 192 193 194 195 197 198 199 200
91 15 92 93 94 96 98 100 101 102 104 105 111 112 113 116 117 118 119 121 123 125 127 128 129 130 131 133 134 136 137 138 139 140 142 144 145 147 148 150 151 153 154 155 156 157 160 162 164 165 166 167 169 170 171 172 173 175 176 177 178 179 180 181 182 183 184 185 186 189 192 193 194 196 197 200
92 20 95 96 98 99 100 102 106 107 108 109 110 111 115 117 120 121 122 124 125 126 127 128 129 130 131 132 134 135 136 137 139 140 141 142 143 144 145 146 147 148 150 151 154 157 159 160 161 162 163 164 167 168 169 170 172 174 175 176 177 178 179 181 182 183 184 185 186 187 189 190 191 193 194 196 197 198 199 200
93 67 95 96 98 99 100 101 103 104 105 106 107 108 110 111 113 115 116 117 118 120 121 125 126 127 128 129 130 131 132 134 135 136 137 138 141 142 146 147 151 152 153 155 157 158 159 161 162 163 164 166 167 168 170 172 173 175 176 178 179 181 186 187 189 190 191 192 193 194 198 199 200
94 1 96 97 98 99 100 101 102 103 104 105 106 108 109 110 111 113 114 115 116 117 118 120 121 122 124 125 126 127 128 129 132 133 134 135 136 137 139 140 144 146 148 149 150 152 153 155 156 157 158 159 160 161 163 165 167 168 169 172 174 175 176 177 179 180 183 184 186 188 189 190 191 192 193 194 195 196 197 199
95 40 99 100 103 104 105 106 107 109 111 115 116 118 120 121 122 124 125 126 130 131 134 135 138 139 141 142 143 144 147 148 149 151 152 154 155 156 157 159 161 162 163 164 165 166 168 170 172 173 174 175 176 177 178 179 180 181 182 183 185 186 188 190 191 192 193 194 195 196 197 198 199
96 60 97 98 99 100 101 102 104 105 107 108 111 112 113 114 115 116 117 118 121 124 125 127 128 131 132 133 134 135 136 137 138 139 140 142 145 146 147 149 150 151 154 155 156 158 159 160 161 162 163 165 166 168 169 174 175 179 180 181 183 184 185 186 187 189 191 192 193 194 195 197 198 199 200
97 73 98 99 101 103 105 107 108 110 112 113 114 115 116 117 120 121 122 124 126 127 128 130 131 132 133 135 136 137 138 139 141 142 144 145 147 148 150 151 152 153 155 156 157 158 159 162 163 164 165 166 167 168 169 171 173 174 177 178 180 181 182 183 184 185 186 187 188 190 191 192 194 196 197 198 199 200
98 11 100 102 103 104 105 106 107 109 110 111 113 115 116 118 121 122 123 125 126 127 128 129 130 131 132 136 137 138 139 140 141 143 144 146 147 148 149 152 154 155 156 157 158 161 162 163 164 166 167 168 170 171 174 175 177 178 179 180 181 182 183 186 188 189 190 191 192 194 198 200
99 27 100 102 103 104 106 107 108 109 110 112 113 114 117 118 119 121 122 123 124 126 127 129 132 133 134 135 136 137 141 142 143 145 146 150 151 153 154 155 156 157 158 159 161 163 166 167 168 169 170 172 173 174 175 176 177 178 179 180 181 182 183 184 185 186 187 188 190 193 195 196 197 198 200
100 49 101 104 105 107 108 109 110 111 113 114 117 118 119 122 123 126 127 128 129 131 133 134 135 137 138 139 141 142 146 147 148 149 150 151 152 155 156 157 158 159 160 161 162 164 165 169 171 172 173 175 177 178 179 180 182 183 184 185 188 189 191 196 198 199 200
101 46 102 104 105 106 107 108 110 113 114 117 118 119 120 121 122 123 124 125 126 127 128 130 131 132 133 136 137 138 139 140 141 142 144 146 148 149 151 152 153 154 156 157 158 159 160 165 166 167 170 171 172 173 174 175 177 180 181 182 183 184 185 186 187 188 189 191 192 193 194 195 197 198 200
102 83 104 105 106 107 108 110 111 113 114 115 116 117 118 119 120 121 123 124 125 126 129 131 132 133 134 135 139 140 141 143 144 145 147 148 149 150 151 152 154 156 157 158 159 160 161 162 163 165 166 167 168 169 170 172 173 174 175 176 177 178 179 180 181 182 183 184 185 186 188 189 190 191 193 195 196 197 198 200
103 87 104 106 107 109 111 112 113 114 115 116 117 118 119 120 122 124 125 128 129 130 131 132 133 134 136 137 138 140 141 143 144 145 147 148 151 154 155 159 161 163 165 168 169 171 172 173 174 176 178 179 180 181 182 184 185 186 187 188 190 192 193 194 195 196 197 198 199 200
104 78 105 106 107 108 109 111 113 114 115 116 117 118 119 120 121 122 124 126 127 128 129 131 132 133 134 137 139 142 143 144 145 147 148 149 150 152 157 158 159 160 162 164 165 166 168 169 171 172 173 175 176 177 178 180 181 183 185 187 188 189 190 192 193 194 195 196 199 200
105 2 106 107 108 110 111 112 113 116 117 119 121 124 125 126 127 128 129 134 136 138 139 140 141 142 143 144 145 146 148 149 150 151 153 154 155 157 159 160 161 162 163 164 165 166 167 168 171 172 173 174 175 176 177 178 179 180 184 186 188 190 192 196 197 198 199 200
106 68 107 109 110 111 112 114 120 121 122 123 126 127 129 130 132 135 137 138 140 143 144 145 146 147 148 149 151 152 153 154 155 156 157 158 159 160 161 163 164 166 167 168 169 170 171 172 174 175 178 179 180 181 183 184 185 186 187 188 189 190 191 193 194 195 196 197 198 199
107 33 108 109 110 114 116 117 118 119 120 121 122 124 125 126 128 129 130 132 133 136 137 138 139 140 141 142 146 148 150 151 154 155 156 159 160 161 162 165 166 167 169 172 173 174 175 176 177 178 179 180 182 183 184 185 186 187 189 191 192 194 195 196 197 198 199 200
108 69 109 110 111 112 113 114 115 116 117 118 119 122 125 126 127 129 130 131 132 133 136 137 138 140 143 144 145 146 147 148 149 150 151 153 155 158 162 163 164 165 166 167 168 172 173 174 175 176 177 178 179 181 182 185 186 187 188 189 190 191 192 193 194 196 198 199
109 44 110 111 112 113 114 115 116 117 118 119 120 121 122 123 124 125 128 129 130 131 133 135 136 137 138 141 145 146 147 148 150 151 153 154 156 157 159 160 161 163 164 166 168 170 172 173 174 175 178 181 183 184 186 189 190 191 192 195 196 197 198 199
110 93 111 112 113 114 115 116 117 118 119 120 121 122 123 124 125 127 128 130 131 132 133 134 136 137 138 139 140 141 142 143 144 145 146 148 149 150 151 153 154 156 157 158 160 161 162 163 167 168 169 170 171 172 173 174 175 176 178 179 180 182 183 184 185 187 189 190 191 192 194 195 196 197 199 200
111 15 113 114 116 117 118 119 120 121 124 125 126 128 129 130 132 133 134 135 136 138 140 141 143 147 148 149 150 151 152 153 154 156 157 158 160 161 163 165 167 169 170 171 173 175 179 180 181 182 184 186 188 190 192 193 195 196 197 198 199 200
112 31 113 114 116 117 118 120 122 123 124 125 126 127 128 129 132 133 134 135 136 137 138 142 143 146 148 150 151 153 154 158 159 160 162 165 166 167 168 169 170 171 173 175 176 177 178 179 180 181 182 183 184 185 186 187 188 189 190 192 193 196 198 200
113 13 114 115 117 118 119 120 121 122 124 125 127 129 130 131 133 134 135 137 139 140 144 145 146 147 150 151 152 153 154 155 156 158 159 160 161 162 163 164 165 166 167 168 169 171 172 174 175 176 177 179 180 181 183 187 188 193 194 195 200
114 85 115 116 118 119 121 122 123 124 126 127 128 129 130 131 133 134 136 140 141 143 144 145 147 148 149 150 151 152 153 154 157 159 160 161 162 164 165 166 167 168 169 170 171 172 173 175 176 179 181 182 184 185 187 188 189 192 194 195 196 198 199 200
115 56 116 120 121 123 125 126 129 130 135 136 137 141 142 144 145 150 151 152 154 156 158 159 160 161 163 164 165 166 167 168 169 170 172 173 174 176 177 178 179 182 183 185 187 189 190 192 194 195 196 197 198 199
116 21 117 118 119 120 121 122 123 124 125 126 127 128 130 131 132 133 135 139 140 142 144 147 151 152 154 155 157 158 159 161 162 165 167 168 170 171 172 173 175 176 177 179 181 183 187 188 189 190 191 192 194 196 197 200
117 15 118 119 120 121 122 123 124 125 126 129 130 131 132 133 135 139 141 142 143 144 145 148 149 153 154 157 159 160 161 162 163 164 170 172 175 176 177 178 179 180 182 183 184 185 186 188 189 190 192 194 197 198 199 200
118 39 119 121 122 123 124 125 126 127 128 129 130 135 136 137 138 139 141 142 143 144 146 149 150 151 153 154 155 157 159 160 161 162 164 165 166 167 169 171 173 174 175 176 177 178 179 180 181 183 184 185 187 189 191 192 193 195 196 197 198 199 200
119 73 121 122 123 124 125 127 129 131 132 133 134 135 136 137 138 140 142 143 144 147 148 150 151 152 153 155 156 158 159 160 161 162 164 165 166 167 168 170 171 172 173 174 175 176 177 178 182 183 184 186 187 188 192 194 196 197 198 200
120 35 121 122 123 124 127 128 129 131 135 136 138 139 140 142 143 144 145 146 147 148 149 153 155 156 157 158 159 161 162 163 165 166 167 168 169 170 172 174 175 176 177 180 181 184 185 190 191 194 195 196 197 198 199 200
121 64 122 124 125 126 128 130 134 135 136 137 138 139 140 141 142 143 144 145 146 147 149 150 151 152 153 154 155 156 158 159 160 162 163 164 165 166 167 168 169 170 171 172 174 175 176 179 180 181 182 185 186 187 190 191 192 193 194 196 198 200
122 68 123 124 127 128 131 133 134 135 136 137 139 140 141 143 145 147 148 150 151 152 153 154 156 158 159 160 161 162 165 167 168 169 172 173 174 175 176 177 178 181 182 183 185 187 188 189 191 194 195 198 199
123 33 127 128 129 131 132 133 135 138 139 140 144 148 149 150 152 153 154 155 156 157 158 159 160 161 162 164 166 169 170 171 172 173 174 175 177 178 179 181 182 183 184 186 191 192 193 194 195 198 199 200
124 11 125 126 127 128 129 130 131 132 135 136 137 138 139 142 144 145 146 147 148 149 150 152 154 155 157 158 159 160 162 163 164 165 167 169 171 173 174 175 178 179 180 181 182 183 184 185 186 189 191 192 193 194 196 197 200
125 80 126 127 128 133 134 135 136 137 138 140 142 143 144 145 151 152 153 154 157 158 160 161 163 164 165 166 167 168 169 171 173 174 176 177 179 180 181 183 184 185 187 188 189 190 195 196 198
126 48 127 128 129 130 131 132 133 134 135 137 140 142 143 144 145 146 147 148 149 150 151 153 154 155 156 157 158 159 160 161 162 163 165 167 168 169 170 171 173 174 175 176 177 178 179 180 181 182 184 185 186 187 189 190 191 192 193 194 195 196 197 198 199 200
127 27 128 130 131 132 133 134 135 136 137 138 139 140 141 142 145 146 147 148 149 150 151 152 153 154 155 162 163 165 166 167 168 169 170 171 172 173 174 175 176 178 179 180 181 182 184 185 187 188 191 192 193 194 195 197 198 199 200
128 69 130 131 132 134 135 136 137 140 141 143 144 148 149 150 151 152 153 154 157 160 161 162 163 164 165 166 168 169 170 173 175 176 177 178 179 180 181 182 183 184 186 188 189 190 191 192 193 194 197 198 200
129 87 130 131 132 133 134 135 136 137 138 139 140 141 142 143 146 147 148 149 150 151 152 153 155 157 158 159 162 163 165 168 170 171 173 176 177 178 180 181 182 184 185 186 187 188 189 190 191 192 193 194 196 197 198 199 200
130 13 131 132 133 135 136 137 138 140 142 143 144 145 147 148 150 151 153 155 156 157 158 159 160 161 163 164 165 166 168 169 170 171 172 173 174 175 176 177 178 179 180 181 186 188 190 191 195 196 197 198 199
131 100 132 133 134 136 138 139 140 143 145 146 147 148 149 151 152 154 156 158 159 161 166 169 170 176 177 179 180 181 182 184 185 186 187 188 189 190 191 192 194 195 196 197 198 199 200
132 69 133 136 137 138 139 140 141 142 143 144 145 147 148 149 150 151 152 154 155 157 160 162 163 164 167 168 170 171 172 173 175 176 177 179 181 182 183 184 185 187 188 189 190 191 192 193 194 196 197 199
133 46 135 136 137 138 139 141 142 144 145 146 149 150 151 153 154 155 157 158 159 160 164 165 167 169 170 172 173 174 175 176 177 179 181 182 184 185 186 188 190 193 194 196 197 198 199 200
134 97 136 137 139 140 141 142 143 144 145 147 148 149 150 152 153 154 155 157 158 159 160 161 162 163 164 165 166 169 170 171 173 174 177 178 179 180 183 184 185 187 188 189 190 191 192 194 195 196 197 199 200
135 45 137 143 144 145 146 147 148 150 151 152 153 154 160 161 164 165 166 167 169 174 175 176 177 179 181 183 184 185 186 188 190 191 192 194 195 198 199 200
136 14 137 140 142 144 146 149 150 151 152 153 154 156 157 159 160 162 163 165 168 169 170 171 172 174 175 179 180 181 182 183 184 185 186 187 188 189 190 191 193 196 197 198 199
137 66 139 141 144 145 146 147 148 150 151 152 153 154 155 161 162 163 165 166 167 170 171 172 173 174 176 178 179 180 181 183 184 185 186 187 188 191 192 193 196 198 199
138 75 139 140 141 142 143 147 148 150 151 152 154 155 156 157 159 160 161 162 164 165 167 168 170 171 172 173 174 175 176 177 180 184 185 186 187 189 192 193 197 198 199
139 77 140 141 143 144 146 147 148 149 151 152 153 154 156 159 161 162 163 165 166 167 168 169 171 172 173 174 175 176 177 178 179 181 182 183 184 185 186 190 192 194 195 197 198 199 200
140 75 142 143 144 146 147 149 150 153 154 155 156 158 159 160 163 164 166 168 169 170 171 176 178 179 180 182 183 185 187 188 189 191 192 193 194 196 197 199
141 39 142 143 144 145 146 147 148 149 151 152 154 155 156 158 159 160 161 163 165 166 167 168 170 171 172 173 174 176 177 178 179 181 182 183 184 185 186 189 190 191 192 193 194 195 196 197 198 199 200
142 17 143 144 146 149 152 153 154 155 158 161 162 163 164 165 166 169 173 174 175 176 177 178 179 180 181 182 183 185 187 188 189 191 192 193 194 195 196 200
143 98 144 145 146 147 149 150 151 152 154 155 156 157 158 159 161 163 164 166 167 168 169 170 171 172 173 175 176 178 179 181 182 183 184 185 187 189 190 191 193 196 197 198 200
144 62 145 146 149 150 152 154 155 156 157 158 159 160 161 162 163 165 166 167 168 169 170 172 173 174 175 176 177 178 179 183 184 185 188 191 193 194 195 196 197 198
145 25 146 147 148 149 152 154 155 157 158 160 161 162 163 164 166 169 170 171 172 173 174 176 177 178 179 180 181 182 183 186 187 188 189 190 191 193 194 195 196 197 198 200
146 97 147 148 150 151 152 153 154 155 156 157 158 159 160 161 163 166 167 168 170 171 172 173 175 176 177 179 181 183 184 186 187 188 190 192 193 195 196 197 198 199 200
147 82 149 150 151 154 156 158 161 162 164 167 168 169 170 171 173 175 177 178 179 180 181 185 186 188 189 190 191 192 193 194 195 196 200
148 39 149 150 151 152 153 156 157 158 159 160 161 162 163 166 167 168 169 171 172 173 174 175 176 179 181 182 183 184 186 187 189 190 191 196 197 198 199 200
149 51 150 151 154 155 157 158 160 161 162 165 167 169 172 173 174 176 178 179 182 184 185 186 189 190 191 192 195 196 197 198 200
150 58 152 153 154 155 156 157 159 160 162 163 164 165 166 168 170 171 173 175 176 177 178 179 180 181 183 184 186 187 191 193 194 196 199
151 71 152 153 155 159 160 161 162 164 165 166 169 170 171 173 174 175 176 177 178 179 180 181 183 184 185 186 189 190 191 192 194 195 197 198 199 200
152 75 153 154 155 159 161 162 163 167 168 169 170 172 174 175 176 178 180 181 182 183 184 185 188 189 191 192 193 194 196 197 199 200
153 32 154 155 156 157 159 160 161 163 164 165 167 169 170 171 172 173 174 175 177 178 179 181 182 184 185 186 187 188 189 190 191 194 196 197 200
154 7 156 157 159 160 161 163 164 166 167 168 169 170 171 172 173 174 175 176 177 178 179 180 181 182 183 184 186 187 188 189 191 193 195 197 199 200
155 39 157 158 159 161 162 163 165 166 168 169 171 172 173 174 175 176 177 178 183 184 186 187 188 189 190 191 192 193 194 195 197 198 199 200
156 52 158 159 160 161 162 164 165 166 167 168 169 172 173 175 177 179 180 181 182 183 184 186 187 188 189 190 191 193 194 195 196 197 198 199
157 97 158 159 160 161 162 163 165 166 167 169 171 172 173 175 176 177 178 179 181 182 183 184 185 186 188 189 190 191 193 195 198 200
158 10 160 161 163 164 165 166 167 168 169 170 174 175 176 179 181 183 186 187 188 189 190 191 192 193 195 197 198 199 200
159 84 160 161 162 166 168 169 171 172 173 175 176 177 178 179 180 181 184 185 186 188 189 190 191 192 193 194 195 197 198 200
160 19 161 163 164 165 166 167 168 170 174 175 176 177 178 179 182 183 184 185 186 187 189 190 193 194 196 197 200
161 12 163 165 167 170 171 173 174 176 177 178 179 180 182 183 185 186 190 191 193 194 195 196 197 198 200
162 73 163 165 166 169 170 172 173 174 175 176 177 179 180 182 187 189 190 191 193 196 197 198 199
163 18 165 166 167 168 169 170 172 173 174 175 176 177 178 180 181 182 183 184 185 187 188 189 190 191 192 193 194 196 197 198
164 96 169 170 173 175 180 181 183 184 185 186 187 190 192 193 194 195 198 200
165 88 166 167 168 169 170 171 172 174 176 177 178 179 182 183 184 185 187 188 190 191 192 193 194 196 199 200
166 91 167 169 170 171 172 173 174 176 178 180 181 184 185 187 188 189 190 191 192 195 197 198 199 200
167 31 170 171 173 174 177 178 179 180 181 182 184 185 187 190 191 194 195 196 197 199 200
168 49 169 170 171 174 176 177 178 179 180 181 183 185 186 188 189 190 191 192 194 195 196 197 198 199 200
169 74 170 172 173 174 175 176 180 182 184 186 189 192 193 195 196 197 199 200
170 23 171 172 173 174 175 177 179 181 182 183 184 185 186 187 188 190 191 192 193 194 195 196 197 198 199
171 70 172 173 175 176 177 178 180 181 184 185 186 188 189 190 191 194 196 197 198 199 200
172 11 173 174 176 177 178 179 180 181 183 184 185 187 188 189 190 192 193 194 196 198 200
173 10 174 175 176 179 181 182 183 185 186 188 190 193 196 198 199 200
174 2 175 176 177 179 181 182 183 184 185 186 187 189 190 191 192 194 196 199
175 28 176 178 180 181 182 183 186 188 189 190 192 193 194 195 196 197 199 200
176 72 177 178 179 180 181 183 184 187 188 189 190 192 193 194 195 196 198 199 200
177 50 178 179 181 182 183 184 185 186 187 188 190 191 192 193 194 195 196 197 198 199 200
178 27 180 182 183 185 186 187 189 190 191 192 193 195 198 199
179 83 180 181 182 186 187 188 189 191 194 195 196 198 200
180 36 181 182 183 184 185 186 187 188 189 190 191 193 195 196 197 199
181 24 182 183 184 186 187 188 189 190 191 193 194 197 198 200
182 37 183 185 187 188 189 191 192 193 195 196 197 198 199
183 74 185 186 188 189 191 193 195 197 199
184 51 185 186 187 188 190 191 194 195 196 197 199
185 50 186 187 188 190 192 193 194 195 196 198 199 200
186 38 187 189 190 191 192 193 194 196 197
187 55 188 189 190 192 193 194 196 197 198 199
188 3 190 191 194 195 196 197 198 199 200
189 71 190 191 194 195 196 197 198 200
190 56 191 192 194 195 196 197 198 199 200
191 27 192 195 196 197 198 200
192 95 193 195 196 197 198 199 200
193 21 194 195 197 199
194 3 195 198 199
195 69 196 197 199 200
196 97 199 200
197 94 198 199 200
198 28 199
199 86
200 91
