200
1 90 3 69 79 124 127 131 141 152 156 157 186
2 53 31 34 38 39 40 62 70 75 78 83 107 111 112 133 136 152 162 177 179
3 56 11 16 35 44 53 55 66 85 89 101 114 119 124 140 147 148 153 160 165 168 180 199
4 74 13 14 25 26 32 40 44 71 80 87 96 101 117 171 184
5 90 11 15 26 33 61 78 81 94 96 103 112 116 131 141 144 156 176 186
6 78 7 13 18 20 39 40 57 70 72 74 78 79 84 99 100 121 122 123 125 127 141 155 165 172 185 189 192
7 65 9 29 38 55 60 63 71 80 81 92 102 114 125 126 127 130 155 161 163 167 175 198
8 52 36 38 48 58 71 74 75 87 91 116 132 139 141 149 156 157 164 175 182
9 59 11 34 63 77 100 117 124 134 138 143 149 155 159 163 164 168 188 189 199
10 73 28 39 47 53 60 72 84 86 101 127 138 144 155 156 167 170 171 179 188 193 200
11 70 12 18 24 42 48 49 68 75 82 112 139 152 158 174 185 194
12 58 37 39 47 50 54 83 97 102 118 139 154 181 189 200
13 50 20 22 33 38 44 59 72 75 81 89 98 115 117 124 125 133 134 137 159 166
14 50 16 34 45 47 57 67 82 102 120 124 144 153 155 176 188 193
15 70 22 33 35 43 56 62 72 73 75 87 103 107 125 130 132 153 167 173
16 75 17 20 40 53 55 57 65 68 79 87 95 103 127 141 182
17 63 30 34 36 42 47 60 69 70 92 98 115 129 132 156 177 183
18 72 23 29 34 43 48 71 77 86 89 102 115 117 125 153 161 180 184 187 193 195 199
19 51 35 36 37 48 69 88 89 90 95 106 118 121 132 160 168 173 189 191 193
20 97 37 72 79 85 92 100 108 109 116 146 153 159 163 167 182
21 80 31 32 39 52 53 59 78 101 120 123 132 137 151 157 166 169 177 190
22 98 32 41 45 53 68 69 75 108 121 125 130 145 146 161 179 184 188 196
23 54 34 45 49 60 67 74 86 96 103 106 115 122 129 130 135 166 167 190 196
24 73 36 41 61 64 66 78 91 102 133 134 149 151 153 180 195 198
25 63 30 41 42 57 70 71 73 78 88 95 103 121 141 146 147 156 159 173 175 195
26 55 35 37 41 48 51 56 64 82 86 96 97 105 106 110 113 148 152 183 184 190 199
27 69 55 67 77 92 93 96 97 103 104 124 138 147 151 156 173 189 193 196
28 97 36 39 46 56 61 72 91 92 97 99 101 122 144 145 146 160 171 173 193
29 74 37 38 39 46 54 57 65 90 95 106 112 115 117 136 137 154 163 181 184 195
30 77 37 52 53 54 60 63 68 82 96 100 114 115 118 156 160 162 187 190 197
31 71 33 87 103 119 122 130 133 134 139 140 142 149 173 174 181 196
32 76 56 59 62 65 76 77 88 94 97 98 118 127 130 133 139 144 152 160 162 170 193 197 198
33 51 37 42 45 49 69 78 119 121 131 166 180 184 193
34 95 43 72 83 108 122 132 141 150 167 168 171 181 184 193 199
35 66 42 44 71 75 83 87 93 126 129 130 133 138 145 160 163 180
36 91 38 59 60 62 71 80 97 114 134 148 167 174 195
37 90 42 44 47 57 63 68 83 103 106 109 110 114 119 137 145 162 183 192 194
38 69 61 71 73 75 84 93 97 122 133 139 158 164 166 172 179 189 192 193 194 196
39 78 50 54 55 66 79 88 89 93 138 149 151 167 171 181 190
40 52 58 82 108 123 162 170 183 187 194 195
41 86 42 43 61 64 80 88 91 95 99 112 113 149 153 157 174 181 186 190 197
42 64 45 49 58 64 76 82 87 96 99 105 126 147 158 164 166 178 180 181 183 189 190
43 62 48 88 94 108 109 111 114 117 120 145 148 151 171 174 177 179 187 189 191
44 95 52 64 66 72 74 79 98 104 112 138 141 153 161 173 176 185
45 60 47 53 61 72 73 76 79 85 90 98 106 111 118 121 124 130 135 142 147 149 151 170
46 81 54 62 65 66 67 73 84 87 93 97 103 113 114 117 118 126 134 151 157 160 184 193 197
47 89 59 68 69 74 83 90 92 101 116 121 138 139 149 153 174 186 197
48 63 51 57 65 87 95 97 105 115 125 136 141 142 145 155 160 169 175 181 185 189 193 196
49 90 81 104 132 137 140 145 154 175 177
50 57 64 65 67 83 104 109 112 115 127 129 142 143 167 196 200
51 53 58 61 63 69 70 72 107 114 142 152 155 161 179 194
52 51 77 84 86 93 99 112 136 144 152 155 159 172 174 183 188 190
53 67 59 92 106 108 144 158 166 177 181 189
54 74 64 82 90 92 94 107 117 123 135 137 163 168 180 183 192
55 81 58 75 80 106 114 130 149 162 170 174 184 195 199
56 86 64 78 91 140 147 155 164
57 99 61 66 82 94 103 111 131 140 144 146 150 164 171 199
58 83 60 65 82 83 84 102 107 109 112 114 125 127 129 147 151 157 168 191
59 70 64 83 84 85 88 105 106 143 161 167 175 183 191
60 54 72 73 92 95 103 105 112 113 118 142 149 182 198
61 73 64 72 76 80 87 94 104 118 125 137 138 140 148 167 171 181
62 81 64 67 74 100 105 106 107 115 116 125 127 130 133 138 145 190 194
63 50 83 95 99 112 116 128 129 147 155 159 162 173 185 190 196 199
64 91 88 103 105 123 136 148 155 160 170 176 190 195
65 68 79 88 89 97 99 100 102 106 112 116 135 155 166 169 172 175 178 182
66 91 67 72 84 104 110 136 149 150 161 194 195 197 198 200
67 92 74 84 109 110 113 119 150 162 190 195 197 200
68 55 73 76 80 87 99 100 109 118 129 138 142 148 173 177 192
69 54 73 74 94 99 124 127 140 145 146 148 151 155 161 168 179 180 181 185 186
70 99 95 97 124 150 189 191
71 89 75 84 85 89 101 135 141 177 178 192
72 77 79 98 106 121 123 127 135 137 147 155 167 184 198
73 90 84 91 96 101 117 128 135 138 156 172 186
74 88 78 85 87 104 128 130 166 177 183 199
75 72 82 85 88 110 113 116 119 126 129 154 179 187 188 191
76 93 108 114 166 177 181
77 94 91 99 103 112 126 130 132 150 179 182 183 186 199
78 59 92 137 144 159 181 184 195
79 51 80 81 87 88 95 96 114 126 129 145 162 171 172 185 190 192 197 199
80 52 107 111 121 130 143 169 189 191 193
81 57 84 90 96 99 137 148 152 156 172 184 193
82 72 90 94 102 107 130 132 136 141 161 165 176 181 197
83 61 100 102 114 117 123 129 131 163 168 169 177 189 193 199
84 70 106 110 117 124 134 142 159 163 171 172 191
85 77 93 97 100 109 124 139 154 182 188 191 195 196
86 94 90 96 111 148 156 176 184 188
87 91 119 131 148 158 164 165 171 176 179 187
88 96 99 116 136 140 144 145 154 161 167 170 177
89 98 100 118 151 153 175 176 194 198 200
90 59 91 104 108 113 123 130 131 144 165 173 175 182 186 193
91 93 121 123 129 131 132 156 178 187 193 198 199
92 94 101 122 124 133 136 159 169 172 178 194 199
93 97 106 108 111 112 125 134 138 145 164 166
94 63 101 104 113 140 146 157 165 174 181
95 92 123 133 147 155 174 179 182 195
96 87 100 103 104 105 125 136 182 187 194
97 97 121 126 134 160 173 174 181 191 192
98 84 108 121 127 138 142 171 186 191
99 75 107 112 115 117 119 120 129 140 175 176 181 183 199
100 60 116 143 152 167 168 173 181 198
101 66 102 125 126 138 143 147 158 189 191
102 80 147 154 160 163 173 177 180 184 187
103 65 109 115 119 162 172 173 177 193
104 87 106 107 123 133 140 162 167
105 93 142 145 149 151 160 161 166 175 191
106 85 133 149 170 174
107 83 117 119 123 147 157 159 185 186
108 64 113 115 120 123 137 138 147 159
109 82 127 134 135 138 140 175 176 184
110 60 138 142 151 154 159 168 171 181 184 192 194
111 50 122 124 127 131 132 138 140 152 154 163 177 180
112 82 121 127 143 149 161 172 181 188 190 200
113 69 166 200
114 72 119 131 139 149 150 159 160 170 178 179 181 185 190
115 64 119 136 144 178 190 197
116 93 117 144 169 178 187 191 196
117 98 132 143 146 181 189
118 52 134 135 144 176 177 181 185 192 194 195
119 65 124 132 133 140 141 145 155 158 166 171 185 195 197
120 73 132 154 160 170 181 196
121 55 135 142 145 148 150 165 169 173 177 180 187 192 196 200
122 69 123 128 133 137 139 159 170 173
123 97 134 142 170 196
124 97 133 139 160 172 182 183 200
125 56 128 145 160 166 179 181 184 185
126 100 131 166 167 168 171 177 198
127 74 131 134 136 147 163 180 182
128 86 140 173 176 184 191 199
129 85 131 134 139 151 157 167 171 178 181 187 188 198
130 98 139 150 181 187 195 196
131 55 137 168 196
132 95 136 138 159 164 172 176 186
133 70 137 140 141 145 169 191 192
134 88 138 139 157 170 174 177 180 192
135 100 152 192 193 194 199
136 65 150 158 184
137 59 141 142 147 174 181 184 200
138 83 140 153 160 161 172 193
139 79 174 180 181
140 65 163 200
141 67 165 178 186 193 194
142 64 153 165 191 196
143 52 148 152 158 162 163 167 172 178 179 189 197
144 58
145 64 162 164 169 176 178 184 186 192
146 98 169 182
147 54 157 162 178 200
148 57 150 165 168 184 186 190
149 85 156 161 164 167 170 173 184 187 198
150 50 153 188
151 60 158 173 180 182 185
152 64 155 185 192 195
153 52 154 158 164 165 176 183 194 199
154 79 156 160 166 167 179 183 191
155 93 165 190 192 200
156 92 170 173 186 189
157 78 162 167 174 175 184 190 193 196
158 77 161 163 164 166 181
159 54 169 187 188 190 199
160 80 162
161 67 168 170 177 183 186 193
162 88 170 174 176 177 181 184 194 199
163 76 164
164 93 168 169
165 78 174 176 191
166 51 168 172 181 183 184
167 60 184
168 68 169 177 189 194
169 89 171 176 181 199
170 90 188 197
171 100 188 194
172 97 180 194 197
173 57 179 194 200
174 60 175 190 194 195 199
175 54 179
176 58 185 198
177 74 187 192
178 72 180 184
179 76 180 193 194 196
180 94 189 192 199
181 53
182 100 186 197
183 59 185 192 200
184 81 188
185 59 186 194 198
186 90 193 195
187 94 188 190 195
188 55
189 51 200
190 89 192 199
191 66
192 82
193 68 199
194 95 195 197
195 82
196 84 200
197 63
198 62 199
199 96
200 67
