200
1 91 3 4 5 6 8 9 14 16 18 21 22 27 29 30 32 33 34 35 39 44 45 49 50 51 52 54 56 57 58 60 61 62 64 65 66 67 69 71 75 77 79 80 81 84 85 86 87 88 89 90 92 93 94 97 98 100 102 105 106 107 108 112 115 116 117 121 123 124 125 126 128 130 131 133 136 137 140 141 143 144 145 146 148 149 150 151 154 155 156 157 158 159 160 162 163 164 165 167 168 169 171 172 173 174 175 177 178 179 181 182 183 185 187 188 190 191 192 193 196 197 198
2 74 3 4 5 6 9 11 13 14 15 16 17 18 19 22 23 25 26 29 30 31 32 33 34 35 36 37 38 39 40 41 43 46 47 49 50 51 53 54 55 57 58 59 62 65 66 67 69 71 72 73 74 75 78 79 83 86 87 88 89 90 91 92 93 94 95 98 99 100 101 102 103 106 107 108 110 111 112 115 117 124 125 127 129 130 131 133 134 139 140 146 150 151 156 158 159 160 162 163 168 169 170 171 172 173 176 178 179 181 185 189 190 192 194 195 196 197 198
3 78 6 7 11 13 14 17 19 20 24 25 26 28 31 33 34 36 38 40 41 42 44 45 46 48 49 50 51 52 55 56 58 59 60 62 63 64 65 67 68 69 70 71 73 74 75 77 78 79 81 82 83 86 89 91 94 95 96 97 98 99 101 102 103 104 105 106 110 112 113 114 116 117 118 119 120 121 122 123 124 125 126 128 129 130 133 135 136 139 140 141 143 144 146 148 150 151 153 158 159 160 161 162 164 168 169 170 172 173 175 176 181 182 183 184 186 189 191 194 197 198 200
4 94 6 7 11 12 14 15 17 22 24 25 26 27 29 30 31 33 34 35 36 37 38 39 40 43 44 49 53 54 55 56 59 60 63 65 66 67 70 73 74 75 78 79 80 81 85 86 87 88 89 90 91 92 93 94 95 96 97 98 99 100 102 103 104 105 106 108 111 113 115 118 119 120 123 126 127 129 130 132 134 135 136 138 139 140 143 144 147 148 154 156 157 159 165 166 168 169 170 172 173 174 175 176 177 178 180 181 182 185 187 189 190 191 192 193 194 196 197 198
5 77 7 8 12 13 15 16 19 21 22 23 24 28 29 30 31 32 33 36 37 38 39 40 43 45 46 47 49 52 53 56 57 59 60 62 63 65 66 67 68 70 71 73 74 75 76 78 80 82 83 85 86 87 88 91 92 93 94 97 99 103 104 105 110 111 112 113 114 116 117 118 121 123 124 125 127 129 133 134 136 137 138 139 140 142 143 145 147 149 151 152 153 154 156 157 159 160 161 164 167 169 170 171 172 173 174 175 176 178 181 182 183 185 186 191 192 193 194 195 196
6 49 7 8 9 10 11 12 13 15 17 21 24 25 26 27 28 29 30 31 33 35 37 38 39 40 41 42 43 44 46 47 48 51 53 56 57 58 59 61 71 73 75 77 80 81 82 83 84 85 88 89 92 93 94 96 97 98 99 100 101 102 104 105 106 107 108 109 111 112 113 115 116 117 119 120 125 128 130 131 132 133 134 136 137 138 140 142 144 146 147 148 149 150 151 152 154 155 156 157 159 161 162 163 165 166 167 170 172 175 176 177 178 179 182 183 185 187 188 190 191 195 196 197
7 53 8 9 10 12 13 16 19 22 23 25 26 27 30 31 32 34 35 36 39 40 44 49 50 51 52 57 59 60 61 62 63 64 65 68 70 71 74 76 82 83 85 87 88 89 93 94 95 100 102 104 105 107 109 111 113 114 115 116 117 119 120 123 124 125 127 133 134 135 137 138 139 140 141 143 144 145 149 150 151 152 153 154 157 160 161 162 163 164 165 166 168 170 171 172 173 174 179 181 182 183 185 186 187 189 191 192 193 194 195 196 199
8 65 10 11 12 13 15 18 19 20 21 22 23 24 26 28 30 31 32 33 34 42 45 48 50 51 52 53 54 55 57 58 59 65 66 67 69 70 72 75 76 77 80 81 82 84 86 87 88 89 90 91 92 94 95 96 97 99 102 105 106 108 110 111 112 113 115 117 121 122 123 124 125 126 128 129 130 131 132 133 134 135 140 141 144 145 146 148 149 150 153 154 161 163 164 166 167 168 170 171 172 174 175 176 178 179 180 181 183 184 187 190 191 192 193 194 197
9 82 10 11 13 14 16 17 19 21 22 24 28 30 31 32 33 36 37 41 43 45 47 48 50 51 52 54 57 60 61 63 64 65 66 68 69 70 71 72 73 76 77 78 84 85 86 87 89 91 92 93 95 96 101 103 104 105 106 107 108 111 112 113 116 117 118 119 121 123 125 126 127 128 129 130 131 132 133 135 137 138 141 143 144 145 147 148 149 152 154 156 157 158 159 160 161 163 164 167 168 169 171 175 176 179 180 181 182 183 185 187 190 192 193 194 195 196 197 198
10 32 12 13 14 15 16 17 18 19 20 21 22 23 25 27 28 29 30 33 34 35 37 39 41 44 45 46 48 49 52 55 56 58 59 60 61 62 63 64 67 68 71 72 73 74 76 77 82 83 84 85 86 90 95 97 98 99 100 101 103 105 106 107 108 114 115 116 117 118 119 122 123 125 130 132 134 135 136 138 139 140 141 143 144 145 147 149 150 152 153 154 157 158 160 161 164 166 168 172 175 176 177 178 179 180 182 183 184 187 189 190 191 192 193 196 197 198 200
11 59 12 14 17 19 23 24 25 26 28 30 31 32 35 36 37 38 39 40 41 42 44 45 47 48 50 52 53 54 56 57 58 59 62 63 64 65 68 72 74 75 76 77 78 79 80 81 83 84 86 87 90 91 92 95 96 98 101 102 104 106 107 108 109 112 116 117 119 120 121 122 124 127 130 132 136 137 139 143 145 146 147 148 149 150 151 152 154 155 156 159 160 161 162 166 167 169 171 172 174 175 178 179 181 182 183 184 186 187 188 191 192 194 195 198 199 200
12 92 13 14 16 20 21 22 23 24 25 29 30 33 34 36 38 39 43 44 45 47 52 53 54 55 59 61 62 64 65 68 71 72 73 75 76 77 79 81 82 84 85 86 90 91 92 94 95 98 101 102 103 105 106 109 110 111 113 114 115 119 121 122 123 125 126 129 132 135 136 139 140 145 146 148 149 150 151 154 155 156 159 165 166 167 168 169 171 172 176 177 178 179 180 181 182 183 184 185 186 187 189 190 192 194 195 196 197 198 200
13 48 14 15 16 20 21 22 24 28 31 32 33 34 37 38 40 41 42 44 48 50 54 55 57 58 60 61 62 66 67 69 70 71 72 73 74 75 76 77 78 82 83 84 86 87 88 89 92 93 95 96 97 104 105 109 110 111 112 114 115 116 118 123 126 128 131 132 134 135 137 139 141 143 145 147 148 150 151 152 155 156 157 161 162 163 164 166 167 169 170 171 172 174 175 177 178 179 181 182 185 186 187 190 191 192 193 194 197 198 199
14 72 15 16 17 18 20 22 23 24 25 26 27 28 29 30 32 33 34 35 36 37 38 39 41 42 44 47 50 51 52 53 54 56 57 59 60 61 63 65 67 69 70 71 72 73 74 75 76 77 83 85 86 87 88 89 90 91 92 94 95 96 98 99 102 103 104 105 108 109 112 114 115 116 118 119 121 122 124 125 127 128 132 134 135 136 137 139 140 141 143 145 147 149 151 152 156 158 161 162 164 165 168 170 171 172 173 174 175 176 177 180 182 184 185 189 191 192 193 194 195 196 197 199
15 33 16 18 19 21 23 24 27 28 31 32 33 35 36 37 38 41 42 43 44 45 46 47 49 54 55 58 60 61 63 64 65 66 69 70 72 73 74 75 76 77 78 79 80 81 83 85 89 90 91 94 95 96 98 100 102 103 105 106 109 110 112 113 116 119 123 125 126 131 132 135 137 138 140 144 145 146 147 150 152 154 155 157 158 159 160 161 162 163 164 165 167 168 169 170 172 173 174 175 177 179 181 182 183 184 189 190 191 192 193 195 196 198 199 200
16 71 18 19 20 21 22 23 25 27 29 31 32 38 39 43 45 47 48 49 50 51 52 54 55 56 57 58 60 61 62 63 64 65 68 70 72 74 77 78 81 82 85 87 89 95 98 99 101 102 103 104 105 106 107 108 110 111 115 117 118 119 121 124 125 128 131 133 134 135 137 138 139 140 142 144 146 147 150 152 153 154 155 156 157 158 159 160 161 162 163 166 169 170 171 172 173 174 176 178 179 182 183 184 186 190 192 193 195 199
17 95 18 19 21 28 29 30 31 32 33 34 35 36 38 39 40 43 44 45 46 47 49 51 53 54 55 58 59 61 62 63 65 66 68 69 70 72 74 75 77 78 80 81 83 85 88 90 91 92 95 96 97 99 100 101 103 106 108 109 110 114 116 117 118 119 121 122 125 126 128 132 133 134 136 137 139 140 141 142 143 144 145 147 149 151 153 154 155 156 157 158 160 161 163 164 165 166 167 168 169 170 172 174 176 177 178 179 181 182 188 189 191 192 193 197
18 37 19 20 21 22 23 24 25 29 31 33 35 36 39 40 41 42 43 44 45 47 48 49 52 53 54 55 56 59 60 61 62 63 65 66 70 72 74 76 78 79 80 82 84 85 86 88 90 91 92 95 96 101 102 103 104 109 110 111 120 121 122 123 124 126 128 129 135 137 138 141 145 146 147 148 149 150 153 154 156 158 161 162 163 164 165 168 172 173 174 180 181 182 183 184 185 186 187 188 189 191 194 195 199 200
19 59 20 21 22 25 26 27 28 29 30 31 34 35 37 38 39 40 41 43 44 45 48 54 55 56 58 59 60 61 62 63 64 65 66 67 69 72 74 75 77 79 80 81 82 83 85 86 87 88 89 90 92 93 95 96 97 101 102 103 104 106 107 109 111 113 114 119 121 124 125 128 134 136 137 138 139 140 141 142 144 145 148 149 150 151 152 153 154 157 158 159 161 162 163 164 167 168 171 172 173 174 175 176 180 181 183 184 185 186 187 188 189 191 192 196 198 199
20 88 21 22 27 29 30 32 33 34 37 40 41 42 43 44 45 47 48 49 50 54 55 56 57 58 61 62 64 65 66 67 69 72 76 77 80 81 82 83 84 86 87 88 89 91 94 95 98 100 101 103 104 107 108 109 110 111 113 114 116 118 120 122 123 127 128 129 130 131 132 134 135 136 138 139 141 142 144 145 147 148 149 151 152 153 155 156 158 162 164 165 166 167 168 169 170 174 176 178 179 180 183 184 188 192 194 196 197 198 199
21 35 23 28 31 33 35 36 37 38 39 41 42 43 44 45 46 48 49 50 51 53 54 55 57 58 60 61 62 65 66 67 68 69 71 73 74 75 76 78 79 80 81 84 87 88 90 91 92 94 95 97 98 99 100 103 104 106 107 111 112 113 116 117 118 119 120 121 122 123 124 126 130 134 135 136 138 139 140 141 143 144 145 146 148 149 150 152 153 154 156 157 158 162 164 166 167 168 172 173 174 175 176 177 178 180 181 182 184 185 186 187 188 189 190 192 193 194 196 197
22 64 23 24 26 28 29 30 31 32 33 38 39 40 41 42 45 46 48 49 50 52 54 57 58 59 60 61 62 63 65 66 69 71 72 74 76 77 78 79 82 83 85 87 88 89 91 93 95 98 99 100 101 102 103 104 107 108 110 111 112 115 116 117 122 125 126 127 130 132 133 134 135 137 139 140 141 143 144 145 148 149 151 153 154 155 158 159 160 163 164 167 168 169 170 171 172 175 177 178 179 182 184 186 187 189 190 192 193 196 197 198 199 200
23 70 24 25 26 28 34 35 36 38 41 45 46 50 51 53 55 56 57 58 60 63 64 65 66 67 68 72 73 76 78 80 82 85 86 88 89 90 91 92 93 94 95 96 98 100 101 104 105 108 109 110 111 112 116 118 120 122 124 125 126 127 128 129 130 132 133 134 135 138 139 141 142 144 145 147 148 149 150 151 152 153 155 156 157 160 162 163 164 165 169 172 173 174 176 177 180 183 184 185 186 187 188 191 193 194 197 198 199 200
24 75 25 26 27 28 29 31 34 39 43 45 46 47 49 50 51 52 54 55 56 57 58 59 62 65 67 71 72 76 77 80 81 82 83 84 86 87 90 91 92 94 95 96 97 99 100 104 105 106 107 108 109 113 115 117 119 120 121 123 124 125 127 128 131 132 135 137 138 140 141 142 144 146 148 149 151 153 154 155 156 157 160 161 163 165 167 169 170 173 174 175 177 178 182 183 184 185 186 187 188 189 190 192 193 195 196 198 200
25 30 27 28 29 30 31 37 39 41 44 45 50 51 53 54 56 58 60 61 63 64 65 68 70 71 72 73 74 75 76 78 79 80 81 82 83 84 85 87 90 92 96 97 98 99 100 101 102 106 107 108 110 111 115 118 123 125 126 130 132 133 134 139 142 143 144 146 147 150 151 152 153 154 155 156 157 159 163 164 166 169 171 172 173 175 176 177 179 180 181 184 185 186 189 190 191 192 193 194 195 196 197 198 199
26 99 28 29 32 33 34 35 36 37 38 40 41 42 43 47 48 49 50 51 52 53 54 56 57 59 61 69 71 72 75 76 77 78 79 80 81 83 85 86 90 91 94 95 96 97 98 99 102 103 105 107 113 118 119 120 122 123 127 128 129 132 134 136 137 138 139 140 143 144 145 147 150 152 153 155 156 157 158 160 162 163 164 166 167 168 170 171 172 173 174 176 181 182 183 184 186 190 192 193 195 197 200
27 28 28 29 32 34 35 36 37 39 41 43 44 45 46 48 49 52 54 57 58 59 60 61 62 63 66 67 68 69 70 71 72 75 77 79 80 82 83 85 86 88 91 93 94 96 97 100 104 105 107 111 112 114 115 119 120 122 123 125 127 129 132 133 136 137 138 140 141 142 143 144 145 147 148 149 150 151 152 153 155 156 157 158 160 161 162 163 164 165 166 167 168 171 175 177 179 180 181 182 183 186 187 188 189 190 193 195 196 198 199 200
28 52 29 30 31 33 35 36 38 41 42 43 49 51 58 59 60 63 65 66 68 69 70 71 73 74 76 78 80 81 82 83 84 85 86 88 90 92 94 95 96 102 105 109 110 111 113 114 117 121 123 124 125 126 131 133 134 138 142 143 145 146 147 148 149 150 152 153 155 156 157 158 160 162 165 167 173 174 175 177 178 179 180 183 184 185 186 188 189 190 191 193 194 195 197 198 199 200
29 91 31 33 34 35 36 38 39 41 43 48 50 51 54 57 58 59 64 65 67 71 72 73 74 76 78 79 80 81 82 83 84 85 87 90 91 92 93 94 95 97 98 101 102 103 110 111 113 114 115 122 123 126 127 128 129 130 131 135 136 137 138 139 140 142 143 145 151 152 153 155 156 158 159 160 162 163 166 167 169 170 173 175 178 179 181 182 183 184 185 186 189 190 191 192 195 196 197 198 200
30 66 31 32 34 36 38 41 42 43 44 46 47 50 55 56 57 59 60 61 62 64 66 67 69 71 72 74 76 77 79 83 84 85 87 89 90 92 93 95 96 97 99 100 101 106 108 109 110 112 114 115 116 118 120 123 125 126 127 128 129 130 132 133 134 135 136 138 142 145 147 149 150 151 152 156 157 158 159 161 163 165 167 169 171 175 176 177 180 182 184 185 186 187 188 192 193 195 199 200
31 78 32 36 37 39 40 43 45 46 47 48 49 51 52 53 57 58 59 60 61 62 64 65 66 68 72 73 76 77 79 80 83 84 86 89 92 93 94 95 99 101 102 103 104 105 106 107 108 111 112 116 120 121 122 124 126 128 131 132 133 134 136 141 142 145 146 147 148 150 151 152 154 158 159 160 161 163 164 166 167 170 171 172 174 175 176 178 179 180 183 184 185 186 187 188 189 190 192 193 194 197 199 200
32 39 33 34 35 36 40 41 44 45 46 49 51 52 54 55 56 57 59 60 62 63 65 66 67 68 69 71 73 74 78 81 82 83 84 85 86 87 90 93 94 95 96 97 98 100 103 104 107 110 111 113 114 115 116 117 118 119 121 123 124 125 127 130 132 133 134 138 139 141 143 144 145 146 147 149 151 152 154 156 158 160 162 163 164 165 166 167 168 170 171 173 174 175 176 178 180 182 183 184 186 187 189 190 193 194 196 198
33 63 35 36 38 39 40 42 43 47 48 51 52 54 58 60 63 64 69 70 71 74 75 76 77 80 83 84 85 87 89 91 92 94 98 99 101 103 104 108 109 111 112 114 115 116 117 118 119 120 122 123 124 126 127 128 130 131 132 133 135 138 139 140 142 150 152 153 156 158 160 162 163 164 168 171 172 173 175 176 177 178 180 183 184 186 190 192 196 197 199
34 56 36 39 41 44 45 46 47 49 53 55 56 57 59 60 62 63 66 69 71 72 73 74 76 77 78 79 82 84 85 88 92 95 96 97 99 100 101 102 104 105 106 107 108 109 110 113 115 117 118 120 121 125 126 128 129 130 131 136 137 138 139 140 143 148 149 152 154 155 156 158 159 161 162 163 164 165 166 167 169 172 173 177 178 179 180 181 182 183 184 185 186 187 188 189 191 192 193 195 196 197
35 73 37 38 39 40 41 44 45 47 48 49 50 54 55 56 59 60 61 68 69 70 74 75 77 78 80 81 82 83 86 88 89 93 94 96 100 101 103 104 105 107 108 110 111 112 113 114 115 117 119 120 122 123 124 127 128 130 132 138 142 147 151 153 156 157 159 160 161 164 170 171 172 174 177 178 180 181 184 188 189 192 193 194 195 200
36 68 43 45 46 48 52 53 56 57 59 60 61 62 63 64 66 68 69 71 72 73 75 77 80 81 82 84 85 87 90 91 92 93 96 99 100 101 102 103 104 105 109 111 115 116 117 118 119 120 121 124 128 129 131 132 133 134 135 137 141 142 143 146 147 149 150 152 154 156 157 158 159 163 164 167 169 171 173 174 175 176 177 178 180 182 184 185 186 190 191 194 195 196 198 199
37 54 40 43 44 49 50 51 53 54 55 57 58 59 60 61 63 66 67 70 71 74 75 78 79 81 83 84 85 87 88 89 92 93 95 99 100 101 102 103 104 110 111 114 116 117 118 119 121 123 124 125 126 127 128 132 134 135 136 137 138 141 144 145 146 147 148 150 151 152 153 154 156 157 158 160 162 163 164 166 167 168 174 176 178 179 181 182 183 186 187 189 191 192 193 194 195 196 197 198 200
38 51 39 41 42 45 48 52 54 55 60 62 63 64 70 72 73 74 75 76 77 78 80 81 82 84 86 87 88 89 92 93 96 97 99 102 103 104 105 106 107 108 112 113 116 120 121 122 123 124 126 127 128 130 131 132 133 135 136 139 140 141 142 143 144 145 146 148 149 150 155 156 161 162 163 165 167 169 170 171 174 175 177 178 181 182 183 185 186 187 188 189 190 193 194 195 196 200
39 77 40 41 43 45 46 47 48 49 50 52 53 55 56 58 59 60 61 62 63 64 65 66 67 68 69 70 71 72 75 78 79 80 81 82 84 85 89 90 91 92 93 94 98 100 102 103 104 105 106 107 109 110 114 115 117 119 120 127 130 132 133 135 136 138 141 142 144 146 147 148 149 150 151 152 153 157 158 159 160 162 163 164 166 167 168 169 171 172 175 183 184 187 188 189 191 192 193 194 195 196 198 199 200
40 30 41 44 46 49 51 52 54 57 60 62 63 64 67 68 70 71 72 73 75 76 77 78 79 83 85 86 87 89 90 92 93 94 98 99 100 102 103 104 105 107 110 111 114 115 119 120 121 122 123 124 125 126 131 132 134 138 139 140 142 144 147 148 151 153 156 158 162 163 165 166 167 168 170 172 175 178 179 180 182 183 185 186 190 191 192 194 196 197 198 199 200
41 32 43 46 47 51 52 53 54 55 56 57 59 60 62 63 64 65 67 68 69 71 72 75 76 77 78 79 80 81 82 86 87 89 90 93 95 96 98 99 100 101 102 103 104 106 107 108 109 110 113 116 118 119 123 127 130 133 134 135 137 138 139 140 142 143 144 146 148 149 151 152 153 156 157 159 165 167 173 175 178 179 181 182 183 184 185 187 189 190 192 194 195 196 197 198 199 200
42 49 43 44 45 48 49 53 57 58 60 61 64 68 69 71 72 73 75 76 77 79 83 84 85 88 89 90 91 92 93 94 95 96 97 101 102 107 108 109 111 113 114 116 119 121 124 125 127 129 132 133 134 135 137 138 139 140 141 142 143 145 146 147 148 149 154 155 156 158 159 164 166 167 168 170 172 173 175 176 177 178 179 180 181 182 184 186 190 192 193 194 195 196 197 198 199 200
43 93 47 49 51 52 54 56 57 58 59 60 61 64 65 66 73 76 78 79 80 81 84 85 87 88 89 90 91 92 94 95 96 98 99 100 102 106 107 108 109 110 111 113 114 118 120 121 122 123 127 128 133 134 136 138 140 142 150 152 155 156 157 160 162 163 164 165 169 170 171 172 174 176 177 179 181 183 185 187 189 192 193 194 195 197 199
44 41 46 47 50 52 54 55 56 57 58 61 62 63 65 66 67 68 69 70 74 75 76 77 80 81 82 83 84 88 91 92 95 100 102 104 105 106 108 111 114 115 116 121 124 127 128 129 133 135 138 139 140 141 142 143 144 145 147 151 152 153 154 156 161 162 163 164 169 170 171 172 174 175 176 179 180 181 182 183 184 185 186 188 189 193 194 195 196 197 198 199 200
45 26 46 47 51 53 54 55 56 57 58 59 60 62 64 65 68 69 70 72 73 74 75 77 80 82 83 86 87 88 89 90 91 93 98 100 101 102 105 106 107 108 110 113 114 115 117 119 120 121 125 126 128 129 130 132 133 134 135 136 138 139 141 142 143 144 145 146 149 151 152 153 154 155 157 158 159 160 168 170 171 172 173 175 176 177 178 179 180 181 183 187 188 190 192 193 194 195 197 198 199 200
46 89 47 48 49 50 51 53 55 56 57 58 59 60 62 63 65 68 70 73 77 83 84 85 88 89 90 91 92 93 95 98 99 100 101 103 104 105 106 107 110 111 113 116 119 121 122 123 124 126 128 130 131 134 135 136 137 138 140 141 142 147 148 149 150 151 153 154 155 160 161 165 168 169 171 172 173 177 178 183 185 187 189 196 197 199 200
47 76 50 52 53 54 59 60 63 64 65 66 67 68 69 70 71 72 73 75 76 77 78 80 84 85 87 88 89 91 92 93 94 96 98 100 102 104 105 106 109 110 111 112 114 115 117 118 121 122 124 125 126 127 128 129 131 132 134 135 137 138 139 140 141 142 143 144 145 146 147 150 152 154 159 162 163 165 166 169 170 174 176 177 178 180 183 185 186 187 188 189 190 191 193 194 195 196 198 199
48 69 49 50 52 53 59 60 61 64 66 67 68 69 71 72 73 74 77 78 79 80 81 86 88 89 92 93 94 95 96 97 98 99 100 102 105 106 110 111 112 113 114 115 119 122 123 124 128 129 130 132 133 135 136 137 138 139 141 142 143 146 147 148 149 151 152 153 159 162 163 164 165 166 167 170 171 174 175 176 178 179 181 185 186 189 190 191 192 193 194 197 199
49 40 50 51 53 54 55 57 58 60 62 63 65 66 67 68 69 72 73 74 76 78 80 82 83 84 86 88 89 91 92 93 94 95 97 98 99 100 101 102 103 106 107 108 110 111 112 114 116 117 118 121 122 124 125 126 128 129 130 131 132 133 136 138 140 142 143 145 147 150 151 152 153 155 158 160 161 162 164 165 167 168 169 171 173 175 176 179 182 183 184 185 186 187 188 189 191 193 194 195 196 198 199 200
50 71 52 53 54 55 56 57 58 60 61 64 70 73 75 77 78 79 80 81 82 83 85 86 87 89 90 91 92 93 94 95 97 99 101 102 103 107 108 109 111 112 113 114 115 117 120 121 124 125 126 127 128 129 132 134 137 138 139 140 142 143 145 147 149 151 153 156 157 158 160 161 162 166 167 168 169 172 174 176 177 178 180 182 183 184 186 187 188 189 191 192 193 194 196 197 198 200
51 78 53 56 60 61 63 64 65 66 68 69 70 72 75 77 78 79 84 85 86 88 91 92 96 97 98 99 100 101 103 104 105 107 109 113 115 116 119 120 121 122 124 126 128 130 134 135 137 138 140 141 143 145 146 148 149 150 151 152 155 158 159 160 161 163 167 168 169 170 172 174 182 184 187 188 189 190 191 195 197 198 199 200
52 98 53 54 55 58 59 60 61 62 66 68 69 71 72 73 75 76 77 78 79 80 82 83 88 89 90 91 92 93 94 97 98 99 102 105 107 108 110 113 115 118 119 125 126 128 129 130 132 133 134 135 139 141 142 144 145 149 151 152 153 156 161 162 164 166 167 169 170 171 173 175 176 179 183 186 187 189 190 191 193 194 195 197 200
53 62 54 55 56 62 63 65 67 68 69 70 71 72 73 75 76 77 78 79 80 81 83 84 87 88 89 90 91 92 94 95 97 98 99 101 104 105 106 110 111 112 113 114 117 120 122 123 124 126 128 129 130 131 132 135 137 138 139 140 141 142 144 145 146 148 149 151 152 153 155 158 159 160 165 166 167 168 170 171 172 173 175 176 178 179 181 182 184 185 186 187 190 193 194 196 197 198
54 91 55 56 57 58 60 61 62 64 66 67 68 70 71 73 74 75 77 78 80 82 84 86 87 89 90 91 93 96 97 99 100 101 104 105 109 110 111 112 115 116 117 121 123 125 126 127 128 129 130 135 138 139 140 141 143 144 145 148 150 151 155 156 157 158 159 164 166 167 168 171 173 175 176 177 178 179 180 181 182 185 186 187 188 190 191 192 193 194 198
55 57 56 57 58 60 63 66 70 71 73 74 76 77 80 82 83 84 85 88 89 90 93 94 95 97 98 99 102 103 105 108 109 110 111 114 116 118 119 121 122 123 125 126 127 130 131 132 133 136 139 140 142 146 147 150 151 152 153 155 156 157 160 161 162 163 169 170 171 173 174 176 177 178 180 181 183 185 188 190 192 195 197 198 199 200
56 33 57 58 59 60 61 62 64 68 69 70 71 72 73 75 77 78 79 80 81 84 85 86 89 90 91 92 93 94 95 98 99 101 103 104 105 106 107 110 112 113 116 117 118 119 120 121 122 123 124 125 129 130 131 132 134 135 136 138 140 141 142 143 145 149 150 151 152 153 154 155 157 158 160 161 166 168 169 170 171 172 173 175 176 177 179 180 181 185 186 187 190 192 198 199
57 28 59 60 61 63 64 67 71 73 74 76 77 80 83 84 86 89 90 91 92 94 95 96 97 99 101 102 103 104 106 107 109 110 111 112 115 118 119 120 121 124 126 131 132 138 142 146 149 151 152 153 157 159 160 161 162 164 165 166 167 169 170 171 172 174 175 179 181 182 183 184 185 188 191 192 196 200
58 51 62 63 67 73 75 77 78 79 80 81 84 87 88 89 93 95 98 99 101 102 104 106 109 111 112 114 117 118 119 121 123 125 128 130 131 132 135 137 141 142 143 144 145 146 147 149 150 153 155 156 157 158 159 162 166 170 173 174 176 177 179 182 183 185 186 188 191 192 193 194 196 197 199
59 93 61 63 65 67 68 73 77 78 79 80 81 82 84 85 86 87 88 89 90 91 92 96 97 98 99 101 102 105 106 110 111 112 113 114 116 118 119 122 123 125 126 127 128 133 134 137 139 140 141 142 143 145 146 147 148 150 152 153 154 155 159 160 163 164 165 166 170 171 173 174 175 178 182 186 187 188 190 195 197 198 199 200
60 71 61 62 63 64 65 71 72 73 75 78 81 86 87 88 91 93 96 97 99 100 101 103 105 106 107 109 110 111 114 115 117 121 122 124 125 127 128 129 134 135 139 140 143 145 148 151 152 154 155 158 159 160 161 162 163 164 165 166 167 169 170 177 178 179 180 181 182 183 184 186 187 189 190 192 195 197 200
61 20 62 64 65 67 71 74 77 78 79 81 83 84 85 87 89 91 92 93 94 96 97 99 100 101 102 104 105 107 109 112 115 118 119 121 122 125 127 130 131 133 135 136 137 138 139 140 143 144 145 146 147 149 151 153 154 155 156 158 160 161 162 163 164 165 166 167 168 169 170 171 177 181 182 183 185 186 187 188 189 190 195 200
62 76 64 66 67 68 69 70 71 73 74 75 76 77 78 80 82 83 85 90 91 96 98 101 104 106 107 108 110 111 113 114 116 117 119 120 124 125 127 128 130 131 132 135 136 138 139 140 142 144 146 147 152 154 155 156 159 162 163 164 165 167 168 169 170 173 174 175 176 177 179 180 183 184 185 187 188 189 190 191 192 193 194 195 196 197 198 199
63 41 64 67 70 73 74 75 76 77 78 79 80 82 83 85 86 87 89 91 92 94 95 96 97 99 100 101 102 104 106 108 110 111 112 117 118 119 120 122 123 124 125 127 128 129 130 132 133 134 135 136 137 138 139 140 141 144 145 147 151 152 153 155 157 158 159 161 163 164 165 168 169 170 171 172 174 175 176 177 182 185 188 190 191 192 193 195 196 197 200
64 92 67 70 71 72 74 75 76 79 81 82 86 87 89 92 93 94 95 96 97 100 104 106 107 108 109 110 111 112 113 117 118 120 121 122 124 127 128 130 132 134 137 139 140 143 144 146 147 150 152 154 155 156 158 159 160 161 162 163 164 165 167 169 170 171 173 174 176 179 180 182 184 186 187 188 189 190 193 197 198 199 200
65 77 71 72 74 75 76 79 80 81 82 83 86 87 90 91 92 93 94 96 97 98 100 101 103 105 106 107 108 109 110 111 112 114 117 120 121 122 123 125 126 128 129 130 131 132 134 135 136 137 139 140 141 143 144 145 146 147 149 150 152 154 156 157 158 160 163 164 165 166 167 168 169 171 172 173 174 175 176 177 179 180 181 182 183 186 187 188 191 195 196 197 200
66 77 68 69 70 78 79 80 82 83 84 85 86 88 89 90 91 92 93 94 95 98 99 100 101 106 107 108 109 110 111 112 113 115 116 118 121 122 124 126 129 131 133 135 136 139 141 142 143 144 147 148 149 152 153 154 155 156 157 158 159 160 161 163 165 166 167 169 171 172 180 181 182 184 185 187 188 189 192 193 194 196 199
67 29 69 70 71 73 75 76 78 79 84 85 86 87 88 89 90 92 93 94 95 99 100 102 103 107 108 109 110 113 114 115 117 118 121 122 124 125 126 127 129 132 133 134 135 136 137 140 141 143 145 146 153 159 160 161 162 163 164 166 167 168 169 170 171 172 174 177 179 180 181 183 184 185 186 189 190 191 192 193 195 196 198 200
68 80 71 72 73 75 76 77 78 79 81 82 84 88 90 94 96 99 100 101 104 105 106 108 109 110 111 112 113 114 115 119 120 125 127 129 130 131 136 138 140 141 142 143 146 147 148 149 153 154 156 157 158 159 161 162 165 168 171 172 173 174 176 177 178 179 180 182 183 184 185 186 188 189 191 193 195 196 197 198 200
69 74 70 73 76 77 78 79 82 84 87 88 89 91 92 93 96 97 100 101 102 103 104 105 107 108 109 110 111 112 113 117 119 122 123 124 125 126 127 128 130 131 132 134 136 137 139 141 142 143 146 148 150 152 155 156 157 161 162 165 169 173 176 177 178 182 184 185 186 188 189 192 194 196 198 199 200
70 98 73 74 79 81 82 83 85 88 89 91 92 93 95 96 97 99 100 102 105 106 108 109 111 112 113 114 116 117 118 119 120 121 122 123 125 126 129 130 134 136 137 139 142 145 146 148 150 152 153 154 156 157 159 160 161 163 164 165 166 167 168 169 170 171 172 177 178 179 181 182 184 185 186 188 189 191 192 193 195 196 198 199
71 89 72 73 74 75 76 77 78 81 82 83 85 86 89 91 93 94 95 96 98 101 102 103 104 107 108 110 112 113 116 117 118 119 120 121 123 124 126 127 130 131 132 134 137 139 140 141 142 143 144 146 149 152 153 154 155 159 160 162 164 165 166 167 169 170 171 172 175 176 178 180 181 184 185 186 187 188 189 191 193 194 198 200
72 65 78 79 82 83 85 88 89 90 92 93 94 95 96 97 98 100 101 102 107 111 112 114 117 118 119 121 122 124 126 127 137 140 141 142 143 147 149 150 151 153 154 156 158 161 162 163 164 165 167 168 169 170 171 172 173 175 176 177 178 180 183 184 185 186 187 189 190 191 192 193 195 196 197 198 199 200
73 76 74 75 76 77 78 79 80 81 86 87 89 90 91 92 93 95 98 99 101 103 104 105 106 107 110 111 115 116 117 118 121 122 123 131 132 134 135 136 137 138 139 140 141 143 144 145 146 150 151 153 154 155 159 160 161 163 165 166 167 168 169 171 172 174 175 177 178 182 184 185 186 187 189 190 191 192 195 196 197 198
74 92 75 76 78 79 84 85 87 89 91 92 94 95 96 98 102 103 106 108 112 113 114 116 119 125 126 127 130 131 132 133 134 137 138 141 143 144 149 150 152 154 159 161 162 163 164 165 169 171 173 174 176 177 179 180 181 182 183 185 187 188 189 190 191 192 193 196 197
75 93 77 78 80 81 84 85 86 87 88 91 92 93 95 97 99 103 106 108 109 110 114 117 118 120 121 123 124 126 130 131 133 134 136 137 138 139 141 142 143 145 146 149 150 151 152 155 156 157 158 160 161 163 164 165 167 168 169 170 171 174 175 177 178 180 181 182 183 184 185 186 187 189 190 191 192 193 195 196 197 200
76 38 78 79 81 82 84 86 87 88 90 91 92 93 95 97 99 100 102 103 107 110 111 112 113 114 115 116 118 119 120 121 122 123 124 125 126 127 128 131 132 134 135 137 138 139 140 142 144 147 148 149 150 151 153 154 157 158 159 160 161 167 172 173 176 177 181 182 183 184 185 188 189 191 192 196 197 199 200
77 24 78 79 80 81 82 84 85 87 88 89 92 95 96 98 99 100 101 102 104 105 106 107 108 109 110 112 113 116 117 118 123 124 125 126 127 128 129 136 141 142 144 145 147 148 152 153 155 163 168 174 177 178 179 180 181 183 186 188 190 196 197 199 200
78 45 80 81 82 83 86 88 90 91 93 96 98 99 100 101 102 104 108 109 110 111 112 113 114 115 116 117 119 120 121 122 123 125 126 131 132 134 135 136 137 139 140 142 145 147 148 150 151 152 154 156 157 158 160 161 162 163 164 165 166 167 168 169 176 179 180 185 187 188 189 190 191 192 194 196 197 198 199 200
79 66 80 81 83 85 87 88 93 94 95 96 97 98 99 100 101 102 103 104 108 109 112 113 114 116 117 118 119 120 121 122 123 124 125 127 128 129 130 131 133 134 135 136 144 147 149 152 153 154 155 157 158 159 160 161 165 166 167 175 177 178 179 180 181 182 183 184 185 186 189 190 191 192 196 198 199
80 42 81 82 83 84 86 87 88 91 92 93 94 95 96 97 98 99 100 101 103 105 106 107 108 109 112 113 115 116 117 121 124 127 128 134 136 137 138 139 141 142 144 145 146 148 151 152 154 155 156 157 159 164 165 167 168 171 173 174 175 176 179 180 181 182 184 185 186 187 189 190 191 192 195 198 200
81 45 86 91 93 96 97 98 99 100 102 103 104 106 107 108 109 110 112 115 117 119 122 123 124 127 128 129 130 131 132 136 138 143 145 146 147 148 151 152 154 155 156 157 158 160 161 162 163 166 167 168 169 171 172 174 175 176 177 178 185 187 188 193 194 195 196 197 199
82 54 83 84 86 88 90 91 92 93 94 95 96 98 100 101 104 105 106 107 109 111 112 113 114 117 119 120 121 123 125 126 127 128 129 133 136 137 140 142 143 144 146 149 150 151 155 156 158 160 161 162 165 167 168 169 170 172 173 175 176 177 178 179 180 182 185 187 188 189 190 191 192 193 195 197 199 200
83 94 84 87 88 89 90 91 95 97 99 100 101 102 104 105 107 108 109 111 112 113 114 117 119 120 122 125 126 127 130 132 133 134 135 136 139 141 143 145 146 148 150 151 153 155 156 159 160 162 163 164 165 167 168 170 171 172 174 175 177 178 179 183 184 186 187 188 189 193 195 198 200
84 88 86 87 90 91 93 94 95 96 100 102 103 104 105 106 108 109 111 113 114 115 116 117 118 119 120 122 126 128 130 133 134 136 137 139 140 141 142 143 144 145 146 147 148 149 150 151 155 156 158 159 160 162 163 165 166 167 169 171 172 173 175 177 178 179 180 181 185 187 190 191 194 196 197 198 199
85 71 87 89 91 93 94 95 97 98 99 103 104 105 106 107 110 111 112 113 115 116 117 118 119 120 122 124 125 126 127 130 131 132 133 134 135 136 138 139 140 141 142 143 144 145 150 151 152 153 154 156 157 159 160 161 162 163 164 165 166 168 169 171 172 173 176 178 179 183 184 186 188 189 193 195 196 197
86 73 88 94 95 97 98 101 103 104 107 110 112 116 117 118 120 121 122 123 124 125 126 127 128 130 132 133 136 137 138 140 141 143 144 145 148 150 151 152 154 155 157 158 160 161 162 164 165 167 170 174 175 176 180 181 182 185 186 187 189 190 194 195 196 199
87 70 91 92 93 96 97 100 101 102 103 104 105 107 108 109 115 116 117 120 121 122 126 127 128 130 131 134 135 136 137 139 141 142 144 145 146 147 148 149 150 151 152 153 154 157 158 159 160 161 162 164 165 166 167 169 170 171 173 174 176 177 179 180 181 182 184 187 188 192 193 197 198 199 200
88 80 89 92 94 95 96 97 98 99 102 103 104 106 107 108 112 117 122 124 125 126 127 129 131 133 134 135 136 137 138 139 142 144 145 147 148 150 151 152 155 156 158 160 161 162 163 166 167 168 172 175 176 179 181 182 184 185 186 187 188 189 194 195 196 198 199 200
89 72 90 91 92 95 96 97 100 101 102 105 108 109 112 113 114 115 116 117 119 120 123 126 130 131 135 137 138 139 140 141 142 143 144 147 148 150 151 152 153 154 158 159 161 163 164 167 168 171 172 174 176 177 179 181 183 184 186 187 189 192 194 195 196 197 198 200
90 64 92 93 96 97 98 100 101 103 104 105 106 107 109 110 111 113 114 117 118 119 120 124 125 126 127 128 129 130 132 133 134 135 136 137 138 140 143 145 148 151 154 155 157 160 161 164 165 166 167 168 169 170 173 174 175 176 177 178 179 180 181 183 184 186 187 188 190 191 193 194 195 197 198 199 200
91 33 93 94 96 100 102 103 104 105 106 107 109 110 112 115 116 117 119 120 123 124 127 128 129 130 131 132 133 135 137 139 140 141 143 145 146 149 150 152 153 154 156 158 159 160 161 162 163 164 165 167 168 169 170 172 173 174 175 180 182 183 184 187 189 193 194 196 197 198
92 54 96 98 100 101 103 104 105 106 107 109 111 112 114 115 117 118 119 120 122 124 131 132 134 135 137 138 139 140 141 142 144 147 148 149 152 154 155 159 162 163 164 165 167 168 169 170 171 172 173 174 175 176 177 179 180 181 185 187 189 190 192 193 194 196 198 200
93 66 94 95 96 97 99 103 104 105 109 110 112 113 116 119 120 121 123 124 125 126 129 130 132 137 140 143 147 149 150 151 153 157 158 160 161 164 165 167 168 170 172 173 176 177 179 180 181 182 185 186 188 190 191 193 196 197 199 200
94 23 95 98 103 104 105 109 111 113 116 117 118 119 120 122 124 126 127 128 129 130 131 133 134 135 139 141 142 144 145 147 149 150 153 156 158 159 160 162 164 165 166 168 169 170 171 172 173 174 175 176 177 178 180 181 182 183 184 186 187 190 192 194 195 196 198 200
95 50 96 97 99 100 102 103 104 105 106 108 109 111 113 114 116 118 119 121 123 124 125 126 127 128 129 130 133 135 137 141 142 143 144 145 146 148 149 150 151 154 156 158 159 161 162 163 165 166 167 168 169 170 171 174 175 176 177 179 181 185 187 191 192 194 196
96 36 97 98 99 101 103 104 107 108 109 110 111 113 116 118 119 123 124 125 128 129 130 132 133 135 136 138 139 140 142 143 145 150 151 153 154 157 158 159 160 161 162 163 164 165 166 167 169 170 171 173 174 175 176 179 180 181 183 185 187 188 189 190 191 192 195 197 198 199 200
97 86 98 99 101 102 103 105 106 107 108 110 111 113 114 115 117 119 121 122 123 124 126 127 128 129 133 134 136 137 138 139 141 144 146 147 148 150 151 152 153 154 155 157 159 162 163 164 165 166 168 169 171 172 174 175 178 179 180 181 182 184 186 189 190 191 194 195 196 197 198 199
98 54 99 100 105 107 110 111 112 114 115 116 118 119 120 122 123 124 125 126 128 131 133 136 138 141 142 145 146 148 149 151 152 153 154 155 156 157 163 164 166 167 171 173 174 175 176 177 179 181 182 183 184 186 188 189 190 194 196 198
99 58 102 103 104 105 108 109 114 119 122 123 124 126 127 128 131 132 133 134 137 139 142 143 145 151 152 153 157 158 159 162 164 165 166 168 169 170 171 173 174 176 178 180 183 184 185 186 187 189 190 191 192 193 194 196 197 198
100 54 101 103 104 107 108 109 111 112 113 114 115 117 118 119 123 127 128 132 133 134 136 138 142 143 144 145 146 148 149 151 152 153 154 157 159 160 163 164 165 166 167 168 169 170 172 173 175 176 177 179 184 186 188 190 191 192 193 194 195 196 198 199 200
101 61 102 103 104 105 107 109 110 114 116 119 121 122 123 125 127 128 129 132 133 134 136 137 138 139 140 141 142 144 145 147 148 149 150 151 152 154 155 156 157 158 159 162 165 168 170 171 173 176 177 179 184 185 186 190 191 192 195 196 197 199 200
102 33 105 107 108 112 113 114 116 117 118 120 121 122 124 125 127 128 129 130 132 133 134 135 136 138 139 140 141 142 143 145 146 147 148 149 150 151 153 154 156 157 158 159 160 163 168 170 172 173 174 177 179 180 181 182 183 185 187 189 190 191 193 198 200
103 94 104 106 107 108 109 110 113 114 115 116 117 119 121 122 126 128 129 130 132 134 135 136 137 139 140 145 147 148 149 150 151 152 153 154 156 157 159 160 161 162 163 164 166 167 168 169 171 172 173 176 177 180 181 182 185 186 188 189 190 191 192 194 195 198 199 200
104 95 105 107 109 110 111 113 116 124 125 128 130 131 132 133 134 135 136 137 139 140 141 143 144 145 147 149 152 154 155 156 160 161 162 163 165 167 169 170 173 174 175 176 177 178 179 180 183 184 185 186 187 188 190 191 193 194 196 197 198 199 200
105 52 106 107 108 109 111 114 120 122 127 129 131 134 135 136 137 139 140 141 143 144 146 148 150 151 152 153 154 156 157 159 160 161 162 165 166 170 172 174 175 176 177 180 184 188 189 190 191 193 195 199 200
106 100 107 108 109 110 112 116 119 120 121 122 124 125 127 131 132 134 135 136 137 138 139 141 143 144 145 146 147 148 149 150 151 152 153 156 157 159 160 161 162 168 169 170 171 174 176 178 180 181 182 183 184 186 187 188 191 192 194 196 197 199 200
107 21 108 109 110 112 115 116 118 119 120 121 122 123 125 126 127 128 129 131 132 133 134 135 137 139 140 142 143 145 147 150 152 153 155 156 157 158 159 160 163 164 165 172 173 177 178 179 180 181 183 185 186 189 192 193 194 195 196 198 199 200
108 55 109 110 111 112 113 114 117 119 120 121 122 123 124 125 128 129 130 131 133 134 136 137 141 143 145 147 148 151 153 155 158 159 160 161 163 165 166 167 168 169 170 171 172 173 174 176 180 181 182 185 186 187 188 189 191 192 193 194 195 196 197 198 199 200
109 62 111 113 114 115 116 118 119 120 121 124 128 129 131 133 136 140 141 143 145 147 148 149 151 153 156 157 158 159 162 163 165 166 167 168 169 170 172 173 175 178 181 182 183 184 186 187 188 191 193 194 195 196 197 199 200
110 59 111 113 114 115 117 119 120 122 123 124 125 126 130 133 137 138 139 140 142 146 147 149 158 160 161 163 164 165 166 168 169 170 172 173 174 175 178 179 180 182 183 184 187 188 190 192 193 194 196 197 198 200
111 70 114 115 116 117 119 121 123 124 125 126 127 130 132 133 137 138 139 140 144 145 146 147 149 151 152 156 158 160 161 162 163 164 165 166 167 168 170 174 175 176 179 181 184 185 188 189 190 191 192 194 197 198 200
112 54 114 115 116 117 118 120 121 122 123 125 126 130 132 135 136 137 138 142 143 146 147 152 154 158 159 162 163 164 167 170 171 172 174 176 178 180 182 183 186 187 190 191 192 194 196 199 200
113 97 120 121 122 123 124 126 127 128 129 130 131 132 133 137 138 140 142 143 144 146 147 151 152 154 155 156 157 159 164 165 167 168 169 170 172 173 174 175 176 177 178 179 180 181 182 184 185 186 188 190 192 193 195 196 197 199
114 51 117 118 119 120 122 125 126 127 128 134 135 136 139 142 143 144 145 146 148 149 150 152 153 155 156 157 158 159 160 162 163 164 165 166 167 169 170 171 172 173 177 180 181 184 188 189 190 191 193 195 197 198 200
115 100 118 119 120 122 125 126 127 128 130 131 132 134 136 137 138 139 140 141 143 145 147 148 149 150 151 153 156 157 159 160 162 165 167 168 169 170 171 172 173 174 175 176 179 180 182 184 185 187 191 192 193 195 196 197 199 200
116 21 118 121 122 123 124 125 127 131 132 133 134 135 136 140 141 144 146 147 148 149 150 151 152 154 155 156 158 161 162 164 165 166 167 168 169 171 173 174 176 178 179 180 182 183 184 185 186 187 188 189 191 192 197 199 200
117 39 118 119 120 121 122 123 124 125 128 130 131 132 133 134 135 136 137 139 140 142 144 147 149 150 151 153 155 156 157 160 161 162 163 164 165 166 167 169 170 171 173 179 180 181 183 184 186 187 188 191 192 193 194 196 197 198 200
118 21 119 120 122 125 126 129 130 131 132 134 136 137 139 146 147 150 151 152 156 158 160 161 163 164 166 168 169 172 173 175 177 178 179 180 182 183 184 186 187 189 190 191 193 194 195 200
119 94 120 121 122 123 125 127 128 129 130 131 132 140 141 145 146 149 152 153 154 156 158 160 162 164 165 166 167 168 170 171 173 174 176 178 181 182 183 185 187 190 193 194 198 200
120 36 121 122 123 124 125 127 129 131 134 136 137 139 141 142 144 145 146 147 148 149 150 153 154 155 156 157 158 159 160 161 162 164 165 166 167 169 170 171 172 175 176 177 179 180 181 182 186 187 190 192 194 195 196 199 200
121 72 124 125 127 129 134 136 137 139 141 142 143 145 147 149 150 152 154 157 159 162 165 173 175 176 177 179 182 183 184 185 191 192 193 195 197 198
122 20 126 128 132 133 134 135 136 137 138 140 143 146 147 148 149 150 152 153 154 155 156 157 158 159 162 163 164 165 166 169 170 171 172 173 175 176 177 178 179 180 185 188 189 190 191 192 193 197 199 200
123 56 124 125 126 127 130 131 132 133 134 135 138 140 141 142 143 144 146 150 152 153 154 155 157 158 159 161 163 164 165 166 167 168 170 171 174 175 176 178 181 182 186 187 188 189 190 191 192 193 194 196 197 198 199
124 51 126 127 128 133 134 135 136 137 138 140 141 145 147 148 150 152 154 155 156 162 163 164 165 166 167 168 170 171 175 177 178 179 181 182 183 184 185 186 187 189 191 192 194 195 196 198 199
125 21 127 133 136 138 139 140 143 144 145 148 150 153 155 157 162 163 168 171 172 173 174 175 177 178 179 180 181 182 183 185 186 187 192 193 194 196 198 199
126 72 127 130 132 133 134 135 136 138 140 143 144 145 146 147 148 149 150 151 152 154 155 159 160 161 164 165 169 171 172 173 175 176 177 179 181 182 183 184 186 190 191 194 195
127 30 128 129 130 131 133 136 137 139 141 142 145 146 148 149 153 155 157 158 159 164 165 166 170 171 172 173 174 176 178 179 180 181 182 184 185 186 187 189 190 191 192 193 194 197 198
128 34 129 130 131 134 135 138 140 141 142 144 145 146 149 151 152 156 158 161 162 163 164 166 169 170 171 172 174 175 176 177 178 181 182 183 184 185 188 192 195 196 197 199 200
129 25 131 134 135 136 138 140 142 143 144 147 149 150 151 152 153 154 155 157 159 161 162 163 167 171 172 173 178 179 181 182 183 184 186 188 189 190 191 192 193 194 196 200
130 35 131 133 134 135 142 144 146 148 149 150 151 152 153 154 155 156 157 158 159 160 161 164 165 168 169 170 172 174 175 178 179 180 181 182 184 186 187 188 189 192 193 194 197 198 199
131 34 132 134 135 136 137 138 140 141 142 143 144 145 149 152 156 158 159 160 162 164 165 167 171 172 174 175 176 177 178 179 182 183 184 186 187 189 190 193 196 197 198 200
132 69 133 134 135 138 140 141 142 143 144 146 150 152 153 154 155 157 158 159 160 161 164 165 166 167 172 173 174 176 177 179 180 181 182 183 184 186 187 188 191 196 197 198
133 43 135 137 146 147 148 149 150 151 153 155 156 157 158 159 160 161 162 165 169 172 174 176 179 180 182 183 184 185 186 187 189 191 192 193 194 195 196 197 199
134 36 137 139 142 143 144 146 147 148 152 154 156 157 159 160 161 162 165 166 169 171 172 173 174 176 178 179 180 185 187 188 189 192 194 196 200
135 58 137 138 139 141 142 143 144 145 146 149 150 153 155 157 158 159 160 161 162 168 170 171 172 173 175 176 181 183 184 185 186 187 188 190 191 192 193 196 200
136 78 137 139 140 141 143 145 150 152 153 154 155 156 157 161 162 163 164 165 166 167 168 169 170 171 174 178 179 180 181 182 183 186 187 188 190 191 195 196 197 198 200
137 24 138 139 144 145 146 149 153 155 156 159 165 168 169 170 171 174 181 183 185 189 192 194 195 196 197 200
138 65 139 140 141 143 144 145 148 149 150 152 153 154 155 158 159 160 161 164 166 168 171 173 175 176 177 178 179 180 181 182 183 185 186 190 192 193 194 195 198
139 84 142 143 144 145 146 148 149 151 153 154 155 156 157 159 161 163 164 165 167 169 170 173 174 175 177 178 181 182 184 186 190 192 193 196 197 198 200
140 57 141 143 147 148 151 152 153 154 157 158 159 160 162 163 164 165 167 168 169 170 171 174 175 176 178 179 180 181 183 184 185 187 189 190 192 193 194 195 196 197 198 200
141 22 142 144 146 148 150 152 153 155 156 157 158 159 160 162 163 166 167 168 170 172 174 175 177 178 179 181 182 183 184 185 186 192 193 194 195 196 197 198 200
142 22 143 144 145 146 150 151 153 154 155 156 158 159 162 164 165 166 168 169 170 171 173 174 176 182 184 186 187 189 190 191 193 195 196 198
143 34 145 148 150 152 153 154 155 157 158 161 162 163 164 165 167 169 173 176 178 179 181 182 183 184 185 188 189 190 191 192 193 196 198 200
144 43 145 148 150 151 157 158 161 162 163 165 166 170 171 174 177 178 179 180 181 184 185 186 187 189 190 194 195 198 199 200
145 81 146 147 156 158 159 160 161 162 168 169 170 173 174 175 177 178 182 183 184 188 190 191 192 193 194 196 199 200
146 97 147 148 150 151 152 153 154 156 157 160 161 162 163 165 166 167 168 169 171 172 174 175 177 178 179 180 183 185 188 189 191 193 194 195 196 197 199
147 90 148 149 150 152 153 154 156 157 160 162 163 165 168 169 172 173 174 177 178 181 182 184 187 188 189 191 193 194 197 198 199
148 91 152 156 158 159 163 165 167 168 169 171 172 174 176 177 179 180 181 184 187 189 192 195 196 199
149 43 150 151 154 158 159 161 162 163 166 169 172 173 174 176 177 183 185 186 187 188 189 190 192 194 196 198 199 200
150 41 153 154 157 158 161 163 165 166 169 170 171 172 174 176 177 178 182 183 184 185 186 187 189 194 195 197 199 200
151 77 152 153 155 157 158 159 162 163 164 167 168 169 170 171 172 173 174 175 176 177 181 182 183 186 187 188 192 194 195 196 197 199
152 80 155 158 159 160 161 163 164 165 169 170 174 182 183 184 185 186 187 188 190 191 192 194 195 197 198 199 200
153 84 154 155 157 160 163 164 165 166 167 169 171 172 173 176 177 178 180 181 183 184 185 186 187 188 191 192 193 194 196 198
154 20 155 156 157 159 162 163 164 166 168 169 170 174 176 181 182 183 184 185 186 189 191 193 194 195 198 199 200
155 45 156 157 158 160 163 164 167 168 169 171 173 174 175 177 179 180 181 182 184 186 187 188 189 193 195 196 198 200
156 24 157 158 159 160 161 162 163 164 165 169 170 178 180 181 182 183 184 185 186 190 191 192 193 194 195 196 197 198 199 200
157 99 159 160 163 164 165 166 167 170 171 172 175 177 179 181 182 185 186 187 188 192 194 195 196 198 200
158 80 159 161 164 165 169 173 175 176 177 179 180 181 183 184 185 188 190 193 196 198 199
159 31 160 161 162 163 165 166 167 171 172 173 175 177 178 183 184 185 187 188 189 193 194 195 200
160 40 162 163 165 167 168 169 170 173 175 179 180 181 182 183 184 185 187 188 189 190 192 194 197 199
161 58 162 163 164 167 168 169 170 171 173 177 178 182 184 186 188 189 192 193 195 196 199 200
162 41 163 164 165 166 167 169 170 171 173 175 176 178 179 182 183 184 189 191 192 194 195 196 197
163 74 164 167 168 169 170 172 173 176 178 179 180 181 182 185 187 189 190 192 193 194 195 197 198 199
164 34 165 168 169 170 174 175 176 177 178 179 181 182 183 184 186 187 188 192 193 194 195 197 199 200
165 71 167 169 170 172 173 176 177 178 179 180 181 185 187 189 190 191 193 194 195 196 198
166 57 167 169 171 174 175 176 180 181 182 183 185 186 187 190 192 195 196 200
167 72 170 171 172 175 177 179 180 181 182 183 184 186 187 188 189 190 192 193 197 198 200
168 87 170 172 174 175 176 177 178 179 180 181 183 185 187 191 192 193 194 195 196 198 199 200
169 38 173 174 175 176 177 178 183 184 185 186 188 189 190 191 192 195 197 199 200
170 31 171 172 174 175 176 177 178 180 183 186 189 190 191 195 196 198 199 200
171 87 172 173 174 175 180 182 184 186 187 188 190 191 194 195 197 198 200
172 85 176 177 178 180 181 189 190 194 195 196 197 198 199
173 51 174 175 178 179 183 184 185 187 189 191 192 193 194 197 198 199 200
174 77 175 176 178 179 180 181 182 183 184 185 186 187 189 191 193 194 195 199
175 29 178 179 186 187 188 189 190 191 192 193 194 195 196 197 198 200
176 57 177 182 183 185 186 187 188 193 196 198
177 30 178 180 181 184 186 188 193 195 196 197 199 200
178 37 179 181 182 183 184 185 190 191 192 194 195 196 197 198 199 200
179 64 181 182 183 184 185 188 190 193 195 200
180 82 181 182 184 185 186 187 190 191 192 194 195 198
181 26 182 183 184 185 186 187 188 189 190 191 193 194 195 197 199 200
182 89 184 185 186 187 190 191 192 193 199 200
183 90 184 185 186 187 188 189 190 196 200
184 96 185 186 187 188 191 193 194 196 198 200
185 62 186 188 189 190 194 197 199
186 52 187 190 191 195 196 199
187 49 188 189 190 192 193 194 195 196 198 199 200
188 88 189 191 192 193 194 195 196 197 199 200
189 56 193 194 198 199
190 76 191 193 194 197
191 64 195 196 197 198 199 200
192 39 193 195 196 198 200
193 84 194 195 196 197 198
194 67 195 198 199
195 57 196 198 199 200
196 93 200
197 56 199 200
198 58 199
199 27
200 65
