200
1 73 2 3 4 6 9 11 13 14 17 18 20 22 23 24 28 29 30 32 40 41 42 44 45 50 53 58 62 63 68 69 71 79 82 85 93 95 98 105 106 107 120 124 126 133 134 136 137 138 139 147 150 154 159 165 166 170 175 177 180 186 187 189 192 193 197
2 52 7 8 10 23 25 26 28 29 40 44 48 53 55 66 67 68 70 71 72 73 76 80 81 82 87 88 94 96 97 105 109 112 124 128 134 135 147 148 149 151 159 160 162 164 167 169 174 176 181 182 184 191 194 198
3 60 9 14 16 20 24 25 26 27 32 33 42 45 48 49 52 53 57 58 61 66 68 70 72 82 84 89 91 107 108 112 113 115 119 124 125 126 127 128 129 131 134 142 144 145 153 158 159 167 169 177 183 186 188 191 192 195 196
4 69 8 9 13 16 23 27 34 35 36 38 40 41 46 52 57 60 61 63 64 68 70 73 74 75 76 80 82 83 84 87 94 95 97 104 106 107 121 123 128 131 135 136 144 146 147 150 157 160 165 168 173 179 183 189 193 198 199
5 75 11 15 19 23 27 34 37 38 39 41 44 45 47 56 59 61 62 65 70 75 76 78 80 85 93 95 100 101 105 106 109 112 118 120 121 125 127 132 136 139 142 143 150 158 163 166 167 175 177 178 188 192 193 196
6 57 9 11 12 16 17 20 23 29 33 34 37 39 40 41 44 45 47 49 58 60 68 69 79 80 83 89 91 93 94 95 96 107 108 110 111 114 116 117 122 128 131 133 136 144 150 157 160 162 163 165 168 172 176 188 189 195 196 198 200
7 96 8 10 11 14 15 18 19 24 25 26 27 28 32 37 39 41 44 53 66 69 70 74 77 79 80 81 85 91 93 94 104 105 107 111 118 121 123 126 130 131 132 134 135 138 144 146 149 152 156 158 163 170 171 173 174 175 176 183 187 190 191 193 199
8 84 9 11 17 19 20 25 26 29 31 42 43 44 45 47 51 52 53 55 56 57 58 72 74 77 78 80 83 89 90 93 94 95 97 99 103 106 107 113 118 121 122 126 128 129 133 137 139 145 146 151 152 164 165 170 171 177 180 181 194
9 52 13 14 18 19 20 21 22 29 34 41 44 46 47 49 50 51 52 54 56 60 68 85 108 111 113 115 118 120 123 124 126 128 130 132 133 135 141 142 144 146 149 151 153 157 158 159 161 162 163 167 168 172 174 175 177 183 187 190 192 193 195 197 198
10 100 16 19 23 25 28 30 37 41 47 50 61 63 72 75 77 78 83 95 96 98 102 103 105 121 132 134 138 144 145 153 158 160 166 170 172 173 174 178 182 183 190 194 198
11 77 12 13 18 23 26 27 29 30 42 53 54 64 65 72 73 82 85 91 93 97 102 104 109 111 113 120 123 128 132 133 136 138 140 145 153 154 157 159 173 179 183 190 192 193 195 199
12 87 13 17 18 19 32 33 40 50 53 55 57 64 70 71 73 79 80 84 93 96 97 98 105 114 115 116 117 118 119 126 127 131 134 135 136 139 141 142 144 146 152 153 155 158 159 160 163 168 172 174 175 177 182 183 191 198 199
13 51 17 18 19 21 23 25 28 32 34 35 44 45 49 51 55 64 65 66 69 70 72 76 81 84 88 90 92 93 98 102 103 104 108 110 113 114 119 125 127 128 131 135 138 142 144 149 153 155 158 159 162 163 166 167 170 171 174 180 182 184 190 191 192 195 198
14 71 16 22 24 25 26 33 36 40 42 46 50 51 53 54 55 56 57 60 65 66 71 72 79 80 81 84 88 89 92 99 101 103 108 109 111 115 126 131 133 134 140 142 146 151 159 162 165 169 170 173 175 178 180 188 192 197 198
15 50 16 24 26 31 32 36 38 40 41 44 45 49 56 57 64 67 68 74 75 78 94 97 99 101 102 109 117 123 126 128 129 130 133 136 138 141 148 157 164 170 175 186 188 191 193 196 197 198 199
16 84 17 19 21 33 41 42 47 48 51 54 62 63 64 69 70 72 81 85 95 96 97 99 100 101 106 107 117 119 122 126 127 129 131 151 152 167 172 180 184 185 186 188 192 193 200
17 54 18 19 22 25 29 34 36 37 38 45 50 61 63 66 67 74 77 85 95 97 100 106 109 110 113 129 133 135 142 148 152 153 158 162 166 172 177 190 191 195 197
18 70 20 22 24 41 45 47 48 49 54 56 57 61 62 63 68 71 72 74 76 86 88 91 92 95 110 113 114 115 116 118 120 124 133 137 138 139 144 150 152 157 158 161 162 163 164 166 167 171 172 179 181 182 186 189 192
19 97 21 22 29 30 33 35 37 39 42 46 50 52 55 56 61 64 67 68 69 75 77 78 95 97 98 102 104 105 110 111 113 114 117 124 125 131 134 138 139 140 142 153 154 155 160 161 163 165 167 174 178 182 188 189 190 194 196 198 200
20 54 23 25 27 33 35 36 39 43 44 49 55 57 60 65 71 79 85 87 88 94 97 98 99 109 110 111 112 115 116 118 121 123 125 131 136 138 140 141 147 151 155 156 160 161 162 165 167 170 183 185 190 193 198 199
21 68 22 24 27 28 29 31 38 44 47 48 50 56 58 59 63 75 78 79 80 85 91 93 96 100 106 109 111 117 118 119 127 130 139 142 148 151 153 155 156 158 164 165 166 170 174 181 182 183 185 186 188 191
22 88 23 29 33 36 37 38 43 48 53 54 56 58 60 62 68 70 85 86 88 90 92 95 96 97 98 107 109 115 117 118 123 128 129 133 136 137 140 142 143 146 154 156 160 162 163 166 173 178 179 186 189 191 194 196 198
23 97 28 29 34 37 40 41 49 50 52 58 73 74 75 76 80 82 88 89 92 93 94 96 98 99 104 105 106 109 110 116 117 118 122 123 126 135 138 139 144 145 147 152 157 161 162 166 168 170 177 181 184 185 190 195 198 200
24 93 27 32 33 36 45 46 48 49 52 54 61 64 70 71 72 73 85 86 87 92 94 96 98 100 101 107 108 109 117 118 120 123 126 128 130 132 137 142 143 144 149 154 159 160 164 168 175 177 187 193
25 78 31 45 48 51 53 54 58 59 60 62 70 73 74 79 80 83 84 88 90 100 104 105 107 108 110 111 120 125 127 128 134 137 138 144 145 149 150 151 154 161 168 172 174 178 180 192 195
26 59 30 32 36 44 56 58 61 62 65 69 70 78 82 83 87 90 91 93 95 96 101 102 108 114 120 122 123 125 130 132 144 149 151 153 155 157 159 160 166 167 168 170 182 190 194 195 197
27 63 35 46 53 56 57 60 66 74 78 80 82 84 88 95 96 99 101 105 106 109 111 112 115 116 117 120 122 126 130 133 139 145 148 150 151 154 155 162 164 165 166 167 171 172 176 179 181 189 192 198
28 95 29 30 41 47 49 50 51 57 61 62 65 66 73 79 80 82 86 91 93 94 95 97 98 102 103 105 112 114 115 116 117 118 119 121 123 125 129 130 132 138 146 154 158 159 161 164 170 177 186 189 191 193 194 195 199
29 73 33 34 35 38 41 46 57 58 59 60 61 62 66 68 71 74 79 80 81 83 89 90 91 99 101 105 107 111 114 115 116 122 123 125 127 129 134 136 137 138 147 150 151 156 158 162 168 170 171 172 174 178 193 195 200
30 99 33 34 35 38 42 45 49 50 51 56 57 58 59 70 83 90 91 97 98 103 105 108 109 110 112 113 115 116 121 122 125 129 131 133 135 137 140 143 145 147 148 156 160 166 169 176 177 178 179 180 186 188 189 191 192 194 195 197 198
31 78 32 33 43 46 47 48 54 56 66 69 70 76 77 82 85 86 87 88 90 91 92 98 99 104 108 113 115 117 119 120 121 122 125 128 136 137 138 141 143 160 162 164 167 169 170 171 173 174 177 184 189 192 195 200
32 72 34 36 39 40 41 43 45 53 54 57 59 60 61 64 71 76 84 85 86 88 96 99 105 106 109 118 120 121 123 128 131 139 140 141 142 143 145 150 152 156 163 166 167 168 173 179 181 183 184 187 189 192 196 200
33 74 35 36 43 47 54 56 57 67 71 73 77 78 79 80 81 86 89 93 95 99 100 101 102 108 109 114 117 121 122 126 129 131 132 136 138 146 151 153 156 158 162 163 164 173 180 181 182 183 185 187 192 194 196 197
34 60 35 38 41 45 46 47 49 55 59 65 67 70 71 73 75 78 87 89 103 105 106 107 117 118 120 126 133 135 141 144 146 148 152 154 158 164 165 166 167 168 170 172 173 174 177 178 179 189 190 191 193 194
35 63 39 45 46 47 55 56 57 58 65 67 71 76 81 82 84 86 88 89 91 97 100 101 106 108 110 111 117 120 124 129 130 132 134 135 136 138 140 142 145 146 151 152 155 159 164 177 180 184 187 190 191 196 200
36 70 39 40 41 45 46 47 48 50 51 55 58 59 60 63 65 70 71 76 85 87 88 93 96 103 107 109 112 113 114 118 120 122 126 132 135 140 141 146 147 150 152 153 154 156 161 163 166 169 173 174 178 194 195 196 197
37 77 39 45 46 48 50 51 55 58 59 61 63 64 70 75 77 79 80 83 85 86 91 95 99 104 107 113 115 116 119 122 126 129 132 136 142 144 145 146 159 162 166 170 173 176 178 179 181 184 186 187 192 200
38 77 41 42 44 45 52 56 59 60 64 69 70 77 78 79 82 87 88 89 90 91 100 101 118 119 120 122 124 128 129 131 136 137 138 139 149 150 155 156 158 161 162 165 167 171 177 178 183 185 186 187 188 189 194 196 198
39 78 50 61 64 65 66 67 74 75 77 79 82 83 88 90 97 100 103 105 106 119 124 128 134 138 147 148 149 150 154 160 164 165 166 168 170 172 190 192
40 62 45 52 54 59 61 62 64 70 71 76 77 78 80 86 87 92 94 97 98 100 101 103 114 115 116 117 123 124 128 133 135 136 137 138 139 142 149 150 153 154 156 158 161 162 164 167 168 174 175 184 189 192 195
41 86 50 55 57 62 63 66 68 69 70 82 83 91 93 95 99 102 104 116 118 122 123 130 136 138 141 142 149 152 153 158 162 171 172 175 176 180 184 190 194 197 198 199
42 97 43 52 57 59 62 68 72 77 78 83 84 87 90 92 94 95 99 101 103 107 108 110 114 115 117 124 127 130 132 134 137 143 146 152 156 159 162 170 175 176 178 183 187 188 191 193 194 196
43 64 44 47 50 51 53 55 56 58 60 62 63 64 65 68 69 70 75 77 80 81 83 87 90 93 94 97 105 108 109 116 117 118 121 122 129 132 134 137 139 143 144 149 157 160 170 171 174 183 184 189 194 197 198 200
44 99 45 47 49 50 52 54 55 59 60 61 62 73 75 78 90 93 94 97 99 102 105 106 107 108 115 122 123 125 126 135 137 146 148 152 155 159 161 163 165 167 170 171 172 174 175 176 177 178 179 192 195 198
45 62 49 50 52 55 60 61 62 71 72 76 81 83 85 92 94 95 97 104 107 108 109 111 112 115 117 119 120 125 126 130 133 134 137 140 142 145 150 151 152 154 155 157 159 160 163 164 167 172 173 176 180 183 186 190 192 195 196
46 75 55 57 58 64 66 71 75 85 86 88 91 92 97 102 103 107 108 109 110 113 118 121 122 130 133 135 138 139 140 145 151 158 160 161 165 166 168 178 180 185 187 190 194 195 197
47 74 48 49 56 57 61 63 64 73 74 76 83 89 90 91 92 93 95 96 100 101 103 109 115 117 120 121 127 129 131 134 137 139 141 142 143 144 145 147 152 153 157 165 168 169 170 173 174 176 181 183 185 190 192 196
48 87 50 54 55 57 59 61 62 63 77 78 83 85 86 92 93 94 95 100 101 102 103 104 105 107 109 113 115 120 125 129 131 133 134 137 140 142 144 145 146 153 157 159 161 162 163 168 172 174 176 179 181 184 185 186 190 191 194 196 198 199
49 93 52 57 59 60 62 65 68 71 74 76 77 78 81 84 88 94 115 121 123 128 133 140 145 148 153 162 165 169 170 172 174 176 179 181 183 185 187 188 192 193 194 197
50 92 51 56 60 61 63 64 65 68 74 75 76 83 85 86 89 92 99 102 106 117 118 121 122 131 133 136 138 144 145 147 148 154 157 161 163 165 166 170 171 172 173 176 177 183 185 186 187 190 191 192
51 73 52 54 57 61 63 64 68 71 72 75 76 86 87 88 89 94 96 99 101 105 111 114 115 118 122 123 124 125 129 133 137 138 142 145 147 148 151 155 160 176 182 189 192 194 196
52 88 54 56 62 66 67 72 83 91 93 94 97 99 100 101 104 106 111 113 115 119 121 125 129 130 133 135 138 140 143 145 150 153 154 156 158 159 161 162 164 165 166 168 169 172 174 176 178 181 189 196
53 64 60 62 65 66 71 77 79 80 81 82 84 87 90 91 93 96 100 105 108 110 113 118 120 122 123 126 129 130 132 133 140 141 146 148 155 157 162 165 167 173 177 178 179 181 186 188 194 196 198 200
54 55 56 58 59 60 61 64 70 74 76 77 78 80 89 93 102 104 112 114 117 121 123 126 138 140 142 144 147 149 156 163 165 177 180 182 184 185 189 191 198
55 88 56 57 61 66 68 79 82 83 85 86 88 90 93 106 109 111 112 114 117 119 120 121 122 124 125 128 129 131 136 137 138 139 142 144 145 146 147 152 157 158 165 167 171 185 190 196 199
56 83 57 58 60 64 66 68 71 73 79 82 84 85 88 91 93 95 96 101 106 107 113 115 118 120 123 128 129 137 138 139 141 142 143 148 155 157 162 163 164 165 169 170 183 188 193 195 197 198 200
57 59 59 61 62 68 70 81 83 85 89 91 98 100 107 109 110 117 125 129 134 135 141 147 149 153 158 159 160 161 165 170 181 182 184 190 192 197 198 199 200
58 61 69 75 76 78 81 83 84 85 88 91 96 97 108 112 114 115 118 119 122 123 124 126 130 138 140 143 146 148 152 156 164 168 169 172 173 176 185 191
59 92 61 63 67 68 69 70 71 75 76 85 88 89 97 108 109 112 113 117 125 138 142 144 148 153 154 155 157 158 160 162 165 166 167 170 174 182 183 189 191 197 200
60 67 62 63 69 71 73 74 81 84 88 90 95 96 97 100 102 110 112 116 118 119 123 130 132 144 147 148 152 154 156 162 166 169 170 185 189 196 197 200
61 92 63 64 69 71 75 76 78 85 89 93 94 98 101 114 115 116 117 118 122 124 125 128 129 145 149 151 156 157 158 159 162 170 174 176 178 179 180 188 191 193 194 196 198
62 57 63 64 67 72 82 84 95 96 98 105 107 110 114 120 121 125 129 131 132 135 137 141 142 143 145 148 152 153 154 160 163 166 167 168 173 176 182 185 189 198 199
63 53 66 67 68 70 71 73 74 78 80 81 82 89 90 95 97 98 101 105 109 110 111 116 119 120 125 127 128 130 133 144 146 147 152 154 156 162 165 167 186 190 193 198
64 67 67 69 73 74 76 78 81 82 85 86 92 93 98 100 102 104 114 115 120 123 128 133 135 137 139 144 146 148 150 154 155 161 162 163 164 165 167 170 174 175 180 181 185 193 197
65 97 66 70 75 78 79 82 86 87 89 103 106 107 110 113 116 125 132 134 135 143 145 146 153 156 158 160 162 173 174 182 184 186 192
66 99 70 75 92 95 96 105 108 109 111 112 114 123 125 126 135 136 137 139 148 150 151 152 153 156 161 169 173 174 176 181 184 197 200
67 85 68 69 71 72 75 81 90 92 94 97 105 112 113 114 116 119 121 127 140 143 144 145 152 155 161 164 165 168 169 170 174 177 189 194 196 197 200
68 87 73 77 79 80 83 85 86 87 89 91 94 95 96 105 107 109 113 117 118 126 127 131 135 138 139 140 141 142 148 151 152 156 160 161 162 164 166 169 171 185 186 187 194
69 67 74 75 79 81 83 85 86 89 91 101 104 106 109 111 115 116 117 122 123 130 134 136 137 140 141 145 148 150 152 153 154 155 159 164 165 168 169 172 174 180 189 190 196 198 199
70 86 71 74 75 76 78 87 89 95 98 99 100 103 105 106 110 111 115 117 120 122 124 132 134 136 139 146 153 157 164 165 170 181 184 189 193 196
71 79 72 98 104 105 109 110 114 119 121 125 127 128 131 132 133 134 135 148 150 153 155 159 162 166 173 176 179 180 187 192 195 200
72 80 76 78 83 84 86 92 93 94 96 99 101 103 107 108 112 116 117 118 120 127 129 131 132 134 141 142 146 148 152 154 156 157 158 162 165 168 170 174 179 181 182 185 188 191 195 199
73 72 74 83 91 94 95 97 98 99 103 109 111 114 121 123 124 129 134 137 138 140 141 146 147 149 155 157 158 164 171 173 179 180 182 183 186 194 195 198 199
74 75 77 82 84 85 88 89 96 98 101 103 106 107 118 121 123 124 129 130 134 135 137 139 142 143 144 147 148 151 152 155 159 169 174 177 180 181 184 186 190 191
75 98 76 78 80 83 86 91 92 93 96 98 100 101 104 109 110 111 114 115 116 117 118 119 121 125 126 128 129 137 138 147 151 154 156 160 170 172 176 181 183 189 190 191 193 195 197 198
76 56 89 91 92 93 95 96 100 103 104 105 108 110 112 115 116 119 120 125 129 132 140 146 147 151 152 154 156 158 159 163 171 172 174 175 177 179 180 181 183 187 189 191 197
77 68 80 82 84 87 91 95 103 108 109 113 114 115 117 122 129 132 133 135 139 149 152 155 158 159 160 163 165 166 168 169 174 176 187 198
78 90 80 83 84 88 89 93 94 98 102 105 107 108 110 114 116 117 130 140 142 145 150 152 154 160 167 169 171 172 177 187 189 193 195 198 199 200
79 76 88 91 97 99 100 101 102 107 109 110 112 121 124 125 129 130 139 140 142 143 145 146 158 159 161 174 178 179 180 186 188 200
80 64 87 93 94 97 99 103 106 107 113 114 118 119 120 124 125 126 131 132 135 137 141 144 149 150 152 158 160 162 165 166 169 170 171 177 178 179 180 182 183 192 193 194 196 198 199 200
81 82 85 90 92 93 96 99 103 104 105 107 108 110 111 112 115 117 123 126 128 130 133 141 142 143 145 146 152 153 156 159 162 167 170 172 174 178 183 188 195 199
82 89 84 97 101 104 105 107 110 113 115 116 118 120 121 123 124 125 128 130 131 132 134 136 141 142 145 152 154 160 163 167 170 171 172 175 176 178 182 183 186 187 188 189 191 192 196 197 200
83 87 86 87 91 92 95 96 102 104 111 112 115 116 118 123 124 125 127 128 130 134 137 148 151 153 154 160 162 164 172 175 181 185 186 192 193 199
84 62 86 88 101 103 104 105 107 108 109 112 114 115 120 127 130 137 138 139 143 148 160 161 162 164 176 177 178 179 183 184 185 187 189 190 192 194 196
85 74 86 88 91 92 93 94 98 108 109 110 113 114 115 118 120 129 133 144 147 149 150 151 152 155 157 161 169 170 171 175 177 187 192 194 195 198
86 68 87 88 92 95 98 99 100 101 102 104 105 107 111 112 117 124 129 130 131 133 139 140 141 144 145 148 149 153 155 156 163 166 167 171 176 177 178 181 184 188 197 200
87 89 88 91 92 97 101 102 104 105 107 108 109 111 113 115 119 120 123 129 133 135 136 137 138 139 143 147 149 150 151 152 153 155 156 160 165 167 171 173 174 179 180 182 184 187 190 191 194
88 71 91 93 96 97 100 101 104 105 106 107 113 116 128 134 139 145 146 150 151 152 159 163 164 165 166 167 174 179 181 184 185 186 189 190 193 194 200
89 74 95 97 100 108 110 111 114 122 127 130 132 135 136 137 139 143 146 148 152 162 169 170 174 177 185 186 189 192 195 196 197 200
90 85 97 98 100 101 102 107 109 114 115 120 124 125 127 128 129 132 133 139 141 143 146 149 151 152 153 155 157 158 167 168 174 175 185 190 193 199 200
91 51 92 94 96 100 101 103 108 115 118 119 122 123 124 127 130 136 141 142 144 145 148 150 151 154 156 157 160 162 164 174 177 178 181 182 183 191 194 196 197
92 65 98 103 104 111 112 113 114 124 125 130 134 136 137 139 146 148 154 156 158 159 164 166 167 168 169 171 173 174 175 176 177 179 181 183 184 185 200
93 72 96 102 103 104 105 107 111 112 114 121 124 126 131 133 134 138 140 141 144 147 150 151 153 156 157 168 169 172 173 174 181 187 193 197 198 200
94 56 96 99 101 102 112 115 118 125 128 130 135 140 142 149 153 154 156 159 162 168 177 180 181 186 188 189 194 195 196 197 199
95 79 96 97 101 108 109 112 115 120 121 123 124 125 126 128 130 131 132 137 144 145 147 156 157 159 166 173 174 180 183 190 192 193 196
96 51 97 98 102 114 117 128 132 134 140 141 142 143 144 151 153 156 157 159 160 161 165 171 173 175 182 184 185 187 188 193 194
97 84 98 103 104 108 112 115 116 117 120 126 127 130 135 138 144 146 149 150 153 154 161 162 167 171 175 178 180 184 198 199
98 53 99 105 108 114 117 118 121 124 137 142 150 160 163 164 165 166 172 174 179 184 185 186 187 192 195 197
99 76 101 102 103 112 121 124 127 131 138 146 147 157 158 160 162 163 164 167 183 187 192 198
100 82 101 111 121 124 125 127 133 134 135 137 139 142 143 149 153 157 159 166 172 175 181 183 186 191 195 197
101 62 103 105 107 109 112 114 117 122 123 126 127 133 136 143 146 148 151 152 156 159 163 167 168 172 175 178 179 191 192 195
102 97 105 107 109 114 115 121 122 125 129 130 133 140 144 147 151 156 157 158 159 160 163 165 168 171 173 174 176 179 181 183 185 191
103 73 106 108 110 113 114 115 119 121 122 123 125 127 128 134 146 147 149 151 153 154 156 160 162 170 173 175 176 177 180 182 183 188 192
104 72 105 107 115 130 131 133 137 138 140 149 150 151 156 165 168 171 174 178 179 181 185 194 198
105 69 109 110 112 114 120 121 125 129 132 133 134 136 138 148 149 153 160 164 173 174 175 178 179 185 186 191
106 72 107 110 111 112 114 118 120 122 123 125 127 128 130 134 138 139 140 145 147 150 152 155 156 157 158 163 167 173 175 177 178 181 182 183 192 195 196
107 72 111 113 118 121 122 127 129 130 131 133 134 137 139 141 142 144 145 147 148 149 155 164 166 167 168 172 173 175 177 185 192 193 195 197 200
108 94 110 113 116 117 120 138 141 144 145 147 148 152 156 159 161 163 165 171 174 183 184 188 190 191 193 195 196 199
109 82 111 114 119 121 127 129 133 144 146 149 150 154 155 156 157 159 163 169 171 176 180 185 191 196 198 199
110 88 113 115 118 125 127 137 141 144 145 151 152 156 159 164 165 167 170 172 173 174 175 182 183 184 188 200
111 57 117 121 124 126 128 130 131 135 153 157 160 167 168 179 184 185 187 192 193
112 75 113 116 122 125 127 128 129 131 133 134 137 154 157 159 162 164 166 169 173 175 179 185 186 188 189 191 195 196
113 58 114 116 120 122 125 126 131 138 142 143 147 150 151 153 154 158 159 160 161 165 167 170 171 173 178 179 183 184 186 190 191 193 196 198 199
114 67 125 129 132 136 137 140 143 146 147 150 155 159 160 167 170 171 175 176 179 181 182 185 193 194 196 198 199
115 89 117 118 126 139 141 142 147 148 151 152 161 162 164 165 170 172 184 186 188 196 199
116 91 123 129 133 135 146 149 155 156 157 174 175 178 182 187 189 191 195 196 198 199
117 72 122 138 139 141 143 146 147 150 151 156 159 164 166 170 172 180 182 186 188 189 196 199 200
118 66 119 120 123 127 129 131 136 137 138 140 143 147 150 152 155 158 160 161 166 168 169 172 178 183 184 186 191
119 87 120 123 129 133 137 139 141 144 147 159 160 163 168 169 171 174 179 183 190 191 192 195
120 53 121 123 124 127 132 133 135 142 143 148 152 159 163 168 177 179 180 182 188 190 195 200
121 99 122 124 128 130 133 134 137 141 147 153 154 155 157 161 162 171 174 175 184 186 193 195 196 198
122 59 125 126 129 134 142 143 146 149 156 157 158 159 160 164 166 167 168 170 176 177 179 185 188 191 192 195 196 199
123 61 125 129 131 136 141 148 149 156 157 162 164 165 170 174 183 188 189 192 200
124 96 125 127 134 137 149 151 153 162 169 170 176 177 182 194 196 198
125 60 126 127 135 139 140 144 152 156 157 158 162 166 170 172 174 176 178 179 182 191 192 198 199
126 69 129 138 140 142 144 146 151 152 155 158 161 163 165 166 171 172 182 184 187 194 196 199 200
127 95 145 146 153 156 161 163 164 170 171 173 174 176 180 181 183 186 188 195 197 199
128 68 129 134 140 143 144 147 148 149 155 162 169 170 172 180 182 193 194 196
129 65 131 135 137 146 147 150 153 154 158 163 167 169 172 176 179 180 183 186 190 191 199 200
130 98 131 132 135 136 141 152 154 155 156 158 160 161 168 173 174 178 181 187 191 192 195 196 199 200
131 86 133 137 150 154 155 158 160 162 166 170 172 173 174 187 189 191 194 198
132 68 134 135 137 139 141 143 144 146 147 149 150 161 163 165 167 170 173 177 183 188 189 191 193
133 94 143 145 151 153 155 158 161 163 165 168 173 174 175 178 188 195 196 198 199
134 78 135 137 139 145 155 157 160 161 164 166 167 169 176 178 182 185 193 197
135 63 139 141 151 152 153 154 155 157 161 164 166 170 171 177 181 187 188 190 193 194 197
136 95 140 144 145 147 149 152 156 157 160 163 166 169 170 171 173 175 187 197 198 200
137 72 143 144 145 147 148 154 155 157 162 167 175 178 179 182 187 193 194 195 197 199 200
138 62 142 143 147 152 173 175 180 182 186 187 195 198 200
139 82 141 145 146 147 149 158 161 169 176 181 183 187 190 192 194
140 89 143 147 149 152 154 155 156 158 159 164 169 170 173 174 179 180 183 184 189 192 196 197 200
141 83 142 143 146 150 154 158 159 160 162 163 169 170 175 188 190 192 194 198
142 96 144 149 150 153 174 175 176 178 182 187 188 193
143 96 150 151 154 156 158 160 162 163 164 166 167 171 176 177 179 180 185 188 192 193
144 99 146 150 151 152 154 163 165 166 169 173 184 185 190 194
145 97 149 151 164 167 173 174 178 189 193 194 195 196 200
146 62 156 157 163 165 166 169 176 178 179 186 196 198
147 79 149 151 153 157 158 162 163 165 166 168 177 180 185 187 188 190 192 193
148 82 149 151 156 158 159 160 161 162 167 169 170 176 177 182 185 190 195
149 96 150 159 160 161 167 170 171 172 174 176 177 179 182 184 187 191 192 195 196
150 99 151 152 153 160 162 172 176 179 182 187 188 189 190 200
151 99 154 157 160 164 168 184 186 189 190 198 199
152 94 160 164 165 172 182 184 185 189 190 194 196 197 198
153 99 171 174 176 177 179 180 181 182 188 195 196 199
154 50 159 160 162 164 165 168 170 172 176 177 178 181 182 183 185 187 194 197 198 200
155 92 163 164 165 173 177 181 182 185 189 193 195
156 59 158 159 160 172 178 181 182 192 193 196 198 200
157 68 159 163 166 167 171 172 179 180 181 182 183 187 192 194 196 198
158 78 159 161 163 170 171 177 178 181 188 189 198
159 66 168 169 171 172 173 175 176 182 183 185 187 191 196 200
160 82 167 171 174 176 180 181 182 192 195
161 60 163 164 166 170 172 173 176 188 192 193 195 196 197 199
162 83 164 166 173 176 179 180 184 187 189 191 193 194
163 66 167 170 171 173 175 180 181 183 185 188 189 190 192 194 195
164 100 169 176 183 185 186 191 198 200
165 56 167 171 175 176 177 181 190 191 193 195 196 200
166 59 167 173 178 181 182 193 194 196 199 200
167 79 171 175 183 184 186 193 195 196
168 71 170 174 177 181 183 184 186 187 189 190 194 195
169 68 171 177 178 179 182 191 193 196 198
170 50 171 178 180 182 185 190 191 192 196 197 199
171 73 175 177 184 189 190 195 197 200
172 65 173 181 182 190 192 194 196 197 199 200
173 62 174 176 182 183 188 192 193 195 200
174 50 184 186 187 189 196 198 200
175 96 176 178 180 183 184 186 188 194 199
176 83 178 179 181 189 191 195 198 199
177 61 178 179 181 184 185 189 194 195 197
178 94 181 184 187 189 191 193 196 197
179 61 180 189 195 198
180 90 181 185 187 188 190 192 193 194 196 197 200
181 97 189 190 198
182 72 187 188 196 197 198 199
183 65 185 186 188
184 78 185 186 193 200
185 81 186 193 195 196 199
186 53 199 200
187 65 190 191 193 194
188 50 193 194 197 198
189 67 190 194 196 197
190 73 191 200
191 87 192 195 198 199
192 77 194 196 197
193 79 194 196 197 198
194 97 200
195 73 196 197
196 79 198 199
197 59 200
198 76 200
199 75 200
200 100
