200
1 41 4 9 10 12 14 17 21 24 26 27 31 32 34 35 44 48 49 56 60 63 66 68 69 70 71 72 74 79 85 88 89 92 104 118 119 121 122 123 127 128 134 139 143 148 191 192
2 84 9 21 30 35 36 38 40 42 43 45 47 50 63 86 87 92 103 105 108 113 114 124 133 154 158 162 163 175 182 190 194
3 77 6 7 8 17 19 21 22 25 34 48 50 51 52 64 69 70 71 72 76 82 84 98 100 101 105 107 108 110 115 126 127 130 136 145 146 152 159 170 171 175 180 182 183 194 197 199
4 33 9 11 14 16 18 19 31 37 42 50 55 61 65 69 74 79 82 92 93 94 98 100 107 117 123 124 125 139 146 156 164 167 177 179 181 186 189
5 66 11 18 20 22 33 34 35 41 42 46 50 56 60 64 66 67 68 86 89 98 115 122 123 124 125 130 131 134 147 161 166 176 178 182 186 189 196
6 53 9 10 17 18 25 30 33 34 36 41 43 45 49 50 58 59 64 71 72 75 76 80 82 90 93 97 98 101 108 111 114 120 126 137 139 141 150 153 154 157 165 168 169 177 179 181 182 191 192
7 98 14 17 19 25 27 32 35 36 38 40 44 46 55 58 64 70 76 77 78 81 85 92 93 104 110 115 121 122 128 133 134 135 136 160 165 169 175 188
8 99 15 21 25 32 36 37 39 46 51 53 70 72 85 88 92 95 101 105 120 131 134 140 146 151 154 155 166 173 184 185 197 199 200
9 86 10 23 26 30 31 49 59 60 63 70 71 83 84 85 94 95 96 97 100 102 106 109 113 114 116 117 123 127 140 142 148 149 155 157 158 162 164 174 175 182 185 192 193 198
10 52 14 15 18 27 40 46 49 61 62 67 69 70 79 80 83 87 96 107 113 117 118 127 134 147 148 151 153 160 166 171 173 176 185 188 191 192 195 199
11 59 12 13 17 20 23 25 27 35 40 42 49 50 51 53 55 57 58 59 64 66 67 68 74 75 76 77 92 94 105 112 114 127 132 145 148 149 159 161 180 181 197
12 71 21 31 44 46 50 51 57 64 71 75 76 90 105 140 154 158 170 183 186 189 190 194
13 84 16 17 21 28 34 35 37 40 42 45 64 68 70 71 73 78 82 90 99 112 113 118 138 157 161 168 170 171 187 189
14 62 16 18 25 27 30 31 32 33 35 37 45 51 58 70 72 76 81 82 87 88 91 93 94 115 121 130 138 140 141 147 148 149 164 188 199
15 47 25 26 30 33 44 48 54 56 60 64 71 72 74 84 105 108 111 112 120 141 142 145 150 151 165 167 170 178 181 185 191
16 72 19 21 28 31 32 35 40 41 51 56 60 70 72 80 87 89 90 93 103 105 109 117 121 127 130 132 134 139 149 152 153 154 158 161 164 166 168 172 177 183 184 186 187 191 200
17 64 20 22 24 25 26 27 31 32 33 43 44 50 53 64 69 72 80 86 92 95 96 102 104 106 111 122 133 146 152 155 161 162 166 182 186 193 198
18 55 24 30 32 35 36 40 42 44 45 49 51 64 76 85 90 99 105 113 118 120 133 143 156 158 159 163 168 171 179 186 191
19 45 20 25 26 27 28 34 36 55 73 76 96 98 102 108 112 121 130 135 141 155 158 161 163 164 170 171 173 180 181 183 185 194
20 72 27 33 38 42 45 47 49 50 53 57 64 72 81 82 88 91 92 94 98 101 104 105 111 113 133 143 151 162 168 171 176
21 66 25 28 54 59 60 64 65 70 77 78 80 83 84 88 89 94 95 101 105 111 117 124 137 141 145 158 160 161 166 175 179 182 183 184 186
22 28 26 45 47 50 64 65 92 97 99 105 106 107 110 112 117 124 125 126 128 130 131 133 140 147 156 160 163 166 179 189 192 197 198
23 23 26 47 48 55 56 58 61 67 70 72 73 76 78 88 89 92 94 96 98 110 111 121 133 134 136 144 147 151 153 155 158 178 180 188 199
24 83 25 26 29 32 33 34 35 42 44 51 54 57 62 68 78 82 83 88 92 97 101 110 116 119 123 126 129 139 150 151 157 160 165 166 167 169 173 184 186 191 193 195
25 80 36 38 45 48 53 55 59 61 68 69 81 86 89 90 91 93 97 110 113 116 117 120 130 154 158 171 173 174 176 182 185 187 192 197 200
26 34 32 35 36 38 40 44 48 53 57 62 69 73 75 80 81 86 90 97 105 106 111 115 119 126 130 141 145 150 151 154 156 171 172 178 184 186 192
27 86 28 29 30 34 38 41 52 59 69 75 87 94 102 103 107 113 119 124 133 134 138 143 145 151 154 156 157 162 169 171 172 176 184 191 192 196 198
28 89 32 34 39 43 45 48 49 52 57 59 60 61 66 82 83 94 96 98 104 105 107 110 117 123 136 137 143 162 168 170 178 179 184 186 190 197
29 33 34 36 37 40 52 56 59 63 65 72 76 81 84 88 90 100 107 109 122 124 126 127 131 136 141 156 166 167 170 179 180 182 185 186 191 195 200
30 67 32 49 51 54 57 67 71 72 79 90 92 93 98 117 121 122 139 143 144 151 152 157 165 166 176 181 189 197
31 25 33 36 40 51 54 63 64 70 82 87 88 90 93 104 106 108 109 117 127 129 131 137 141 149 153 157 159 160 169 172 173 182 187 189 193 195 199
32 63 41 52 53 57 59 61 64 65 77 81 87 94 99 106 109 115 117 125 126 131 132 133 134 136 146 158 162 167 170 173 176 187
33 59 35 39 40 42 43 45 59 74 78 85 91 110 115 116 118 119 127 129 139 140 145 146 148 157 162 166 172 175 179 185 189 195 196 197 200
34 77 47 49 52 58 65 68 72 78 80 82 90 96 98 100 104 105 106 110 114 115 133 135 139 142 144 149 153 155 157 164 169 171 172 177 193 198
35 88 38 52 56 61 65 74 79 82 85 95 108 110 118 121 127 130 140 147 151 153 160 168 171 178 185 190
36 55 37 38 42 51 67 81 88 89 97 104 106 108 114 119 120 122 127 141 151 152 158 159 166 170 181 191 192 197 198 199
37 95 40 45 46 49 51 55 57 60 63 66 67 68 70 71 77 86 96 98 100 106 114 116 120 122 133 138 145 163 179 187 189 192 194 195
38 42 39 45 47 52 68 69 72 73 77 82 93 95 101 104 114 116 117 121 122 132 141 147 151 152 160 175 177 183 185 196 199
39 49 41 42 46 51 53 63 64 78 80 87 100 108 110 111 121 128 135 136 138 143 158 167 169 170 172 176 180 186 193 197
40 45 41 42 48 50 55 62 67 71 75 76 80 81 85 86 96 98 100 102 104 112 115 120 127 133 139 140 142 147 149 150 155 156 158 164 166 186 189
41 81 45 53 56 57 59 62 67 70 73 78 87 90 91 92 96 97 100 102 106 109 120 121 125 129 133 142 146 151 156 186 194 195 197
42 59 51 59 61 62 65 76 78 81 82 84 91 104 110 112 115 116 119 120 128 131 134 137 138 139 140 142 144 145 150 152 156 158 160 166 171 172 175 177 184 189 198
43 80 50 56 71 78 80 96 103 106 109 119 121 124 127 131 132 142 155 171 173 176 195 196
44 34 45 47 52 56 60 61 63 74 78 80 81 84 92 94 95 97 99 103 104 105 114 115 116 119 122 125 145 147 153 171 173 186 199 200
45 20 46 51 59 75 78 81 84 96 107 113 114 123 146 154 155 158 162 179 180 183 197 198
46 42 47 53 54 57 60 63 77 78 79 95 110 112 113 118 124 125 127 136 137 139 142 145 146 151 156 162 169 171 172 176 178 179 180 185 196
47 36 53 55 56 60 64 67 70 71 73 79 86 88 100 102 119 121 123 126 132 140 142 143 145 147 148 151 152 154 156 157 181 184 185 187 188 197 199
48 72 53 55 72 73 74 81 85 91 105 108 112 113 114 119 124 129 130 133 137 145 151 170 174 177 187 189 192 193 200
49 78 53 54 56 57 59 61 62 70 71 84 85 94 98 100 102 104 107 109 110 123 124 128 131 133 137 140 142 143 145 149 154 158 167 174 181 182 183 186 187 189 191 197
50 63 65 76 81 91 94 97 117 120 124 127 131 137 139 142 147 149 153 165 170 172 175 179 190 192 197
51 83 52 53 64 68 78 80 81 85 92 105 112 114 124 128 134 137 146 147 148 149 159 171 172 174 176 183 190 196 199
52 37 64 65 75 111 112 126 129 132 143 145 148 151 156 166 170 176 177 179 180 183 193 196 199
53 31 64 68 69 73 80 83 87 91 93 101 108 113 118 119 124 133 135 136 138 141 142 143 147 156 161 164 180 186 187 189 190 192 200
54 95 55 58 59 71 72 76 93 96 110 113 115 124 129 134 137 144 145 152 154 161 169 174 196 197
55 77 66 70 87 88 99 102 104 122 127 128 139 154 155 157 159 170 172 174 177 185 189 190 192 193 196 197
56 84 63 65 67 78 88 89 91 93 99 114 118 122 127 133 137 138 145 148 152 154 158 172 191
57 32 60 70 71 73 96 100 105 118 129 130 132 140 154 158 162 168 169 170 176 184 186 190 194 195 196 200
58 41 59 61 76 83 84 85 91 94 100 107 113 114 119 121 128 129 131 132 133 140 145 149 163 177 183 186 187 194 195
59 79 70 76 77 78 79 85 96 97 101 106 110 116 121 141 153 155 164 169 177 178 180 181 187 197
60 48 63 85 93 99 101 102 108 113 129 130 134 138 140 141 154 155 159 166 171 181 187 195 196
61 73 62 65 68 87 93 98 101 103 105 115 116 119 125 128 131 151 152 155 156 160 173 179 186 188 198 200
62 20 63 64 70 79 86 89 100 104 106 109 120 125 126 128 130 138 139 150 158 161 173 174 175 179 182 183 184 191 195
63 51 67 72 80 81 88 90 96 98 102 110 111 112 117 122 124 131 134 135 139 141 144 152 159 169 173 185 186 188
64 85 65 68 70 73 77 88 90 100 106 107 110 136 141 142 151 153 157 158 159 170 171 172 177 179 183 184 188 192 193
65 93 67 77 82 85 89 105 115 116 120 145 150 155 157 162 165 169 174 190 191
66 92 67 68 71 72 73 76 85 86 96 106 107 108 109 110 113 116 117 118 133 138 140 154 174 175 176 184 185 196
67 60 71 89 90 95 106 114 117 121 123 124 127 137 140 141 143 146 147 148 149 150 157 159 160 162 171 185 188 189 194
68 24 69 77 78 80 88 97 98 99 111 116 118 122 125 126 127 136 139 141 142 153 161 163 166 169 177 183 191 192 197
69 64 75 78 79 82 83 84 85 100 101 105 109 118 119 128 133 148 149 151 153 154 157 160 162 164 167 171 173 178 187 192 197 200
70 51 77 80 83 89 90 106 107 110 117 125 133 137 141 150 162 163 167 171 172 179 180 188 190
71 96 77 79 81 82 83 90 92 100 101 106 111 118 119 123 136 149 150 152 165 168 171 175 188 192 196 197
72 50 78 89 93 99 107 119 120 126 128 130 136 138 140 145 147 149 155 159 160 161 163 166 167 174 179 187
73 67 81 91 93 104 108 116 133 136 138 139 145 146 147 148 155 164 170 177 178 190 196 197
74 64 75 84 89 91 92 95 100 105 114 127 134 136 139 144 145 149 150 168 174 187 194 199 200
75 97 77 78 82 83 88 97 109 124 141 142 143 152 156 158 164 167 170 171 180 181 182 185 198
76 22 79 85 87 89 90 93 101 103 105 116 119 123 128 135 141 143 151 163 169 170 178 183 184 189 191 192 195 200
77 74 79 87 94 95 100 108 111 119 126 127 131 136 137 140 147 150 151 152 169 170 172 175 178 182 184 185 194 196 199
78 62 86 90 91 92 103 114 117 119 120 125 135 153 159 160 163 164 171 183 185 188 190 192 196 200
79 26 82 93 96 101 103 106 107 110 115 134 137 139 141 147 150 152 159 168 176 178 181 184 191
80 39 88 93 94 95 100 106 112 113 119 123 132 133 136 139 142 143 145 147 152 153 155 160 170 171 178 179 180
81 43 90 92 107 110 113 116 117 121 123 130 136 137 143 147 150 155 164 169 170 171 176 177 178 181 184 191 192 194 199
82 95 87 96 99 100 110 111 112 114 117 121 129 132 135 138 147 152 154 159 160 167 172 176 178 181 185 187
83 89 86 94 98 103 104 115 116 126 133 135 141 143 145 146 148 149 150 158 174 180 186 190 191 194
84 59 88 91 100 105 111 113 125 131 148 149 150 155 156 157 170 171 176 177 184 185 188 190 197
85 24 94 96 100 106 108 111 112 119 120 124 125 127 138 139 143 160 164 169 170 184 185 190 193 200
86 51 88 91 93 101 105 108 125 126 131 132 137 139 142 147 158 159 160 163 170 195 196
87 64 89 94 98 102 104 105 107 109 111 119 125 126 127 135 147 148 153 167 168 178 179 181 185 188 195 197
88 37 95 104 110 122 128 135 137 143 147 149 158 175 181 187 193
89 66 92 93 96 97 98 101 116 122 131 136 140 146 151 154 156 162 168 170 171 181 184 186 190 196 198
90 70 93 104 105 112 116 132 135 137 145 149 150 158 159 160 166 172 180 184 186 188 191
91 92 92 98 100 105 110 111 116 123 135 148 154 159 161 171 185 190 200
92 95 95 100 101 102 104 105 106 120 121 123 124 131 134 142 144 145 158 160 169 170 173 181 183 195 199
93 53 95 96 102 103 110 117 121 122 125 133 134 138 139 152 165 173 175 178 183 184 185 196
94 30 100 102 121 122 123 124 128 131 133 145 151 153 163 166 169 171 173 177 178 183 186
95 36 97 102 108 109 118 119 123 125 147 153 155 163 171 178 187 188 195
96 86 99 102 110 115 124 138 139 141 142 145 146 150 163 165 166 167 183 186 195 200
97 50 100 103 116 118 119 123 125 126 130 140 141 157 159 160 167 170 179 180 183 189 195
98 24 99 100 101 103 110 117 119 125 126 128 143 151 157 158 164 165 170 171 172 174 175 180 186 191 193
99 89 104 106 107 108 114 118 123 140 141 144 148 151 160 161 162 165 166 167 184 187 189 194 195
100 76 103 104 105 110 111 115 122 141 146 148 159 166 170 180 186 190 193 194 196 200
101 74 103 104 106 107 111 119 122 123 124 125 128 131 133 142 143 145 147 150 154 155 156 157 161 162 164 167 171 178 179 182 183 188 193
102 42 103 114 116 117 118 119 135 139 140 141 147 149 158 171 174 179 187 190 191 195 199
103 45 109 113 115 129 134 135 139 147 150 153 156 164 172 177 179 183 185 192 196
104 70 106 108 112 118 131 132 144 147 148 149 156 158 165 171 180 182
105 38 109 121 123 124 132 136 144 146 155 158 160 168 171 183 185 196 198 199
106 27 115 117 139 140 148 154 159 164 170 173 179 182 200
107 98 109 112 114 119 120 139 148 149 153 156 162 166 167 176 178 183 187 188
108 98 110 121 134 136 137 141 144 147 148 156 159 168 171 175 179 180 194 196
109 78 110 111 116 118 133 135 137 143 147 148 158 161 164 167 168 169 174 188 192 193 195
110 78 116 125 126 129 132 133 139 141 149 157 170 171 174 184 191 196 199 200
111 86 117 118 123 128 132 139 143 148 153 167 173 178 179 180 189
112 27 113 117 123 125 126 128 132 139 143 144 146 147 162 165 180 185 188 199 200
113 61 114 118 124 128 130 132 140 142 144 147 167 174 181 182 195 196 197
114 30 124 142 145 146 149 153 161 166 189 200
115 40 116 126 137 140 145 155 160 164 165 171 174 180 182 183 185 194 196 197
116 67 123 131 132 139 141 142 146 150 157 162 165 168 170 173 174 175 177 179 196
117 36 118 134 150 152 157 166 167 171 186 189 193 195
118 27 128 141 147 149 151 157 159 163 166 174 179 184 187 190 195 200
119 94 125 134 139 145 152 158 159 160 172 182 183 192 196 198
120 34 123 124 127 131 141 143 149 154 159 162 166 176 185 192 193
121 86 125 128 129 131 135 141 142 144 147 155 166 168 169 171 178 179 181 184 190
122 24 125 131 148 167 169 171 174 181 183 191 199
123 31 124 132 144 158 170 178 181 182 183 191 197
124 46 139 143 156 157 170 174 182 185 190 195
125 60 134 135 145 149 151 153 158 172 175 176 182 186 187 194 199
126 99 127 132 134 135 140 142 145 148 151 161 167 171 184 188 192 199
127 72 129 131 136 139 144 145 149 162 163 168 179 186 187 199
128 56 133 136 137 140 149 152 156 160 161 162 164 173 179 182 189 193 196 197 198
129 63 131 136 142 144 145 147 148 151 158 160 161 165 167 169 180 186 187 199
130 63 144 145 152 153 175 181 184 191
131 32 134 135 141 159 160 161 168 169 173 175 176 183 192 199
132 95 140 144 150 159 164 169 179 183 185 188
133 85 134 143 144 152 153 158 161 162 165 176 180 182 189 200
134 74 136 141 142 148 156 162 180 181 187 200
135 69 137 142 145 151 155 159 172 174 177 178 185 195 197
136 91 141 149 151 154 160 163 164 170 172 186 188 190 191 194 197 199
137 53 138 163 167 170 171 175 185 186 195 196 198 200
138 37 146 149 157 164 171 172 177 189
139 69 144 151 154 155 162 165 172 177 180 182 184 185 190 193
140 73 143 146 157 158 168 169 170 173 181 183 197 200
141 49 142 147 154 155 160 164 165 167 171 175 177 178 186 191
142 58 149 153 157 161 164 168 175 177 185 190 195
143 86 148 149 150 152 155 164 165 168 169 172 183 189 191 194 195 200
144 41 155 156 157 177 183 184 188 189
145 52 163 164 169 171 177 184 194 195 197
146 45 152 155 156 158 164 166 172 173 175 180 186 191 195 200
147 75 154 155 164 177 182 184 200
148 63 150 155 167 168 170 187 190
149 78 150 151 166 173 175 179 190 193 196
150 86 157 162 171 179 181 184 188 196
151 80 152 161 163 165 169 172 173 178 185 195 198
152 40 163 168 170 174
153 60 174 181 184 189 193 194 195 198
154 20 156 159 164 169 178 179 181 182 185 186 188 191 194 198
155 49 160 161 167 170 188
156 33 159 162 169 171 172 176 182 188
157 40 164 165 170 176 183 187 189
158 82 160 168 170 171 190 191 193 196
159 50 167 171 186 190 192 195
160 99 169 191 192 194 198
161 84 165 169 176 184 185 189 198
162 46 165 180 181 183 184 188 193 194 200
163 70 165 175 183 185 188 196 197
164 41 169 171 173 178 180 195
165 81 175 183 186 193 195 199
166 52 167 172 174 183 187 190 191 194
167 59 168 169 173 194 199 200
168 55 170 174 175 183 191 194
169 70 181 183 186 191 198
170 78 171 173 177 192
171 85 188 189 194
172 77 174 181 191 194 196
173 26 179 188 199
174 67 176 180 186 192
175 100 177 184 186 190 191 192
176 41 179 181 183 186 190 191 194 198
177 83 180 182 185 188 194 197
178 45 181 183 199
179 97 187 188 198 199
180 42 181 185 187 188 190 196 197
181 23 186 198
182 61 200
183 54 184 185 199
184 50 193 195 198
185 99 200
186 70
187 55 193
188 99 190
189 46 194 199 200
190 89 192 197 198
191 66 198 199
192 27
193 49
194 26
195 66 199
196 26 197 200
197 67 199 200
198 61
199 33
200 94
