200
1 46 2 3 4 6 7 9 10 11 12 14 15 16 18 19 20 22 23 24 27 28 29 31 33 34 35 37 38 39 41 42 43 45 46 47 48 50 52 54 55 57 58 59 60 61 62 63 64 66 68 69 70 71 73 74 75 76 77 79 80 81 82 83 84 85 86 87 88 90 92 93 94 95 96 97 98 99 100 101 102 104 105 106 107 108 109 112 115 116 117 118 119 121 123 124 125 126 127 129 130 132 133 134 135 136 139 140 143 144 145 147 148 149 151 152 155 156 157 158 160 161 162 163 165 166 167 168 169 171 172 175 177 178 179 180 182 183 184 185 186 188 189 190 191 193 194 195 197 198 199 200
2 43 3 4 7 11 13 14 15 16 18 19 20 22 23 24 25 26 28 30 32 33 34 35 36 37 38 39 40 41 43 44 45 46 47 48 50 51 52 53 54 55 56 57 58 59 60 62 63 66 68 69 70 71 72 74 75 77 78 79 80 81 82 84 86 87 88 89 90 94 95 99 100 101 102 103 105 106 107 108 109 111 113 116 118 119 120 121 122 123 124 125 126 127 129 130 131 132 133 137 138 140 141 143 144 145 146 148 149 150 154 155 156 157 158 159 160 161 162 163 168 171 172 177 178 179 180 181 182 183 185 187 188 189 190 191 192 194 195 196 197 198
3 28 4 7 9 11 12 16 18 19 22 23 24 25 26 27 28 29 30 31 32 33 34 35 37 38 40 44 45 46 47 48 49 54 55 56 58 59 61 62 63 64 66 67 68 70 71 72 73 74 75 78 79 80 81 82 87 88 90 91 95 96 97 98 99 101 102 103 105 106 109 110 112 113 114 117 119 121 122 124 125 126 127 128 129 130 132 133 135 136 137 142 143 144 145 146 148 149 150 151 153 154 158 160 165 166 167 168 170 171 172 173 175 176 179 180 185 186 187 188 191 193 196 198 199 200
4 93 7 8 9 11 13 14 15 17 18 19 20 21 23 25 27 28 29 31 32 33 37 38 39 41 42 44 45 46 47 48 49 50 54 56 57 58 59 60 61 62 63 65 68 69 70 71 73 74 75 76 77 78 79 80 81 82 84 85 86 87 88 92 93 95 96 98 99 101 102 103 105 107 114 118 119 121 123 124 127 128 129 130 131 132 133 134 136 137 139 140 142 143 146 150 151 152 153 154 157 158 159 160 161 162 164 165 168 170 171 173 174 175 176 177 179 180 181 182 184 185 186 188 190 192 193 195 196 198 200
5 95 7 8 9 10 11 12 13 17 18 19 20 21 22 23 25 26 27 28 29 30 31 32 34 35 36 37 38 39 40 41 42 43 44 47 49 50 52 55 56 57 58 59 62 64 66 67 68 69 70 71 72 73 75 76 79 81 82 83 85 86 87 89 91 92 96 97 98 99 100 101 102 103 104 105 106 107 108 109 110 113 115 116 119 120 121 122 123 124 125 126 127 128 129 131 132 133 134 138 139 140 141 145 146 147 148 151 152 153 154 155 156 157 158 159 160 161 163 167 168 169 170 171 172 173 174 176 177 178 179 180 181 182 183 185 186 187 190 191 194 195 196 197 198
6 48 7 8 9 10 11 12 13 14 15 16 17 18 21 22 23 25 29 30 31 35 36 37 38 39 40 41 42 43 44 46 48 49 50 51 52 56 59 60 61 62 63 64 65 66 67 69 70 71 72 74 75 77 78 79 80 81 82 83 84 85 88 89 90 92 93 95 96 98 100 102 106 107 108 109 110 111 113 114 115 117 118 119 120 121 122 124 125 127 130 131 132 133 134 137 138 139 140 142 143 144 145 146 147 148 149 151 154 155 156 157 158 160 163 164 165 166 167 169 172 173 175 176 177 178 179 180 181 182 183 184 185 186 188 189 190 191 192 194 196 198 199 200
7 90 8 9 10 11 12 15 16 18 19 20 21 22 23 25 26 27 28 29 30 31 34 35 37 39 41 42 43 44 46 49 50 52 53 54 55 56 57 58 60 62 63 64 65 66 67 68 69 70 72 73 77 78 79 81 83 85 86 87 88 89 90 92 93 96 98 99 101 102 103 104 105 106 109 110 113 114 115 116 117 118 119 120 121 123 127 128 130 131 132 133 134 136 137 138 142 143 144 145 147 148 150 153 155 156 157 158 161 164 166 167 168 169 170 171 172 173 174 175 176 177 179 180 181 182 183 184 185 186 189 190 191 194 196 197 200
8 84 9 12 14 15 16 17 18 19 20 21 22 23 24 25 26 27 29 30 31 33 34 35 37 39 42 44 47 49 50 51 52 54 55 56 57 58 59 60 61 62 64 65 67 68 69 70 71 72 73 74 77 78 79 80 81 83 85 86 88 90 91 92 93 95 96 97 98 99 100 101 108 109 110 111 113 115 116 120 121 122 123 125 126 127 128 130 131 132 133 136 137 138 140 142 143 148 149 150 151 152 153 154 155 156 157 158 159 161 163 164 165 166 167 169 170 174 175 179 181 183 184 186 187 189 190 191 192 193 196 199 200
9 65 11 13 15 18 19 20 21 23 24 26 27 28 30 31 32 33 34 35 38 39 40 41 42 43 44 46 48 49 53 54 55 57 60 61 62 63 65 69 71 73 75 76 77 78 79 80 81 83 84 86 87 89 90 91 92 93 94 95 96 98 99 103 104 106 108 109 110 111 112 115 116 117 118 119 120 122 124 125 126 128 129 130 131 132 133 134 136 138 140 141 143 145 146 147 148 149 150 153 154 155 156 157 158 160 162 163 165 166 168 169 170 171 172 173 177 178 179 184 186 187 189 190 191 192 194 195 197
10 98 11 12 15 16 17 18 19 20 21 22 23 25 27 28 29 30 31 32 33 34 36 38 40 41 43 44 45 48 50 53 54 56 57 58 60 62 64 65 67 68 69 70 73 75 77 78 79 80 82 84 85 86 87 89 91 92 93 95 97 98 100 101 102 105 106 107 111 113 115 116 118 119 120 123 125 126 127 128 129 131 132 133 137 138 139 141 142 144 146 147 149 150 151 152 153 154 156 157 158 159 160 162 165 166 167 168 171 172 173 174 176 177 178 181 182 185 186 187 188 190 191 193 195 196 199 200
11 29 12 14 15 16 18 20 21 22 23 24 25 26 27 28 30 32 33 34 35 37 38 39 40 41 42 46 47 48 49 50 51 52 53 55 56 57 58 60 62 64 66 67 68 69 70 72 73 75 76 80 82 83 84 85 86 87 88 89 90 91 92 94 95 96 97 99 100 101 104 109 110 111 112 113 114 115 116 118 120 121 122 123 124 125 129 130 132 133 134 136 137 138 139 140 142 143 144 145 146 148 149 150 151 155 157 158 159 160 161 162 164 165 166 168 169 172 174 176 179 180 182 183 184 185 186 189 190 191 192 194 195 196 197 198 200
12 73 13 14 16 17 18 19 20 21 22 25 27 28 29 30 31 32 36 38 39 42 44 48 49 50 52 54 55 56 57 59 60 61 62 63 64 66 67 68 69 70 72 73 74 75 76 77 78 79 81 82 83 84 85 86 87 88 89 90 92 93 94 95 97 98 99 101 104 105 108 109 110 111 113 114 115 116 117 119 121 123 124 125 126 127 130 131 133 134 135 136 137 138 139 140 142 146 147 148 150 151 152 153 154 155 156 157 159 160 161 162 163 164 165 166 167 168 169 170 171 172 173 174 175 177 180 181 182 183 184 186 187 190 191 192 194 195 196 197 199 200
13 46 14 15 17 18 22 24 25 27 28 29 30 32 33 34 35 36 37 39 40 41 42 44 46 48 49 50 51 55 56 57 58 59 61 62 63 65 66 68 69 70 75 79 81 82 84 85 87 88 89 93 95 96 98 99 101 102 103 105 107 108 110 111 112 113 115 116 117 118 120 121 123 124 126 128 129 130 131 132 133 134 135 136 137 138 140 141 143 144 146 147 148 149 150 152 153 155 156 157 160 162 163 164 165 167 168 170 171 174 175 176 177 178 179 182 183 184 187 188 191 194 195 196 198 199 200
14 42 15 17 18 20 21 22 26 27 28 30 32 35 36 38 39 41 42 43 44 46 47 50 51 52 53 56 57 58 59 61 62 63 65 66 67 68 70 71 72 73 74 75 76 77 78 79 80 81 82 83 84 85 87 89 90 91 92 93 95 96 97 98 100 102 104 105 106 107 111 113 115 116 117 120 123 124 125 126 130 131 132 133 134 135 136 137 138 139 141 142 143 144 146 148 149 150 151 152 153 154 155 156 157 159 160 162 164 165 167 168 169 170 175 178 181 182 183 187 188 189 190 194 195 196 200
15 75 17 19 20 21 23 25 28 30 31 32 34 35 36 38 40 42 46 48 50 51 52 54 56 57 58 59 60 61 62 63 64 66 67 68 70 72 73 75 76 77 80 81 82 83 84 85 87 89 90 91 92 93 94 95 96 97 98 99 101 102 103 105 108 109 110 111 112 113 115 116 118 119 121 124 127 129 130 131 133 135 136 137 139 140 141 144 145 146 147 148 150 151 152 154 155 156 158 160 161 162 163 167 169 170 171 172 175 176 177 178 179 181 184 185 186 187 189 191 194 195 196 198 199 200
16 89 17 18 22 23 25 26 27 29 32 34 35 36 37 38 40 41 42 43 45 46 47 48 49 51 52 53 56 57 58 59 61 64 65 66 70 72 73 74 75 76 78 80 81 83 84 88 89 90 93 94 95 96 99 100 102 105 106 107 108 109 110 112 114 116 117 118 119 120 121 126 127 128 129 132 134 135 136 137 138 139 140 141 142 143 144 145 146 149 150 153 154 156 157 158 159 163 165 171 173 174 177 179 180 181 182 184 185 186 188 190 191 192 193 194 196 197 198 200
17 95 18 19 20 21 22 23 24 27 28 29 30 31 32 36 37 38 39 40 41 42 43 46 47 48 49 51 52 53 55 56 57 58 59 60 61 62 65 66 67 68 70 71 72 73 74 75 77 79 82 83 85 87 88 89 90 91 92 95 96 97 98 99 100 101 102 103 104 106 107 108 109 111 112 114 115 116 118 119 121 123 125 126 127 128 129 130 131 133 135 136 137 138 139 140 141 142 143 144 145 146 148 149 150 151 152 153 154 155 156 157 158 160 163 164 165 166 168 170 171 175 176 177 178 180 182 184 185 189 191 193 196 197 198 199
18 26 19 21 22 24 25 26 27 28 29 30 31 32 33 34 36 37 39 41 42 46 48 50 51 52 53 55 58 59 61 62 63 64 67 68 70 71 73 74 77 78 79 80 81 83 85 86 87 88 89 90 92 93 94 95 96 97 98 99 100 101 103 105 106 108 110 111 113 114 115 118 119 120 121 123 125 126 127 128 130 131 132 133 134 135 137 138 139 140 142 143 147 148 152 154 156 159 160 161 162 163 165 166 169 170 171 172 173 174 175 177 178 179 180 181 182 183 186 187 188 189 191 193 194 196 197 199
19 70 20 22 23 24 29 30 31 32 33 35 36 37 38 39 40 41 42 43 44 45 46 47 49 50 53 54 55 56 57 58 59 60 61 62 63 64 65 66 68 69 71 75 76 79 80 81 82 83 84 85 87 88 91 92 93 94 97 99 100 101 102 103 104 105 107 108 109 110 111 113 114 115 116 117 119 120 121 122 123 124 125 128 129 134 135 136 138 142 143 144 145 146 147 148 150 151 152 153 154 155 157 158 159 160 161 164 165 166 167 168 169 170 171 174 175 176 177 178 179 180 182 183 184 185 186 187 190 191 192 194 195 196 197 199 200
20 43 21 22 23 25 28 29 31 32 33 35 36 37 39 41 43 44 45 48 51 52 53 54 55 56 58 59 60 61 62 65 66 69 70 71 73 74 76 77 78 79 80 81 82 83 84 87 89 90 91 93 94 95 96 97 98 99 100 103 104 105 107 108 110 111 112 113 114 115 117 118 119 123 124 125 126 128 129 131 132 133 135 137 138 139 140 141 142 143 144 145 147 149 150 151 152 153 155 156 157 158 159 160 161 162 163 164 165 167 168 172 173 174 177 178 182 183 184 185 186 187 188 189 190 191 192 194 195 196 198 199 200
21 32 22 24 25 27 28 31 32 34 35 37 38 39 40 41 43 44 46 49 50 51 52 53 54 55 57 59 60 62 63 65 70 71 72 73 76 77 78 79 80 82 83 84 85 86 89 90 91 92 93 95 97 98 99 100 101 103 104 105 106 107 110 111 115 117 120 121 122 125 128 129 130 131 132 133 134 136 137 139 140 141 142 143 144 145 147 148 150 152 154 155 157 159 161 162 164 165 166 168 169 171 172 173 175 176 177 178 179 180 182 183 184 186 187 189 191 193 194 195 196 198 199 200
22 45 24 25 26 27 29 30 31 32 33 34 35 36 37 38 40 41 44 45 46 47 48 49 50 51 54 55 56 57 58 59 60 62 64 65 66 67 69 70 72 74 75 76 78 79 80 81 83 85 86 87 90 91 92 93 94 95 96 97 98 101 102 104 107 108 110 113 114 116 117 118 119 120 121 123 124 126 127 128 130 131 133 135 136 138 139 140 141 143 144 145 147 148 149 150 151 152 154 158 162 163 171 172 173 174 175 176 177 178 179 181 182 185 186 187 188 189 190 192 197 198
23 22 24 27 28 29 30 31 32 34 36 37 38 40 42 43 45 49 50 51 52 53 54 57 59 60 61 65 66 67 69 70 71 73 74 75 76 77 80 81 82 83 85 91 92 93 94 96 99 103 104 105 106 107 108 110 111 112 113 115 117 118 120 122 123 124 125 126 127 128 129 130 131 132 133 134 135 136 137 138 140 141 142 143 147 148 149 151 153 155 156 157 158 161 164 165 166 167 169 170 172 173 176 177 178 179 180 181 182 183 184 185 186 187 188 189 190 192 194 195 196 197 200
24 51 27 28 29 30 33 35 36 37 39 40 41 42 43 44 45 46 47 48 49 51 52 54 55 58 63 64 66 67 68 70 71 73 74 75 76 77 78 79 80 83 84 85 86 87 88 90 91 93 94 95 97 98 99 100 101 102 105 106 107 108 109 110 111 114 115 117 119 120 121 124 125 130 131 132 133 134 135 136 137 138 139 140 141 142 143 146 148 151 152 153 156 157 158 160 161 163 164 166 167 169 172 173 176 177 178 179 180 181 182 183 184 186 187 188 189 190 191 192 193 195 197 198 199
25 86 26 27 29 30 31 32 34 35 36 37 38 39 40 41 42 43 44 46 48 49 52 53 54 56 58 59 60 61 63 64 65 66 68 69 71 73 75 76 78 79 80 81 82 83 84 85 86 88 89 90 91 95 96 98 99 100 101 102 104 105 106 107 109 110 111 113 114 116 117 118 119 120 123 125 126 127 128 130 131 133 134 135 136 137 139 140 143 145 146 148 151 152 153 154 155 158 160 161 162 163 164 165 166 167 168 172 174 175 176 177 178 179 182 183 184 185 186 188 189 190 191 192 193 194 196 197 199 200
26 58 27 28 29 30 31 32 33 34 35 36 38 39 40 45 47 48 49 52 54 55 56 57 59 61 63 64 65 66 67 68 69 70 71 72 73 74 76 80 81 82 83 84 85 86 88 89 90 91 92 93 94 95 96 98 100 101 102 103 105 108 109 110 112 115 116 118 120 121 122 124 125 126 127 128 129 130 132 133 135 139 141 142 144 146 148 149 150 152 154 155 158 159 161 163 164 165 166 167 168 169 170 172 173 174 176 177 178 180 182 183 184 186 187 188 189 190 193 194 195 196 198 199
27 92 28 30 31 33 34 35 36 37 38 39 41 42 43 46 49 50 51 52 53 54 56 57 58 59 60 62 64 67 68 70 72 73 74 75 77 80 81 82 83 84 85 86 87 88 89 90 93 94 95 97 99 100 104 105 108 109 110 111 112 114 115 118 119 120 121 122 123 124 125 126 127 129 130 131 132 133 134 135 136 137 138 139 140 141 142 143 146 147 148 149 151 152 156 157 158 159 160 161 162 163 167 168 169 170 171 173 174 175 178 179 181 182 186 187 190 191 192 193 194 195 197 199
28 52 29 30 31 32 33 34 35 36 38 39 40 41 42 43 44 46 47 48 50 51 52 53 54 55 56 58 60 61 62 63 64 65 66 68 69 72 74 75 76 77 78 79 80 81 82 83 84 85 90 91 92 93 94 97 98 99 101 102 104 106 107 109 110 111 112 113 114 115 119 121 122 124 125 126 128 129 130 131 134 135 136 138 139 140 141 142 143 144 145 146 149 150 151 152 153 155 157 159 160 161 162 164 165 166 167 171 173 174 175 176 178 179 181 182 183 184 185 186 187 189 191 192 194 196 197 199 200
29 39 30 33 35 36 37 39 40 41 42 44 45 46 47 48 49 51 52 55 56 57 59 60 61 62 63 64 65 68 70 71 72 73 74 75 79 81 82 84 85 86 87 89 90 92 93 94 95 98 99 100 102 103 104 106 108 113 114 115 118 119 120 121 122 123 125 126 129 130 133 134 135 137 138 139 140 141 144 146 147 148 150 151 154 155 156 157 159 161 164 165 166 167 168 169 171 172 174 175 176 177 178 180 181 183 184 185 186 189 190 191 192 193 194 195 196 197 199
30 27 31 32 33 35 37 38 39 40 42 45 46 47 48 49 51 52 53 54 55 56 57 58 59 60 61 62 63 65 66 67 68 69 71 73 74 75 76 77 79 80 83 84 85 86 88 90 91 92 93 94 95 96 97 98 100 101 103 106 107 108 111 112 113 114 115 117 118 119 120 122 124 126 127 128 129 130 131 133 134 135 137 138 139 140 141 142 143 145 147 149 150 151 152 153 154 157 158 159 160 161 163 164 165 166 167 169 170 171 173 175 176 177 179 180 181 182 183 186 187 188 190 191 192 194 195 196 199 200
31 75 32 33 34 36 37 38 39 40 41 43 44 45 46 47 49 50 51 52 53 54 55 58 59 60 61 62 63 64 65 67 68 69 70 71 73 75 76 77 78 79 80 81 82 83 84 85 86 87 89 90 91 92 93 94 96 97 99 103 104 106 107 108 109 110 111 113 114 115 116 117 119 120 121 123 124 125 126 127 128 129 130 131 132 133 134 136 137 138 139 140 143 145 147 148 150 151 152 153 155 156 157 158 160 161 162 165 167 168 169 171 172 174 175 179 180 181 182 183 185 186 187 189 190 191 192 193 194 196 197 198 200
32 28 33 34 36 37 38 39 40 43 44 45 47 48 49 52 54 55 57 58 60 63 64 66 67 69 70 71 73 74 75 77 78 79 80 81 83 85 88 89 91 92 93 94 95 96 97 98 99 103 106 107 108 109 110 112 114 115 117 119 121 122 123 124 125 126 129 131 132 134 135 137 138 139 140 142 144 146 147 148 149 150 151 152 153 154 155 156 157 158 159 160 161 162 163 164 165 167 168 169 171 172 173 174 175 176 177 178 180 182 183 185 187 190 191 192 193 194 195 196 198 199 200
33 22 35 36 37 38 39 41 42 43 44 47 48 50 54 56 57 58 59 60 61 63 64 65 68 71 72 73 74 75 76 77 80 81 82 83 84 86 87 88 89 90 93 94 96 98 100 101 102 103 104 105 106 107 108 109 110 111 112 113 114 116 117 118 119 120 121 122 123 124 125 126 129 131 132 133 134 135 136 137 140 141 142 143 144 145 148 149 150 151 153 154 155 156 157 158 159 161 162 164 165 166 168 169 170 171 172 174 175 176 177 178 179 180 182 185 187 188 191 192 194 195 196 197 198 199 200
34 91 35 36 37 38 39 40 41 42 43 44 45 46 47 48 49 51 52 54 55 56 61 62 63 64 66 67 68 69 70 72 73 74 76 77 78 81 82 83 84 87 88 89 91 92 93 94 95 96 97 98 99 100 103 104 106 108 110 111 112 113 115 116 117 118 125 126 128 129 130 131 133 134 135 139 142 143 144 146 148 150 151 152 153 154 156 157 158 159 160 161 162 165 167 170 171 172 174 175 176 177 179 181 184 186 189 190 191 194 195 196 198 200
35 34 37 38 39 40 43 45 47 48 49 50 51 53 54 55 56 57 58 59 60 61 62 63 64 65 67 68 69 70 72 73 74 77 78 79 80 82 85 86 87 88 89 90 91 92 93 97 98 99 100 101 102 103 104 106 107 109 110 112 115 117 120 121 122 123 127 128 129 130 132 133 134 135 136 138 139 141 142 143 144 145 146 148 149 153 154 157 158 159 162 163 167 168 170 171 172 173 175 177 178 179 180 181 183 184 185 186 187 189 191 192 193 194 200
36 93 37 38 39 40 41 43 44 45 46 47 50 51 53 54 55 57 58 59 60 61 63 64 65 67 69 70 73 74 75 76 77 79 81 82 83 84 85 86 87 88 92 93 94 96 97 98 100 101 102 103 104 106 107 108 109 110 111 112 113 114 115 118 120 122 123 125 127 129 130 131 132 133 135 136 137 139 140 145 146 148 149 150 151 152 154 156 157 158 159 160 161 163 165 166 167 170 171 173 174 175 176 177 180 181 182 183 184 185 186 187 188 189 190 191 192 193 194 195 196 197 198 200
37 27 38 39 40 41 42 43 44 45 46 47 48 49 50 51 52 55 56 58 59 61 63 65 66 69 70 71 72 73 74 75 76 77 79 80 81 82 83 84 85 86 87 88 90 91 92 93 94 95 96 97 99 100 101 102 104 106 108 109 110 111 112 113 114 117 118 119 121 123 124 127 128 129 130 133 134 136 138 139 140 141 143 144 146 147 148 149 150 153 156 157 158 159 160 162 167 169 170 171 172 173 175 177 178 179 181 182 184 185 190 193 194 195 197 198 200
38 52 41 42 43 44 45 46 47 48 50 52 53 54 56 57 58 60 61 62 63 65 66 67 68 69 70 74 78 79 80 82 84 85 86 88 89 90 91 92 94 96 97 98 100 101 102 103 104 105 106 107 108 110 113 114 115 117 120 121 124 125 126 127 129 133 134 135 136 137 138 139 140 142 143 144 145 146 148 150 151 152 153 154 155 157 158 159 160 162 163 164 165 166 169 170 172 173 177 178 179 180 182 183 184 185 186 187 191 193 195 196 197 199
39 63 41 44 45 46 47 48 50 51 52 53 54 56 57 59 61 62 63 66 67 68 70 71 72 73 74 75 76 79 81 83 86 88 89 90 91 93 95 98 99 100 103 106 110 111 112 113 114 115 116 117 118 119 120 121 122 124 126 127 129 131 133 134 137 138 139 140 141 142 143 144 146 147 148 149 151 153 154 155 157 159 161 162 165 166 167 168 169 171 172 173 174 175 176 179 180 181 182 184 185 186 187 188 189 190 192 193 197 198
40 55 44 47 48 49 50 51 52 53 54 55 57 59 60 61 64 66 67 68 69 70 72 74 75 77 78 79 80 81 82 86 87 88 90 91 92 93 94 95 96 97 98 99 100 101 105 106 107 108 109 111 112 113 114 116 120 121 122 123 124 125 126 127 128 130 131 132 134 135 136 137 139 140 141 142 143 144 146 147 148 149 151 152 153 154 155 156 158 159 161 162 163 164 165 167 172 173 174 177 178 181 183 184 185 186 187 188 190 193 194 195 196 199
41 86 42 44 47 48 49 52 54 57 58 59 60 61 63 64 67 70 71 76 77 79 80 81 83 85 87 89 90 91 93 94 96 97 98 100 102 104 108 110 111 112 114 115 116 117 118 119 121 122 124 125 129 130 131 132 135 136 140 141 143 144 145 146 147 148 149 150 151 152 153 154 155 156 158 159 160 162 163 164 166 167 168 170 171 172 173 175 176 178 179 180 181 184 185 186 188 189 190 192 193 195 197 198 199 200
42 93 43 44 45 47 48 49 53 54 55 56 57 60 61 62 63 66 67 68 71 72 73 74 75 76 77 78 79 80 81 82 83 84 86 87 88 89 90 91 92 93 95 97 98 99 100 101 109 110 113 114 115 116 117 119 123 126 127 129 130 131 133 134 135 137 138 139 140 141 142 143 144 145 146 147 149 153 155 156 157 158 159 162 165 168 170 171 172 173 174 175 176 177 178 179 180 181 182 184 186 187 188 189 191 192 193 195 198 199 200
43 83 44 45 46 47 48 50 51 53 56 57 58 59 60 61 62 64 65 66 67 68 69 70 71 72 75 76 78 79 81 82 83 85 87 90 91 93 94 95 96 97 98 99 100 101 103 105 106 107 108 109 110 111 114 115 117 118 122 124 125 126 127 128 129 131 132 133 134 135 136 137 138 140 143 144 145 146 148 149 151 153 154 155 156 157 158 161 164 166 167 168 169 171 172 173 175 176 177 178 179 181 182 183 185 186 187 188 189 191 193 194 195 196 197 198 199 200
44 62 45 46 48 51 52 53 54 55 56 57 58 59 60 61 62 63 66 68 69 70 71 73 74 75 77 78 79 83 84 85 87 89 91 93 94 95 97 98 101 102 103 105 106 107 108 109 111 113 114 115 116 118 119 121 122 123 124 126 128 129 130 131 132 134 135 139 140 141 142 143 144 146 147 149 151 154 156 159 160 161 163 164 166 167 168 169 170 172 173 174 175 176 178 179 180 181 182 183 185 186 187 188 189 190 191 193 194 195 196 197 198 199
45 51 46 47 48 49 50 51 52 53 54 56 57 58 59 64 65 68 69 70 71 72 73 75 76 77 78 79 83 84 85 89 90 92 93 95 96 98 99 100 101 103 104 106 107 108 110 111 112 113 115 116 117 119 120 122 128 129 130 131 132 133 134 135 136 139 142 143 144 145 147 149 150 151 154 155 156 157 158 159 160 161 162 164 165 167 168 171 172 173 174 175 176 178 179 181 183 184 185 186 187 188 190 191 192 193 194 195 196 197
46 56 47 49 52 54 56 57 58 60 61 62 63 64 65 66 68 70 71 72 74 76 78 80 81 82 83 84 85 86 87 88 89 91 93 95 96 97 98 100 101 103 104 105 106 107 108 109 110 112 114 115 116 117 118 119 121 123 124 125 126 127 128 130 131 132 133 134 135 136 137 138 139 141 142 143 144 146 147 149 150 153 154 155 158 159 160 161 164 165 166 167 169 170 171 173 177 178 179 180 181 183 186 187 188 189 190 191 192 193 195 196 198 200
47 89 49 51 53 55 56 57 59 60 61 63 64 65 66 67 68 69 70 72 73 74 75 76 77 79 80 81 82 83 84 85 86 87 88 89 91 92 93 94 95 96 97 98 99 100 101 102 103 104 105 106 107 108 110 111 112 113 114 116 117 118 119 121 123 124 125 129 130 131 132 133 134 135 136 137 138 139 142 144 145 147 149 150 153 154 155 159 161 162 163 165 169 170 172 174 175 176 177 178 182 183 184 186 187 188 189 193 194 195 200
48 88 50 51 52 55 56 57 59 60 63 65 66 67 68 69 70 71 72 73 74 75 76 77 78 79 80 81 82 83 84 87 88 89 91 92 93 94 96 97 99 100 101 102 103 104 106 107 108 109 110 111 112 113 116 117 118 119 120 121 123 124 128 129 130 131 132 134 135 137 138 140 141 142 143 145 146 147 148 149 150 151 152 154 156 157 160 161 163 164 165 166 167 170 171 172 173 174 175 176 177 178 180 183 185 186 187 188 189 190 192 193 194 195 196 198 199 200
49 99 50 51 52 55 56 58 59 60 61 63 65 66 67 68 69 70 71 73 74 75 78 81 82 83 84 85 87 90 91 92 93 95 96 98 99 101 102 105 106 107 108 110 111 112 116 118 119 120 121 124 125 126 129 131 132 133 134 135 136 137 138 140 141 143 144 145 147 148 150 151 152 154 155 157 158 159 160 161 163 164 166 167 168 169 170 174 176 178 179 180 181 183 185 186 187 188 192 193 195 198 199 200
50 64 51 52 54 55 56 57 58 60 61 63 67 69 70 72 73 78 79 82 83 87 88 89 90 91 93 94 96 97 99 100 101 102 103 104 105 109 110 111 113 114 115 116 117 120 122 123 124 125 126 127 128 129 130 131 136 139 140 143 144 145 147 148 149 150 152 155 157 158 160 162 163 165 167 168 169 171 172 173 174 175 177 179 180 181 182 183 184 185 190 191 192 193 195 196 197 198 199 200
51 56 52 54 55 56 57 60 62 64 66 67 68 69 71 73 74 75 77 78 79 80 81 82 83 84 85 89 90 91 92 93 94 95 96 97 98 99 101 102 103 104 105 106 107 108 109 110 111 112 113 114 115 116 117 120 121 122 123 124 125 126 127 128 129 130 132 133 136 138 140 142 143 144 145 146 148 150 151 154 156 157 159 160 161 164 165 166 168 170 172 174 176 177 178 179 180 182 183 184 185 187 188 189 190 191 192 194 195 196 198 199 200
52 92 54 55 57 58 59 60 61 62 66 69 72 73 75 76 77 78 80 81 82 85 86 87 88 89 90 92 93 94 96 97 98 99 100 101 103 104 106 108 110 112 114 116 118 121 122 123 126 127 128 129 132 133 135 136 137 138 139 143 144 145 147 148 149 150 151 154 156 158 159 160 161 163 165 166 168 170 171 172 173 175 176 177 178 179 181 182 183 184 186 189 190 191 192 193 194 195 196 197 198 199 200
53 86 54 56 57 59 60 61 63 64 66 68 70 73 75 76 77 78 79 80 81 82 83 84 86 87 90 91 94 96 98 100 101 103 104 106 108 109 110 112 113 115 116 117 118 120 121 122 124 125 126 127 128 130 133 134 137 139 140 141 142 143 144 147 148 149 150 151 152 153 154 156 157 159 160 161 162 163 164 165 166 167 168 174 175 178 179 180 181 182 184 185 187 188 190 191 192 193 195 196 197 198 200
54 81 57 58 59 60 61 62 63 64 65 66 67 69 71 72 73 74 75 76 78 79 80 81 82 83 84 86 87 88 89 91 93 94 95 97 101 102 103 104 105 108 109 110 111 112 113 115 116 117 118 122 123 126 127 128 129 132 133 136 137 138 141 142 144 146 147 148 149 151 152 153 155 156 157 158 159 160 161 162 163 164 166 167 169 171 173 174 176 178 179 180 182 183 184 185 186 187 188 189 191 192 193 194 195 198 199 200
55 72 57 58 59 60 61 62 63 64 65 67 68 69 72 73 74 76 77 78 79 80 81 82 83 84 86 87 88 89 90 91 95 96 98 99 101 102 104 105 106 107 108 109 110 112 116 117 119 123 126 127 129 130 131 132 133 134 135 137 138 140 141 142 144 145 147 149 151 152 155 156 158 159 162 165 166 167 168 169 171 172 173 174 175 177 179 183 184 185 188 189 190 191 192 193 195 197 198 200
56 79 57 58 59 60 62 63 64 65 66 67 70 71 72 73 74 75 76 78 80 81 84 85 86 87 88 89 91 92 94 96 97 98 99 101 102 103 105 106 110 112 113 114 119 120 121 122 123 124 126 128 131 133 134 135 137 140 141 143 145 146 147 148 149 150 151 153 157 158 160 163 164 167 169 170 171 172 174 175 176 177 178 179 180 181 182 183 184 186 187 188 189 190 191 192 194 195 196 197 198 200
57 33 59 62 64 68 69 70 72 73 75 76 77 80 81 83 85 86 88 90 91 95 96 97 99 100 101 103 104 106 107 108 111 112 114 116 118 119 120 121 122 123 124 125 126 127 129 130 131 132 134 137 139 141 142 144 145 148 149 150 151 152 153 154 155 156 157 160 161 162 163 164 166 168 169 170 171 172 173 174 175 177 178 179 181 182 184 185 186 187 191 193 194 196 198 199 200
58 51 62 63 65 66 67 68 69 70 72 73 74 76 77 78 79 80 82 83 86 87 89 90 92 93 94 95 96 97 99 100 104 105 106 109 111 113 118 119 120 121 123 124 125 126 127 128 129 130 131 132 133 134 135 136 137 138 139 140 142 143 144 145 147 148 151 152 156 160 161 163 164 165 166 167 168 169 170 172 175 176 177 178 180 181 183 184 185 187 188 189 191 192 195 196 197 200
59 80 60 63 64 67 69 70 71 72 74 75 76 77 78 80 81 82 83 84 86 88 89 90 91 92 95 96 98 99 100 101 102 104 106 107 108 109 110 111 112 114 115 116 117 118 119 122 123 125 126 130 131 133 134 135 136 137 138 139 141 143 145 146 147 148 149 151 153 154 155 157 159 161 163 165 166 167 168 171 172 173 174 175 176 177 178 179 181 182 183 184 187 188 189 191 192 195 196 197 199 200
60 38 61 62 63 64 67 68 70 71 72 73 76 77 78 79 80 81 82 83 85 86 87 88 89 91 95 96 97 99 100 103 104 105 107 108 109 111 112 113 114 116 117 118 120 122 123 124 125 126 127 131 132 133 135 136 137 139 140 141 142 144 145 146 148 149 153 157 159 160 163 165 166 167 170 172 173 174 175 176 178 179 180 181 182 184 187 188 189 191 193 195 196 197 199 200
61 85 62 63 64 65 67 68 69 70 71 73 74 75 77 78 79 82 83 84 85 86 87 88 89 91 92 93 94 95 96 97 98 100 103 104 106 107 108 109 111 112 113 114 115 116 117 118 120 121 123 125 126 127 128 129 131 134 136 138 140 141 142 143 144 148 149 150 151 153 155 157 158 159 161 162 163 164 165 167 169 172 173 174 176 177 178 179 181 183 184 187 188 189 190 191 195 197 198 200
62 71 65 66 67 68 69 70 71 72 73 74 75 76 77 78 79 81 83 86 87 88 89 91 92 94 96 97 98 100 102 103 104 105 108 111 113 114 115 116 117 118 119 121 122 123 124 125 126 128 129 130 131 133 136 137 138 139 140 142 144 146 147 148 149 150 152 153 154 155 156 158 159 160 162 163 166 167 168 171 172 173 174 175 176 177 180 181 182 184 185 186 187 188 190 191 192 194 195 196 197 198 200
63 31 64 65 66 67 68 69 70 71 72 73 74 76 79 80 81 83 84 85 87 88 89 90 91 92 93 94 95 96 98 100 101 102 103 104 105 107 108 110 111 112 114 115 118 119 120 121 124 126 127 128 129 130 131 134 135 136 137 138 139 140 141 142 143 145 146 147 148 150 151 152 153 155 156 157 158 159 160 161 162 163 165 167 168 169 170 171 172 174 175 176 178 181 183 186 187 188 189 190 191 194 196 197 198 199 200
64 96 66 67 71 72 73 74 76 80 81 82 83 84 86 87 88 89 90 91 95 96 98 99 100 102 103 104 106 107 109 111 112 113 114 115 116 118 120 123 124 126 129 130 131 132 133 134 135 136 140 143 144 145 146 147 148 149 150 151 152 153 154 155 156 157 158 159 161 162 163 164 166 167 168 169 171 172 173 174 179 180 181 182 184 186 187 193 194 195 196 197 198 199 200
65 43 66 67 71 72 74 75 76 78 80 81 83 84 86 89 92 94 95 97 99 101 103 104 105 106 107 108 109 113 114 115 116 118 119 120 122 123 124 125 126 127 128 130 131 133 134 136 137 139 141 142 143 144 145 146 147 148 150 151 153 154 155 156 158 159 160 161 164 165 169 170 171 172 173 177 178 179 181 182 184 185 186 188 189 190 191 194 195 197 199 200
66 55 67 68 69 70 74 75 76 77 79 80 81 82 83 86 87 88 89 90 92 94 95 96 97 101 103 104 106 107 109 110 111 112 114 115 116 117 118 119 120 121 123 124 125 129 130 131 132 133 134 136 137 139 140 141 142 143 144 145 146 147 148 149 150 151 152 153 154 155 156 157 158 160 162 163 164 165 168 169 170 171 172 174 175 177 180 181 183 186 187 188 189 190 191 192 193 196 198 199
67 73 68 69 70 71 72 73 76 77 78 80 81 82 83 84 86 87 89 90 91 92 94 95 96 97 99 101 102 103 104 106 108 109 111 112 113 114 115 117 119 121 123 126 127 128 129 131 132 133 134 136 138 140 141 142 143 144 145 147 148 149 150 151 152 153 154 157 158 159 160 161 162 163 164 165 167 168 170 171 173 174 175 176 177 178 179 183 184 185 186 187 191 193 195 196 197 198 199 200
68 78 69 70 71 72 73 75 76 78 79 82 83 84 85 86 87 88 89 90 92 93 94 98 99 101 102 104 105 107 108 109 110 111 113 114 115 116 118 121 123 124 125 126 127 128 130 131 132 133 134 135 136 138 139 141 142 143 144 145 147 148 149 150 151 152 154 160 161 162 163 165 166 168 169 170 171 172 173 174 180 183 185 186 187 188 189 190 191 193 194 195 198 199
69 62 70 71 74 75 77 79 80 83 85 86 88 89 91 92 96 98 99 100 101 102 103 104 105 106 107 109 110 111 112 114 116 118 119 121 124 127 128 129 130 132 134 136 138 139 142 143 144 145 146 147 149 150 151 152 153 154 157 158 161 162 163 165 166 169 170 171 173 174 175 177 178 179 180 181 183 184 185 187 188 190 192 193 196 197 199 200
70 46 72 73 74 75 77 78 79 80 81 82 83 84 86 88 89 92 93 94 95 96 98 102 107 108 109 110 111 113 114 116 117 118 119 121 122 123 125 127 130 131 132 133 134 136 137 138 139 141 145 146 147 148 149 150 151 152 153 154 155 156 159 162 163 164 166 167 170 171 173 174 175 176 177 178 179 181 182 183 184 185 191 193 194 195 196 198 199 200
71 51 72 73 74 75 76 77 78 79 80 81 82 85 86 88 90 91 92 93 95 96 97 99 101 103 104 105 106 108 109 110 112 113 117 119 120 122 124 125 126 128 131 132 133 134 137 140 142 143 144 145 146 149 150 151 152 153 154 156 157 158 159 160 161 163 165 166 167 169 170 172 175 178 179 180 181 182 183 185 186 189 190 191 193 194 195 196 197 198
72 96 74 75 78 79 80 82 84 85 86 87 88 89 91 92 93 94 95 96 97 99 100 101 102 103 104 105 107 109 111 112 113 114 115 116 117 118 120 122 123 124 125 126 127 128 129 131 132 134 138 140 141 142 143 144 145 146 149 151 152 153 154 155 156 157 158 161 162 163 164 165 169 170 171 172 173 174 175 177 179 180 181 183 184 188 193 194 196 198
73 98 75 77 78 81 83 85 86 87 88 92 94 95 96 97 98 99 100 101 103 105 107 110 111 112 113 114 116 117 119 120 121 122 124 125 127 128 129 130 131 133 134 135 136 137 140 141 142 143 144 146 150 151 152 153 155 156 157 159 160 161 162 163 165 167 168 171 172 174 175 179 180 182 183 184 187 188 190 191 192 193 194 195 196 198 199 200
74 64 79 80 81 82 83 84 85 86 88 89 90 91 92 93 94 95 96 98 99 100 101 103 104 105 106 107 108 109 110 112 113 115 117 118 119 120 122 123 127 128 130 131 132 133 134 136 137 138 139 141 142 143 144 145 146 148 149 151 152 153 154 155 156 157 158 159 161 162 163 164 166 167 168 169 171 172 173 174 175 176 177 178 179 181 182 183 184 187 189 190 192 194 195 196 197 200
75 35 76 77 79 82 84 86 87 90 91 92 93 94 95 99 100 102 105 106 107 108 109 111 113 115 116 118 119 120 121 122 123 124 125 126 128 129 131 132 135 136 138 139 140 141 142 143 144 145 146 147 148 149 150 152 153 154 155 156 157 159 161 163 165 167 171 172 173 175 176 177 178 179 181 182 184 185 186 187 188 189 190 191 192 195 196 197 198 200
76 61 77 78 79 80 81 82 83 84 85 86 87 88 89 91 92 96 97 99 103 105 107 110 111 113 115 116 117 118 119 124 125 126 127 128 129 130 131 132 133 135 136 137 138 139 140 142 145 147 148 149 150 151 153 156 158 159 160 161 162 163 164 165 168 169 170 172 173 174 176 177 178 179 181 182 183 185 186 187 189 191 192 193 196 197 198 200
77 95 80 81 82 83 85 87 88 89 90 91 92 93 94 95 96 97 98 99 100 101 104 106 107 108 109 110 112 113 114 115 117 118 119 120 121 125 126 127 128 129 130 132 133 134 137 138 139 140 141 145 146 147 149 151 152 153 154 155 156 157 158 161 162 163 166 171 174 175 176 177 179 180 182 183 185 186 188 189 190 192 193 195 196 197 198 199
78 81 80 82 84 85 86 87 89 91 92 93 95 96 101 102 103 104 106 107 108 109 110 114 116 117 118 119 120 121 122 123 124 125 127 128 129 130 131 132 133 135 136 139 140 141 142 144 145 146 148 149 150 151 153 154 155 156 157 159 160 161 162 166 168 169 171 172 174 177 178 180 181 182 186 189 191 192 193 194 195 196 197 199 200
79 21 80 81 82 83 84 86 87 89 92 93 94 95 98 100 101 103 104 105 106 107 110 112 113 116 117 118 119 120 121 122 123 124 126 127 128 129 131 133 134 136 140 141 142 145 146 149 152 153 154 156 157 158 160 161 163 164 165 166 169 171 172 173 174 175 178 179 180 181 183 185 186 187 188 189 190 191 192 194 195 196 198 199 200
80 70 82 84 85 86 87 88 89 94 95 97 98 99 100 102 104 105 106 107 108 110 111 114 115 116 117 118 121 122 126 129 130 131 133 135 136 137 139 140 141 142 144 148 150 151 152 153 154 156 157 159 160 162 163 165 166 167 168 169 170 171 172 173 178 179 181 183 185 186 187 190 193 194 196 197 200
81 41 82 83 84 85 87 89 90 91 92 93 94 95 96 97 98 99 100 101 103 104 106 107 109 117 120 121 122 123 124 125 126 128 129 130 131 132 133 134 135 139 140 143 144 145 147 148 149 150 151 153 154 156 157 158 159 160 161 162 164 165 166 167 168 169 171 173 175 176 179 181 182 183 184 185 186 191 192 194 195 196 197 198 200
82 60 84 85 86 87 88 89 90 92 93 94 95 96 100 102 103 104 107 110 111 112 114 115 116 117 118 119 120 123 124 125 126 127 129 130 131 132 133 134 135 136 137 138 139 140 141 142 143 144 145 146 147 149 150 151 152 153 154 155 157 158 159 160 161 162 163 164 165 167 169 173 174 175 176 177 178 179 180 181 182 183 184 186 187 188 189 190 193 195 198 199 200
83 39 84 85 86 87 88 90 91 92 94 95 96 97 98 99 100 101 103 104 105 108 109 110 111 112 113 114 117 118 120 121 122 123 125 126 127 130 131 132 134 135 137 138 139 140 143 146 147 151 152 153 154 155 157 158 161 162 163 164 166 167 168 169 170 171 174 176 178 182 183 184 185 186 187 190 191 193 194 195 196 197 200
84 42 85 86 87 88 89 90 91 92 93 94 95 96 97 99 100 105 106 107 108 109 110 111 112 113 114 116 117 118 119 121 123 124 125 126 128 130 131 133 134 135 136 137 138 139 140 142 143 145 146 147 148 151 152 153 156 157 158 160 161 162 163 164 167 168 169 170 171 173 174 176 179 181 182 183 184 185 186 187 188 190 192 193 194 195 196 197 199
85 23 86 88 90 91 92 93 94 95 97 99 100 101 102 103 104 105 107 108 109 110 112 113 114 115 116 119 120 121 123 124 125 126 127 128 130 131 132 133 134 135 137 138 140 141 143 144 145 146 148 150 152 155 156 158 164 165 166 167 168 169 170 171 172 173 174 175 178 179 180 181 182 185 187 188 189 190 193 195 197 198 200
86 93 87 90 93 94 95 100 101 102 104 106 107 108 112 114 115 116 117 118 120 121 122 124 125 127 128 129 132 135 136 137 139 140 141 142 144 146 149 150 151 152 153 154 155 156 157 158 160 161 162 163 164 165 168 169 170 171 173 174 175 180 181 182 183 185 186 188 189 190 191 192 194 195 199
87 28 88 89 90 91 92 93 95 97 100 101 102 104 105 107 108 109 110 112 114 115 118 119 120 121 122 123 124 125 129 130 131 132 133 137 138 139 140 141 142 143 144 145 146 147 150 151 154 155 157 158 159 160 161 162 163 164 165 166 167 168 169 170 171 172 173 176 177 178 179 180 182 183 184 185 188 189 192 195 196 197 199
88 74 89 90 91 94 96 97 98 99 100 101 102 103 104 106 107 108 109 110 111 114 116 118 119 120 122 123 124 126 127 128 129 130 131 132 137 139 141 142 145 146 147 148 150 151 152 153 156 157 158 159 160 161 162 163 164 166 168 170 172 173 175 176 177 180 181 182 183 184 187 188 190 191 192 193 194 196 200
89 52 90 91 92 93 94 95 96 97 98 99 100 101 102 104 105 106 107 110 111 112 113 114 115 116 117 118 120 121 122 123 124 126 128 129 131 133 134 136 137 138 139 140 141 142 144 146 147 149 150 151 153 154 155 156 157 160 161 162 163 165 166 167 169 170 171 175 176 177 178 179 180 183 184 186 187 189 190 196 198 199
90 75 91 92 94 95 99 100 101 102 103 104 105 107 108 109 110 111 113 114 116 117 118 119 121 122 123 124 125 126 127 128 129 130 131 133 134 135 136 138 139 140 141 142 143 144 145 146 147 148 149 153 155 156 157 158 160 162 164 168 169 170 171 172 173 174 175 176 177 178 179 180 182 183 184 186 187 188 189 190 191 194 195 196 198
91 59 92 93 95 97 98 99 103 105 106 107 109 110 111 112 113 114 116 117 118 119 121 122 123 127 128 130 132 133 136 138 139 141 142 143 145 146 147 148 150 153 154 155 156 157 158 159 160 161 163 165 166 167 168 169 170 171 172 174 175 176 178 179 181 184 185 186 187 188 189 191 193 195 199 200
92 54 93 94 97 99 100 101 102 103 104 105 106 108 109 110 111 114 115 117 118 119 121 124 128 129 130 131 132 133 134 136 137 140 141 142 143 144 145 146 148 149 150 151 152 153 154 157 158 159 162 163 164 165 167 168 170 171 173 175 176 177 178 179 181 182 183 184 185 186 187 189 190 192 193 194 195 197 198
93 36 94 95 96 97 98 99 102 103 104 105 106 107 111 112 113 115 116 121 125 126 128 129 131 132 133 134 136 137 138 139 140 141 143 145 147 149 150 152 154 156 157 158 160 162 163 164 165 167 169 170 171 173 174 175 176 180 182 183 184 192 193 194 195 196 197 199 200
94 88 96 98 99 100 101 102 103 104 105 106 109 110 112 113 114 115 116 117 118 120 124 126 128 129 130 132 133 134 135 136 137 138 139 140 141 142 143 144 145 146 147 148 149 150 151 152 153 154 155 156 157 158 159 160 161 162 163 165 166 167 170 171 172 173 174 175 176 178 179 180 181 183 184 185 187 188 189 192 193 196 198
95 29 96 97 98 99 102 103 104 107 108 109 110 112 114 116 117 118 119 120 124 125 126 128 131 132 135 138 139 142 144 146 147 149 150 151 152 153 154 155 156 157 158 160 161 162 163 164 165 166 168 169 172 173 175 176 179 181 184 185 189 190 192 194 197 198 199 200
96 72 97 99 100 102 103 104 105 106 107 108 110 111 112 113 114 115 116 121 122 124 125 126 127 128 129 130 131 132 133 134 135 136 137 139 141 142 143 144 146 147 148 149 151 152 153 155 156 157 158 159 161 162 163 164 166 168 170 172 174 176 177 179 180 182 183 184 186 187 188 189 191 192 194 195 196 197 198 199 200
97 73 98 100 101 102 104 107 109 110 111 112 113 115 116 118 119 120 122 123 124 125 126 128 130 133 134 135 136 138 139 140 141 143 144 145 146 148 149 150 152 153 156 157 158 159 161 162 163 165 166 168 169 170 171 172 173 175 178 179 180 182 183 184 185 187 188 189 191 192 195 196 198 200
98 54 99 100 101 102 103 108 109 110 111 112 115 116 119 121 122 123 124 125 127 128 130 131 132 133 134 135 136 138 139 140 141 145 149 151 152 153 154 155 156 157 158 163 166 168 169 170 171 175 176 177 179 182 183 185 188 189 190 192 193 195 196 197 199 200
99 55 100 101 102 104 106 107 108 109 111 113 117 118 120 121 122 123 124 125 128 130 132 133 134 135 136 139 140 141 142 143 144 145 146 147 149 150 153 155 156 159 160 161 163 164 165 166 167 169 171 172 174 176 177 178 179 180 182 183 184 185 186 187 188 189 191 192 193 195 196 197 199 200
100 100 101 102 103 104 105 107 109 110 114 116 117 118 120 121 124 125 126 127 128 129 131 132 133 134 135 140 141 143 144 145 150 151 153 154 155 156 157 160 161 162 165 167 168 169 170 172 173 174 176 179 180 182 183 184 186 187 188 191 192 193 194 195 196 197 198 199 200
101 67 102 105 106 107 109 110 112 113 114 118 119 120 121 123 126 128 129 132 133 135 136 137 138 142 143 145 146 147 148 150 151 152 153 154 155 156 157 158 159 160 161 163 164 165 167 168 169 170 171 172 173 174 175 176 177 178 179 180 182 183 184 185 188 189 190 191 192 194 195 196 198 199 200
102 46 103 104 106 108 109 112 114 115 116 118 119 120 123 124 125 126 128 133 135 136 137 138 141 142 143 146 148 149 150 151 152 153 154 156 157 160 161 163 164 165 166 169 171 172 174 176 177 178 179 181 183 184 185 186 188 189 190 191 192 194 195 197 198 199 200
103 28 106 107 108 110 111 112 113 114 117 118 119 120 122 124 129 130 131 133 136 137 139 140 141 142 144 145 146 147 148 150 152 153 155 156 159 160 162 163 164 165 167 168 170 171 173 174 176 177 178 179 180 181 182 186 187 188 190 191 192 193 194 195 196 197 198 199 200
104 70 105 107 110 114 115 116 117 118 119 123 124 125 126 128 130 131 132 133 134 135 136 137 140 141 142 143 144 147 148 151 152 153 154 155 156 157 158 159 163 165 166 167 168 169 170 172 173 174 175 176 177 178 180 181 182 184 186 187 188 190 191 193 194 195 196 197 199 200
105 53 106 107 109 110 111 112 114 115 117 118 121 124 125 126 127 129 130 131 132 133 134 135 136 137 139 141 142 143 144 145 146 147 148 149 152 153 154 155 156 158 159 161 163 166 168 169 171 172 173 174 175 176 180 181 186 187 188 189 191 192 193 194 195 198 199 200
106 92 107 108 109 110 111 112 114 115 117 120 122 127 129 131 132 134 136 137 138 139 140 141 142 143 144 145 146 147 148 149 150 151 152 153 154 156 157 158 160 162 163 164 165 167 168 169 171 172 173 174 175 176 177 179 180 182 185 187 188 190 191 192 193 195 196 199 200
107 70 108 110 111 112 113 115 116 117 118 121 122 123 124 125 127 128 131 133 134 135 137 139 141 142 144 146 147 149 151 152 153 154 157 159 160 165 166 167 168 169 170 171 172 173 174 175 179 180 181 182 183 184 187 188 189 190 195 196 197 199 200
108 28 110 111 112 113 115 117 118 120 122 123 126 127 129 131 132 133 134 135 137 138 140 141 142 144 146 147 149 150 153 154 155 156 159 160 161 162 164 166 167 168 169 170 171 173 174 176 178 179 180 183 184 186 191 192 193 195 196 197 198 199 200
109 79 110 111 112 113 114 115 116 120 123 124 126 128 129 130 131 132 134 137 138 139 140 141 142 143 144 145 146 147 148 149 150 151 152 153 155 156 157 158 159 160 161 162 164 166 167 168 169 171 172 173 174 175 176 177 178 179 180 181 182 183 184 185 186 188 189 190 191 192 193 194 195 196 198 199 200
110 24 111 112 113 118 119 121 124 125 126 127 129 130 131 133 134 135 136 137 138 139 140 141 142 144 145 146 148 150 155 156 157 158 159 160 161 163 164 165 167 168 169 170 171 173 174 175 178 179 180 181 185 186 188 189 191 192 194 195 196 197 198
111 89 112 114 115 117 118 119 120 125 126 129 130 133 134 135 137 138 139 141 143 144 146 148 150 151 152 154 155 157 160 162 163 167 168 169 170 171 172 173 174 175 177 178 180 181 182 183 185 186 187 189 190 191 192 193 194 195 196 198 200
112 55 113 114 115 116 117 120 121 122 123 124 125 126 127 128 129 130 131 133 134 135 136 137 139 140 142 143 144 145 147 148 149 150 153 154 155 157 158 159 160 161 162 164 165 167 168 170 172 173 174 175 177 179 182 183 184 185 186 187 188 190 191 195 196 197 198 199
113 41 114 115 117 118 119 122 126 127 128 133 136 137 139 140 143 144 145 146 147 148 150 153 155 156 158 159 161 162 163 164 166 167 171 172 174 175 176 177 178 179 180 181 182 184 185 186 187 188 190 191 192 193 194 196 197 198 199
114 79 116 118 119 123 124 126 128 129 131 132 133 134 135 136 137 139 140 141 142 144 145 146 147 148 149 150 153 154 156 157 158 160 162 163 166 167 168 169 171 172 173 175 176 179 180 181 182 185 186 187 188 189 192 193 194 195 197 198 200
115 93 116 118 119 120 122 123 124 125 126 128 129 131 132 133 135 136 137 139 140 141 143 144 145 146 147 148 149 150 153 154 157 158 159 163 164 165 166 168 169 171 172 173 177 180 183 184 185 188 190 191 192 194 195 196 197 198 199 200
116 21 117 119 120 121 122 123 125 126 127 128 129 130 131 133 134 135 136 138 139 140 141 142 143 144 145 147 148 150 152 153 155 159 161 162 163 165 166 167 168 169 170 171 172 173 175 177 179 180 181 182 184 185 186 187 188 190 191 192 195 196 198 199 200
117 44 118 120 121 122 123 126 128 130 131 137 138 139 140 141 142 143 144 146 147 148 149 151 152 155 156 157 159 161 163 164 165 168 169 172 173 174 175 176 177 178 179 180 181 182 183 184 185 186 188 189 190 191 192 193 194 195
118 64 119 121 122 124 125 126 127 128 129 130 131 132 133 134 135 136 137 138 139 140 141 142 143 144 145 148 149 151 152 153 159 161 162 163 165 166 168 170 174 175 176 178 183 184 185 186 187 189 190 193 194 195 196 197 200
119 45 121 122 123 124 126 127 128 129 130 131 132 133 134 135 136 138 140 141 142 143 144 145 146 147 148 149 151 153 154 155 159 160 161 163 166 167 168 169 170 171 172 173 174 175 179 182 183 184 185 186 187 188 190 192 194 196 197 198 199 200
120 76 121 123 124 126 127 131 133 134 138 139 140 141 142 143 144 145 146 148 149 150 152 153 155 156 157 158 159 160 161 163 164 167 168 171 172 174 175 177 178 179 180 181 184 185 186 187 188 189 191 193 196 197 200
121 45 124 125 127 129 130 132 133 135 137 138 139 141 142 146 147 148 150 151 152 153 154 155 159 160 161 163 164 167 168 169 170 172 173 176 178 179 180 181 183 185 186 187 188 191 193 194 195 197 198 199 200
122 34 123 124 125 126 127 128 129 130 133 134 135 136 138 140 141 142 143 144 147 148 149 150 151 152 153 154 155 156 157 158 159 160 163 167 168 169 171 173 175 176 177 178 179 181 182 183 184 185 186 187 188 189 190 191 192 195 196 197 199 200
123 90 125 126 127 128 131 132 133 134 135 136 139 144 145 148 149 150 151 152 155 156 157 158 159 160 161 162 163 164 167 168 169 170 171 172 173 175 176 177 178 179 180 181 182 183 184 185 187 189 191 193 194 195 196 197 199
124 95 125 126 127 128 129 131 132 133 134 137 138 139 141 142 143 145 146 147 148 151 152 153 155 157 158 162 163 165 167 169 170 171 172 173 175 176 177 178 180 182 183 184 185 186 187 188 192 195 197 198 199 200
125 90 127 128 130 131 132 135 139 140 146 150 151 152 153 154 155 156 157 158 159 160 163 164 165 166 167 168 169 172 173 175 176 178 179 181 182 186 187 188 189 190 191 192 194 195 199 200
126 74 127 130 132 134 135 136 137 138 139 140 141 142 143 144 145 146 147 148 149 150 151 152 153 155 156 159 162 163 165 166 167 169 171 172 173 174 176 177 178 183 185 186 187 191 192 193 194 195 197 198 200
127 24 129 131 132 133 134 135 136 137 138 141 142 143 144 145 146 147 148 150 152 153 154 157 158 159 161 163 164 165 166 168 170 171 172 173 174 175 178 179 180 181 184 185 186 187 188 192 193 194 195 197 198 200
128 35 131 132 134 135 136 138 139 140 141 142 143 144 146 147 148 150 151 152 154 158 159 160 161 163 164 167 168 169 170 171 172 173 176 177 178 179 180 182 183 184 185 186 187 188 192 195 196 197 198 200
129 64 130 131 132 133 135 136 137 139 140 142 144 145 149 150 151 152 153 154 155 156 158 160 161 163 164 165 166 168 169 170 171 172 173 174 176 177 178 179 180 181 183 185 186 187 188 189 190 192 193 194 196 197 198 200
130 96 132 133 135 138 140 141 142 146 149 151 152 154 155 156 157 159 160 161 162 163 165 166 167 170 172 174 175 176 177 178 179 181 183 184 185 186 188 189 190 191 192 193 194 195 197 198 199 200
131 52 132 134 135 136 137 138 140 141 142 143 144 145 146 147 149 151 152 153 157 158 160 162 163 166 167 168 169 170 171 172 173 174 175 176 178 179 180 181 182 188 192 195 197 198 199 200
132 42 134 136 137 138 139 140 142 143 144 146 147 148 150 152 153 155 156 157 159 160 163 165 166 168 169 170 171 173 174 175 176 177 178 181 182 183 184 186 187 189 190 192 194 195 197 198 200
133 93 136 138 141 143 145 146 147 148 149 150 151 154 157 158 159 161 163 165 166 168 169 170 171 174 175 176 177 178 180 181 182 183 184 185 186 187 188 189 190 191 192 195 196 197 198 199 200
134 82 137 139 141 142 143 145 147 148 149 151 155 156 157 158 159 160 161 162 164 165 169 170 172 174 175 176 177 178 179 180 181 182 183 184 186 187 188 189 190 191 192 193 194 197 198 199
135 90 136 137 138 139 140 142 143 144 146 147 148 150 152 158 161 162 163 165 166 167 168 170 171 174 176 177 178 179 180 181 183 185 188 191 192 195 196 197 198 200
136 31 137 138 141 142 143 144 146 147 148 149 150 151 152 155 156 157 158 160 162 166 167 168 169 170 171 172 173 176 177 179 180 181 184 187 188 189 190 191 192 193 194 195 196 198 199 200
137 50 138 139 140 141 142 143 144 146 149 152 153 154 159 162 164 167 168 169 170 171 172 174 175 178 179 180 184 186 187 188 189 192 193 195 199 200
138 68 140 141 142 143 144 145 147 148 152 153 156 157 158 160 162 163 164 166 167 168 169 171 173 174 175 179 181 184 185 186 187 189 191 192 193 194 195 196 197 199 200
139 48 140 142 143 145 146 147 149 151 152 153 154 155 156 159 160 161 162 163 166 167 168 170 171 172 173 174 176 178 179 181 182 183 184 186 187 189 190 191 193 195 196 197 198 200
140 75 141 142 143 144 145 149 150 151 156 157 159 162 163 164 165 167 168 170 171 173 174 175 176 177 180 181 182 183 184 187 188 189 190 191 193 194 195 196 197 198 200
141 90 142 143 144 146 147 150 151 152 153 155 156 159 161 162 164 165 166 167 168 169 170 171 173 174 175 176 177 180 181 182 183 185 186 187 188 190 191 192 195 197 198 199
142 49 143 145 146 147 148 149 150 152 155 156 157 159 161 162 163 164 165 168 169 170 171 172 173 174 175 176 177 178 179 180 181 182 183 184 185 186 187 189 192 193 194 195 196 197 198 199 200
143 65 144 145 146 147 149 151 152 154 155 157 158 159 160 161 164 165 166 167 169 170 174 176 177 178 179 180 183 184 185 186 187 188 190 191 193 194 195 196 197 200
144 98 145 147 150 152 153 156 157 158 160 161 162 163 164 165 166 167 168 170 172 173 176 177 178 179 180 181 183 184 186 189 190 192 193 194 197 198 199 200
145 41 146 148 149 151 152 153 154 156 158 159 160 162 164 165 169 170 171 172 173 174 175 177 178 179 181 182 183 184 185 186 187 189 190 192 193 196 197 198 199
146 74 147 148 149 150 151 152 153 154 155 160 162 163 164 165 166 169 170 171 172 173 174 175 176 177 178 179 181 182 183 185 186 187 189 190 191 192 193 194 195 196 197 198 199 200
147 48 148 149 150 151 152 153 154 157 158 159 160 161 162 165 169 170 171 172 174 175 176 177 180 181 182 183 187 188 189 190 191 192 194 195 197 198 199 200
148 70 149 152 153 154 156 157 158 159 160 162 165 166 167 168 170 171 172 174 175 176 177 178 179 180 183 184 185 186 187 189 190 191 192 196 197 198 199
149 49 151 152 153 154 156 157 158 161 162 163 164 165 167 168 169 170 171 172 173 176 177 180 181 182 183 184 187 188 190 191 192 193 195 198 200
150 68 151 152 153 154 155 158 159 162 163 164 165 167 168 169 170 171 173 174 175 177 178 179 181 182 184 185 186 188 190 191 192 193 194 196 197 199 200
151 80 152 153 154 155 156 157 158 159 161 162 164 165 166 167 168 169 170 171 172 173 174 177 182 183 184 185 186 188 189 190 191 192 193 194 195 198 199
152 74 153 154 155 156 157 158 159 163 164 165 167 169 170 171 172 174 175 176 177 179 181 182 184 185 186 187 188 189 190 191 192 193 194 196 197 199 200
153 60 157 158 159 160 162 163 165 166 167 168 169 170 171 172 173 174 175 176 179 180 181 183 184 186 188 189 190 191 193 194 195 196 197 198 199 200
154 48 155 156 157 158 159 160 161 162 163 164 165 166 167 168 169 170 173 174 175 176 177 178 179 180 181 183 185 188 189 190 191 192 193 194 195 196 197 198 199 200
155 77 156 157 158 160 161 162 163 164 165 166 167 169 171 172 174 175 176 177 179 180 181 182 183 184 186 187 188 189 191 194 196 197 199 200
156 68 158 159 161 162 164 165 166 167 170 171 173 175 176 177 179 180 181 182 183 185 187 188 190 191 192 193 196 197 199
157 61 160 161 162 163 164 167 168 169 170 171 172 173 175 176 179 180 181 182 184 185 186 187 188 189 190 191 192 193 194 195 196 197 198 199 200
158 36 162 164 165 167 169 173 174 175 176 177 178 179 180 182 184 186 187 189 190 191 192 193 194 195 196 198 199
159 92 160 161 162 163 164 166 167 169 170 171 172 173 175 176 177 179 180 181 182 185 186 187 188 189 191 192 193 194 195 196 197 199 200
160 93 161 162 163 164 165 166 168 170 172 173 174 175 176 177 178 179 180 181 182 183 184 185 188 191 193 194 195 197 198 199 200
161 28 165 166 167 170 172 173 174 175 177 178 179 180 181 182 183 184 185 187 189 191 192 194 197 198 200
162 82 164 165 167 168 169 170 171 172 173 174 175 177 178 179 180 181 182 184 185 186 187 188 190 195 196 198
163 60 164 165 166 168 169 171 172 173 174 176 179 180 181 182 183 184 185 187 188 189 190 191 192 193 194 195 196 198 200
164 100 165 167 168 169 170 171 173 174 176 178 180 181 182 183 184 185 186 187 189 190 191 192 194 196 197 198 200
165 53 167 168 169 170 171 172 175 176 177 180 184 185 188 192 193 194 197 199 200
166 31 167 169 171 172 173 177 178 179 182 186 187 188 189 190 191 192 193 196 197 198 199 200
167 52 169 171 172 173 174 175 176 177 178 179 180 183 185 187 188 189 191 193 194 196 198 199 200
168 68 169 171 172 173 174 175 176 178 179 180 181 182 183 184 185 186 188 189 191 193 194 196 197 200
169 87 171 172 173 175 176 178 179 180 181 183 184 186 189 191 192 193 194 197 198 199
170 98 171 172 173 174 176 177 178 179 180 183 184 185 186 187 188 189 190 191 192 193 194 197 199 200
171 77 172 173 176 177 178 179 180 181 182 183 184 185 188 189 192 193 194 199 200
172 64 173 174 175 176 177 178 182 183 184 185 186 187 188 189 190 191 193 194 197 198 199
173 77 174 175 177 178 180 181 182 183 184 186 187 188 189 190 191 192 193 195 196 197 198 199 200
174 89 175 176 179 180 181 185 188 189 190 191 192 193 194 195 196 197 199 200
175 89 177 178 179 180 181 184 185 186 187 188 190 192 193 194 195 196 198 200
176 41 177 178 179 180 181 182 183 184 185 186 188 193 194 195 197 198 200
177 44 178 179 180 181 183 185 186 187 189 193 194 195 196 197 198
178 55 179 180 183 184 187 188 189 193 194 196 197 200
179 63 180 181 182 183 184 185 186 187 188 189 190 191 192 195 197 198 199 200
180 59 182 184 186 187 188 189 190 191 192 193 194 195 196 197 198 199 200
181 43 183 186 187 188 189 190 191 192 193 194 195 199 200
182 32 184 185 186 187 188 190 191 193 196 197 199 200
183 50 184 185 186 187 188 189 190 192 193 195
184 93 185 186 187 189 191 193 194 195 197 198 199 200
185 47 186 187 188 189 190 191 192 193 195 196 199
186 48 187 188 189 190 192 193 194 197 198 200
187 88 189 192 193 194 196 198 199 200
188 33 189 191 192 193 194 195 200
189 31 190 191 192 193 194 195 196 197 199
190 75 191 192 194 195 196 197 199 200
191 31 192 193 194 195 196 197 198 199 200
192 67 193 195 198 199 200
193 42 194 195 196 197 198 199 200
194 47 195 196 197 198 199 200
195 76 196 197 198
196 61 197 200
197 43 198 199
198 29 199 200
199 96 200
200 58
