200
1 33 2 3 4 5 6 7 8 9 10 11 12 15 16 17 18 20 21 24 25 27 28 29 30 31 32 33 34 35 37 38 39 40 41 42 43 44 45 46 47 48 49 50 51 53 54 56 57 58 59 60 61 63 64 66 67 68 69 70 71 72 73 74 76 77 78 79 84 86 87 88 89 90 91 92 93 94 95 96 98 100 101 102 103 104 105 106 107 108 109 111 112 113 114 115 116 117 118 119 120 121 122 124 125 126 127 128 129 131 132 133 134 135 136 137 140 141 142 143 144 145 147 148 149 151 152 153 154 155 156 157 158 159 160 161 163 165 166 167 168 171 172 174 175 176 177 179 180 181 182 184 185 186 187 188 189 190 191 192 194 195 196 197 198 199
2 45 3 4 9 10 11 13 14 15 16 17 18 19 20 21 22 23 24 25 26 27 28 29 30 31 32 33 34 35 36 37 38 39 40 41 42 43 44 45 46 48 49 50 51 52 53 54 55 56 57 58 59 60 61 62 65 66 67 68 69 70 71 72 73 76 77 78 79 80 81 82 83 84 85 86 87 88 90 91 92 94 95 96 97 98 99 100 102 103 104 106 107 109 110 111 112 113 114 115 116 117 118 119 120 122 123 127 129 130 132 133 134 136 137 139 140 141 142 143 144 145 146 147 148 149 150 151 152 153 154 158 160 161 162 164 165 166 167 169 170 171 172 173 175 176 177 178 179 180 181 182 186 187 188 189 192 194 195 196 197 199 200
3 21 4 5 6 7 8 9 10 11 12 14 15 16 17 18 20 21 22 23 24 27 28 29 30 32 33 34 35 36 37 38 39 40 41 42 43 44 45 46 47 48 49 52 53 54 55 56 57 58 60 61 62 63 65 66 67 68 69 70 72 73 74 75 81 83 84 85 86 87 88 91 93 94 95 96 97 98 99 100 101 102 104 106 107 108 109 110 111 112 113 114 115 116 117 118 119 120 123 124 125 126 127 129 130 131 132 134 135 136 137 139 141 142 143 144 145 146 147 149 150 151 152 153 154 155 156 157 158 159 160 161 162 164 165 166 168 169 170 171 172 173 174 175 176 178 180 181 182 183 184 185 186 187 188 189 190 192 193 194 195 197 198 199 200
4 54 5 6 7 8 9 10 11 13 14 15 17 18 19 20 21 22 23 24 25 26 27 28 29 30 31 32 33 34 35 36 37 38 39 41 43 44 45 47 48 49 50 52 53 54 55 56 57 58 59 60 61 62 63 65 66 67 68 70 71 72 74 75 76 78 79 80 81 82 83 84 85 86 87 88 90 92 93 94 95 96 97 99 100 102 103 104 106 108 109 110 112 113 115 116 117 118 119 120 121 122 123 124 126 127 128 129 130 132 133 135 136 137 139 140 143 144 145 146 147 148 149 150 151 152 154 155 158 159 160 161 162 163 164 165 166 167 169 170 174 175 177 178 179 180 181 182 183 185 186 189 190 192 193 195 196 197 198 199 200
5 57 6 8 9 10 11 12 13 15 16 17 18 19 20 21 22 24 25 26 27 29 30 31 32 33 34 35 36 37 39 40 41 42 43 45 47 48 49 50 51 52 53 55 56 57 58 59 60 61 62 64 65 66 68 69 71 72 74 75 76 78 80 81 83 84 85 86 88 89 90 91 93 94 96 97 98 99 100 101 102 103 104 105 107 108 110 111 113 114 115 116 117 120 122 123 124 126 127 128 129 131 132 133 134 135 137 138 139 140 141 142 143 144 146 147 148 149 151 153 154 155 156 157 158 160 162 164 165 166 167 168 171 172 173 178 179 180 181 182 183 184 186 187 188 189 190 192 193 194 195 196 197 198 199 200
6 52 7 9 10 13 14 15 16 17 18 19 21 22 23 24 25 26 28 29 31 32 33 34 35 36 40 41 42 43 44 45 46 48 49 50 51 52 53 54 55 56 58 59 60 61 62 64 65 66 68 70 71 72 73 74 75 76 77 79 80 81 82 83 84 85 86 87 88 89 90 91 92 93 94 98 99 100 102 103 104 106 107 109 110 111 112 113 115 116 117 119 120 121 122 123 125 127 128 130 132 133 134 135 136 137 139 140 141 142 143 144 145 146 147 148 149 150 151 153 154 156 157 158 159 160 161 163 164 165 166 167 169 171 172 173 175 176 177 178 179 180 181 182 183 184 185 186 187 188 189 190 191 192 193 194 195 196 198 199 200
7 66 8 9 11 14 15 16 17 18 19 20 21 22 25 26 27 29 30 31 32 33 34 35 36 37 38 39 40 41 42 44 46 47 48 49 50 52 53 54 57 59 60 62 63 64 65 66 67 68 69 70 71 74 75 76 77 79 80 81 82 83 84 85 87 88 91 92 93 94 95 96 97 100 102 103 104 105 106 108 109 111 114 116 117 119 121 122 123 124 125 128 130 131 132 133 134 135 136 139 140 141 142 143 145 146 147 148 150 151 152 153 154 155 156 157 159 160 162 163 164 165 167 168 170 171 172 173 175 176 177 178 180 181 182 184 186 187 188 189 191 192 194 195 196 197 198 199 200
8 31 9 10 11 12 13 14 15 17 19 20 21 23 24 25 27 29 30 31 33 34 35 36 38 41 43 45 46 48 49 51 52 53 54 56 57 58 59 60 61 62 63 64 65 68 69 70 71 72 74 75 76 77 78 79 80 81 82 83 84 86 87 88 89 90 91 92 93 94 95 96 97 98 99 100 101 102 103 104 105 106 107 108 109 110 111 112 114 115 116 118 119 120 121 122 124 125 126 127 128 129 131 132 133 134 135 136 137 139 140 141 142 145 146 148 152 153 154 155 156 157 158 159 160 163 165 166 167 169 170 171 172 175 176 177 179 180 181 182 183 184 185 186 187 188 189 190 191 192 193 194 195 196 197 198 199 200
9 54 10 11 12 13 14 16 17 18 19 20 21 22 24 25 26 27 28 30 32 33 34 36 37 38 39 40 41 42 43 45 47 48 49 50 51 53 54 55 56 59 60 61 62 64 66 67 68 69 70 71 72 73 74 75 76 78 79 80 82 84 85 86 87 88 89 90 92 93 94 97 98 100 102 103 105 106 107 108 109 111 112 113 114 115 116 120 122 123 124 125 127 128 131 132 133 134 136 137 138 139 140 141 142 143 144 145 147 148 149 150 151 154 155 156 158 159 160 161 163 164 165 166 167 168 170 171 172 173 174 176 177 178 179 180 183 184 185 187 188 189 190 191 192 193 194 196 198 200
10 71 11 13 15 16 17 18 19 20 21 23 24 25 26 28 29 30 31 37 38 39 40 41 43 45 46 47 48 49 50 51 52 53 54 55 57 58 59 60 61 62 63 65 66 67 68 69 71 72 73 74 75 76 79 80 82 83 84 86 88 89 91 92 93 94 95 96 98 99 100 101 102 106 107 108 109 110 111 112 113 114 118 119 120 121 122 124 125 126 128 129 130 132 133 135 137 138 140 141 142 143 144 145 146 147 149 150 151 152 153 154 158 159 160 161 162 165 166 167 168 169 170 171 172 174 175 176 177 178 179 180 181 182 183 186 187 188 191 192 193 195 196 197 198 199 200
11 73 12 13 14 16 17 20 21 22 23 24 25 26 27 28 29 30 31 32 33 34 36 37 38 39 40 41 42 43 45 46 48 51 53 54 55 59 61 62 63 66 67 68 69 71 72 73 74 75 77 78 79 80 81 82 83 84 85 86 87 88 89 90 91 92 94 95 96 97 99 101 103 104 105 106 107 108 109 110 111 112 113 115 117 118 119 121 123 124 125 126 127 128 129 132 133 134 135 136 137 138 139 141 143 144 146 147 148 149 151 153 154 158 160 162 164 166 169 170 171 173 174 175 176 177 178 179 180 181 182 183 184 185 186 187 188 189 190 191 192 193 194 195 196 198 199 200
12 17 13 14 15 16 18 19 20 22 23 24 25 26 27 29 32 35 37 38 39 40 41 42 43 44 45 46 48 49 51 52 53 54 55 56 57 58 61 62 64 65 67 68 69 70 71 73 75 76 77 79 81 83 84 85 87 89 91 92 93 94 95 96 97 98 101 104 105 106 107 108 109 110 111 112 113 114 115 116 117 118 119 120 121 122 123 124 126 128 129 130 131 133 134 135 136 137 138 139 141 142 143 145 146 147 148 149 150 151 152 153 154 155 156 157 158 159 160 162 163 164 165 166 167 168 169 170 171 172 173 174 175 177 178 179 180 181 182 183 184 186 187 188 191 193 195 196 197 198 199 200
13 66 14 15 17 18 19 20 21 23 24 25 26 27 28 29 30 31 32 33 34 35 36 37 38 40 41 42 43 44 46 47 48 50 51 52 53 54 55 56 57 58 59 60 62 63 64 65 68 70 74 75 76 77 79 80 81 82 84 85 86 87 88 89 90 92 93 94 95 96 97 98 99 100 101 102 103 105 107 108 109 110 111 113 114 115 116 119 120 122 123 125 126 127 129 131 133 134 135 136 138 139 140 141 142 143 145 146 147 148 149 150 152 153 154 157 158 162 163 164 165 166 167 168 169 170 171 172 173 175 176 177 178 179 180 181 182 183 184 186 187 189 190 191 192 194 195 196 198 199 200
14 48 15 16 17 18 21 22 23 24 25 26 27 28 30 31 33 34 35 36 37 38 39 40 41 43 45 46 47 49 50 51 52 53 54 55 56 57 59 60 61 62 63 64 65 66 68 69 70 71 72 73 74 75 76 77 79 80 81 83 84 85 86 87 88 89 90 91 92 93 94 95 96 97 98 100 101 102 103 104 105 106 107 108 109 110 112 113 114 115 116 117 118 119 120 121 122 123 124 125 128 129 130 131 132 133 137 138 139 140 141 143 145 146 147 149 150 151 152 153 154 155 156 157 158 159 162 163 164 165 166 167 168 169 171 172 173 174 175 176 177 178 180 181 182 183 184 186 188 189 193 194 195 197 198 199 200
15 66 16 17 19 20 21 22 23 25 27 28 29 30 31 32 33 34 35 37 38 39 40 41 42 44 45 46 47 49 50 51 52 53 55 57 58 60 61 63 64 65 66 67 68 70 71 72 73 74 76 77 78 79 80 81 83 84 85 86 87 88 90 91 93 94 95 96 97 98 99 100 101 103 104 105 106 108 109 110 111 112 113 114 115 116 117 118 119 120 121 123 124 125 126 127 128 129 130 131 134 135 136 138 140 143 144 145 146 148 149 150 151 152 154 155 156 157 159 160 161 162 163 164 165 167 168 169 171 173 175 176 178 179 180 182 183 184 185 187 188 189 190 191 192 193 194 195 197 198
16 16 17 18 19 20 21 22 24 25 26 27 28 29 30 31 32 33 34 35 36 37 38 39 40 41 43 45 49 51 52 54 55 56 58 59 60 61 62 63 64 65 66 68 69 70 71 73 74 75 76 77 79 80 82 83 84 87 88 89 90 91 93 94 95 96 97 98 99 100 102 103 105 106 107 108 109 111 112 113 114 116 117 118 119 120 121 122 126 127 128 129 130 132 133 134 135 136 138 139 140 141 142 143 144 145 147 148 149 150 151 152 153 154 156 157 159 160 162 163 165 166 167 169 171 172 173 174 176 177 178 179 180 181 182 183 184 187 188 189 191 192 193 195 196 199 200
17 11 19 20 21 22 23 24 25 26 27 29 31 32 33 34 37 38 39 41 44 45 46 47 48 49 50 52 53 54 55 57 60 62 64 65 66 67 68 69 70 71 72 73 74 75 76 77 78 79 80 81 82 83 84 85 87 88 89 90 91 92 93 94 95 96 98 99 100 101 102 103 104 105 106 107 108 109 111 113 114 115 116 117 118 119 121 122 124 125 127 128 129 130 131 132 134 136 137 138 140 141 142 143 145 146 147 148 149 150 152 153 154 155 156 157 158 160 161 162 163 164 165 166 169 170 171 172 173 176 178 179 181 182 183 184 186 187 188 189 190 191 193 194 195 196 197 198 199 200
18 67 19 20 21 22 24 26 27 28 30 31 32 33 34 38 39 41 42 43 44 45 47 48 49 50 51 52 53 54 55 56 58 59 61 62 63 64 65 66 67 68 69 70 71 72 73 74 75 77 78 79 80 81 82 83 84 85 86 89 90 91 94 95 97 98 100 102 103 105 106 107 108 109 110 111 113 115 116 117 119 120 121 122 124 125 126 127 130 131 133 134 136 137 138 139 140 141 142 143 144 145 146 147 148 150 151 152 153 154 156 157 158 159 160 162 163 164 165 166 168 169 170 171 172 174 177 178 179 180 181 183 184 185 186 187 192 193 194 195 196 197 199 200
19 1 20 21 22 23 26 27 30 32 33 34 35 36 37 38 40 42 43 45 46 47 48 49 50 52 53 54 55 56 57 58 59 60 61 62 63 65 66 67 68 69 70 71 72 73 74 75 76 78 79 80 82 84 86 87 88 89 90 92 93 94 96 97 98 102 103 104 105 106 108 109 110 111 112 113 114 116 117 118 119 120 121 122 123 124 125 126 127 129 130 131 133 134 135 136 138 139 140 141 143 144 145 146 147 148 149 150 151 152 153 154 155 157 158 160 161 164 165 166 167 169 170 171 173 174 175 176 177 179 180 181 182 183 184 185 186 188 189 190 191 193 195 196 198 199 200
20 64 21 22 23 24 25 26 27 28 29 30 31 32 33 34 35 36 38 39 40 41 42 43 44 45 46 47 49 50 51 52 53 54 55 56 57 58 59 60 61 63 64 65 66 68 69 70 72 73 74 75 76 77 80 81 82 83 84 85 86 87 88 89 90 91 92 93 94 95 96 97 99 100 101 102 103 104 105 106 107 108 110 111 112 114 115 116 118 119 120 121 122 123 124 127 128 129 130 132 133 134 135 136 137 138 139 140 141 142 143 144 145 146 147 148 149 150 151 152 153 154 155 156 158 159 160 161 162 163 164 165 166 167 168 169 170 171 172 175 176 177 178 179 182 183 184 185 186 187 188 189 190 191 192 194 195 196 197 198 199 200
21 1 22 24 25 26 27 28 31 33 34 35 37 38 39 40 41 42 45 46 47 48 49 50 51 52 53 54 55 57 58 59 60 62 63 64 65 66 67 68 69 70 72 73 75 76 77 79 80 81 82 84 87 88 89 90 92 93 94 95 96 97 98 99 100 101 102 104 105 106 108 109 110 111 112 113 115 116 117 118 119 120 122 123 124 125 126 127 128 129 130 132 133 134 136 137 138 139 140 141 142 143 144 145 146 147 150 151 153 154 155 156 157 158 159 160 161 163 164 165 166 167 168 169 171 172 173 174 175 176 178 180 181 182 183 184 185 186 188 189 190 191 192 193 194 196 198 199 200
22 83 23 26 28 29 30 31 32 33 34 35 36 37 38 39 40 41 43 44 45 47 48 49 50 51 52 53 54 55 57 58 60 61 62 64 65 66 67 68 69 71 72 73 74 76 77 79 80 82 84 85 86 88 89 90 91 93 94 95 98 99 100 101 102 103 104 105 106 107 108 109 110 111 112 113 114 115 116 117 118 119 120 121 122 124 125 126 127 130 131 132 133 134 135 136 138 141 142 143 144 145 146 147 149 150 151 152 154 155 156 158 161 162 163 164 165 166 168 169 171 172 173 174 175 176 177 178 179 180 181 183 184 186 187 189 190 191 192 194 195 196 197 198 199 200
23 96 24 25 26 28 29 30 31 32 34 35 36 37 38 39 40 41 42 44 45 46 47 48 50 51 53 54 55 56 57 58 59 60 61 62 63 64 67 68 69 70 72 73 74 76 77 78 79 80 81 82 83 84 85 86 87 89 90 91 92 94 96 98 99 102 103 106 107 110 112 113 116 117 118 120 121 122 124 125 127 128 132 133 134 135 136 137 138 140 141 143 144 145 146 147 150 151 152 153 155 156 157 158 159 160 161 162 163 164 165 166 167 168 169 170 171 172 173 175 176 177 178 179 180 181 182 183 184 185 186 187 188 189 190 191 192 193 194 196 197 198 199
24 22 25 26 27 28 29 31 32 33 34 36 37 38 39 40 41 43 44 45 46 47 49 51 52 53 54 55 56 57 58 59 61 62 63 64 65 67 68 69 70 71 72 75 76 77 78 79 81 82 84 86 87 88 89 90 91 92 93 94 95 96 97 98 99 100 101 102 103 104 105 106 108 109 110 111 112 113 114 115 116 117 118 120 121 123 124 125 126 127 128 130 132 133 134 135 136 137 138 139 140 141 142 143 144 145 146 147 149 150 151 153 154 155 156 158 159 160 161 162 163 164 165 166 167 168 169 170 171 172 174 175 176 177 179 180 181 182 183 185 186 187 188 189 190 191 192 194 195 196 197 198 199 200
25 75 27 28 29 30 31 32 33 34 35 36 37 39 40 43 44 45 46 47 48 49 50 51 52 53 55 57 58 59 60 62 63 64 65 66 67 68 69 71 72 73 75 77 79 80 81 83 84 85 86 87 88 89 91 94 95 96 97 99 100 101 102 103 104 106 107 108 112 113 114 115 116 118 119 121 122 123 124 127 128 129 131 132 133 134 135 136 138 139 140 141 142 143 146 147 150 151 152 154 156 157 159 160 162 164 165 167 168 169 170 171 172 174 175 176 177 178 179 180 181 183 184 185 186 187 188 189 190 191 192 197 198 199 200
26 83 27 28 29 30 32 33 35 36 37 38 39 40 41 42 43 44 45 46 47 48 49 50 52 53 54 55 56 57 58 59 60 61 63 64 65 66 67 68 70 72 73 74 75 76 77 78 79 81 82 83 84 85 86 88 89 90 91 92 93 94 95 96 97 99 100 102 103 104 106 110 111 112 114 115 117 118 119 120 121 122 124 125 126 127 129 132 134 135 136 137 138 139 140 141 142 144 145 146 147 149 150 151 152 153 155 157 158 159 160 161 162 163 164 165 166 167 171 172 173 174 175 176 177 178 179 180 181 184 185 186 187 189 192 194 195 196 197 198 199 200
27 49 29 30 31 32 33 34 36 38 39 40 41 43 44 45 47 49 51 52 53 54 55 56 58 59 60 61 62 64 66 67 68 69 70 71 72 73 74 75 76 77 79 80 82 83 84 85 86 87 88 90 91 92 93 94 96 97 98 99 100 101 103 104 106 107 108 111 113 114 115 116 118 119 121 122 123 124 125 126 127 128 131 133 134 136 137 138 139 140 141 142 143 144 145 146 148 150 151 152 153 154 155 156 157 159 160 161 163 164 165 166 167 169 170 171 172 173 175 176 177 178 179 180 181 182 186 187 188 190 191 194 196 197 198 199
28 72 29 31 32 33 34 35 38 39 40 41 42 43 44 45 46 47 49 52 54 55 57 58 59 60 62 66 67 68 69 72 73 74 75 76 77 78 79 80 81 83 84 85 87 88 89 90 91 92 93 94 95 96 98 99 100 102 103 104 105 106 107 108 109 110 111 112 113 114 115 116 118 119 120 121 122 124 125 126 127 128 130 132 133 134 135 136 139 140 142 143 144 146 147 148 150 151 152 153 154 155 156 158 159 160 164 165 166 167 168 169 170 171 173 174 175 176 177 178 179 180 181 182 183 184 185 186 187 188 189 190 191 195 198 199
29 13 30 31 32 33 34 35 36 37 38 40 42 44 45 47 49 51 52 53 54 55 57 58 59 60 61 64 65 66 67 68 69 72 73 74 75 78 79 80 81 82 83 84 85 86 88 89 90 91 92 93 94 95 96 98 99 100 102 103 104 105 106 107 108 109 110 111 112 113 114 115 117 118 119 122 123 124 126 127 128 130 132 133 134 135 136 137 138 139 140 141 142 143 144 145 146 148 149 150 151 153 154 155 156 157 158 159 161 162 164 165 166 167 169 170 172 173 174 176 177 178 179 181 182 183 184 185 186 187 188 189 191 192 193 194 195 196 197 198 199
30 87 32 33 34 35 36 37 38 39 40 41 42 44 45 46 48 49 50 52 53 54 55 56 57 58 60 61 62 63 66 67 68 69 71 72 73 74 75 76 77 80 82 83 84 85 86 87 88 89 90 91 94 95 98 99 101 102 103 104 105 106 107 108 109 110 111 114 115 117 118 119 120 121 122 123 124 126 127 128 129 130 131 132 133 134 135 136 140 142 143 144 145 146 147 148 150 151 153 154 155 157 158 159 160 161 162 164 165 166 168 169 170 171 172 173 174 175 176 177 178 180 181 182 183 184 187 188 189 190 191 193 195 196 197 198 199 200
31 47 33 34 35 36 38 39 40 41 42 43 44 46 47 48 49 50 51 52 54 55 56 57 59 60 61 63 66 68 69 70 71 72 73 74 75 76 77 78 79 80 81 82 83 85 86 87 90 92 93 94 95 96 97 98 99 101 102 103 104 105 106 108 110 111 112 114 117 118 119 120 121 128 129 130 131 133 134 135 136 137 138 139 141 142 143 144 145 146 147 148 150 151 153 154 156 157 158 159 160 161 162 163 164 166 167 170 171 172 174 175 176 177 178 179 182 184 185 186 187 189 190 191 192 193 194 195 196 197 198 199 200
32 46 34 35 36 37 38 39 40 41 42 43 44 45 46 48 49 50 51 54 55 56 57 58 59 60 61 62 63 64 66 67 68 69 70 71 72 73 74 75 76 77 78 80 81 82 83 84 85 86 88 89 90 91 92 94 95 96 97 98 99 100 101 102 103 104 105 107 108 109 110 111 112 113 114 115 116 117 118 119 120 122 124 126 127 128 130 131 132 133 134 135 136 137 139 140 141 142 143 145 148 149 150 151 152 153 155 156 157 159 160 161 162 163 164 165 166 168 169 170 171 172 173 174 176 177 178 179 180 181 182 183 184 185 186 187 188 189 190 191 192 193 194 196 199 200
33 66 34 35 39 41 42 43 44 45 46 47 48 49 50 51 53 54 56 58 59 60 61 62 63 64 65 69 71 72 73 74 75 76 78 79 80 81 82 83 84 86 88 89 90 91 93 94 96 97 98 99 100 101 102 103 104 105 106 107 109 110 111 112 113 114 116 117 118 120 121 123 126 127 128 130 131 132 133 134 135 136 137 138 139 141 143 145 146 147 148 149 150 151 152 153 154 155 157 158 161 163 164 165 166 168 169 171 174 177 178 179 180 181 182 183 184 185 186 188 189 190 191 192 193 194 195 197 198 200
34 40 36 37 38 39 40 41 42 43 44 45 47 48 49 50 51 52 54 55 57 58 59 60 61 62 63 64 66 67 68 69 70 72 73 75 76 77 78 79 80 81 82 83 84 86 87 88 89 90 91 92 93 94 97 98 99 100 101 102 103 104 105 106 107 108 109 110 111 113 114 115 116 117 121 123 124 125 126 127 128 130 131 132 133 134 135 136 137 138 139 140 141 142 143 144 145 148 149 150 154 155 156 157 158 159 160 161 162 163 164 165 166 167 168 169 170 171 172 173 174 176 177 178 179 181 182 183 184 185 186 187 188 189 190 191 193 194 195 196 197 198 199 200
35 13 36 38 39 40 41 42 43 44 45 47 48 50 51 52 53 56 57 58 59 60 61 62 63 64 65 66 69 70 71 72 74 75 76 77 78 79 80 82 83 85 86 87 88 89 90 92 93 94 95 97 98 99 100 102 103 107 108 109 111 112 113 114 115 117 118 120 121 122 124 125 126 127 129 130 132 133 134 136 137 138 140 141 142 143 144 145 146 148 150 151 152 153 154 155 156 158 159 160 161 162 163 164 165 166 167 169 170 171 172 173 174 175 176 178 179 181 182 183 184 185 186 187 189 190 191 192 193 194 196 198 199 200
36 69 38 39 40 41 42 44 45 46 47 48 49 50 52 53 54 55 56 57 58 59 60 61 62 63 65 66 67 68 69 71 72 73 75 76 77 81 82 83 84 86 88 89 90 91 93 94 95 96 98 100 101 102 103 104 105 106 107 108 109 110 111 112 114 116 117 118 120 123 124 125 126 127 128 129 130 131 132 133 134 135 136 137 138 141 142 143 144 145 146 147 148 150 151 155 156 157 158 159 160 161 162 163 165 166 168 170 171 172 173 175 176 177 178 181 182 183 185 187 188 189 190 191 194 195 196 197 198 199 200
37 50 38 39 40 41 42 43 44 45 46 47 48 50 51 52 53 54 55 56 58 59 60 61 62 63 65 66 67 68 69 70 72 73 75 76 77 79 80 81 82 84 85 87 88 89 91 92 93 94 95 96 97 98 99 100 101 102 103 104 105 107 109 110 111 112 115 116 117 118 119 120 121 122 123 124 125 126 127 128 129 130 131 132 133 134 135 138 139 140 141 142 143 144 145 146 147 148 149 150 151 152 153 154 155 156 157 158 161 162 163 165 167 168 169 170 172 173 175 176 177 178 179 180 181 182 183 185 186 187 188 189 191 192 193 194 195 196 197 198 199
38 93 39 40 42 44 45 46 47 49 50 51 53 54 55 57 60 61 63 65 66 67 68 69 70 73 74 75 76 77 78 79 80 82 83 84 86 87 88 89 90 91 93 94 95 96 98 99 100 101 102 103 104 105 106 107 108 109 110 111 112 113 114 115 116 117 118 119 120 122 124 125 127 128 130 132 133 134 136 137 138 139 141 142 143 144 146 147 149 150 151 152 153 154 155 158 159 160 161 162 163 164 165 166 167 168 169 170 171 172 175 176 177 178 179 180 181 182 183 185 187 189 190 191 192 193 195 197 198 199 200
39 62 40 42 43 44 45 48 50 51 52 53 54 55 56 57 58 59 60 61 62 63 65 67 68 69 74 76 77 78 79 80 81 82 83 84 85 86 88 89 90 91 92 95 96 97 98 99 102 103 104 105 107 108 109 110 111 113 114 115 116 118 119 120 121 122 124 126 127 129 130 132 133 134 135 136 137 138 139 140 141 142 144 145 146 147 148 149 150 151 152 153 155 156 158 159 160 161 162 164 165 167 168 169 170 171 172 173 174 175 177 178 179 180 183 184 185 186 187 189 190 191 192 193 194 195 196 197 199 200
40 33 41 42 43 44 45 46 47 48 49 51 52 54 56 57 59 60 61 62 65 67 69 70 71 72 74 75 77 78 79 80 81 82 83 84 85 87 88 89 91 92 94 97 98 99 100 101 102 103 105 106 107 110 112 114 115 116 118 119 120 123 124 125 126 127 128 129 130 131 132 133 135 136 137 138 139 140 141 142 143 144 145 146 147 148 150 152 153 155 156 157 158 159 160 165 166 167 168 169 170 172 173 174 175 176 178 179 180 182 183 184 185 186 187 188 191 192 193 194 195 196 197 198 200
41 17 42 43 44 45 47 48 49 50 51 52 53 54 55 56 57 58 59 61 62 63 66 68 69 72 73 75 76 77 79 80 81 83 84 85 86 88 89 93 94 95 96 97 98 99 100 101 102 103 104 105 106 107 109 110 111 113 116 117 118 119 120 121 122 123 124 125 127 130 132 133 134 135 136 138 139 140 141 142 144 146 147 148 150 153 154 156 157 158 159 161 163 164 165 166 167 168 169 170 171 172 174 176 177 178 180 181 183 184 185 186 187 188 189 190 191 192 193 194 196 197 198 199
42 36 43 44 45 52 53 54 55 56 57 59 60 61 62 63 64 65 66 67 68 69 70 71 72 73 74 76 78 79 80 81 82 83 84 85 86 87 89 90 92 93 94 95 96 98 99 100 101 102 103 104 105 106 107 109 110 112 113 114 115 118 119 120 122 123 124 125 126 127 128 129 130 131 133 134 135 136 137 140 144 145 146 147 149 150 151 152 153 154 157 158 160 161 162 164 165 166 167 168 169 170 171 172 173 174 175 178 181 182 183 184 185 186 187 188 189 190 191 192 193 194 195 196 197 198 199
43 25 44 45 46 47 48 49 50 52 53 54 55 56 57 58 59 60 62 63 65 67 69 70 72 73 74 75 77 78 79 80 81 82 83 84 85 86 87 88 89 90 91 93 94 95 97 98 99 100 101 102 105 106 109 110 113 114 115 116 117 118 119 120 121 124 126 128 129 130 131 133 134 135 136 138 139 140 141 142 143 144 145 146 147 148 149 150 152 153 155 156 157 158 159 160 161 162 163 164 165 166 167 168 170 171 172 173 174 175 176 177 178 179 180 181 182 183 184 185 186 187 188 189 193 194 195 196 197 198 199 200
44 97 45 46 47 48 49 50 53 54 55 56 57 58 59 60 63 65 67 68 69 70 71 72 73 74 75 76 78 79 82 84 85 86 87 89 90 92 94 95 96 97 98 99 100 101 103 104 105 106 107 108 109 112 114 115 116 117 118 119 120 121 124 127 129 130 131 132 133 134 135 137 139 140 141 144 145 146 147 148 149 150 151 152 153 154 155 156 159 160 161 162 163 165 167 168 169 170 172 173 174 175 176 177 178 179 181 182 183 184 185 186 187 188 189 191 192 193 194 195 196 197 198 199
45 89 47 48 50 51 52 53 54 55 56 58 59 61 62 63 65 66 68 70 71 72 73 74 76 77 78 80 81 82 84 85 87 89 90 91 92 93 94 95 96 97 98 100 102 104 105 106 107 109 110 111 112 113 115 116 118 121 122 124 125 126 128 134 135 136 138 139 140 141 142 143 144 145 146 147 149 150 151 152 153 154 155 156 157 158 159 161 162 164 165 166 167 168 169 171 172 174 175 177 178 179 182 183 184 185 186 187 188 189 190 192 193 194 195 196 197 198 200
46 75 47 48 50 51 54 55 56 57 59 61 62 63 64 65 66 67 69 70 71 74 75 76 77 78 80 82 83 85 86 87 88 89 90 91 92 93 94 95 98 99 100 101 102 103 105 106 108 109 110 111 113 114 116 117 118 119 121 123 124 125 127 129 131 133 134 135 136 137 138 139 142 144 145 146 147 148 149 150 151 152 153 156 157 158 159 160 161 162 163 164 165 166 167 169 171 172 173 174 175 176 177 178 180 181 182 184 186 187 188 189 190 191 192 193 194 195 196 197 198 200
47 25 48 49 51 52 53 54 55 56 58 59 60 61 63 64 66 67 68 70 71 72 74 76 77 78 80 81 82 83 84 85 86 87 88 89 90 91 92 93 94 95 96 98 99 100 101 102 103 105 106 107 108 109 110 111 114 115 116 118 119 120 121 123 124 125 127 129 131 132 133 134 136 138 139 140 142 143 144 145 146 147 148 149 150 151 152 153 154 155 157 159 160 161 162 163 165 167 168 169 170 171 172 173 174 175 176 177 178 180 183 185 187 188 189 190 193 194 195 196 197 198 200
48 20 49 53 54 56 57 58 59 60 64 66 67 68 69 70 71 72 74 75 76 77 78 79 80 81 82 83 85 86 88 89 91 93 94 95 97 98 99 100 101 102 103 104 105 107 108 109 110 112 113 114 115 116 118 119 121 122 123 124 126 127 128 129 130 131 132 133 134 135 136 137 138 139 140 141 142 143 145 146 147 148 149 152 153 155 156 157 158 159 160 162 163 164 165 166 167 168 170 171 172 173 174 175 177 178 179 180 181 182 183 184 185 186 187 188 190 191 192 193 194 195 196 197 198 199 200
49 48 50 51 52 53 55 56 57 59 60 61 62 63 64 66 67 68 69 71 72 73 74 75 76 77 78 79 80 82 83 84 85 86 87 89 90 91 92 93 94 95 96 97 99 101 102 103 104 105 106 107 109 110 112 114 115 116 118 119 122 123 125 126 129 130 131 132 134 135 137 138 139 140 141 143 144 145 146 147 148 149 150 152 153 155 156 157 160 161 163 164 165 166 168 169 171 172 173 174 175 176 177 178 179 180 184 185 186 187 188 192 193 194 195 198 200
50 14 51 52 53 54 55 56 57 58 59 61 63 64 65 66 67 68 69 70 71 72 75 76 77 78 80 82 84 85 86 87 88 89 90 91 92 93 94 95 96 97 98 99 100 101 102 106 107 108 109 110 111 113 114 115 116 117 118 119 120 121 122 124 125 126 127 128 129 130 131 133 134 135 137 138 139 140 141 142 143 144 145 146 147 148 149 151 152 153 154 156 157 158 159 160 161 162 163 165 166 167 168 170 172 173 174 175 176 177 178 180 181 182 183 184 185 186 187 188 189 190 192 193 194 195 196 197 198 199
51 40 53 54 55 56 58 59 61 63 64 66 67 68 70 71 72 73 74 75 76 77 78 79 81 82 84 85 87 90 93 95 96 98 99 101 102 103 106 108 109 111 113 114 115 116 117 118 119 120 121 122 124 125 126 127 128 129 130 131 133 134 135 136 137 139 140 141 142 143 144 145 148 149 150 152 153 154 155 156 158 159 160 162 163 164 165 168 169 170 171 172 175 176 177 178 180 181 182 183 184 185 187 188 189 191 193 194 196 197 198 199 200
52 32 53 54 55 56 57 59 60 61 66 67 68 69 70 72 74 75 76 77 78 79 81 82 83 84 86 89 90 91 92 94 95 96 97 98 99 100 101 104 105 107 108 109 111 112 113 114 116 117 118 122 123 125 126 127 128 129 130 131 132 133 134 135 136 137 138 140 141 142 143 145 146 149 150 151 152 156 157 159 160 161 164 165 166 167 168 169 170 171 172 174 175 176 177 178 179 180 181 182 184 185 186 188 189 190 191 192 193 194 195 197 200
53 62 54 55 56 58 59 60 61 63 64 65 66 67 68 69 70 71 72 73 76 77 78 79 80 81 82 83 84 85 88 91 92 93 94 95 96 97 98 100 102 103 104 106 107 108 109 110 111 113 114 115 118 119 120 121 122 124 127 129 130 131 132 135 136 137 138 140 141 142 143 144 146 147 148 150 151 152 153 154 155 156 157 158 161 162 163 165 166 167 168 169 170 171 173 174 175 176 177 178 179 180 181 182 183 184 185 186 187 189 190 191 192 193 194 195 197 198 199 200
54 45 56 57 58 59 61 63 65 66 67 68 70 71 72 73 74 75 76 77 78 79 80 81 82 83 84 85 87 88 89 91 93 94 96 97 98 99 100 101 103 105 106 108 109 110 111 113 114 115 116 117 118 119 121 123 124 125 126 128 130 131 132 133 134 135 136 137 138 139 140 141 142 143 144 145 147 148 149 150 152 153 155 156 159 160 161 162 163 164 165 166 167 168 169 171 172 173 175 178 179 180 181 183 184 185 186 187 188 190 191 193 194 195 196 199
55 59 57 58 59 60 61 62 63 64 65 66 67 71 72 73 74 75 76 77 79 80 81 82 83 84 86 90 91 92 93 94 96 97 100 102 103 106 107 108 109 110 112 114 116 117 118 119 120 122 123 124 125 127 128 129 131 132 133 135 136 137 138 139 140 141 142 143 144 145 146 147 148 149 152 153 154 156 157 158 160 163 164 165 166 167 168 169 170 171 172 173 174 175 176 177 178 179 180 181 182 183 184 185 186 187 188 189 190 191 192 193 194 195 196 197 198 199 200
56 39 57 61 62 63 64 65 66 67 68 69 70 71 72 75 76 78 79 80 81 82 83 84 85 86 87 89 90 91 92 93 98 99 101 102 105 106 107 108 110 111 112 113 114 115 117 118 119 120 121 122 123 124 126 127 128 130 131 133 135 136 137 138 139 140 141 142 143 144 145 146 147 148 149 150 153 154 155 156 157 158 159 160 162 163 165 168 169 170 173 175 176 177 178 180 182 183 184 185 187 188 189 191 192 195 196 197 198 200
57 58 59 63 66 69 70 73 75 76 78 79 80 81 82 83 84 86 87 88 91 94 95 96 97 98 101 103 104 105 106 107 111 112 114 115 116 117 118 120 121 122 123 124 125 126 127 128 129 130 131 132 133 134 135 136 139 140 141 142 143 146 147 148 149 150 151 152 153 155 156 157 159 160 161 162 163 164 165 166 167 170 171 172 175 177 178 179 180 181 183 184 185 186 187 188 189 191 192 193 194 195 196 198 199 200
58 93 60 61 62 66 67 68 69 70 71 72 73 75 76 77 78 79 82 84 85 87 88 89 90 91 92 93 95 97 98 99 100 101 102 103 104 105 106 107 109 111 112 113 114 115 116 117 118 119 120 121 124 125 126 128 129 132 133 134 135 136 138 139 141 142 143 144 145 146 147 148 149 150 151 152 153 154 155 156 157 158 159 160 161 162 163 164 165 166 167 168 169 170 171 172 173 174 175 176 177 178 179 180 181 182 183 184 185 186 188 189 191 193 194 196 198 199 200
59 46 60 61 62 64 65 66 67 68 69 70 73 74 75 76 77 78 79 80 81 82 83 84 85 86 87 88 89 90 91 92 93 94 95 96 97 98 101 102 103 105 107 108 109 110 111 112 113 114 115 116 117 118 119 120 121 122 123 124 125 126 127 128 131 133 134 136 137 138 139 140 141 142 143 144 145 147 148 149 151 152 153 155 157 158 159 160 161 162 163 166 167 169 170 171 172 174 176 178 179 180 181 182 183 184 185 186 187 188 189 190 192 193 194 195 196 198 199 200
60 72 63 64 65 66 67 69 70 71 73 76 77 78 79 80 81 82 83 84 85 86 87 88 89 90 92 93 94 95 96 99 100 102 105 106 107 108 109 110 111 112 113 115 116 117 119 120 121 123 125 126 128 129 130 131 132 133 134 135 136 137 138 139 141 142 143 146 148 149 151 152 153 155 157 158 159 160 161 162 163 164 166 167 168 169 170 171 174 176 177 178 179 180 182 183 184 186 187 188 189 190 191 192 194 195 196 197 198 199
61 5 62 65 66 67 68 69 70 71 72 73 74 75 77 78 79 81 82 84 85 87 88 89 90 91 92 93 94 95 96 98 99 100 101 103 104 105 106 109 110 111 112 114 115 116 117 118 119 120 121 122 123 124 125 126 127 128 129 131 132 133 134 135 136 137 138 142 143 145 146 147 148 149 150 151 152 153 154 156 157 158 160 161 162 163 165 166 167 169 170 171 172 173 175 176 177 179 180 181 183 185 188 189 190 191 192 193 194 196 197 198 199 200
62 23 63 64 66 67 68 69 71 72 73 74 75 76 77 78 79 80 81 82 83 84 85 86 87 89 90 91 92 93 94 96 99 100 101 102 103 104 105 106 108 109 110 111 112 113 114 115 116 117 118 119 120 121 122 123 124 125 126 127 129 130 131 133 135 136 137 138 139 140 141 142 143 144 145 146 147 148 149 150 151 152 157 158 159 160 162 163 164 165 166 167 168 169 170 171 172 173 174 175 176 177 178 179 180 182 183 184 185 186 187 190 191 192 193 194 195 196 197 198 200
63 38 64 65 66 67 68 69 71 72 73 75 76 77 78 79 80 82 83 84 85 86 88 89 90 91 92 94 95 96 98 99 100 101 103 104 105 106 107 108 109 110 112 113 115 116 117 118 121 122 124 125 126 127 128 129 130 131 132 135 136 138 139 140 141 142 143 144 145 146 147 148 150 151 152 154 155 156 157 158 159 160 161 163 165 166 167 169 170 171 172 173 175 176 178 179 180 181 182 183 184 186 187 188 189 190 191 193 194 195 196 197 198 199 200
64 82 65 66 67 68 69 70 71 72 73 75 77 79 80 81 82 83 87 88 90 93 94 95 97 98 99 100 101 102 103 105 106 107 108 109 110 111 112 113 115 116 117 118 119 120 121 122 123 124 125 126 128 129 130 131 132 134 136 137 138 139 140 141 142 143 144 145 146 148 149 150 151 152 153 154 155 156 158 159 160 161 162 163 165 168 169 170 171 172 173 174 175 176 177 178 179 180 181 183 185 186 187 188 190 191 193 194 195 197 198 199
65 27 66 67 68 73 74 75 76 77 78 79 80 81 82 83 85 86 88 89 90 91 92 93 94 95 97 98 100 101 102 103 104 105 106 107 108 109 110 111 112 113 114 116 117 118 119 120 121 123 124 125 126 127 128 129 130 131 132 133 134 135 136 137 138 139 140 141 144 145 146 149 151 152 154 155 156 157 160 161 163 164 165 166 167 168 169 170 171 173 174 175 178 179 181 182 183 184 185 186 190 191 192 193 194 195 196 197 198 199 200
66 65 67 69 70 71 72 73 74 75 76 78 79 80 81 82 83 84 85 86 87 88 90 92 93 94 95 96 97 98 100 101 102 103 104 106 107 109 110 111 113 114 115 116 118 119 122 124 125 126 128 129 130 132 133 134 135 136 137 138 139 143 144 145 147 148 149 150 153 155 156 158 160 161 162 163 164 166 167 168 169 170 171 173 174 175 176 178 179 180 181 182 184 186 190 192 193 194 195 197 198 200
67 79 68 69 70 71 72 73 74 76 77 78 79 80 81 84 85 87 88 89 90 91 92 94 95 97 99 100 101 102 103 104 105 106 107 108 110 111 113 114 115 116 120 121 122 123 124 126 127 128 129 130 132 133 134 135 136 137 139 140 141 142 143 144 145 146 147 148 149 150 151 152 153 154 155 157 159 160 161 162 163 166 167 168 169 170 171 172 173 175 176 177 178 179 180 181 183 185 187 188 189 190 191 192 193 194 196 197 198 199
68 80 69 70 71 72 74 75 76 77 78 80 81 83 84 85 87 89 90 91 95 96 97 100 101 102 103 104 105 106 107 109 110 111 115 117 118 120 121 124 125 126 127 128 129 130 132 133 134 135 136 137 138 139 140 141 142 143 144 146 147 148 149 150 151 152 154 155 156 157 158 159 160 161 162 163 164 165 166 168 169 171 172 173 174 175 176 177 179 181 182 183 184 186 187 188 189 190 191 192 193 194 196 197 198 199 200
69 12 70 71 72 73 74 75 76 78 79 80 81 83 84 85 86 87 88 89 91 95 96 97 98 101 103 104 105 106 110 114 115 117 118 119 120 121 122 123 124 125 126 127 128 130 132 133 134 135 136 138 139 141 142 145 146 147 148 150 151 152 153 154 155 156 157 159 160 162 163 165 166 167 168 169 170 171 172 175 176 177 178 180 181 183 184 187 189 190 192 193 194 195 196 197 199 200
70 55 71 73 75 77 78 79 80 81 82 83 84 85 86 87 88 89 91 92 94 95 96 97 98 100 102 103 104 106 107 108 109 110 111 114 115 116 117 121 123 124 125 127 129 130 131 132 133 135 137 138 139 140 141 142 145 146 147 149 152 153 154 155 156 157 158 159 160 161 162 163 164 165 166 167 168 169 171 172 174 175 177 179 180 182 183 184 186 187 188 189 190 191 192 195 197 198 199 200
71 12 72 73 74 75 77 79 80 82 84 85 86 87 88 89 91 92 93 94 96 97 98 99 100 101 102 103 104 106 107 108 110 111 112 113 114 115 116 117 118 119 121 122 123 124 125 126 127 129 133 137 139 140 141 142 143 144 145 146 147 148 150 153 154 155 156 157 158 159 160 161 162 164 167 168 169 170 171 172 174 175 176 177 178 179 180 181 182 183 185 186 188 189 190 191 192 194 196 197 198 199 200
72 31 74 75 76 77 78 81 83 84 85 86 87 90 92 93 94 95 96 97 99 100 101 102 104 105 107 108 109 111 112 114 115 116 117 118 119 120 122 123 125 126 127 128 130 131 132 133 134 135 137 138 141 142 143 145 146 147 149 150 151 152 153 154 157 158 159 160 162 163 165 167 168 169 170 171 172 173 174 176 177 178 179 180 181 184 185 186 187 188 189 190 191 192 193 194 196 197 198 199 200
73 29 74 75 76 78 79 81 82 83 84 85 86 88 89 90 91 92 93 94 95 96 97 98 99 100 101 102 103 105 106 107 110 111 112 114 115 116 117 118 120 122 123 124 125 126 127 131 132 134 135 137 138 139 140 141 142 144 145 147 149 150 151 152 153 154 155 156 157 158 160 161 162 164 165 166 169 171 172 173 174 175 176 178 180 181 184 185 186 188 189 190 191 192 193 194 196 197 199 200
74 49 75 76 77 78 81 82 83 84 85 87 88 89 90 91 92 93 94 95 96 97 98 99 100 101 102 103 104 105 106 107 110 111 112 113 114 115 116 117 118 119 121 123 124 125 126 127 128 129 130 133 134 136 137 138 139 140 141 142 143 144 145 146 147 148 149 150 151 152 153 156 158 159 160 161 162 163 164 166 167 168 170 171 172 173 174 175 176 177 178 179 180 182 184 185 186 187 188 189 190 191 192 193 195 196 197 198 199 200
75 52 77 78 80 82 84 85 86 87 88 90 91 92 93 95 96 97 98 100 103 106 107 108 109 110 112 113 116 117 118 120 121 122 124 125 126 127 128 129 131 132 133 134 135 136 137 138 139 140 141 142 143 144 145 146 147 148 149 150 151 153 154 156 157 160 161 162 163 164 165 167 168 169 170 171 173 174 175 176 178 179 180 181 182 183 186 187 189 190 191 192 194 195 196 197 198 199 200
76 98 79 80 81 82 83 84 85 86 87 88 89 92 93 94 95 97 98 99 100 101 102 103 104 105 107 108 109 110 111 112 113 115 116 117 118 119 120 122 123 125 126 128 129 130 131 132 133 135 136 137 138 139 140 141 142 143 145 146 147 148 150 151 154 155 156 157 160 163 165 167 170 171 172 173 174 175 177 178 179 181 182 185 187 190 192 193 194 195 196 198 199 200
77 14 78 79 81 82 83 84 86 87 88 90 92 93 94 95 97 98 99 100 101 103 104 106 107 108 109 110 111 112 113 114 116 117 118 120 121 122 123 124 125 126 127 128 129 130 131 132 133 134 135 137 138 139 140 141 143 145 146 149 151 153 154 155 156 158 159 160 161 162 164 165 166 168 170 171 172 173 174 176 177 178 179 180 181 182 183 184 185 186 187 188 189 190 191 192 193 195 197 198 199 200
78 7 79 80 81 82 83 84 85 86 88 89 90 91 93 94 96 97 99 100 101 102 103 104 105 106 108 109 110 112 115 116 117 119 120 121 122 123 125 126 127 128 129 130 131 132 133 134 135 136 139 140 141 142 143 144 146 147 149 150 151 152 154 155 156 159 160 161 163 168 169 170 171 172 173 174 175 177 178 179 180 181 182 184 185 186 187 188 189 190 191 192 194 195 196 197 198 199 200
79 38 80 81 83 84 85 86 87 88 89 90 91 93 94 95 96 97 100 101 102 103 104 105 106 108 109 111 112 114 115 116 118 119 120 122 124 126 127 128 129 130 131 132 134 136 137 138 139 140 141 142 144 145 148 150 151 152 153 154 157 158 159 160 163 164 165 166 167 168 169 170 172 173 175 177 178 180 181 182 186 189 191 192 193 194 195 196 197 198 200
80 48 81 82 83 84 85 86 87 88 90 91 92 93 94 95 96 97 98 99 100 101 103 104 107 109 110 112 113 114 115 117 118 119 120 121 122 123 124 125 127 129 130 132 134 135 136 137 139 140 141 142 143 144 145 146 147 148 149 150 151 152 153 154 155 156 157 158 159 160 161 162 163 164 165 166 167 171 173 174 175 176 177 178 179 180 181 182 183 184 185 186 187 188 191 192 193 195 197 198 199 200
81 60 82 83 84 85 88 89 90 91 92 93 94 95 96 98 99 100 101 102 104 106 107 108 110 111 112 113 114 115 116 118 119 120 121 122 123 124 125 126 127 128 129 131 132 133 134 135 136 137 138 139 140 144 145 146 147 148 149 151 152 153 155 156 157 158 161 163 164 165 167 168 169 170 171 172 173 174 175 177 178 179 180 181 183 184 185 186 187 188 189 190 191 192 193 194 195 196 197 198 200
82 12 83 84 85 86 87 88 89 90 91 92 93 94 95 96 98 99 100 101 102 103 104 105 106 107 108 109 111 112 113 114 115 116 117 119 120 121 122 123 124 125 126 129 130 131 132 133 134 135 137 138 143 144 145 146 147 149 151 152 154 156 157 158 159 160 161 162 163 164 165 166 168 169 170 171 172 173 174 175 176 177 178 179 180 181 183 184 185 186 187 190 191 192 193 195 196 198 199 200
83 100 84 85 86 88 89 91 93 94 95 96 97 98 100 101 102 105 106 107 108 109 111 112 113 114 115 116 117 118 120 121 122 123 124 125 126 127 128 129 132 133 134 135 136 139 140 141 142 143 144 145 146 147 149 150 151 152 153 156 157 158 159 160 161 162 163 164 165 166 167 168 169 170 173 174 175 176 178 179 180 181 182 183 184 185 186 187 188 189 190 192 193 194 196 197 198 199 200
84 14 85 86 87 88 89 90 91 92 93 94 95 96 97 98 99 100 101 102 103 104 105 106 109 112 113 115 116 117 118 119 120 122 123 125 126 128 129 131 132 133 134 136 137 138 139 140 142 143 144 145 146 147 148 150 151 152 153 154 155 156 157 158 159 160 162 165 166 167 169 170 171 172 174 175 176 177 178 179 180 182 185 186 187 192 193 195 196 197 198 199
85 52 86 87 88 89 90 91 92 93 94 95 98 99 100 101 102 103 104 105 106 107 108 109 111 112 114 115 116 117 123 124 125 126 128 129 130 131 132 133 134 135 136 137 138 139 140 141 143 145 147 148 149 150 152 153 154 155 156 157 158 159 160 161 162 163 166 167 170 171 172 173 175 176 178 180 181 182 183 184 185 186 187 188 190 192 193 195 196 197 198 199 200
86 11 87 88 89 90 91 92 93 94 95 97 98 99 100 101 102 103 104 106 107 108 109 111 112 113 114 115 116 117 119 120 121 122 123 124 125 126 127 128 129 130 131 132 133 134 135 136 138 139 140 141 142 143 145 146 147 148 149 151 152 153 154 155 156 158 159 160 161 162 164 165 166 167 169 172 173 174 175 176 177 178 179 182 183 184 185 186 187 188 189 190 191 192 193 194 198 199
87 36 88 89 90 91 92 93 94 95 97 99 100 101 102 103 106 107 109 110 111 112 115 116 117 118 119 120 121 122 123 124 125 126 127 128 130 131 132 133 135 136 137 138 139 140 141 142 143 144 145 146 147 148 149 150 151 153 154 155 156 157 158 159 160 161 163 164 165 166 167 168 170 171 172 173 174 175 176 177 179 180 181 182 183 184 185 186 188 189 190 191 192 193 194 195 196 198 199
88 27 89 91 92 93 95 96 98 99 100 101 102 105 106 107 108 109 110 112 113 114 116 117 118 119 120 121 122 123 124 125 126 127 128 129 130 131 132 133 134 135 137 140 141 142 143 144 145 146 149 150 151 152 154 155 156 157 158 159 160 161 162 163 165 166 167 168 169 171 172 173 174 176 178 179 181 182 183 185 186 187 190 191 192 194 195 197 198 199 200
89 78 90 92 93 94 95 96 98 99 100 101 102 103 104 105 106 107 108 111 112 113 114 116 117 118 120 121 122 123 124 125 126 127 128 129 130 131 132 133 134 135 136 137 139 140 141 142 143 144 145 147 148 149 150 151 153 155 156 157 160 161 162 163 164 165 166 170 171 172 173 174 175 176 177 178 179 180 181 182 183 184 185 186 188 189 190 191 192 193 194 196 197 198 200
90 49 92 94 95 96 97 98 99 102 104 105 106 107 110 111 113 114 115 117 118 119 120 122 124 126 127 128 129 131 133 134 135 136 138 139 140 141 142 144 147 148 149 150 151 155 156 157 158 159 160 161 162 164 166 168 170 171 172 174 175 176 177 179 180 182 183 185 186 187 188 189 190 191 193 194 195 196 197 200
91 36 92 94 95 96 97 98 101 102 103 104 105 107 108 109 110 111 112 113 114 115 116 117 118 119 120 121 122 123 124 125 126 127 129 130 131 132 134 135 136 137 138 139 140 141 142 144 145 146 147 148 149 150 151 152 153 154 155 156 157 158 161 162 163 164 167 168 170 171 172 173 174 175 176 178 179 180 181 182 183 184 186 189 190 191 192 193 194 195 196 197 198 199 200
92 3 93 94 95 96 97 98 99 101 102 103 104 105 106 107 108 110 111 112 113 114 115 116 117 119 120 121 123 124 125 127 129 131 132 133 135 137 138 139 140 141 142 143 144 145 147 148 149 150 151 152 153 155 156 157 159 160 161 162 164 166 168 170 171 174 175 178 179 180 181 182 183 184 185 186 187 188 189 190 191 192 193 194 195 196 197 198 199 200
93 80 94 95 96 97 99 100 101 103 104 105 107 108 110 111 112 113 114 115 116 118 119 120 121 122 123 124 125 126 127 128 130 131 133 134 135 136 137 138 139 140 142 143 144 145 147 148 149 150 151 152 153 154 155 156 157 158 159 160 161 162 163 164 165 166 167 168 169 170 171 172 174 175 176 177 178 180 181 182 183 184 185 186 191 192 193 194 195 196 198 199 200
94 80 95 96 97 98 100 101 102 104 105 106 108 109 110 111 113 114 115 117 118 119 120 121 122 124 125 126 127 128 129 130 131 132 133 134 138 139 140 144 145 146 147 148 149 150 151 152 153 156 159 160 161 162 164 165 166 169 170 172 173 174 175 176 177 178 179 180 181 182 183 184 185 186 187 188 189 190 191 192 193 194 195 196 198
95 46 96 97 98 99 100 101 102 104 105 107 108 109 110 111 112 114 115 117 118 119 120 123 124 126 127 129 130 132 133 135 137 139 140 141 146 147 148 150 151 152 153 154 155 157 158 160 161 162 163 165 166 167 169 170 171 172 173 174 175 176 177 178 179 180 181 182 183 184 185 186 187 189 190 191 193 194 195 196 197 198 200
96 15 97 98 100 102 103 104 105 106 107 109 110 111 112 113 114 115 118 119 120 122 124 125 126 127 128 130 131 132 133 135 137 138 139 140 141 142 143 145 147 148 149 150 151 152 153 154 155 156 157 158 159 160 161 162 163 165 166 168 169 170 171 172 173 174 175 176 177 178 179 180 181 182 183 184 185 186 187 189 190 191 192 194 195 196 197 198 199 200
97 53 98 99 100 101 102 103 104 105 107 108 109 110 111 112 113 114 115 117 118 119 121 122 123 124 126 127 128 129 130 131 132 135 137 138 139 140 142 143 145 146 148 149 151 152 153 154 156 158 159 160 161 162 163 164 165 167 169 173 174 175 176 177 178 179 180 181 182 183 184 187 188 189 190 191 192 193 194 195 196 197 198 199 200
98 28 99 100 101 102 103 104 105 106 107 109 110 111 112 113 114 115 116 117 118 119 120 122 123 125 126 127 128 129 130 131 132 133 134 135 136 137 138 139 140 141 143 144 145 146 147 148 149 150 151 152 153 154 155 156 158 160 161 162 164 165 167 168 169 170 171 172 173 176 177 178 179 181 182 183 184 185 186 187 188 189 191 192 194 196 197 198 200
99 14 100 101 102 103 104 105 106 107 108 111 112 114 115 116 117 118 119 120 121 122 123 124 125 126 128 129 131 132 133 134 135 136 139 140 142 143 144 147 148 149 150 151 152 153 154 155 156 157 158 159 160 162 163 164 165 167 168 169 170 171 172 174 175 178 179 180 181 182 183 186 187 189 190 191 193 194 195 196 198 199 200
100 20 101 102 103 105 106 107 109 110 111 112 114 115 116 117 118 119 120 123 124 125 127 128 129 130 131 132 133 135 136 139 140 141 142 143 144 147 149 150 151 152 154 155 157 158 159 160 161 162 163 164 165 167 168 169 170 172 173 174 175 177 178 179 180 182 184 186 187 190 191 192 193 194 195 196 197 198 200
101 71 102 103 104 106 108 109 110 111 112 114 115 116 117 118 119 121 122 123 124 125 126 127 129 131 133 134 136 137 140 141 142 143 145 146 147 148 149 150 152 153 154 155 156 157 158 160 161 164 165 167 168 169 170 171 173 174 175 176 177 180 181 182 183 184 185 186 187 188 189 191 195 196 197 198 199
102 83 103 105 106 107 108 109 110 111 112 113 114 115 116 117 118 119 120 121 123 124 125 126 127 129 131 135 136 137 138 139 141 142 143 144 145 146 147 148 149 150 151 153 154 155 156 157 158 159 160 161 162 163 164 165 166 167 168 170 171 172 175 176 177 179 180 181 182 183 185 186 187 188 189 190 191 192 195 196 197 198
103 3 105 106 107 108 109 110 111 112 113 114 116 117 118 119 120 121 123 124 125 126 127 129 131 132 134 135 137 138 140 141 142 143 145 146 147 148 149 150 151 152 153 154 155 156 157 159 160 162 163 164 165 167 168 169 170 171 172 173 174 175 176 177 179 180 181 182 183 184 185 186 188 189 191 192 193 194 195 196 198 199
104 85 105 107 109 110 113 114 115 116 117 118 119 120 121 123 124 125 128 129 131 134 135 136 137 138 139 140 141 142 144 145 146 147 148 149 150 152 153 155 156 157 158 159 161 162 163 164 165 166 168 170 172 173 174 175 176 177 178 179 180 181 182 183 184 185 186 187 188 189 191 193 194 195 196 197 199 200
105 35 107 108 109 111 112 113 114 116 117 118 119 120 121 122 124 127 128 129 130 131 132 133 134 136 137 138 139 142 143 144 146 147 148 149 150 151 153 155 157 158 160 162 163 166 167 168 169 171 172 173 175 176 177 178 179 180 181 182 183 184 185 187 189 190 191 192 193 194 197 198 199 200
106 98 107 108 110 111 112 113 114 115 117 118 119 120 121 125 127 128 129 130 131 132 133 135 136 137 138 139 140 142 145 146 147 149 151 152 153 154 155 156 157 159 160 161 162 163 164 165 166 167 168 169 171 172 173 174 175 176 177 178 179 180 181 182 183 187 188 189 190 192 193 194 196 198 199 200
107 14 110 111 112 114 115 116 117 120 121 122 124 127 128 130 131 133 134 135 136 138 140 141 142 143 144 146 147 148 150 151 152 153 154 155 156 157 158 159 160 161 162 163 165 166 167 168 169 170 171 172 173 174 175 176 177 181 182 184 185 186 188 189 190 191 192 193 194 198 199 200
108 62 109 111 113 114 116 118 119 120 121 123 124 125 126 127 128 129 130 131 132 134 135 137 139 140 143 145 146 147 148 151 153 154 155 156 157 158 159 160 161 162 163 164 166 167 168 169 170 171 172 173 174 175 176 177 179 180 182 184 186 188 189 190 191 192 193 195 197 198 199 200
109 36 110 112 113 114 115 116 117 118 119 120 121 122 124 125 127 128 130 131 132 133 134 135 136 137 138 139 140 141 143 144 146 147 148 150 151 152 153 154 157 158 159 161 162 163 164 165 167 169 170 171 172 173 175 176 177 178 179 180 181 182 183 184 185 186 187 188 189 190 191 193 194 195 196 198 199 200
110 82 111 112 113 114 115 116 118 119 120 121 122 123 124 125 126 127 128 129 130 131 132 134 135 136 138 139 141 142 143 144 146 147 148 150 151 152 153 154 156 157 159 160 161 163 165 166 167 168 169 170 171 172 173 174 175 176 177 178 179 181 182 183 185 186 187 188 189 190 191 193 194 195 196 197 198 199 200
111 20 113 114 115 116 117 118 119 122 123 124 126 127 128 129 130 131 132 133 135 136 137 139 140 141 142 143 145 146 147 148 149 151 152 153 154 155 156 157 158 161 162 165 166 168 169 170 171 172 173 174 175 176 177 178 179 180 181 182 184 185 186 187 188 189 190 191 193 194 195 197 200
112 79 113 114 115 116 118 119 120 121 122 123 124 127 128 129 130 132 133 134 135 136 137 138 139 140 141 142 143 144 145 147 148 149 151 152 153 154 156 157 158 159 160 161 164 166 167 168 169 170 171 173 174 175 178 179 180 181 182 183 186 187 189 191 192 194 195 196 197 198 199 200
113 24 114 115 116 117 118 119 120 121 122 123 126 128 131 132 135 136 137 138 139 140 141 142 144 147 148 149 150 151 153 154 155 157 158 159 160 161 162 163 164 165 166 167 168 169 170 172 173 174 175 176 177 178 179 180 181 182 183 184 185 186 187 188 189 190 191 192 193 194 195 197 198 199 200
114 53 115 117 118 119 120 122 124 126 127 128 129 130 132 133 134 135 136 137 138 139 144 145 146 147 148 149 150 151 152 153 155 156 157 158 159 160 162 163 165 166 167 168 169 170 171 172 173 174 177 178 179 180 182 183 184 185 186 187 188 189 190 191 192 193 194 195 196 197 198
115 30 117 118 120 121 122 123 124 125 127 128 129 130 132 133 134 135 136 137 139 140 141 142 143 145 146 148 149 150 151 153 155 156 158 159 160 162 163 165 167 169 170 172 173 174 175 176 177 178 180 181 182 183 184 185 186 187 188 189 191 192 194 195 196 197 198 199
116 87 117 119 120 121 124 126 127 128 129 130 131 133 134 138 139 141 143 144 145 146 147 148 149 150 153 155 156 157 158 159 161 163 164 165 166 169 170 171 175 176 178 179 181 182 183 184 185 186 187 190 191 192 193 194 195 196 197 198
117 61 118 119 120 121 122 123 125 126 127 128 133 134 135 136 137 138 139 140 141 142 143 144 146 147 149 150 151 152 153 154 155 156 158 160 161 162 163 164 165 166 168 169 171 172 173 174 176 177 178 179 180 181 182 183 184 185 187 188 189 190 192 193 194 196 197 198 199 200
118 35 119 120 121 122 123 124 125 126 127 128 129 130 131 132 133 134 135 137 138 139 141 142 143 144 145 146 147 148 149 150 151 153 155 156 157 158 159 160 161 162 163 164 165 166 167 168 169 170 171 172 173 174 176 177 178 179 181 182 183 184 185 186 187 188 189 190 191 192 193 195 196 197 198 199
119 95 120 121 122 123 124 125 127 129 130 131 133 134 135 136 137 138 142 143 144 145 146 147 151 152 153 155 156 157 158 159 161 162 163 166 167 168 169 170 172 173 174 176 178 179 180 181 182 183 184 185 186 187 188 189 191 192 193 198 199 200
120 15 121 122 123 124 128 130 131 134 136 137 138 139 140 141 142 143 145 146 147 148 149 150 151 153 156 157 158 159 160 163 164 165 166 167 169 170 171 172 174 175 176 177 178 179 180 181 182 185 186 187 189 190 191 192 193 195 198 200
121 70 122 123 124 125 126 127 128 129 130 131 132 133 134 135 136 137 138 140 141 142 144 145 147 149 150 151 152 155 156 157 158 159 160 161 163 164 165 166 167 168 169 170 171 174 175 177 178 179 180 181 182 184 185 186 187 189 191 192 193 194 195 196 197 198 200
122 72 124 125 126 127 128 129 130 131 134 135 136 137 138 139 140 141 142 143 144 145 146 148 149 151 154 155 156 157 160 161 162 163 164 165 166 167 168 170 171 172 173 174 175 176 177 178 179 180 181 182 183 184 185 186 188 190 191 193 194 195 196 197 198 199 200
123 81 124 126 128 129 130 131 132 134 136 137 140 141 142 144 145 147 148 149 151 152 153 154 155 156 157 158 159 160 161 162 163 164 167 168 169 170 171 173 174 175 176 177 179 181 182 183 184 186 187 188 189 190 191 193 195 197 198 199 200
124 3 125 126 127 128 129 130 131 132 133 134 135 136 137 138 139 140 141 142 143 144 145 149 150 151 152 153 154 155 156 157 158 161 162 163 164 165 166 167 168 169 170 171 172 173 175 177 178 179 180 183 184 185 187 188 189 191 192 193 194 195 197 198 199 200
125 49 126 130 131 132 133 134 136 137 138 139 141 143 144 146 147 148 149 150 151 152 153 155 157 159 160 162 164 165 166 167 168 169 170 171 172 173 174 175 176 179 180 181 182 185 186 187 188 189 190 191 192 194 195 196 197 198 199
126 55 127 128 129 130 131 132 133 134 135 136 137 138 140 141 142 144 145 148 149 150 151 152 153 154 155 156 157 158 159 160 161 163 164 165 167 168 169 170 171 173 174 175 176 177 178 179 180 182 184 185 186 187 188 189 190 191 192 195 196 197 198 200
127 13 128 129 131 132 133 135 136 137 140 141 143 144 146 147 148 150 152 153 154 155 156 157 158 159 163 164 165 166 167 168 169 171 173 174 175 176 177 178 179 180 181 183 184 185 186 187 188 189 190 192 193 195 196 197 198 199 200
128 46 129 130 131 133 134 135 136 137 139 140 142 143 144 145 146 147 148 149 150 151 153 154 155 156 157 159 160 161 162 164 167 168 169 171 174 176 177 178 179 180 181 182 183 185 186 187 188 189 190 191 192 193 194 195 196 199 200
129 63 131 132 133 134 135 136 137 138 140 141 142 143 144 145 146 147 149 150 151 152 153 155 157 158 159 160 161 162 163 164 165 166 167 169 170 171 172 174 175 178 179 180 182 183 184 185 186 187 188 190 192 194 195 196 197 198 199
130 6 132 133 134 135 136 137 138 139 140 141 142 143 144 146 148 149 150 151 152 154 155 156 157 158 159 160 161 162 163 164 165 166 167 169 170 171 172 173 174 175 176 177 178 179 180 182 184 185 186 187 188 189 190 191 193 194 195 196 198 199
131 21 132 133 134 136 139 141 142 143 144 145 146 147 149 151 153 154 155 157 158 159 160 161 162 163 164 165 166 167 168 170 171 172 173 176 177 178 183 184 185 186 187 188 190 191 192 193 197 198 199
132 13 133 134 135 136 137 138 139 140 142 143 144 146 148 149 151 152 153 154 155 156 157 158 159 162 163 165 166 167 168 169 170 171 172 174 176 177 178 179 180 181 182 183 186 187 188 189 190 191 192 193 195 196 197 199 200
133 79 135 136 137 138 139 140 141 143 145 146 147 148 149 150 151 153 155 156 158 160 162 163 164 165 166 167 168 170 171 172 173 174 175 176 177 178 179 181 182 183 185 186 187 188 189 190 191 192 193 194 195 196 197
134 39 137 138 139 141 142 143 144 145 146 147 148 149 151 154 155 157 159 160 161 162 163 164 165 166 169 170 174 175 176 177 178 179 180 181 182 183 184 185 187 189 190 191 192 193 194 197 198 200
135 77 136 138 139 140 141 142 145 147 148 149 150 151 152 154 156 157 159 160 161 162 163 164 165 167 168 169 170 171 172 173 174 176 177 178 179 181 182 184 187 189 190 192 193 194 195 196 197 198 199 200
136 94 137 138 139 140 141 142 143 145 147 149 150 152 153 154 156 157 158 159 160 161 162 163 164 165 168 170 171 172 174 175 177 178 180 182 183 184 185 186 187 188 189 190 191 192 193 194 196 197 198 199 200
137 59 139 141 142 143 145 146 147 148 149 151 152 153 154 155 156 157 158 159 160 162 163 165 166 167 168 169 170 171 173 174 175 176 178 179 182 183 185 187 190 193 194 195 196 197 198 199 200
138 36 139 140 141 142 143 144 145 146 147 148 149 150 151 152 153 154 155 156 157 158 159 161 162 163 164 167 169 170 171 172 174 175 176 178 179 180 181 183 184 186 187 188 189 190 192 193 194 195 196 197 198
139 76 140 141 142 144 145 148 150 151 152 156 157 158 159 160 161 162 163 165 166 167 168 169 170 171 172 173 174 175 176 177 178 179 180 181 182 183 184 185 186 187 188 189 191 192 194 195 197 198 199 200
140 24 141 142 144 145 146 147 148 149 150 151 152 153 154 155 156 157 158 159 160 161 162 163 164 165 166 169 171 173 174 175 176 177 178 179 180 181 182 184 185 186 187 188 192 193 194 195 196 197 198 200
141 80 143 147 148 150 151 152 154 155 156 158 159 160 161 164 165 167 168 170 171 172 173 174 176 177 179 180 181 182 183 184 185 186 187 188 189 191 192 193 194 195 196 197 198 200
142 53 145 146 147 148 149 150 151 153 154 155 157 158 159 160 161 162 163 164 165 166 167 169 170 171 172 173 174 175 176 179 180 181 182 183 185 186 187 188 189 191 192 193 195 196 198 199
143 39 144 145 146 148 149 150 153 154 155 156 157 158 159 160 162 163 164 165 166 167 169 170 171 173 174 175 176 177 178 180 181 182 183 184 185 187 192 194 195 198 199 200
144 39 145 146 147 148 149 150 152 153 154 155 156 157 158 159 160 161 162 164 165 167 168 169 170 171 172 173 174 175 176 178 179 180 181 182 183 184 185 187 188 189 190 191 192 193 194 195 196 197 198 199 200
145 97 146 147 148 149 150 151 152 154 155 156 157 159 163 164 165 166 168 172 174 176 177 178 179 180 181 182 185 186 187 188 189 190 191 192 193 195 196 197 198 200
146 96 147 148 149 150 151 153 154 156 158 159 160 162 163 164 167 168 169 170 171 172 173 174 175 176 177 178 180 181 182 183 184 185 186 187 189 190 191 193 194 197 198 199
147 83 148 149 150 151 152 153 154 155 156 157 159 160 161 162 164 165 166 167 168 169 170 171 173 174 175 176 177 178 179 182 183 184 185 186 187 188 190 191 193 195 196 197 198 199
148 21 149 150 151 152 154 155 156 157 158 159 160 162 163 164 165 167 168 169 171 175 176 177 178 179 180 181 182 183 184 185 186 189 190 191 193 195 196 197 198 199 200
149 8 152 154 155 156 157 158 159 161 162 163 164 165 166 167 169 170 171 172 174 175 176 177 178 180 181 182 183 184 185 186 187 190 192 193 194 195 196 198 199 200
150 85 151 153 156 157 158 160 162 163 165 166 167 168 169 170 171 172 173 174 175 176 178 179 180 181 182 183 184 185 186 187 188 189 190 191 192 193 194 195 196 197 198 199 200
151 52 152 153 156 157 158 159 161 162 163 164 165 166 168 169 170 171 172 174 175 177 178 180 181 184 186 187 188 189 191 192 193 194 195 196 198 199 200
152 74 155 156 157 158 159 162 163 164 165 166 168 170 172 173 174 176 177 178 179 181 182 183 184 185 186 190 194 195 196 197 198 199 200
153 45 155 157 158 159 160 161 162 163 164 165 166 167 169 170 171 172 173 174 175 176 178 179 180 181 182 184 185 186 187 188 189 190 191 192 193 195 196 197 198 199 200
154 49 155 156 157 159 160 161 162 163 164 165 166 167 168 169 170 171 172 173 174 175 176 177 178 179 181 182 183 184 185 186 187 189 190 191 192 193 194 195 196 197 198 199 200
155 45 156 157 159 160 163 164 165 166 167 168 169 170 171 172 173 174 175 177 178 179 181 183 184 186 187 188 189 190 192 193 195 196 198 200
156 2 157 158 159 160 161 163 165 167 169 170 173 174 176 177 178 179 182 183 184 185 186 187 188 189 190 191 192 193 194 195 196 197 200
157 49 158 159 160 161 164 165 166 167 168 169 171 172 173 174 176 179 180 181 184 185 188 189 190 191 192 193 195 196 197 198 199 200
158 57 159 160 161 163 164 165 166 167 168 169 170 171 173 174 176 177 178 179 180 181 182 183 185 186 187 189 190 194 195 196 197 198 199 200
159 32 160 161 162 163 164 165 166 167 168 169 170 172 173 174 175 176 177 178 179 180 181 182 183 184 188 190 191 192 193 194 195 196 197 200
160 19 161 163 165 166 167 168 169 170 172 175 176 178 179 181 182 183 184 185 187 188 192 193 194 195 196 198
161 51 162 165 166 167 168 169 170 171 172 174 175 176 178 179 180 181 182 183 184 185 186 187 188 190 191 193 194 195 196 197 199 200
162 37 163 164 165 166 167 168 169 170 171 173 174 176 177 178 180 181 182 184 185 186 187 188 189 190 192 193 194 195 196 197 198 199
163 1 164 165 166 167 168 169 170 171 172 173 175 177 178 179 180 181 182 183 184 185 186 188 189 190 191 192 194 195 196 199 200
164 72 165 167 168 169 170 171 172 173 174 175 176 177 178 179 182 183 184 185 186 187 188 190 191 192 193 194 195 196 197 198 200
165 21 166 167 168 169 171 172 173 174 175 176 177 178 179 181 183 184 190 191 192 193 194 196 197 198 199 200
166 98 167 168 169 170 171 172 173 175 176 177 178 179 180 181 182 183 185 186 187 188 189 190 192 194 195 196 198 199 200
167 28 168 170 171 172 173 174 175 176 177 178 179 181 182 183 185 186 187 188 189 190 191 192 193 194 196 197 198 199 200
168 99 169 171 173 174 175 176 178 179 180 181 182 184 185 186 187 188 189 190 191 192 194 195 196 198 199
169 3 170 171 172 173 174 175 176 177 178 179 181 182 183 184 185 186 187 188 190 191 192 193 194 195 196 198 199 200
170 83 173 174 175 176 177 178 179 180 181 182 183 184 187 188 190 192 193 195 197 198 199 200
171 4 172 174 175 176 177 178 181 182 183 184 185 186 187 188 189 191 192 193 194 195 196 199 200
172 7 174 175 176 177 178 179 180 185 186 187 188 189 191 192 193 194 195 196 197 198 199 200
173 97 175 176 178 181 182 183 184 185 186 188 189 190 191 192 193 194 195 196 197 198 199 200
174 86 175 176 177 178 179 180 181 183 184 185 186 187 188 189 190 192 194 195 196 197 198 199 200
175 13 176 177 178 179 180 181 182 183 184 185 186 187 188 189 190 191 192 193 194 195 196 197 199 200
176 90 177 178 179 180 181 182 183 184 186 187 188 190 192 193 194 196 197 198
177 11 179 180 181 182 183 184 185 186 188 190 191 192 193 194 196 197 198 199 200
178 62 179 180 181 182 183 184 186 187 188 190 191 192 194 196 197 199 200
179 12 180 181 182 184 185 186 187 188 190 191 192 194 195 197 199 200
180 75 181 182 183 185 186 187 188 189 190 191 193 194 196 197 200
181 41 182 183 185 186 187 188 189 190 191 192 193 194 195 196 197 198 199 200
182 46 183 184 185 186 187 188 189 190 191 193 194 195 197 199
183 79 185 186 187 188 189 191 193 194 195 196 198 199 200
184 16 185 186 187 188 190 191 192 194 196 197 198 200
185 96 186 187 190 191 192 193 195 196 197 198 200
186 32 187 189 190 191 192 193 194 195 196 197 198 199
187 98 188 189 190 191 193 194 195 196 198 200
188 18 191 192 193 195 197 199 200
189 47 191 192 193 194 195 196 197 198 199 200
190 12 191 192 193 194 195 198 199 200
191 50 192 195 196 197 198 199 200
192 18 193 194 195 196 197 198 199 200
193 89 194 195 196 197 199 200
194 29 195 196 197 198 199
195 63 196 198 199 200
196 2 197 198
197 6
198 54 199
199 6
200 84
