200
1 65 2 3 4 5 7 9 14 15 19 22 27 29 30 32 35 36 37 38 41 43 44 45 46 48 53 54 55 57 58 59 60 62 63 64 65 67 69 70 71 74 75 77 78 81 82 83 84 85 86 87 88 91 92 94 95 97 99 101 102 104 106 107 109 110 111 113 114 115 117 118 119 120 122 127 128 130 131 132 134 136 138 139 142 143 144 145 146 147 148 149 150 151 152 155 160 161 162 163 164 165 169 170 171 172 173 175 178 181 184 185 186 187 188 197 200
2 71 3 4 5 8 10 11 13 14 16 18 20 21 22 23 24 28 30 31 32 34 40 41 42 44 48 52 53 55 58 59 60 62 64 66 70 72 74 75 77 78 80 82 83 84 85 86 88 89 90 91 92 93 95 97 98 100 101 105 106 107 109 111 117 119 120 124 125 129 130 131 133 136 138 141 144 150 151 152 153 154 159 160 161 164 165 167 168 170 171 177 178 181 182 183 186 187 190 193 196 199 200
3 43 9 14 15 17 18 19 22 26 27 28 29 31 32 33 35 36 37 38 39 40 41 44 45 48 50 51 52 54 58 61 63 64 65 66 67 69 72 73 74 75 76 78 79 80 81 82 87 89 90 91 92 93 94 95 96 98 99 101 102 103 104 105 106 107 109 113 115 116 117 118 119 120 121 122 126 127 128 131 134 136 141 142 144 149 151 155 156 157 159 160 161 162 163 165 166 167 169 170 173 174 175 176 177 178 179 181 183 186 187 188 192 193 195 196 197 198 199 200
4 33 5 6 9 10 13 15 16 20 21 22 23 25 26 28 29 32 33 35 38 39 41 42 43 45 46 47 48 52 55 58 59 60 65 66 68 69 70 72 73 74 77 79 80 82 83 84 85 86 88 90 91 93 95 96 99 100 102 105 106 108 109 112 113 114 115 116 117 118 119 120 123 125 126 129 130 133 137 141 142 143 144 148 149 150 151 154 155 156 157 158 159 162 163 164 165 167 168 169 170 172 173 174 177 179 181 183 184 186 188 189 192 194 197 199
5 27 8 9 10 11 15 16 17 18 19 20 21 22 23 28 30 31 33 34 36 37 38 39 40 41 44 45 47 48 51 52 55 56 57 58 59 61 64 65 66 67 68 69 74 77 81 82 83 85 86 87 90 91 93 94 95 96 98 99 102 104 109 110 111 112 113 114 115 116 118 119 120 122 123 124 126 128 129 131 134 135 136 138 139 140 141 142 143 144 145 147 148 149 150 151 153 154 155 156 158 160 162 163 164 165 166 167 170 171 172 173 177 178 179 181 186 190 191 192 194 195 196 197 199 200
6 22 8 9 10 12 13 14 15 17 20 21 24 26 27 28 29 31 32 34 35 36 38 39 41 42 43 44 47 48 49 50 51 52 54 56 61 62 65 66 68 70 71 72 75 76 80 81 83 86 87 88 89 92 94 95 97 98 101 102 104 105 107 109 110 112 113 116 117 119 121 122 123 124 125 130 131 132 134 135 136 138 139 142 146 147 149 151 152 154 155 157 158 160 162 165 166 167 169 170 171 172 173 176 179 180 187 188 190 192 194 196 197 199 200
7 69 9 11 12 13 14 15 16 19 20 23 26 27 28 29 30 31 32 35 37 38 39 42 43 44 47 48 49 50 51 52 53 56 57 60 61 63 65 67 68 69 71 72 76 79 81 82 83 84 88 90 92 95 96 98 99 100 101 102 105 106 107 109 110 111 112 114 116 117 118 120 122 123 125 126 127 129 130 131 132 142 143 149 150 156 157 158 159 160 161 163 164 167 168 169 170 172 173 174 175 176 177 178 179 180 181 182 184 186 187 188 189 190 191 200
8 63 9 11 14 17 18 20 21 22 24 25 30 31 32 35 37 41 44 45 48 51 52 55 58 60 61 63 65 67 68 71 74 76 78 79 80 81 84 85 87 92 93 98 99 100 101 102 103 105 106 107 108 110 111 114 116 117 118 119 122 124 125 126 127 128 129 130 136 138 140 142 143 145 147 149 150 151 152 153 156 158 159 161 163 165 167 169 170 171 172 176 177 178 179 180 185 186 187 188 190 191 192 193 195 197 200
9 64 10 11 12 13 14 15 17 19 20 21 22 23 24 26 27 28 29 31 32 33 34 35 36 37 38 40 41 42 43 48 49 50 51 53 56 59 61 65 69 70 71 74 75 76 77 79 80 82 83 84 86 87 90 91 92 95 98 99 100 101 106 107 108 110 111 113 114 116 117 118 119 121 122 124 125 128 129 130 131 132 133 135 136 137 138 139 140 143 144 145 147 150 151 153 155 156 157 158 160 161 163 164 168 169 170 171 172 174 175 177 178 181 182 183 184 185 189 190 193 194 195 197 198 200
10 28 12 14 15 16 17 20 22 24 27 28 30 32 34 35 42 44 46 47 48 50 53 54 55 56 60 63 64 65 67 68 70 71 72 73 74 75 77 78 80 83 84 86 87 88 90 91 92 93 94 95 96 97 99 100 101 102 103 104 106 107 108 109 113 114 115 118 119 120 125 126 128 129 130 132 133 134 135 137 138 139 140 144 146 147 150 151 152 153 155 156 158 159 160 161 163 164 165 166 168 169 170 171 172 173 175 176 178 179 180 182 187 190 191 193 194 195 196 197 198 199 200
11 61 12 13 15 17 20 22 25 27 28 29 30 31 32 33 36 37 38 39 40 41 44 47 50 52 53 55 56 57 60 61 62 64 66 67 69 70 72 73 74 75 76 81 83 86 87 88 89 90 91 92 93 94 95 96 97 98 99 100 101 102 105 106 107 108 110 112 114 117 118 119 122 128 129 136 137 138 139 141 142 144 145 148 151 152 155 156 157 160 162 163 170 172 176 177 178 179 181 184 185 186 189 191 194 195 197 198 199 200
12 33 14 15 16 18 19 20 21 22 23 25 27 28 32 33 35 36 37 38 40 45 46 47 49 51 53 54 55 56 57 58 59 60 62 65 69 70 72 75 76 77 78 80 81 82 85 86 87 89 90 93 95 97 102 104 105 106 107 109 110 113 114 115 117 118 119 122 123 126 127 129 131 133 136 137 138 139 142 143 145 147 149 150 151 152 153 155 156 157 158 159 160 161 163 164 167 170 171 174 175 178 182 183 184 185 187 189 190 191 192 193 194 195 196 198 200
13 68 14 15 16 17 19 21 26 27 32 33 36 37 38 40 41 45 47 48 50 53 54 55 60 62 63 64 67 68 69 71 72 75 76 77 79 82 84 86 87 88 90 93 94 95 99 100 102 103 104 105 106 108 110 116 118 122 124 125 130 132 133 134 135 136 137 138 139 140 141 143 144 145 146 149 151 154 155 156 158 160 161 162 163 164 165 166 167 170 171 174 175 177 180 181 182 184 185 186 187 188 189 190 193 194 195 197 199
14 57 15 17 18 21 22 24 28 29 30 32 33 36 37 38 39 41 42 43 44 45 47 48 49 50 51 53 55 58 62 64 66 70 72 73 75 76 78 81 82 83 85 87 88 91 92 93 95 99 100 101 102 107 108 110 112 113 114 115 116 117 118 119 120 121 122 123 124 126 130 131 132 134 135 136 138 139 141 142 143 147 150 152 154 156 157 161 165 167 169 171 172 173 176 177 179 180 183 185 186 187 188 189 190 192 194 197 198 199
15 90 18 19 20 21 24 25 26 28 29 30 31 33 43 44 48 49 50 51 52 53 56 58 60 61 65 66 67 68 70 71 72 73 74 75 76 77 78 79 81 83 84 86 87 88 89 90 93 97 98 100 102 103 106 107 108 109 112 113 115 116 117 119 121 125 127 128 130 131 133 136 137 139 141 144 145 146 148 150 151 152 153 154 155 156 157 159 161 163 169 170 171 175 178 179 180 182 184 186 187 189 190 192 193 197 198 199
16 99 17 18 19 23 24 25 26 27 32 33 34 35 37 39 40 41 42 43 44 45 46 47 50 51 52 53 55 57 58 59 60 64 65 66 67 68 69 70 72 73 75 76 78 79 81 82 83 85 87 88 89 90 91 95 96 97 98 102 105 106 109 110 111 113 114 115 118 121 122 123 125 126 130 131 132 134 135 137 138 139 140 143 144 149 157 159 161 163 165 166 168 169 170 171 172 173 174 175 176 177 179 180 181 182 184 185 186 187 189 193 194 197
17 40 18 19 20 21 22 23 24 25 28 29 30 32 34 37 38 40 41 42 45 46 47 50 52 54 55 56 57 58 59 60 61 62 63 64 65 67 68 69 70 71 72 76 77 78 79 83 84 86 89 90 91 93 94 97 98 100 101 105 107 109 110 111 112 115 116 118 119 120 122 124 125 127 128 129 130 132 134 136 138 143 144 145 147 148 149 151 154 156 157 160 161 162 165 166 167 168 170 174 175 176 177 180 181 182 183 184 185 186 187 188 189 191 194 196 197 200
18 41 19 21 24 25 26 32 33 34 35 38 39 41 42 45 47 48 49 50 51 53 55 56 61 63 65 70 71 77 78 81 85 88 89 90 96 97 98 99 100 102 103 106 108 111 113 116 117 118 119 120 122 123 124 125 126 127 131 132 133 134 135 136 138 139 140 141 144 145 148 149 150 151 152 158 159 161 162 163 166 167 168 169 170 171 173 174 175 176 179 180 182 184 185 188 189 190 191 195 198 200
19 26 25 26 27 28 29 30 31 33 34 35 38 39 41 42 43 45 46 47 49 52 54 55 56 57 58 60 62 63 65 66 70 71 72 77 78 79 81 84 85 86 87 88 89 90 92 93 97 98 99 100 101 105 107 108 110 111 115 116 117 121 122 123 126 128 129 130 131 132 133 134 137 138 139 141 150 151 153 156 159 160 161 162 163 165 169 170 172 176 179 180 181 185 186 187 189 190 191 193 194 195 197 200
20 55 21 23 24 25 28 30 31 32 33 34 35 36 38 39 41 42 43 45 46 48 49 50 51 52 53 55 56 57 59 60 62 63 64 66 67 68 69 70 71 72 75 76 77 78 81 82 86 87 88 89 90 93 95 96 97 98 101 102 103 105 107 110 111 112 113 114 115 116 117 120 121 123 125 126 127 129 130 132 138 139 140 142 143 144 145 146 147 149 150 151 152 155 156 157 158 160 162 168 169 170 171 174 176 177 178 179 181 182 183 185 188 191 193 195 197 199
21 55 24 26 29 31 34 36 37 38 40 42 44 45 46 47 52 53 55 56 57 58 60 61 62 63 64 65 66 67 68 69 71 74 75 76 77 78 81 84 86 88 89 90 92 93 94 95 96 97 98 99 101 103 104 105 106 107 108 109 110 112 115 116 117 118 119 120 121 122 123 125 126 127 128 129 132 133 134 135 142 144 145 147 148 150 154 155 157 159 160 162 163 164 165 166 167 168 169 171 173 174 175 176 177 181 182 183 184 185 187 188 190 191 192 193 195 196 197 198 199 200
22 34 27 31 32 33 34 37 38 40 41 42 43 45 46 50 51 54 56 57 58 59 60 61 63 64 67 68 69 70 71 73 74 76 78 79 82 83 86 88 90 95 96 98 99 105 108 109 110 114 115 117 118 120 121 122 124 126 127 129 130 131 132 134 135 136 137 139 142 143 145 147 148 150 151 153 154 155 156 157 158 160 162 165 166 167 169 171 172 173 174 176 177 180 182 183 184 185 186 187 190 191 192 193 194 195 198 199 200
23 61 24 25 26 27 28 30 31 33 37 38 40 42 43 44 46 47 48 50 52 55 57 58 59 62 64 65 66 67 70 71 76 78 79 81 84 86 87 88 92 93 95 97 98 102 103 104 105 109 111 112 114 116 118 119 120 123 124 126 128 130 131 132 133 135 136 141 142 143 144 145 146 149 150 151 152 153 154 155 156 158 159 160 162 163 164 165 167 170 171 173 174 175 176 177 178 179 180 183 184 185 186 187 189 190 191 192 193 196
24 20 25 26 27 28 30 32 33 34 35 37 38 39 40 41 43 44 46 47 48 49 50 52 53 55 58 60 61 63 65 70 71 75 76 78 80 81 82 84 85 88 89 91 93 94 98 101 102 103 104 105 106 107 108 109 110 111 113 119 124 126 127 128 129 130 131 132 133 134 135 137 140 143 146 149 150 152 155 157 158 161 164 166 167 168 169 170 171 172 173 175 176 177 178 180 182 183 185 186 187 188 189 191 192 193 197 198
25 93 26 30 33 36 37 38 39 41 42 43 45 46 47 48 50 51 52 54 56 60 61 63 69 70 72 73 74 76 77 78 79 81 82 85 86 90 91 93 94 95 97 98 100 101 103 105 107 109 111 112 113 114 117 118 119 120 121 122 123 124 125 129 131 133 135 137 138 139 140 142 144 147 148 149 150 151 153 154 155 157 158 161 163 164 165 167 171 174 175 177 179 180 181 184 185 186 187 188 190 192 193 194 195 196 197 198 199 200
26 24 27 29 30 31 32 34 35 36 37 41 42 45 46 48 50 55 56 60 61 63 64 66 68 69 70 71 75 77 78 79 81 82 83 84 85 86 87 88 89 91 93 95 96 97 101 104 105 106 107 108 109 110 111 112 114 116 117 119 120 121 122 123 125 126 127 128 129 130 131 132 133 135 136 137 138 141 142 144 145 146 147 150 153 155 157 161 164 165 166 168 170 171 172 173 175 176 177 179 180 182 183 184 186 188 189 191 192 194 196 197 198 200
27 62 30 32 34 36 39 40 43 45 46 49 51 53 54 56 59 60 63 64 68 69 70 71 72 74 75 78 80 81 83 85 86 88 89 90 91 92 93 94 97 98 100 101 102 105 106 108 109 111 112 116 117 118 121 123 125 127 131 132 133 134 135 137 138 139 140 143 146 147 149 152 155 156 157 158 160 161 163 165 166 167 168 170 173 174 176 177 178 179 184 185 186 187 191 192 193 194 195 196 197
28 53 31 32 33 34 36 38 39 42 43 44 45 46 47 50 51 52 54 55 56 60 61 63 64 66 68 70 71 72 73 74 76 77 78 79 83 84 86 88 89 90 91 92 94 95 96 99 100 102 103 104 105 107 109 110 111 112 113 116 118 120 121 122 123 125 126 127 131 132 133 134 136 137 138 139 141 144 146 147 149 150 151 152 153 155 156 157 161 163 164 165 166 167 168 169 170 173 174 176 177 180 183 184 186 188 191 194 195 196 197 199
29 53 30 32 34 37 38 40 42 43 46 48 50 52 53 55 56 57 58 61 66 67 69 70 71 72 73 74 77 78 79 80 84 86 88 89 90 91 94 95 99 100 101 102 103 105 106 107 108 109 110 112 113 118 119 120 124 126 127 128 130 132 133 134 135 136 137 139 141 143 145 146 147 148 150 155 156 157 164 168 170 174 175 176 177 179 180 181 182 183 185 186 188 191 194
30 50 31 33 34 35 36 37 40 43 47 48 51 52 53 55 56 57 58 59 60 61 65 66 67 72 74 76 77 78 81 84 87 89 91 93 95 96 97 99 100 101 104 105 106 107 109 110 114 115 116 117 118 119 120 121 123 125 127 128 130 132 134 136 138 139 141 142 144 146 147 149 150 151 155 157 162 165 166 167 168 170 171 173 174 175 176 177 178 179 181 182 183 184 186 187 188 192 193 196 198 199
31 33 32 34 35 36 38 40 42 43 44 45 47 49 50 54 55 56 57 58 60 62 63 64 66 69 71 72 73 74 76 79 80 81 83 84 85 86 89 90 92 93 94 96 100 101 103 104 106 108 110 112 113 115 117 123 124 128 130 132 133 135 137 138 139 142 143 146 149 150 151 152 154 155 156 158 159 160 161 163 165 166 167 168 170 173 175 176 177 179 180 181 182 185 187 188 189 190 193 195 196 199 200
32 46 33 37 43 44 47 48 50 51 55 57 58 60 61 63 67 70 72 73 75 76 78 79 80 85 87 88 89 90 91 92 93 95 97 98 100 102 103 104 105 108 109 110 111 112 114 116 117 118 119 121 122 123 124 125 127 129 130 132 133 136 137 138 140 141 143 144 147 149 150 152 154 155 156 157 158 161 162 167 169 170 171 173 174 176 178 180 181 182 183 184 185 186 187 188 189 190 191 192 193 194 197
33 88 37 38 39 40 41 42 43 44 46 47 49 50 53 54 55 56 58 59 63 64 65 67 68 69 71 74 76 78 80 81 83 85 86 87 89 90 91 92 93 94 95 97 98 103 104 106 107 109 110 112 113 114 115 118 119 120 121 122 123 125 126 127 128 129 130 132 136 138 140 141 142 143 145 150 152 154 155 157 160 161 162 163 164 166 169 170 171 172 173 174 176 177 178 180 183 185 187 188 189 191 193 194 196 197 199 200
34 30 37 38 39 41 43 45 48 49 50 51 52 53 54 55 56 57 58 61 63 64 65 66 67 71 73 74 75 76 77 78 79 80 81 82 85 86 90 91 92 93 94 95 99 100 101 102 103 105 107 108 111 112 113 114 115 116 119 120 121 122 123 124 125 126 128 130 131 132 133 138 139 141 142 145 146 149 150 151 154 156 158 160 161 162 166 168 169 170 173 176 178 180 181 184 186 188 189 190 192 195 196 199
35 90 36 38 39 40 42 49 50 52 53 55 56 60 61 62 63 64 65 67 70 71 72 74 76 78 79 81 82 83 84 86 87 93 99 100 101 102 103 105 106 108 110 112 114 115 117 119 120 122 123 124 125 126 132 134 137 139 142 144 145 146 149 153 155 157 158 159 160 162 163 164 165 166 167 171 172 174 175 179 181 183 184 186 187 188 190 191 192 193 194 195 196 197 198 199 200
36 21 41 45 46 47 48 50 51 53 54 55 56 59 60 62 63 64 67 69 72 73 74 76 79 80 81 82 83 84 85 86 88 93 94 98 99 101 103 105 111 112 113 117 119 121 122 123 124 126 127 129 130 132 133 134 135 136 138 139 141 142 143 144 145 146 147 149 151 152 153 154 155 157 158 162 164 165 166 168 170 173 176 179 181 182 184 186 187 191 192 194 198 199 200
37 58 39 40 42 44 45 46 49 50 51 52 53 54 55 56 58 59 60 62 64 65 68 69 70 73 74 75 77 78 79 81 83 84 85 86 87 88 89 90 97 98 99 105 107 108 109 112 116 118 119 121 122 129 130 131 132 134 136 137 141 143 146 147 149 150 151 152 153 154 157 159 161 162 163 164 166 169 172 174 175 176 178 179 180 181 182 185 186 187 191 192 193 195 200
38 97 39 45 51 53 55 56 58 59 64 65 66 67 68 69 71 74 76 78 80 82 83 84 85 86 87 88 90 91 92 98 99 100 101 102 103 105 108 109 110 111 115 120 121 125 126 127 128 129 132 133 136 138 140 141 142 144 147 148 149 150 152 153 154 158 160 161 162 163 165 166 167 168 170 171 172 173 176 177 184 185 187 188 190 192 193 194 197 199
39 95 41 43 45 46 47 51 53 56 57 60 61 64 66 67 68 69 70 71 73 74 75 78 79 82 83 84 88 89 90 94 96 97 98 99 102 105 106 107 109 110 111 112 114 115 118 119 120 121 122 124 126 132 133 137 142 145 146 147 149 150 151 154 156 157 159 160 164 166 167 168 170 171 172 173 174 175 176 177 180 183 187 191 192 193 194 195 196 197 198 199 200
40 44 43 44 45 48 51 55 56 57 60 65 66 69 72 73 75 76 78 79 80 82 83 85 86 87 88 89 93 94 95 96 99 100 101 104 105 106 108 109 110 111 114 115 118 119 121 122 123 126 129 130 131 132 133 134 135 137 139 140 141 143 146 147 148 149 150 151 152 153 154 156 157 159 160 161 163 164 166 168 169 170 173 174 177 180 181 184 185 187 192 193 194 196 197 199 200
41 25 43 45 47 48 49 50 54 56 57 59 63 65 66 67 68 71 75 76 80 81 82 85 87 88 89 90 91 93 94 98 100 101 102 103 105 107 109 110 111 113 115 117 118 119 120 121 123 124 126 127 130 134 135 138 139 140 141 145 146 148 149 150 151 152 153 155 156 157 159 160 162 164 166 167 168 169 170 176 180 181 182 183 184 185 187 188 189 190 191 192 194 197 198 199
42 41 44 45 46 47 48 49 51 53 54 55 56 57 59 60 61 62 63 64 69 70 71 72 76 79 80 82 84 85 87 90 91 94 96 97 99 101 102 103 104 106 107 112 113 115 119 120 121 122 125 126 128 129 130 131 132 133 134 135 136 138 140 141 142 143 147 151 153 155 158 160 161 162 163 164 165 167 169 170 172 174 176 177 178 179 180 181 184 185 188 190 193 194 195 197
43 52 44 46 47 48 50 51 52 56 57 58 60 62 63 64 65 67 68 69 70 71 72 73 74 75 76 77 78 79 81 82 83 84 85 86 87 88 90 91 92 93 94 96 97 99 101 102 103 104 105 108 109 110 112 113 114 115 116 118 120 121 122 123 125 126 128 129 131 132 133 134 139 140 143 144 145 150 155 156 158 160 161 164 165 166 167 169 173 175 176 177 179 181 182 184 186 187 188 190 193 194 195 196 198 200
44 73 45 46 48 49 50 51 52 54 56 58 59 60 64 70 71 73 74 76 78 80 81 82 85 87 89 90 92 94 95 99 100 101 103 104 108 109 111 113 115 116 117 119 120 122 123 127 128 129 130 131 132 133 134 138 139 140 141 147 150 151 153 155 156 159 160 161 164 166 167 170 172 174 176 177 178 182 185 187 190 191 193 196 199 200
45 84 46 49 50 51 52 53 54 55 56 57 59 62 63 64 65 66 68 69 73 76 77 78 79 81 82 83 84 85 86 87 88 89 90 98 99 101 102 103 104 105 106 107 110 114 115 116 117 119 120 122 124 126 127 128 129 131 132 133 135 136 138 139 140 142 145 148 149 153 154 156 157 158 159 160 161 162 163 164 166 168 169 171 172 174 177 179 181 182 185 187 188 192 196 197 199 200
46 40 49 52 54 56 57 60 62 64 65 66 67 71 74 76 79 80 81 82 83 86 87 88 92 97 98 99 101 104 112 113 116 117 118 122 123 124 126 127 128 129 132 134 136 139 144 145 146 147 150 151 152 153 155 158 159 160 161 163 165 166 168 172 173 176 177 180 181 182 183 184 185 187 188 189 190 191 193 194 195 196 197 198 199 200
47 30 50 51 53 55 58 60 63 65 66 71 72 73 75 76 77 79 80 83 85 86 87 88 91 93 94 95 97 99 100 101 102 103 104 105 106 107 116 117 118 119 120 121 122 123 125 126 127 129 130 131 134 135 136 138 139 140 141 142 144 147 148 149 150 152 156 157 158 159 160 162 165 167 168 169 171 172 174 176 177 178 181 182 184 185 186 189 191 194 195 196 197 198 199
48 77 49 50 51 52 53 54 55 58 60 61 63 64 65 66 67 70 71 73 74 76 77 79 80 81 82 84 85 86 90 91 93 95 97 99 101 102 103 104 105 107 108 109 113 116 117 118 122 124 128 131 134 135 136 137 138 142 143 145 148 150 151 152 153 156 158 159 162 164 166 167 168 169 170 171 174 175 176 177 179 180 182 183 184 186 188 190 191 192 193 194 198 200
49 93 53 54 57 58 60 62 65 67 68 70 74 75 76 78 80 82 83 84 85 87 89 90 92 93 96 97 98 99 100 102 103 104 109 112 114 116 117 118 121 122 128 130 134 135 136 138 139 140 141 143 144 145 146 147 148 151 152 153 154 155 157 158 160 161 163 164 165 167 168 169 171 172 174 177 178 179 180 185 186 187 188 191 192 193 194 195 197 198 199
50 54 51 52 53 55 56 57 58 59 60 61 62 63 67 68 69 70 71 72 73 74 75 77 78 79 80 82 83 84 88 89 91 92 95 96 99 101 102 103 105 106 111 112 114 115 116 123 125 126 128 131 132 133 134 135 138 141 142 143 147 148 150 152 153 155 157 158 159 160 161 162 163 164 166 169 170 171 173 176 177 179 183 185 187 188 189 190 191 193 195 199 200
51 53 52 53 54 55 56 57 59 60 61 64 65 67 69 70 71 72 73 74 75 76 79 80 82 83 84 85 87 89 90 91 92 93 97 98 99 102 103 104 108 109 110 111 112 113 114 116 117 118 119 120 121 123 124 125 126 128 129 131 133 134 135 136 138 139 140 141 144 145 146 147 148 151 152 153 154 155 156 157 158 161 164 167 169 170 172 173 174 175 176 178 179 180 182 183 184 185 188 189 191 193 195 198 200
52 86 57 59 61 62 63 68 69 70 72 73 74 75 77 78 79 80 81 82 84 85 86 87 89 90 92 93 95 97 98 100 102 105 107 111 112 115 117 121 122 123 125 126 127 130 133 136 139 140 144 145 146 147 148 149 152 155 157 158 160 161 162 163 164 172 174 175 176 177 178 179 182 183 186 187 188 189 192 193 194 195 196 197 199
53 98 55 60 61 62 64 67 68 69 70 75 76 77 80 81 82 83 84 85 86 90 91 92 93 94 95 97 98 100 102 103 104 105 107 108 109 110 111 113 114 115 116 118 120 122 123 124 125 129 130 131 132 133 134 136 137 140 142 144 146 147 149 150 151 152 153 157 158 163 165 166 167 169 170 172 173 174 176 177 178 179 180 184 186 187 191 192 193 195 196 197 199
54 60 55 56 58 61 62 64 66 70 71 73 75 76 77 78 81 83 85 86 92 93 95 99 100 102 106 109 113 116 119 121 123 125 126 128 129 130 135 136 137 140 141 142 144 145 146 148 151 152 154 155 156 157 158 159 162 165 166 167 168 169 170 172 173 174 176 178 180 181 184 185 187 188 190 191 193 194 196 197 198 200
55 34 56 58 59 61 62 63 64 65 66 67 72 73 74 75 76 79 80 81 85 86 89 91 94 95 98 102 103 104 106 108 110 111 113 117 119 120 121 123 125 126 130 131 134 136 137 138 139 142 144 147 150 155 157 158 160 162 163 164 165 167 168 169 171 172 173 174 175 176 177 178 179 183 184 186 187 188 189 190 192 194 195 196 197 199 200
56 36 57 59 60 62 65 66 67 69 70 71 72 74 76 79 80 81 82 84 87 88 89 91 94 95 96 102 107 112 113 114 115 117 118 119 121 122 123 124 125 127 128 129 132 134 138 142 143 144 145 146 147 148 150 151 153 154 155 156 158 162 163 165 166 170 171 172 173 174 175 176 177 179 181 183 184 185 186 187 189 190 191 194 195 197 198
57 79 58 59 60 61 65 66 67 69 70 72 74 75 76 80 81 85 86 87 89 90 91 92 94 98 99 100 101 108 109 110 111 112 113 114 116 117 118 121 122 123 125 127 134 135 137 138 141 142 144 147 149 151 152 153 155 156 160 161 162 163 164 166 168 171 172 173 174 177 178 179 181 182 183 188 189 190 191 192 193 196 198 199
58 59 65 66 69 70 72 74 75 76 79 81 82 83 84 85 86 87 90 92 93 94 95 96 98 99 100 101 103 104 106 107 108 109 110 112 114 115 116 117 118 120 121 122 123 124 125 127 128 129 131 132 133 134 135 136 137 139 141 142 147 148 150 151 152 154 156 158 160 161 164 166 167 168 169 170 171 172 175 177 178 179 182 183 184 185 186 187 188 190 193 197 198 199 200
59 28 61 63 64 65 67 68 69 70 71 74 75 78 82 83 85 86 87 89 90 92 93 94 95 96 97 98 99 101 106 107 108 109 111 113 114 117 120 121 123 124 126 130 135 137 138 139 140 141 143 145 147 150 154 155 156 157 159 160 161 162 163 164 165 166 167 170 171 172 173 174 175 176 177 178 179 180 182 184 185 188 190 192 193 194 196 197 198 199 200
60 39 63 65 66 68 69 71 74 75 76 78 80 81 83 84 85 86 87 88 89 90 91 92 94 95 97 98 101 102 105 106 108 111 112 114 115 117 119 120 121 122 123 124 125 127 129 132 134 135 137 138 141 142 143 145 147 150 151 156 161 162 163 165 166 168 169 170 172 173 175 178 183 185 186 187 188 190 191 192 193 194 196 198 199 200
61 47 62 64 65 70 76 77 79 80 81 82 85 86 88 89 91 92 101 102 104 105 107 110 113 114 115 116 117 119 122 123 125 127 128 129 130 131 133 136 138 139 141 143 145 148 149 150 152 153 157 158 159 160 163 164 165 166 167 168 169 170 171 173 174 175 176 177 178 179 180 184 187 188 189 190 192 194 195 196 197 198
62 79 64 65 67 68 69 70 71 74 75 78 80 82 83 84 85 86 89 90 92 93 94 96 97 98 100 102 104 105 108 109 110 112 113 114 115 119 121 123 125 126 127 130 131 135 142 143 144 146 148 149 151 153 156 157 160 161 169 170 172 173 174 176 180 182 183 184 185 187 188 190 194 195 196 197 199 200
63 65 65 67 68 69 70 71 72 73 75 78 79 80 82 85 88 91 94 95 96 98 103 104 106 108 113 114 115 118 119 121 122 123 127 128 130 133 134 135 137 138 139 140 141 143 144 146 148 149 153 154 155 158 159 162 163 164 165 166 167 169 170 171 172 174 176 178 181 182 183 184 185 188 190 191 193 196 199 200
64 44 66 67 68 70 72 73 74 76 78 79 80 81 82 84 85 86 88 93 94 95 96 97 99 101 102 103 105 107 111 117 118 119 121 122 123 124 127 128 129 131 132 133 134 137 138 139 140 142 143 145 146 148 149 150 152 153 154 156 157 158 159 161 162 163 164 165 166 167 168 174 177 178 179 180 181 184 185 186 188 190 192 193 194 195 197
65 94 66 67 70 71 73 74 75 76 77 80 81 82 83 84 85 88 89 90 91 92 93 94 97 102 103 105 107 111 113 114 115 117 118 120 126 129 131 132 136 137 138 140 141 142 143 144 146 147 149 150 152 153 154 155 156 157 158 159 161 162 164 166 170 171 172 173 176 179 181 182 183 186 187 188 189 190 191 192 193 194 195 196 199 200
66 64 67 71 72 76 77 78 80 81 83 85 87 89 90 92 94 100 107 108 110 111 114 115 116 118 122 126 127 128 129 130 132 138 140 141 143 144 147 150 151 155 156 157 159 161 164 166 167 168 169 170 171 172 173 175 176 179 181 184 185 189 191 192 193 196 199
67 80 69 70 71 72 73 76 77 78 79 82 90 92 94 95 97 98 99 100 101 103 105 106 108 109 110 111 112 113 114 116 117 118 119 120 121 122 124 125 128 129 130 132 133 134 135 137 138 141 142 144 145 146 147 153 154 157 158 159 160 161 162 165 167 168 169 170 172 174 175 178 179 180 182 183 184 187 188 190 191 192 193 194 195 196 198 199
68 87 69 70 71 74 75 77 78 79 81 82 84 85 87 88 90 93 96 98 101 102 103 104 105 107 110 111 112 114 115 119 120 121 124 125 126 128 129 132 133 134 136 137 138 139 141 144 145 146 147 149 151 152 155 158 163 165 169 170 171 172 173 174 175 176 177 179 180 185 186 187 190 193 195 198 200
69 58 70 71 72 75 77 78 79 80 82 83 85 89 92 93 97 101 103 104 105 106 107 108 110 111 114 115 116 118 120 121 122 123 124 126 128 129 131 132 133 136 138 139 140 141 143 144 145 147 150 151 155 157 160 162 164 165 166 167 168 171 173 174 177 179 180 181 182 183 184 190 191 192 193 195 197 199
70 60 71 73 75 76 81 82 83 85 88 91 96 99 100 101 102 108 110 111 112 113 114 116 117 118 120 121 123 124 125 127 129 130 131 135 136 137 138 140 141 142 143 144 146 151 152 153 155 156 157 158 164 165 166 168 169 170 174 175 176 177 178 179 180 181 182 183 185 186 192 193 194 196 197 198 199
71 100 72 73 74 75 76 79 82 84 85 86 87 89 90 94 95 96 98 99 104 107 111 116 117 121 122 123 124 126 127 128 131 132 134 136 138 139 140 141 142 143 146 147 150 151 153 154 155 157 160 161 164 166 167 168 169 170 171 172 177 178 180 181 182 184 185 186 187 189 190 191 192 193 194 196 197 199
72 26 74 75 76 79 81 83 84 85 87 88 89 92 98 99 100 103 104 105 106 107 108 109 110 111 112 116 117 119 120 121 123 124 125 126 127 128 129 131 133 134 135 137 139 140 141 146 150 151 153 154 159 161 163 167 168 169 172 173 175 177 179 181 182 184 186 187 188 189 190 191 194 195 196 197 198 199 200
73 88 74 75 76 77 79 82 83 84 85 86 88 89 91 93 95 96 97 98 99 101 105 106 107 108 111 112 113 117 118 119 122 123 126 129 131 132 133 134 138 140 141 142 144 146 147 149 150 152 155 156 157 158 161 162 164 166 167 168 169 170 171 172 174 175 176 179 180 185 186 187 190 192 193 194 195 197 200
74 86 76 77 79 80 82 84 85 86 87 90 91 92 94 95 96 97 101 103 104 105 108 109 110 111 112 113 114 115 117 119 122 123 124 125 126 127 128 129 130 131 133 135 136 137 138 140 141 143 144 145 147 148 149 152 153 154 156 157 159 163 167 169 170 171 173 174 175 176 177 181 183 185 186 187 189 191 192 193 196 197 199 200
75 77 76 78 82 90 91 92 93 95 96 97 101 102 103 104 107 108 109 110 112 113 115 116 118 121 127 129 130 131 132 133 135 137 139 142 143 147 148 149 152 155 156 157 159 161 162 163 164 166 167 168 170 171 172 174 175 177 178 180 181 182 184 189 190 191 192 195 196
76 27 79 80 85 87 89 90 91 92 93 99 100 101 103 104 105 106 107 108 109 110 111 112 116 117 118 119 120 121 122 123 124 125 127 128 130 131 132 133 134 135 137 138 140 141 142 148 149 150 153 156 157 159 161 162 164 165 166 169 170 172 174 178 179 181 182 183 184 185 188 189 191 192 193 195 196 197 198 199 200
77 81 78 81 82 84 85 86 88 89 92 94 96 97 99 101 102 103 107 108 109 110 111 115 116 120 121 122 123 124 125 130 131 132 134 136 137 139 150 151 152 153 154 155 156 157 158 163 164 165 166 168 170 171 176 178 179 186 188 189 191 193 194 197 199
78 23 81 83 84 85 86 88 89 91 92 94 96 97 98 101 102 106 107 108 110 112 113 114 115 116 117 121 122 123 124 127 131 132 134 136 137 138 140 141 144 145 146 147 149 150 151 152 154 155 157 159 162 164 165 171 174 175 176 177 179 180 182 183 184 185 187 188 191 195 196 199 200
79 67 80 82 83 87 88 89 90 92 94 95 96 97 98 99 100 102 104 105 106 108 109 110 113 114 117 121 122 127 128 130 131 132 133 134 135 136 138 139 140 141 142 143 147 148 149 151 156 157 158 159 160 161 165 166 167 168 170 174 175 176 177 178 180 181 184 187 188 189 191 192 193 194 195 196 199 200
80 54 82 84 89 91 92 93 96 97 99 100 101 102 103 104 105 106 108 109 110 112 113 116 117 118 119 121 129 132 133 134 136 138 139 140 141 142 146 147 148 149 150 151 152 153 155 157 160 161 162 164 165 168 170 171 172 174 175 176 177 181 183 184 186 187 189 190 191 192 195 196 197 198 199
81 98 83 84 86 88 89 91 92 93 96 98 99 102 104 105 110 112 117 118 120 123 125 126 127 129 131 132 133 134 136 138 140 141 144 145 146 149 150 151 152 153 154 155 157 159 160 161 162 163 166 167 171 172 173 174 176 179 181 182 183 184 185 188 189 190 191 193 196 197 200
82 41 84 86 89 90 95 101 102 103 104 108 111 112 116 119 120 122 123 125 127 128 130 135 136 138 139 140 141 142 143 145 146 149 150 151 154 155 157 158 159 160 161 163 164 166 167 168 172 173 174 175 177 180 184 185 186 188 189 191 193 194 196 198 200
83 90 84 86 87 90 92 94 95 97 98 99 100 101 102 103 104 105 106 107 108 109 112 113 114 116 117 118 120 123 124 126 127 128 129 132 133 136 137 138 139 141 142 143 144 145 147 148 150 151 152 156 157 158 160 161 162 165 166 167 169 170 171 172 173 175 176 178 182 183 184 185 186 188 190 191 192 193 194 196 197 198 200
84 38 85 88 89 90 91 93 94 97 99 100 101 103 104 105 107 108 109 111 112 113 118 120 123 125 128 130 131 132 134 135 136 139 140 141 142 143 144 145 146 147 148 149 151 154 156 157 158 160 161 162 163 166 168 170 171 173 176 177 178 179 180 181 182 184 185 186 187 188 191 192 194 195 196 197 199
85 23 89 90 91 92 94 95 97 100 101 104 106 107 110 112 113 114 115 116 117 118 119 121 123 125 126 132 133 137 138 140 141 142 143 144 148 153 155 156 158 159 160 161 163 164 165 166 167 168 169 170 172 174 176 177 179 180 182 183 184 185 187 192 193 195 197 198
86 40 90 92 93 94 100 101 104 105 107 108 109 110 111 114 116 118 121 122 123 124 127 128 129 130 132 133 134 136 137 140 144 146 148 150 155 156 157 158 159 160 161 165 166 167 168 169 170 171 172 173 174 176 177 178 179 182 183 185 188 189 191 192 193 194 195 197
87 41 89 90 91 92 93 94 95 96 97 98 102 103 106 107 108 109 110 111 112 113 114 115 116 118 119 120 121 125 126 127 128 129 132 133 134 137 138 140 143 144 148 149 152 154 156 160 162 163 165 166 169 170 172 173 174 175 176 178 179 181 183 184 185 186 190 191 193 194 195 196 197 199
88 100 92 93 94 95 97 98 99 100 101 103 104 105 106 108 109 110 111 112 116 117 119 120 121 125 126 127 129 130 131 136 137 138 139 140 141 142 144 146 148 150 151 152 155 156 158 159 160 161 163 165 168 169 172 173 174 175 178 180 182 183 184 185 186 189 190 191 192 193 194 196 197 199 200
89 36 90 92 94 95 96 99 100 101 104 106 109 112 114 115 116 117 118 121 122 123 125 126 127 130 132 135 136 137 138 141 142 143 144 145 147 149 151 152 153 154 155 156 157 158 159 160 162 163 164 165 166 169 171 173 175 177 179 180 181 184 186 187 191 194 195 196
90 79 91 93 95 96 97 98 101 103 104 105 106 107 109 110 111 112 113 114 117 118 119 120 122 124 125 126 127 128 132 136 138 139 141 146 148 149 150 151 152 153 158 162 165 167 168 169 171 172 173 176 180 182 186 187 190 191 192 197 199 200
91 21 93 94 95 96 97 98 100 102 105 106 108 109 111 114 115 116 120 121 122 123 124 125 131 132 133 137 138 139 140 142 143 144 145 148 151 152 154 155 157 158 159 160 161 162 164 166 167 168 169 170 173 175 176 177 178 186 187 188 191 192 193 194 195 196 198 199
92 90 93 98 99 101 104 105 106 107 110 111 113 115 117 118 119 120 122 125 127 131 132 133 136 137 141 142 143 144 145 148 149 152 153 154 155 157 158 159 160 161 165 166 167 170 174 177 180 182 183 185 187 188 190 191 192 193 194 200
93 65 95 96 97 98 99 100 101 104 105 109 110 112 113 115 116 117 118 120 121 122 123 124 125 128 132 136 138 142 144 145 146 147 149 151 152 153 155 156 159 160 161 164 168 171 173 175 178 179 180 181 183 184 185 187 188 189 196 198
94 27 98 99 101 104 105 106 107 109 110 113 114 116 118 121 122 125 127 128 129 131 138 141 143 148 149 150 152 153 154 158 159 167 171 172 177 178 179 180 181 184 185 188 190 193 196 197 199
95 37 96 99 100 102 103 104 105 106 107 108 109 111 113 114 115 117 119 121 122 124 125 126 128 129 130 136 141 142 143 144 145 146 147 150 151 154 157 159 161 162 165 166 167 168 169 171 172 173 177 180 181 183 185 186 187 188 192 193 194 195 200
96 75 97 99 100 101 105 106 107 109 110 111 112 118 119 121 122 123 124 125 126 127 128 129 130 134 139 141 144 145 146 147 148 150 151 154 155 156 157 159 160 161 162 163 166 168 169 170 173 176 177 178 179 181 182 183 186 187 189 190 191 194 195 196 197 198 199
97 39 98 99 100 102 106 107 108 109 110 111 113 115 116 117 121 122 123 124 126 129 130 132 133 134 135 137 138 140 142 143 144 147 148 149 150 151 152 155 156 157 158 159 162 165 167 171 172 173 174 175 176 177 178 182 183 184 185 188 189 192 193 195 197 198 199
98 85 100 102 103 104 108 109 110 112 114 115 116 117 120 121 122 123 124 125 126 127 128 129 130 131 135 136 137 139 145 149 150 151 152 153 156 157 158 160 163 164 166 168 169 173 176 177 179 181 182 185 188 189 191 192 193 194 196 197 198 199
99 49 100 101 105 106 107 109 113 114 115 116 118 120 122 124 125 126 128 132 133 134 135 137 141 142 147 148 149 150 151 153 154 156 158 159 161 162 164 165 171 174 175 176 177 178 180 181 184 185 186 187 190 194 197 198 199 200
100 57 101 102 103 105 106 108 109 110 111 112 115 116 118 119 121 122 123 124 125 126 127 129 131 133 134 137 139 141 142 143 144 145 146 147 148 149 151 152 153 154 156 157 158 159 160 161 162 163 165 166 168 169 170 172 173 176 177 184 185 186 187 188 192 193 195 196 198 199
101 84 102 104 108 109 110 111 112 113 114 115 116 118 120 123 124 125 127 131 132 135 136 137 138 139 143 144 150 151 152 154 156 158 162 163 167 168 170 173 174 175 178 179 180 182 184 185 190 191 192 193 194 195 199
102 86 104 105 109 110 111 114 116 117 119 120 121 123 124 126 128 130 133 134 136 137 138 139 143 144 145 147 148 150 151 153 154 155 156 160 161 163 165 166 167 170 172 173 174 175 176 177 178 179 181 183 184 186 189 190 193 195 196 198 200
103 64 104 105 107 108 109 111 113 114 115 116 117 119 122 123 124 125 126 130 131 136 138 140 142 143 144 145 146 151 153 154 155 156 157 158 159 161 162 165 167 168 169 172 173 174 175 177 179 180 181 182 184 185 188 189 190 192 193 195 197 198 199 200
104 89 105 106 107 108 109 111 113 114 115 117 118 120 121 122 124 125 126 127 129 131 132 136 137 138 142 143 144 146 151 152 153 155 156 157 160 161 165 166 167 168 171 172 175 176 177 179 181 182 184 185 188 190 194 195 196 198
105 28 106 108 109 110 111 112 113 114 117 119 122 123 124 125 127 128 130 132 134 135 136 138 140 141 145 147 148 150 152 153 154 155 156 157 158 160 162 163 164 166 167 168 169 174 175 176 178 180 182 184 185 186 187 188 189 190 192 194 195 196 198 199 200
106 40 107 109 110 112 114 116 117 120 121 125 126 131 133 134 135 136 137 139 140 141 143 145 148 149 150 152 155 156 157 158 159 164 165 166 167 169 170 171 173 174 175 177 178 179 180 181 182 187 189 190 191 192 193 194 195 196 197
107 40 108 111 113 114 115 116 118 119 120 121 126 127 130 132 135 136 138 139 141 145 148 149 151 153 154 156 158 159 161 162 164 165 166 167 169 170 171 173 174 175 176 178 179 180 182 185 187 189 190 194 196 197 198 199
108 32 109 110 111 112 113 115 116 118 119 121 122 123 124 125 127 129 132 133 135 138 140 142 145 146 148 149 152 153 156 158 159 161 163 164 165 168 171 172 173 174 175 176 177 178 183 185 187 191 192 193 194 195 196 197 198 199 200
109 70 115 116 117 118 120 121 124 125 127 129 130 133 134 135 137 138 142 145 146 148 149 150 151 152 153 156 157 159 160 162 163 165 166 169 170 171 174 175 176 178 179 185 189 190 191 193 194 195 197 198
110 72 111 112 116 119 120 121 122 124 126 127 131 132 133 134 135 136 137 138 139 141 144 145 147 148 150 151 153 156 157 158 159 161 162 163 164 165 166 168 169 170 171 172 175 176 178 182 184 185 186 189 191 192 194 197 198 199 200
111 100 115 118 121 125 132 133 134 135 136 137 138 141 143 148 149 152 154 155 156 157 158 161 163 164 165 166 167 169 170 171 175 179 181 183 184 185 186 187 188 189 190 191 192 193 194 196 198 200
112 27 113 114 115 116 117 120 122 125 126 127 130 132 138 139 140 142 145 149 150 154 155 156 157 158 159 160 161 162 163 164 167 168 169 170 171 172 174 175 176 178 182 183 187 188 189 190 191 192 194 196 198 199 200
113 83 114 116 117 118 119 120 122 123 124 126 127 128 130 131 132 133 134 135 137 140 141 143 144 149 150 151 153 154 155 158 159 164 165 166 167 168 170 172 173 175 177 178 179 181 185 187 190 192 193 195 196 197 198 199
114 23 115 119 120 124 125 127 128 129 131 132 135 136 137 138 143 145 147 151 152 153 154 155 157 160 162 163 167 168 170 171 173 176 177 178 179 180 181 182 183 184 185 187 189 191 193 194 195 197 198 199
115 98 121 122 125 126 127 128 129 131 133 134 138 139 142 144 145 146 147 148 149 150 152 154 156 157 159 160 162 163 165 167 169 170 171 174 175 176 178 181 182 183 185 186 187 188 189 191 193 194 195 196 198 199
116 57 119 120 121 122 123 125 126 127 128 130 131 132 135 136 137 140 141 143 144 145 146 148 149 150 154 155 157 158 159 161 162 166 167 169 170 171 172 173 174 175 176 177 178 179 180 184 185 188 189 191 193 194 196 197
117 62 118 119 120 122 124 127 128 130 131 133 137 138 139 141 142 143 144 148 149 151 152 153 154 155 158 163 165 166 168 169 170 171 175 177 178 181 182 184 185 186 190 191 192 193 195
118 33 119 120 123 125 126 127 128 130 133 134 136 137 138 141 142 143 144 145 147 148 152 153 154 157 159 161 162 164 165 166 168 170 171 172 173 174 177 179 180 181 187 188 189 195 196 200
119 83 123 124 126 127 128 130 133 134 135 136 138 139 141 142 144 145 146 149 150 152 154 155 156 157 158 160 161 162 163 166 167 169 170 172 173 174 175 176 177 178 179 181 182 185 190 191 193 194 195 197 198 199
120 65 123 124 126 127 128 129 132 133 134 137 138 140 142 143 144 146 148 149 152 154 156 157 160 163 164 165 166 170 172 173 174 176 177 179 181 182 183 184 185 186 187 188 192 193 194 195 196 197 198 200
121 98 122 123 125 127 128 130 131 133 134 136 139 140 142 145 146 147 151 152 153 154 155 158 160 162 163 164 165 166 168 170 171 173 174 175 176 177 179 180 181 184 194 196 197
122 26 124 125 126 127 128 132 134 136 140 142 144 145 148 149 154 155 156 157 158 159 160 161 165 170 171 172 175 176 177 178 179 180 181 182 186 189 192 194 195 197 199
123 69 124 125 126 128 129 130 132 134 136 140 141 142 143 144 145 147 149 150 151 152 154 155 156 158 159 161 162 164 166 168 172 173 174 177 178 181 183 184 185 186 187 188 190 192 196 197 199 200
124 57 126 127 128 130 131 132 133 134 135 136 137 138 139 140 142 143 144 145 147 148 150 151 152 154 155 156 157 159 160 161 163 165 167 170 173 175 178 179 180 182 183 185 186 187 188 189 190 192 195 196 197 198
125 89 129 130 131 133 139 143 144 146 149 150 151 152 154 155 156 157 159 161 164 166 169 170 172 173 175 176 177 178 183 186 189 190 192 194 195 197 198
126 50 127 130 133 134 135 136 138 140 141 142 143 145 146 147 149 150 151 154 155 156 157 160 161 162 164 165 168 169 170 171 174 175 176 179 180 181 183 184 185 189 190 192 193 195 196 197 198
127 71 129 130 131 132 134 138 139 140 141 144 145 146 147 148 149 150 151 152 153 157 160 162 163 164 165 168 171 173 174 175 179 180 181 183 184 185 187 191 193 194 196 197 199
128 33 131 132 133 136 137 138 140 141 142 143 144 146 148 149 150 152 153 154 155 156 160 164 165 166 167 168 169 170 173 174 175 176 177 178 179 181 183 185 187 189 190 191 194 197 200
129 21 130 133 138 140 146 153 155 156 158 159 163 165 166 168 170 171 174 179 181 182 186 187 189 193 194 196 197 199 200
130 61 133 134 135 136 137 138 140 142 144 147 149 151 153 154 155 157 158 160 162 163 164 168 169 170 174 175 177 178 179 180 181 182 184 187 188 189 191 192 193 197
131 39 133 134 135 138 140 141 144 145 146 147 149 151 152 153 154 155 156 158 159 160 161 162 163 164 165 167 168 169 171 172 175 176 178 181 183 184 185 186 187 188 191 194 195 196 197 198 199 200
132 74 133 135 136 137 140 141 142 143 145 147 148 150 151 152 154 155 156 157 158 161 162 163 164 165 166 169 170 172 173 177 178 179 180 181 182 184 185 186 190 191 192 194 195 196 197 198 200
133 51 135 138 139 140 141 142 143 144 146 147 148 151 152 154 155 157 160 161 164 165 167 168 169 170 171 174 175 176 177 178 179 181 182 183 184 186 188 189 190 191 193 195 199
134 40 135 136 137 139 140 142 144 145 146 148 149 150 152 153 156 158 159 161 163 164 168 169 170 173 174 176 177 178 181 182 184 185 186 187 189 191 192 194 195 196 197 200
135 90 139 140 142 145 146 147 150 151 152 153 154 155 156 158 159 162 163 164 165 166 167 168 169 170 171 173 174 175 176 177 179 180 181 182 184 188 190 191 192 195 196 198
136 25 137 138 140 141 142 143 144 146 148 149 151 153 154 155 156 157 159 160 161 162 164 165 166 167 168 169 170 171 172 175 177 178 179 181 184 186 188 190 191 193 194 195 196 198
137 94 139 140 141 143 145 146 147 149 150 154 155 156 158 159 161 164 166 167 168 170 178 179 181 182 183 184 186 187 188 189 190 192 195 197 200
138 75 139 140 141 142 143 146 147 148 149 150 151 154 157 158 161 162 164 165 166 169 171 172 175 177 178 180 181 182 183 184 188 189 191 193 194 196 197 198 199 200
139 95 140 142 143 144 145 148 149 151 152 153 155 156 157 159 160 163 164 167 168 170 171 172 178 180 181 182 183 184 185 187 193 194 195 197 198 200
140 57 143 145 146 148 149 150 152 153 154 159 161 162 163 165 166 167 168 170 171 172 176 177 179 181 182 184 185 186 187 189 192 193 195 196 198
141 86 142 143 144 146 147 148 152 153 154 155 159 160 161 162 163 165 166 167 169 170 174 176 179 181 183 185 191 192 194 195 196 198 199 200
142 23 143 144 146 147 148 150 151 153 156 157 161 162 164 165 166 167 170 173 174 175 178 181 182 183 184 186 187 188 189 193 198 199
143 71 146 147 148 149 152 153 154 155 157 161 163 168 172 173 174 175 176 177 178 179 181 182 183 187 188 189 190 191 192 195 196 197 199 200
144 26 146 147 148 149 150 158 159 161 164 165 167 169 172 175 176 179 180 184 185 186 188 190 191 192 196 197 198 199 200
145 57 146 150 151 154 155 156 158 159 160 161 162 163 164 168 172 174 176 178 179 181 183 184 186 187 188 191 194 195 197 198 199
146 73 147 149 150 151 153 155 156 160 162 163 166 168 169 170 171 174 175 176 177 178 179 180 181 182 185 186 188 190 191 195 196 197
147 35 149 150 151 152 153 155 157 158 161 162 163 164 165 166 170 171 173 174 178 179 181 183 184 188 189 191 192 196 197 198 199
148 39 150 152 153 154 155 157 158 159 161 162 163 164 165 166 168 171 173 175 176 177 178 179 180 181 182 183 184 185 189 190 192 194 196 197 199
149 60 153 154 156 157 158 159 162 163 164 166 169 171 172 174 175 176 178 180 181 182 183 184 186 187 188 190 191 193 196 197 199 200
150 33 153 155 156 157 159 161 162 163 166 167 168 169 170 171 173 175 176 177 178 179 180 182 184 186 193 195 197 200
151 44 152 153 154 155 157 159 160 161 162 167 168 169 171 173 174 177 179 180 181 184 185 187 188 189 191 192 194 197 200
152 63 153 154 156 159 160 161 162 164 165 166 167 168 169 173 176 178 181 183 185 186 191 192 193 194 196 198
153 58 154 155 157 158 160 161 162 165 166 167 168 169 172 173 174 179 180 183 184 185 186 187 189 194 195 196 198 199
154 58 155 156 159 160 162 163 164 165 166 167 169 170 173 174 175 176 177 178 179 180 183 184 185 186 188 189 190 191 192 193 194 195 196 199 200
155 44 156 157 159 160 162 164 165 167 169 170 172 174 175 176 178 179 180 182 183 184 187 188 193 194 195 196 198 199 200
156 25 157 158 159 160 161 162 163 166 167 170 175 176 177 178 179 180 181 182 185 186 187 188 189 190 192 193 196 197 198 200
157 45 158 159 162 163 165 166 167 168 171 173 174 179 181 183 186 187 188 189 190 191 193 198 199 200
158 71 159 160 161 162 163 164 165 166 167 170 171 173 175 177 178 179 180 181 183 185 186 190 191 192 194 196 197 198 200
159 92 161 162 163 164 165 166 167 168 169 170 172 173 175 177 179 180 182 184 185 188 189 190 191 192 194 195 197 199 200
160 85 162 163 167 169 170 171 172 173 175 177 179 180 181 183 184 185 186 188 190 191 192 194 195 196 199
161 41 162 163 164 167 170 171 173 178 179 181 182 183 184 185 187 188 190 194 195 197 198 199 200
162 92 164 166 167 169 174 177 179 181 182 183 184 185 188 194 196 198 199
163 92 164 165 167 168 169 172 173 174 175 177 179 180 185 192 194 196 200
164 28 165 166 170 172 173 174 176 178 180 181 186 189 191 192 194 197 198 199 200
165 63 166 168 173 174 175 177 178 179 180 182 183 184 185 186 187 189 190 191 195 196 197 199 200
166 41 167 169 171 174 175 177 178 179 180 181 182 183 185 188 189 190 191 193 194 195 198 199 200
167 83 168 170 171 173 179 180 183 186 188 189 192 193 194 196 197 198 199
168 60 169 172 176 177 180 181 182 186 187 189 190 192 193 194 195 196 198 199 200
169 28 170 171 172 173 174 175 178 180 181 183 184 185 186 188 189 190 191 192 193 195 196 198
170 92 172 173 174 176 179 180 181 184 185 187 190 191 192 193 194 195 196 197
171 73 172 173 174 178 183 185 186 188 189 191 193 194 195 196 197
172 64 173 174 176 177 178 179 180 182 184 185 188 191 192 193 195 196 197 199 200
173 23 175 177 183 186 187 188 189 190 191 192 193 194 196 199
174 52 175 177 178 179 180 181 182 184 185 187 188 190 192 193 194 195 196 197 198 199
175 48 176 179 180 181 182 184 185 186 187 188 189 190 191 193 194 196 197 198
176 35 178 179 180 181 182 184 186 189 190 191 192 193 194 195 197 198 200
177 92 179 180 181 182 185 187 188 189 192 194 195 198
178 77 180 181 184 187 189 190 193 194 195 198 199 200
179 28 180 181 182 183 184 186 190 191 193 199
180 34 183 184 185 186 187 189 191 193 195 196 198 199
181 51 182 183 184 185 186 187 190 191 193 194 195 197 200
182 43 183 184 185 186 187 188 189 190 191 192 195 198 200
183 91 186 187 189 190 193 194 195 196 197 198
184 94 190 191 192 194 195 197 198 199 200
185 94 186 189 191 193 195 196 198 199 200
186 63 191 192 193 194 195 196 198 199
187 59 188 189 190 191 192 194 195 196 197 198 199
188 73 191 192 193 194 196 197 198 200
189 39 191 192 193 195 196 198 199 200
190 27 191 192 195 197 198 199 200
191 66 192 196 197 199
192 29 193 196 197 198 200
193 80 196 197 198
194 88 195 198 199 200
195 92 196 197 198 200
196 49 197 198 199
197 82 198 199 200
198 60
199 70 200
200 49
