200
1 90 3 12 14 35 36 41 48 51 54 58 61 69 78 79 80 102 103 107 113 117 118 122 123 124 127 130 133 140 147 155 176 177 182 183 188 191 192 193 194 196 197 199 200
2 98 3 10 18 24 27 33 36 38 40 41 45 46 48 52 56 57 60 62 63 69 73 77 84 85 97 101 110 112 114 116 119 121 123 126 131 137 146 147 152 153 163 170 178 194 196 199
3 100 5 7 10 12 14 15 19 20 23 24 29 32 36 58 63 68 79 95 97 109 111 113 117 121 127 129 132 136 137 138 139 143 155 157 168 170 174 178 180 182 183 185 186 190 194 195 196
4 98 14 15 18 20 22 26 36 37 41 50 51 53 54 57 60 61 62 73 75 78 97 105 119 123 130 136 146 151 157 161 167 171 176 180 185 188 189 192 197 198 200
5 82 8 10 12 16 19 27 31 32 36 37 41 50 51 57 68 71 79 91 94 102 105 106 107 113 118 126 130 133 135 137 138 143 147 149 153 154 163 166 169 176 192
6 59 8 13 22 23 30 32 37 47 49 67 70 74 75 76 89 90 92 98 100 101 107 108 111 116 117 121 122 124 126 130 139 159 162 163 175 183 188 190 191 196 197 198 199
7 63 21 26 34 44 51 68 69 71 74 75 78 79 80 83 84 98 106 107 119 122 123 125 129 134 139 142 143 144 150 156 158 160 164 165 168 174 175 179 181 182 184 185 192
8 80 33 45 49 51 52 58 60 62 63 66 67 77 78 79 80 91 103 107 120 125 126 137 143 150 158 161 164 165 172 188 200
9 53 16 24 28 39 55 56 59 62 63 67 72 75 79 86 89 97 103 104 105 109 115 116 119 125 126 128 134 137 139 141 160 167 186 187 188 190 197 198 200
10 96 12 13 19 22 26 31 32 34 36 37 40 47 50 54 56 58 61 70 73 79 81 82 86 91 95 100 101 105 108 113 114 117 119 120 122 133 134 135 145 155 156 166 168 171 176 177 178 185 190 192 196 200
11 61 17 19 24 29 35 43 48 56 57 65 68 80 101 107 113 119 127 130 131 134 135 136 137 140 145 148 150 158 169 173 177 179 187 188 192 194 198 200
12 78 16 17 19 20 27 33 40 41 43 46 55 57 68 69 74 78 100 103 107 108 109 114 116 118 132 136 142 146 150 159 161 163 168 178 180 189 193 194 196 197
13 51 16 18 27 28 29 32 33 41 44 48 58 65 69 71 75 78 83 88 89 104 108 110 114 116 124 134 139 142 144 156 164 166 171 174 179 184 186 190 191
14 52 21 27 28 31 38 39 41 46 52 58 75 78 89 92 103 109 115 131 134 139 141 157 159 164 179 184 187 188 190 192 194 195 197 198
15 79 16 17 35 53 66 69 71 74 83 86 89 92 94 96 104 106 112 118 121 122 123 125 126 129 132 134 135 136 138 144 145 147 148 150 153 157 166 169 170 173 177 183 190 193 196 200
16 92 23 26 27 29 34 35 40 43 56 60 65 66 67 77 81 83 95 99 100 109 111 112 115 118 130 132 134 136 140 148 150 152 153 168 173 179 187 196 197 198
17 51 24 33 38 40 43 45 46 58 62 68 71 73 79 84 103 104 118 119 130 136 138 140 141 149 150 151 152 159 160 165 168 172 178 185 197 200
18 78 23 33 35 36 48 51 55 56 57 59 63 64 65 69 70 75 77 79 82 83 89 94 99 100 110 117 141 142 145 151 152 156 160 163 165 168 174 181 182 192 193
19 70 21 27 34 40 42 44 47 58 63 64 68 69 85 87 93 99 101 110 117 118 121 123 124 133 134 137 144 146 148 149 154 167 174 176 181 186 188 192
20 51 25 26 31 34 40 42 50 51 52 55 56 75 79 84 95 96 97 100 101 102 108 112 115 116 120 122 123 127 130 149 154 163 173 179 184 185 197
21 96 24 26 31 38 42 53 64 68 75 76 90 95 96 101 109 112 117 121 122 124 128 130 132 137 151 166 173 176 178 188 189 191 200
22 93 29 34 41 48 63 69 77 78 83 89 93 106 117 119 125 129 137 142 144 147 148 156 158 160 163 170 180 183 186 189 195 196
23 99 24 34 44 47 51 54 55 59 60 73 75 83 86 87 100 103 105 117 127 128 144 146 158 169 178 183 190
24 90 25 30 32 42 47 48 51 59 83 90 92 102 108 114 121 129 130 133 134 143 148 150 151 155 159 160 175 176 183 197 198
25 53 30 41 43 46 51 57 60 63 64 68 71 73 77 84 91 92 97 109 112 113 115 122 123 126 128 129 138 143 150 161 164 167 174 176 178 190 196 197 200
26 91 29 35 36 39 42 47 49 52 53 54 65 76 82 90 96 98 100 101 128 134 139 144 151 152 155 156 157 161 164 168 169 180 185 187 188 196 198
27 59 32 35 38 44 47 64 71 72 73 76 78 83 86 95 109 112 115 119 124 127 128 138 147 149 152 154 160 166 169 172 178 180 182 188 192
28 97 36 37 43 45 51 52 61 64 70 71 77 79 80 83 84 97 98 103 105 109 121 131 138 139 143 146 155 159 164 168 180 182 183 192
29 91 38 42 52 56 61 69 70 71 72 73 74 77 78 81 86 90 92 98 101 102 108 115 129 133 135 136 139 150 161 167 168 184 191
30 63 32 33 48 50 51 61 62 66 69 71 74 77 81 83 87 91 94 95 98 100 103 107 110 114 123 124 129 130 135 138 141 147 148 153 165 168 169 179 182 183 195 199
31 87 41 48 49 56 62 63 64 72 76 77 79 84 90 94 98 100 118 120 121 135 137 142 146 152 155 158 163 166 168 170 187 188 189 191 198
32 88 33 34 37 51 63 64 74 83 86 87 89 112 116 117 122 135 136 139 140 141 150 160 171 172 175 177 187 194
33 97 38 42 47 53 67 70 72 75 83 86 93 94 99 101 103 107 109 115 118 120 123 125 143 144 160 161 168 169 175 177 179 180 181 189 190
34 92 41 42 44 48 51 61 64 68 82 83 97 103 110 121 123 128 130 133 138 148 151 153 167 175 176 182 185 187 191 194 200
35 61 36 45 46 49 50 52 60 65 70 71 76 77 79 89 94 95 102 107 108 109 115 119 120 121 122 136 138 141 152 156 159 164 166 167 170 173 176 183 191 195 200
36 50 40 41 42 43 50 59 65 72 81 86 98 102 104 105 112 115 118 130 133 137 139 147 156 163 165 168 175 176 180 181 183 190 191 195 198
37 67 51 57 58 65 68 70 73 75 78 81 88 98 101 103 108 117 124 129 137 138 148 151 152 157 158 178 179 191
38 87 46 51 55 71 73 74 76 81 83 84 94 96 98 105 111 117 128 129 130 131 132 140 144 147 149 150 151 160 165 172 179 189 191 192
39 70 63 68 72 75 78 84 85 89 98 99 102 104 106 123 125 128 130 139 150 156 160 171 172 175 176 178 179 180 191 192 198
40 69 47 50 58 76 92 93 95 98 104 115 117 118 121 122 125 127 143 151 153 165 166 170 172 174 188 189 195 196 199
41 88 47 48 55 60 64 70 72 75 78 79 80 86 93 100 107 109 116 123 128 139 143 144 145 148 149 153 171 176 180 182 183 186 187 195 198
42 77 49 51 52 58 59 70 71 72 73 78 79 80 82 83 96 97 109 114 127 129 130 138 139 142 146 156 158 165 168 181 189 190 200
43 74 46 49 50 54 61 63 71 74 76 78 79 87 98 100 110 113 114 118 123 125 129 130 135 136 142 143 145 150 155 160 168 177 187 189 196
44 65 45 59 77 79 80 90 94 97 98 114 117 120 124 126 131 143 148 150 151 155 157 158 159 169 179 183 191 197
45 50 48 50 53 63 66 69 78 83 92 104 113 119 131 135 139 145 148 151 157 159 176 178 181 194 195 197 198 200
46 70 50 52 57 62 77 84 87 96 99 102 103 106 108 110 112 117 126 128 129 135 139 140 141 144 146 155 158 172 173 177 179 182 186 193 197 198 200
47 55 53 54 67 73 75 89 91 96 102 103 105 106 115 127 153 160 165 168 170 176 181 183 194 199
48 83 55 64 67 68 76 79 82 83 85 93 94 100 101 110 113 117 122 132 143 147 151 153 155 156 163 165 166 167 174 179 181 183 192 199 200
49 72 50 55 57 65 88 89 103 104 115 123 131 133 135 136 139 143 152 160 163 177 183 184 187 189 190 193 194 195
50 92 53 54 56 63 70 85 86 101 106 109 124 128 129 130 145 148 151 156 159 160 162 170 171 178 194 195 197
51 79 65 69 71 72 74 76 78 82 84 88 92 94 101 107 108 113 120 125 135 142 144 154 156 171 173 183 185 188 199
52 90 56 63 75 86 89 90 94 96 103 104 105 108 114 115 118 133 142 143 148 155 157 163 167 168 169 175 177 191 192 193 194 195
53 93 57 58 62 67 73 79 82 84 87 88 90 96 98 110 117 123 124 133 137 141 145 150 156 157 163 167 171 172 180 192
54 78 57 74 81 91 94 95 101 102 105 115 122 130 138 143 151 156 158 160 164 174 176 179 182 200
55 53 58 67 73 76 77 93 98 103 111 118 121 123 135 143 148 150 157 161 162 163 166 167 175 176 179 194 198 199 200
56 70 57 62 66 67 71 77 79 85 89 92 94 100 101 103 107 113 117 138 142 145 146 153 154 168 172 174 178 179 186
57 100 73 79 81 86 90 98 105 136 140 143 146 148 151 152 166 167 169 175 177 185 188 189 193 194
58 70 60 61 63 78 90 95 98 102 106 108 121 127 137 147 151 153 154 157 158 159 162 165 168 184 186 197
59 72 65 69 79 81 93 110 113 114 117 121 122 130 134 143 149 156 160 173 181 184 196
60 93 62 65 66 67 68 79 81 86 94 97 98 99 103 105 110 111 117 120 122 128 129 130 135 140 146 150 158 162 171 174 197
61 81 76 77 81 85 88 95 99 103 108 112 113 116 119 122 125 126 139 140 143 150 153 159 166 167 170 180 182 189 193 195 200
62 92 68 79 100 107 109 110 113 123 126 129 132 144 148 149 153 159 161 165 170 175 182 183 186 187 198
63 63 66 79 80 81 87 91 96 97 98 102 109 117 119 121 125 128 130 135 136 137 142 152 156 158 172 175 185
64 72 84 86 91 94 96 110 122 126 128 132 138 148 151 153 158 164 167 171 178 181 182 185 191 192 194
65 51 71 92 93 102 105 109 113 116 120 124 126 131 133 144 145 147 157 158 169 189 195 197
66 58 78 81 84 87 91 92 93 107 118 121 132 135 138 141 146 150 158 159 161 167 170 174 177 183 186 193 195 196 197
67 96 71 88 100 102 106 108 130 137 140 141 146 149 150 153 155 156 168 173 177 178 181 182 200
68 57 70 81 83 89 91 93 97 103 104 105 106 112 114 115 116 120 123 124 126 130 137 140 147 149 150 154 155 171 176 177 180
69 85 76 89 90 110 114 115 119 122 131 138 142 143 144 148 152 157 163 174 184
70 96 84 85 87 89 93 98 100 103 109 118 120 123 124 127 133 136 137 142 143 144 149 155 159 161 170 172 177 181 182 187 192 194
71 53 75 77 78 82 89 92 94 102 103 108 116 117 121 130 133 139 148 150 161 162 167 169 180 187 193
72 67 78 81 82 85 90 94 96 97 101 105 106 107 110 111 120 131 140 141 156 164 165 178 193 198 200
73 72 74 77 81 86 90 92 99 105 107 121 122 123 127 131 147 150 151 162 163 164 169 172 175 180 184 192 194 195 196 199
74 67 80 91 95 97 107 113 123 139 145 146 148 173 174 177 184 186 190 192 195 200
75 79 78 80 90 98 102 104 115 118 125 135 147 161 164 171 175 178 198
76 60 80 95 99 100 102 110 112 117 121 127 148 155 157 163 166 175 178 179 180 182 183 186 191 194 198 200
77 69 83 85 86 95 96 97 100 104 117 124 130 133 134 154 163 166 169 173 187 189 191 193 194 199 200
78 94 89 96 104 110 112 120 121 127 135 143 147 161 163 165 166 169 178 180 186 192 194 198 200
79 58 84 88 89 97 100 102 103 109 110 115 119 124 131 137 138 151 156 161 166 169 170 171 172 180 186 187
80 96 85 102 104 106 110 113 114 116 119 121 123 131 134 136 140 143 147 149 150 152 153 173 174 179 180 181 183 193 195
81 59 82 90 92 94 96 104 105 132 135 139 143 147 150 153 159 163 169 172 173 177 179 180 191 196
82 55 83 87 89 91 92 95 99 104 106 113 114 123 124 125 131 134 137 143 150 153 157 165 167 169 176 177 178 182 191 198
83 85 85 86 89 90 117 130 132 133 134 151 152 154 168 172 183 195 199
84 89 86 99 100 101 107 110 118 125 132 139 140 141 145 149 150 151 158 174 179 180 183 187 189 198
85 58 86 92 99 109 121 138 142 145 146 157 160 167 174 178 179 180 188 190 192 195 196
86 65 98 99 103 108 109 123 127 130 141 150 156 157 166 177 185 187 193 196
87 80 97 104 106 107 118 126 130 134 143 146 154 157 159 160 169 173 175 176 183 186 193 195 196 198 199 200
88 58 99 100 103 104 107 109 118 126 132 145 150 152 159 160 162 173 182 189 198
89 59 92 93 96 98 104 119 122 129 141 155 158 164 165 166 173 183 187 192
90 100 91 92 94 105 111 116 117 124 128 133 135 149 152 157 164 167 174 176 180 186 190 191 192 197 200
91 61 93 94 96 101 104 107 108 110 111 112 114 115 118 121 132 136 141 148 151 152 160 163 172 174 184 187 188 189 191 195 196 197 199
92 75 112 120 132 141 147 149 150 153 154 157 168 170 172 177 183 186 187 193 197
93 65 95 112 118 125 144 148 158 159 161 169 172 177 181 184 186 189 191 195 199
94 90 111 112 121 123 129 138 142 143 154 157 160 163 170 172 174 177 179 180 183 197 198 199
95 87 102 103 111 118 121 125 126 133 135 136 141 142 146 153 155 158 161 162 164 169 170 172 177 181 188
96 50 101 104 108 111 117 121 128 129 134 135 136 137 138 141 148 153 154 159 166 172 175 183 193 194 195 197 198 199
97 62 101 102 105 117 126 129 131 139 140 141 147 148 150 160 164 168 170 172 175 188 197
98 87 101 102 105 118 128 134 135 137 140 153 159 160 164 171 182 183 184 194 196
99 51 101 103 112 118 119 128 131 132 139 146 147 157 158 160 166 184 193
100 78 101 112 122 124 129 132 139 146 148 153 167 172 174 181 182 185 187
101 61 111 115 120 123 125 128 147 153 156 157 166 180 187 191
102 66 103 104 105 106 110 123 126 129 136 141 143 165 166 167 168 174 177 182 183 184 189 194 197 199
103 84 109 126 135 138 140 142 143 149 150 155 157 173 177 187 190 193 196 198 199 200
104 76 109 113 115 121 139 149 155 156 159 162 167 181 193 194 200
105 68 116 130 147 148 152 157 158 159 161 173 175 176 179 181 182 186 189 192
106 94 107 109 111 117 122 123 134 138 143 147 148 155 157 162 163 164 165 166 171 176 187 189 191 195 199
107 57 112 120 130 131 133 135 136 137 147 148 151 152 154 162 164 168 169 172 176 177 178 179 185
108 81 110 112 122 125 134 135 136 138 149 160 170 171 181 182 183 192 195
109 70 110 112 115 118 119 121 128 134 136 138 149 163 165 166 181 194 197 200
110 51 115 122 128 133 145 150 156 160 161 165 181 183 188 193 198
111 73 113 117 118 119 137 142 145 148 152 153 159 167 177 180 182 184 189
112 93 116 124 125 127 128 143 152 154 158 161 168 174 180 182 185 197
113 92 116 117 120 130 137 144 153 171 180 186 190 196 200
114 100 117 124 125 127 131 132 148 149 153 174 178 179 183 188 189 193 198 200
115 63 118 123 124 129 132 141 142 144 152 153 161 175 182 187 188 194 195 196
116 81 121 130 133 135 140 142 147 151 154 160 166 182 195 197 198
117 52 122 128 131 132 135 138 146 147 152 154 155 165 167 170 177 179 183 192
118 88 121 123 137 140 142 153 169 170 176 182 184 187 188 189 194 195 196 200
119 86 129 132 145 150 159 169 185 190 194 200
120 90 126 127 129 131 132 134 137 147 152 156 168 169 170 177 180 187 190 192 193 196
121 89 132 138 146 149 158 164 173 176 179 180 193
122 73 124 128 132 139 140 144 151 153 158 161 162 165 170 176 177 186 188 190
123 60 129 132 137 144 157 161 162 165 170 171 177 188 197
124 58 125 130 132 135 148 155 162 163 176 185 190
125 61 131 134 136 137 138 139 144 145 146 147 154 158 167 171
126 62 128 134 140 142 144 152 169 172 174 178 183 185 187 188 191
127 54 133 143 146 147 156 158 163 164 169 170 175 189 198
128 96 130 132 157 159 164 166 168 175 181 183 185 189 194
129 78 130 132 135 137 145 158 161 165 175 178 180 193 196 199
130 97 132 133 134 138 144 148 153 160 167 183 185 190 197 198
131 82 134 139 140 142 149 157 161 169 174 175 187 193 197
132 71 135 138 140 151 159 160 164 166 168 169 171 172 176 179 187 188 192 196 199
133 89 135 136 138 140 142 143 149 152 157 165 169 178 183 188
134 87 136 139 140 146 147 150 152 156 161 167 169 172 176 179 186 188 189 192 193 196
135 58 139 143 144 146 149 150 153 157 163 172 175 182 186 187
136 66 137 142 143 149 155 160 166 171 173 181 183 185 189 191 200
137 76 138 147 150 152 153 156 158 166 168 177 180 183 188 189 190 195 196
138 67 153 163 164 166 169 183 185 191 199
139 95 147 161 163 167 168 173 176 177 178 180 193
140 88 143 145 151 156 158 165 180 182 188 189 195 198
141 79 142 144 155 160 162 166 167 170 174 176 177 183 189 190 194 195
142 75 144 148 150 151 152 157 158 160 161 167 171 176 178 181 182 192 194 195 196 198
143 60 147 158 161 167 184 186 188
144 55 146 150 159 160 161 169 171 173 184 185 188 195
145 85 147 151 155 162 168 172 175 178 189 191 194 195 199
146 85 150 161 164 171 173 174 178 196
147 94 150 151 155 168 176 180 182 183 184 188 189 197
148 97 155 157 163 165 166 167 174 182 184 190 192 197
149 99 154 160 162 169 175 186 192 198
150 90 153 155 157 158 160 163 168 169 173 174 182 186 195 200
151 57 156 169 171 173 175 180 188 190 192 194 196
152 70 159 163 165 169 172 175 179 181 183 184 186 189 191 192 193 194 198 199
153 83 154 157 159 162 163 173 176 180 181 187 189
154 66 156 160 163 164 169 173 174 175 177 185 188 195 199
155 53 157 158 159 164 172 173 178 180 183 190 194
156 51 158 159 162 166 171 179 181 188 193 195 198 200
157 53 159 162 177 179 180 186 189 195 196
158 71 168 172 178 183 186 190 192 194 198
159 91 164 170 175 176 179 180
160 99 164 165 176 182 184 186 187 191 196 199 200
161 85 162 173 175 177 182 185
162 91 167 172 177 181 184 189 191 192 200
163 91 164 166 169 174 175 185 191 196
164 89 174 179 180 191 197
165 71 166 176 182 184 190 192 193 198
166 53 167 179 181 186 187 190 191 192 195
167 52 175 181 187 193 195 198 200
168 77 172 173 198
169 88 181 198 199
170 79 176 179 190 195
171 75 172 173 174 176 180 189 192
172 90 179 187 188 192 193 196
173 87 180 182 184 186 194 196
174 58 175 184 186 191 197 198 200
175 55 189 200
176 86 179 187 195
177 95 178 180 183 185 187 190 195 197 200
178 56 184 186 189 190 195
179 53 186 196 199
180 61 181 182 184
181 83 183 184 187 196 199 200
182 70 197
183 57 196 197 199
184 75 185 186 187 188 198 199 200
185 78 189 190 192 196
186 88 192 193
187 76
188 59 190 191 195 198 200
189 88 200
190 88 195 196
191 95
192 72 194 195 199
193 56 198
194 54 200
195 81
196 77 199
197 80 200
198 71
199 65
200 71
