200
1 81 3 4 9 13 18 20 21 25 29 32 39 41 47 49 52 58 59 60 61 74 76 77 78 80 84 88 89 92 95 104 122 126 127 138 139 142 150 155 157 158 159 161 162 168 171 172 173 175 177 186 187 190 196 199 200
2 84 4 9 11 12 13 15 22 28 38 42 43 50 56 59 60 66 69 70 71 77 88 90 98 102 111 116 118 121 126 127 128 132 138 139 143 146 156 157 162 167 168 176 178 179 182 183 184 190 191 200
3 85 15 18 25 27 29 31 33 35 42 46 48 49 50 52 54 58 59 61 63 64 67 77 78 79 82 83 88 90 92 94 95 98 100 107 110 111 116 119 121 123 124 126 128 129 132 135 136 138 139 143 144 150 151 154 155 158 159 162 163 167 178 179 182 183 194 198
4 67 7 8 10 14 18 20 22 23 24 25 27 31 35 37 41 43 46 47 51 56 57 60 61 62 76 79 88 93 96 97 99 100 101 104 105 107 111 115 116 121 123 133 138 141 143 144 147 149 150 153 154 156 159 161 169 171 172 174 177 183 184 191 194 196 197 199
5 97 7 8 10 14 18 19 20 25 28 35 44 46 52 55 56 59 67 74 75 79 80 83 85 86 91 101 102 103 104 119 121 123 125 128 129 134 144 150 154 155 156 159 160 161 164 178 182 185 186 187 190 193 198
6 93 18 19 20 22 24 26 30 31 32 34 35 44 48 49 54 55 56 57 62 63 64 66 67 72 78 79 81 82 83 84 91 93 94 95 96 98 99 100 101 102 114 118 120 123 125 134 135 136 137 139 142 143 144 146 148 150 155 157 165 167 173 174 178 180 181 194 197
7 79 12 13 14 19 24 30 32 34 35 36 45 52 55 56 57 59 61 64 65 69 71 72 76 78 85 89 91 92 97 98 99 103 106 109 111 115 120 123 136 137 138 140 142 148 153 156 166 168 169 172 173 176 177 186 189 194 198
8 55 9 13 14 15 25 30 31 33 34 38 41 43 45 48 58 60 61 62 63 64 68 70 77 79 88 89 96 99 104 108 112 113 118 119 129 133 139 142 143 146 147 151 152 156 161 162 163 169 175 176 180 182 183 188 189 190 191 195 198 200
9 70 10 12 14 25 26 28 29 40 42 44 46 50 54 56 58 62 64 66 70 73 76 77 79 90 92 96 98 102 107 108 109 110 113 115 121 123 126 129 130 131 133 134 138 139 147 152 153 155 163 168 169 171 174 176 183 190 191 200
10 62 12 20 22 27 28 31 32 34 38 43 44 46 57 59 61 65 66 67 68 69 72 74 75 76 85 87 90 94 99 108 122 123 127 129 131 132 134 136 139 145 146 148 149 150 152 153 155 160 163 165 167 174 176 178 179 180 182 185 189 191 192 196 197
11 84 13 15 22 26 31 33 37 41 42 45 48 55 58 61 66 69 70 73 74 75 86 87 89 97 99 102 105 111 117 121 124 128 133 136 137 138 140 149 151 152 153 154 157 161 162 165 167 170 177 182 186 188 194
12 70 19 23 28 29 39 41 43 45 57 58 68 72 74 78 82 84 86 89 93 94 97 100 101 106 114 116 120 122 124 126 128 129 131 135 140 143 148 149 152 156 159 164 167 171 177 181 185 193 195 196 197 200
13 97 15 17 19 29 35 36 37 40 44 45 46 47 48 50 52 53 54 57 58 60 62 64 66 67 73 74 79 80 84 85 86 91 93 95 96 99 101 104 109 111 117 124 131 138 144 151 152 155 161 163 164 165 167 168 170 172 173 179 180 184 185 189 198
14 85 15 27 30 32 36 43 45 55 56 57 60 63 64 66 68 73 75 83 85 87 88 92 93 94 105 106 118 119 120 121 122 125 126 127 131 139 141 146 151 153 159 164 183 185 189 191 193 194 195 196
15 85 18 23 27 29 33 39 41 43 44 48 49 50 52 56 57 58 59 60 65 66 68 69 70 74 81 82 87 88 91 93 96 98 101 105 109 111 112 116 117 119 122 124 125 126 127 128 131 133 139 144 147 148 153 159 162 169 170 171 173 176 179 180 182 185 190 194 195
16 67 30 33 35 39 40 41 42 43 45 48 53 54 57 60 63 67 71 78 82 86 89 91 94 101 103 104 112 115 118 119 120 122 126 137 140 141 142 145 146 147 154 162 164 165 169 171 175 178 179 180 183 185 187 190 197 200
17 58 19 25 27 28 32 33 34 42 45 46 49 50 51 53 55 57 64 68 69 71 73 75 84 85 87 93 96 98 99 100 102 103 105 107 109 115 118 121 131 135 137 138 142 147 152 153 156 157 160 162 163 167 172 174 180 182 184 185 197 199
18 83 19 20 28 29 31 37 52 65 69 72 73 74 75 85 87 90 94 106 116 120 125 127 133 135 136 138 140 143 145 146 147 148 162 167 170 176 184 186 189 194 195 196 198 200
19 51 21 22 28 31 33 46 47 54 57 60 66 72 75 77 80 81 85 88 94 97 99 103 112 115 117 121 128 132 136 143 145 148 149 153 155 160 162 167 168 176 177 185 193 196 198
20 78 24 31 36 38 39 40 42 44 50 59 60 61 63 64 67 68 69 71 75 79 80 82 86 95 97 98 101 105 106 108 111 115 117 118 121 127 128 129 131 136 137 142 144 151 153 157 172 174 176 179 189 190 193 194 196
21 66 23 26 31 32 34 38 41 43 47 49 50 57 58 60 61 62 63 65 69 71 76 77 80 84 86 87 90 100 101 102 106 108 121 123 131 135 142 149 152 153 159 160 162 164 172 177 184 197 200
22 92 25 27 28 31 35 38 39 42 50 59 70 73 75 80 86 88 96 102 110 114 117 121 123 124 136 148 150 152 153 160 162 163 165 166 167 170 176 177 178 179 180 189 190 191 193 194 195 197
23 74 30 32 35 36 39 43 45 46 50 56 57 60 63 64 67 73 74 75 76 77 78 79 80 84 85 91 97 101 102 104 105 106 108 110 111 116 119 123 147 148 151 152 159 161 164 168 170 174 175 176 180 186 188 199
24 79 28 35 37 39 41 42 43 48 60 61 69 71 74 81 86 90 93 96 99 101 102 103 109 112 114 118 123 126 127 129 130 131 137 139 141 143 144 146 151 154 159 163 170 174 175 179 180 189 190 191 195 197 198
25 55 29 42 43 46 48 50 51 54 58 66 67 69 72 74 77 80 83 84 93 94 97 100 101 102 108 116 117 122 123 127 130 136 140 142 143 144 145 148 153 154 162 165 171 184 185 187 190 191
26 80 27 33 37 44 46 49 50 51 58 62 66 69 74 75 76 79 87 95 98 105 109 113 115 122 123 124 128 140 145 146 153 155 159 161 162 163 166 168 173 179 186 190 198 199 200
27 85 28 36 39 40 41 42 43 51 61 66 67 73 80 85 86 89 91 94 95 96 97 101 102 103 115 121 123 125 127 129 131 136 140 150 151 153 157 158 159 164 165 187 189 194 196 197 198 199
28 79 30 41 45 48 49 50 53 56 59 61 64 72 76 77 84 88 93 94 106 108 113 117 118 120 121 125 129 130 139 141 144 149 150 151 154 155 159 161 164 167 170 171 178 182 183 184 191 192 196 200
29 85 31 34 40 42 49 51 53 56 59 62 74 83 87 88 89 92 94 99 107 109 110 112 113 118 123 126 127 129 146 152 158 159 162 166 168 171 172 173 175 177 182 183 185 186 192 194 197 198
30 99 32 33 34 36 43 44 48 54 58 65 66 67 68 71 76 78 82 84 86 87 90 100 101 109 110 112 119 121 123 124 129 135 136 137 140 141 143 146 148 149 152 154 155 157 159 165 167 168 169 171 177 179 180 184 191 192 193 195 200
31 86 33 38 40 43 46 47 48 52 53 56 57 58 59 67 70 71 73 76 82 87 88 89 99 100 102 104 105 106 108 113 115 118 119 120 121 126 127 131 132 136 140 146 151 152 156 159 160 166 167 170 171 172 173 175 176 177 178 180 184 187 193 194 196 199
32 85 34 37 38 46 47 51 53 54 56 60 64 66 71 77 79 82 83 87 88 90 91 93 94 95 97 98 99 105 109 111 112 118 119 120 124 127 131 135 144 145 147 155 159 161 162 167 168 169 172 176 179 181 189 192 195
33 88 36 37 40 41 44 46 49 50 51 53 56 57 63 66 69 72 73 80 87 88 92 95 99 100 105 109 111 114 122 123 126 127 128 130 131 132 135 136 137 138 141 142 157 159 160 166 167 171 172 179 181 187 188 192 193 198 199 200
34 98 35 37 44 46 48 49 54 62 63 67 71 73 77 80 83 91 94 96 99 102 103 105 116 118 119 123 134 136 137 138 140 141 142 148 152 157 158 159 161 166 176 177 183 185 191 192 197 198
35 91 39 40 47 48 50 53 55 56 65 69 74 75 83 91 95 99 101 103 106 107 109 113 118 121 124 133 135 136 138 144 145 148 152 154 155 157 159 163 172 175 176 183 196 198 199
36 95 38 44 46 55 57 58 60 61 62 64 67 68 72 73 78 89 90 91 95 107 110 111 114 119 121 122 130 133 134 137 138 142 151 154 155 157 158 163 168 183 187 188 190 193 196 197 198 199 200
37 64 38 44 51 53 54 57 61 62 68 69 70 73 74 75 77 81 82 84 87 100 105 109 110 113 115 118 122 123 125 127 128 129 131 132 134 135 139 140 141 142 145 146 147 148 161 162 163 166 170 171 172 175 191 193 194
38 94 39 40 42 48 50 54 55 57 61 70 71 77 78 80 81 86 87 92 96 97 103 107 112 115 122 124 134 143 144 146 148 149 156 159 161 170 179 182 183 190 191 198
39 85 40 41 44 45 51 52 53 75 79 81 82 84 85 86 88 91 94 95 96 98 103 105 106 109 112 116 117 119 121 126 129 130 131 137 140 143 144 150 155 167 168 169 171 175 180 181 182 185 188 189 195 196
40 64 44 46 50 57 68 73 75 78 80 81 82 83 85 91 92 94 100 106 108 111 118 123 125 138 143 145 148 150 153 157 159 167 171 174 181 183 186 191 193 195 199
41 61 47 48 60 65 66 68 69 75 76 78 80 83 90 96 98 103 108 114 116 117 118 120 123 124 126 128 130 140 141 142 151 152 156 161 171 172 174 176 177 179 180 181 182 187 191 195 196
42 95 43 44 46 59 60 62 63 68 83 86 91 101 104 105 106 107 114 116 121 122 125 128 129 133 136 151 153 155 157 170 171 172 181 185 186 188 189 192 193
43 56 44 45 49 51 52 54 55 58 68 69 71 88 92 93 102 104 106 107 118 119 122 125 126 127 129 132 134 139 140 143 150 151 154 155 158 160 163 165 167 168 170 172 174 182 188 189 194 200
44 63 45 49 52 53 54 55 56 59 65 67 71 73 74 80 81 82 83 84 89 90 92 93 95 96 100 103 104 106 109 110 111 112 114 115 120 122 124 125 127 131 139 140 141 144 147 150 153 154 158 159 160 166 169 171 174 176 178 181 184 187 190 192 193 194 197
45 92 47 49 52 54 55 63 64 67 70 71 76 80 81 91 93 99 102 108 110 118 119 120 123 125 129 130 134 137 138 140 141 144 145 149 153 155 157 160 165 168 173 178 180 182 183 186 188 191 193 195 197 200
46 91 47 49 54 61 65 74 76 77 82 86 89 93 97 99 100 101 109 117 119 121 124 128 129 130 137 138 139 142 143 148 150 156 158 160 163 166 169 172 173 176 179 184 185 186 187 189 192 195 196
47 82 48 49 57 58 61 63 66 67 72 73 75 82 83 84 90 98 99 102 103 111 129 134 137 139 147 158 159 175 176 190 193 199
48 55 50 53 59 60 62 64 67 72 78 79 80 82 95 102 103 109 119 122 124 125 130 134 136 137 139 142 145 147 155 156 171 174 179 181 183 187 188 192 194 196 199
49 80 51 54 60 64 65 72 73 75 76 77 83 90 92 94 95 97 99 103 111 115 117 120 122 123 129 131 132 137 138 139 140 149 155 166 175 176 182 190 191 192 198
50 90 58 65 68 73 76 77 80 81 87 89 91 94 98 99 101 104 105 107 111 117 122 128 130 132 133 136 141 143 145 150 153 157 158 159 165 166 167 168 170 179 183 184 189 191 193 197 198 199
51 75 57 59 64 71 74 77 84 85 86 89 93 94 116 117 118 120 121 122 126 128 129 132 133 135 137 148 152 153 157 161 168 169 170 173 178 179 180 184 186 191 192 197 198 199 200
52 62 57 58 59 60 63 70 71 81 83 92 93 95 96 97 98 99 101 109 110 112 116 117 121 128 129 131 135 136 143 144 151 157 161 163 166 167 171 173 174 175 177 179 181 185 189 190 192 193
53 81 54 56 59 60 62 63 69 71 75 79 82 87 89 91 104 105 106 108 111 116 118 120 121 122 123 131 132 136 137 139 144 146 147 149 152 153 159 176 177 181 186 187 192 197
54 91 55 62 63 65 70 71 74 78 79 80 82 87 89 91 92 100 102 103 108 115 127 129 130 136 137 140 143 144 147 149 150 154 160 161 162 165 169 177 178 182 191 196 198 200
55 69 56 59 60 61 64 65 72 73 77 79 80 83 91 93 98 101 103 106 109 114 115 119 127 128 137 142 144 145 147 151 152 154 155 159 162 166 167 170 173 174 179 180 181 182 184 185 186 192
56 67 61 78 83 90 93 97 100 102 114 115 118 120 123 127 128 132 139 144 149 152 154 168 169 170 171 173 175 182 183 193 196 199
57 74 58 61 62 75 76 78 79 85 86 88 89 90 92 95 98 104 105 106 108 111 112 118 121 125 129 130 133 134 141 142 143 150 156 161 164 165 167 168 174 179 181 183 185 187 188 192 193 195 199
58 83 62 64 67 68 69 70 81 83 87 90 91 93 95 96 103 108 117 123 124 130 131 132 142 144 148 151 157 159 162 165 166 167 174 179 180 184 187 190 195 196 200
59 79 61 63 66 67 69 70 74 77 78 85 86 88 96 99 100 107 108 109 114 116 118 122 129 131 132 136 137 140 146 147 149 158 173 175 177 187 197 198 200
60 100 65 68 69 70 72 74 78 81 86 87 91 93 94 96 100 102 103 107 114 117 120 122 131 135 136 138 140 145 147 150 151 153 157 159 170 173 178 179 187 189 190 192
61 72 62 64 67 70 73 78 80 82 90 96 98 100 101 104 108 110 118 127 128 129 142 145 146 148 149 160 163 165 167 171 177 188 189 192 194 198 199
62 64 64 68 69 74 84 85 86 87 88 89 90 91 94 99 100 101 108 118 121 123 124 126 128 131 138 140 143 146 148 149 150 151 152 153 157 163 168 173 177 179 180 183 186 193 195 196
63 54 66 75 82 86 95 97 98 100 109 111 112 120 121 123 124 125 127 129 131 134 136 140 141 148 151 156 160 173 174 176 179 180 185 192 194
64 63 71 72 73 74 75 79 80 83 84 87 92 93 99 101 109 110 112 113 121 131 134 136 144 149 151 153 154 155 157 159 165 166 169 172 174 178 183 185 187 198 199
65 84 70 71 77 78 86 94 98 101 104 105 108 109 111 115 116 118 119 121 125 126 127 129 130 140 145 148 151 153 154 155 159 160 161 164 165 167 168 170 180 184 186 191 196 198
66 56 71 73 75 88 89 93 94 96 97 99 101 103 104 110 111 112 113 115 116 117 119 125 131 135 139 140 141 145 148 151 153 159 160 161 164 168 169 177 178 184 193 200
67 84 68 70 71 72 73 74 77 79 81 83 86 92 93 99 100 102 103 107 109 112 114 120 125 128 131 132 134 139 141 144 145 151 155 157 163 168 169 177 178 183 185 187 191 192 193 194 196 198
68 98 70 72 74 76 77 78 81 83 84 85 87 91 93 94 96 97 101 102 104 106 107 111 112 117 118 119 126 127 130 133 144 150 153 155 164 165 168 169 170 171 173 174 175 178 179 181 185 186 193 195 197
69 95 70 75 78 79 83 85 87 92 94 98 100 102 103 110 111 116 117 119 120 124 133 134 135 136 140 143 145 146 148 149 150 151 153 159 160 165 167 168 172 173 177 187 192 194 198 199
70 72 72 73 74 75 77 78 79 80 82 83 87 89 90 97 98 103 104 105 108 121 122 129 135 136 149 151 156 169 170 171 174 176 177 188 189 196 199 200
71 54 73 74 79 80 81 88 92 96 99 101 105 106 111 122 125 126 127 130 134 137 138 140 142 143 147 150 154 156 165 170 181 187 189 191 195 197
72 88 74 75 79 80 82 83 85 88 92 94 96 97 98 99 102 107 108 111 113 114 118 127 131 132 135 138 142 148 152 153 157 162 163 164 165 166 170 176 180 186 187 188 200
73 91 74 77 82 86 89 90 96 97 98 104 105 112 114 117 120 123 127 135 136 137 139 140 155 159 161 171 172 173 175 179 184 190 191 198 199
74 59 80 87 88 91 96 99 100 102 104 108 117 118 120 122 124 125 126 127 129 130 132 142 158 159 163 170 171 172 174 176 181 184 189 190 192 193 194 195 197
75 80 76 77 80 81 83 85 87 89 90 94 98 102 104 106 107 116 119 123 125 131 140 141 142 145 151 154 156 168 176 182 187 189 191 194 197 200
76 57 77 78 89 91 95 100 104 105 108 112 115 116 120 121 122 129 130 132 144 148 150 158 164 166 167 171 174 178 179 181 182 186 188 194 195 197
77 83 79 81 93 95 100 112 116 118 120 121 122 123 128 132 134 135 137 139 141 147 149 152 154 156 157 164 179 180 181 183 185 186 189 191 192 194 197
78 67 85 92 96 97 99 100 102 112 113 114 119 122 124 130 133 134 140 141 147 149 150 151 153 155 156 162 163 165 166 167 171 173 176 177 179 180 182 183 185 186 188 192 194 197 199 200
79 95 84 88 89 93 97 101 102 118 119 122 123 125 127 134 135 138 140 143 145 146 148 153 154 174 176 177 181 182 183 189 190 193 194 197 198 200
80 66 83 88 90 114 121 123 124 125 126 127 132 134 138 139 141 143 144 147 151 156 162 163 170 171 177 186 192 194
81 71 85 87 88 94 95 97 99 100 103 109 111 117 118 122 128 132 133 141 142 145 147 148 149 152 153 154 156 157 165 178 179 181 182 187 188 194 199
82 76 85 87 90 91 92 93 98 101 104 106 110 112 113 116 117 118 122 123 131 132 134 135 136 139 140 141 143 145 147 152 158 159 165 166 172 173 193 194 196
83 88 95 96 97 98 103 107 109 112 116 124 126 128 130 134 143 148 152 155 156 157 160 166 171 179 185 186 187 188 193 195 199 200
84 96 86 91 96 98 104 108 111 116 119 122 124 126 134 135 136 140 141 151 154 157 165 166 167 170 171 176 180 182 184 189 193 197 198 200
85 100 88 91 92 100 103 104 106 107 110 112 120 123 125 128 129 132 136 139 142 143 149 152 157 158 160 163 167 170 172 178 184 191 197 199
86 75 89 91 92 96 100 105 112 113 115 125 129 133 136 137 138 142 144 156 160 161 164 166 168 175 178 182 184 185 188 192 193 195 196
87 65 89 92 93 95 97 103 104 107 108 112 115 117 126 131 134 139 142 144 149 150 154 155 157 160 161 163 168 171 184 185 187 189 192 194 197 199 200
88 86 92 102 104 106 107 114 115 117 121 133 135 136 141 142 148 149 154 156 159 164 168 170 173 175 180 183 184 185 191 197 198 200
89 91 99 101 102 103 104 105 106 108 113 116 118 119 120 124 130 131 134 135 145 146 149 155 159 160 161 171 174 176 177 178 184 185 190
90 73 94 101 102 105 111 114 119 121 122 126 131 133 137 138 141 142 148 149 152 153 154 156 157 160 164 165 166 174 177 180 183 191 193 198 199 200
91 68 96 100 102 104 106 108 109 118 122 124 125 126 129 132 133 134 139 140 142 145 147 155 156 163 167 170 174 175 179 188 191 192 198
92 69 95 99 101 107 111 115 118 119 121 123 125 129 137 139 144 145 148 149 150 153 161 165 167 168 175 177 178 182 184 192 194
93 63 96 97 98 103 105 109 113 114 120 122 123 130 133 136 139 147 148 156 159 161 165 167 169 172 176 178 179 181 182 187 190 195 197 198
94 53 98 102 105 106 111 112 114 115 119 123 124 133 134 135 136 137 138 140 141 143 145 148 151 154 155 161 163 164 166 170 173 174 176 177 179 185 187 188 189 197
95 83 96 97 99 103 105 106 109 112 115 116 120 121 122 126 130 131 134 143 144 146 147 151 154 163 169 172 177 178 183 187 192
96 59 98 100 101 103 105 107 114 115 117 119 123 134 139 141 143 147 148 156 161 163 169 171 173 183 185 187 188 189 193 194 195 197 200
97 66 100 103 105 112 125 131 132 140 143 145 146 150 151 156 157 160 162 163 168 172 175 176 180 182 183 187 189 197 200
98 74 100 103 104 108 114 115 116 117 119 123 125 127 133 146 152 153 154 161 163 164 168 172 173 180 182 183 188 190 193
99 81 107 108 111 113 114 116 118 120 124 126 127 128 130 135 136 139 140 141 144 153 155 163 167 170 172 173 174 180 189 190 192 193
100 83 102 107 108 109 110 111 117 119 136 137 147 149 150 153 155 159 160 163 164 165 171 173 178 180 183 187 188 198
101 87 106 110 111 112 113 119 120 125 128 130 131 134 135 140 141 147 148 161 165 170 173 174 182 189 190 191 194 195 196 197 198 199
102 93 104 110 111 113 117 119 120 121 123 127 139 141 150 152 163 172 173 179 180 181 182 184 185 186 190 194 195 196 198 199
103 58 109 110 113 116 120 122 127 129 133 134 135 136 139 144 145 150 152 155 156 160 163 164 168 170 173 175 177 181 187 191 193
104 76 108 109 111 112 117 122 123 127 131 134 135 136 142 143 146 151 158 161 171 173 176 182 189 190 194 195 198
105 75 108 119 120 129 134 135 142 144 147 149 160 163 165 172 178 188 189 190 192 193 197
106 73 108 109 111 113 115 118 124 138 139 140 141 148 150 151 152 157 158 162 163 166 168 170 179 180 182 183 188 192 193 195
107 66 114 115 121 122 126 127 130 131 133 134 135 140 141 142 143 149 156 157 162 164 168 173 174 179 180 186 188 190 191 192 194 195 198 199 200
108 74 111 113 115 116 119 120 121 122 130 131 136 143 144 146 147 159 162 173 181 183 185 187 188 193 199 200
109 66 111 114 117 119 120 122 126 128 129 131 133 136 137 140 142 143 144 154 158 159 164 169 171 176 178 181 182 183 187 188 190 192 197
110 86 113 115 117 126 128 129 130 131 132 134 146 150 157 158 160 164 165 166 170 178 182 187 189 191 195 197 199
111 70 116 117 119 122 123 127 129 138 142 147 149 150 154 156 160 162 169 170 172 173 176 179 180 181 182 186 188 190 192 193 195 199
112 72 113 115 117 118 124 128 130 133 137 146 150 153 155 156 158 165 170 172 173 179 180 181 184 186 188 190 195 196 197
113 77 114 115 117 129 142 146 153 154 155 158 160 161 162 163 164 166 167 168 173 175 181 182 185 186 189 192 198
114 73 115 117 120 121 122 125 130 132 133 134 138 140 143 147 149 151 157 158 163 167 171 172 173 174 180 183 185 187 188 189 190 192 193 197 198
115 60 116 121 122 124 126 127 128 129 132 133 135 138 139 140 146 148 149 150 153 157 161 170 177 178 181 182 183 186 189 195 198
116 79 117 118 127 128 130 131 134 138 148 151 152 153 154 155 157 162 164 170 172 175 177 178 179 183 185 189 193 194 200
117 79 127 129 131 132 134 135 139 148 150 152 156 160 165 167 169 170 171 174 175 179 183 188 192 193 198 199 200
118 85 128 133 136 146 150 152 153 157 158 166 167 170 171 175 177 178 179 181 184 186 187 188 189 190
119 99 122 132 133 135 143 146 148 153 161 166 167 171 172 174 178 180 185 187 194 195
120 94 122 126 132 137 138 139 142 144 145 149 150 151 152 156 159 167 168 178 184 187 192 196 197
121 91 124 128 130 137 138 143 150 154 155 159 163 164 175 180 183 194 197 198
122 58 125 129 132 140 148 155 156 158 161 165 168 172 173 175 177 178 180 181 187 188 191 193 198 199
123 90 124 126 127 129 131 134 137 138 147 148 152 154 156 159 161 162 187 190 191 193 194 198
124 83 125 126 129 132 137 142 146 151 155 156 161 162 164 167 169 177 179 182 189 190 193 194
125 89 127 139 140 141 142 145 147 148 151 153 160 164 172 183 190 192 194 197 198
126 93 129 132 136 142 145 147 149 169 172 177 179 188 192 195
127 58 128 129 130 131 134 135 141 143 147 148 149 150 154 155 156 158 159 163 165 166 170 175 177 178 179 181 182 186 197 198 199
128 82 136 139 142 145 146 150 151 152 155 156 161 167 168 169 171 179 180 187 189 190 197 198 200
129 75 131 132 133 137 141 143 144 151 154 155 156 158 161 162 164 166 169 172 184 186 188 190 192 194 197 198
130 100 131 132 133 137 143 146 149 151 152 159 161 162 165 166 167 173 176 183 184 186 187 194 195 196 197 200
131 55 135 139 141 142 146 151 152 154 155 156 157 162 166 167 172 173 174 189 190 195 198 200
132 100 134 135 136 139 144 146 147 148 161 168 169 170 172 174 179 181 184 185 186 192 194 196 197
133 56 147 148 150 159 165 168 173 174 181 186 189
134 77 135 136 137 138 139 140 141 148 152 157 159 160 161 163 167 169 174 175 176 177 179 181 187 188 190 193 200
135 95 141 152 154 158 159 162 163 165 178 185 186 187 188 195 199
136 97 138 139 141 144 145 149 150 156 166 168 171 172 175 179 182 190 195 197 199
137 68 140 146 148 151 159 160 176 182 184 185 195 199
138 86 142 143 146 147 151 152 156 160 162 167 169 175 176 177 180 182 195 196 197
139 81 142 146 169 184 192 195 200
140 80 141 143 146 158 168 172 173 174 175 183 184 186 188 193 196 199
141 54 143 144 148 149 150 151 155 157 160 161 163 165 168 170 172 174 183 184 185 192 195 198
142 76 145 150 151 154 159 160 161 167 173 174 178 180 182 187 191 195 196 197 198
143 82 148 157 159 165 169 171 175 178 181 183 184 185 187 197
144 66 145 147 151 154 156 160 164 168 173 178 186 187 190 199
145 80 147 151 157 158 161 163 170 171 173 181 184 186 187 188 193 195
146 94 148 149 151 159 160 161 163 166 173 186 188 197
147 64 149 152 165 168 171 174 179 187 191 193 195 197 199
148 60 154 155 161 166 176 177 178 179 181 182 187 190 194 198 200
149 92 150 153 159 161 163 165 170 171 172 174 175 178 185 191 198
150 73 151 156 160 162 164 167 169 172 174 180 182 186 189 194 196 198
151 79 154 155 156 157 158 159 169 175 176 177 178 179 182 189 191 193 194 196
152 71 154 155 162 163 164 167 169 172 174 176 179 181 182 188 195 198
153 98 156 158 159 162 163 164 167 170 174 178 179 181 183 184 187 193 195 197
154 79 155 156 160 161 162 164 167 168 178 188 189 191 193 199
155 87 156 157 159 162 167 178 190 191 195 197 198
156 81 163 166 171 173 180 188 194 197 198 199
157 92 161 164 166 176 177 179 186 187 189 195 196 197 200
158 65 161 162 165 181 183 185 188 191 194
159 92 166 168 170 172 174 178 182 183 197 198 200
160 59 166 168 172 173 174 175 177 179 184 185 188 192 195 198 199
161 88 162 179 180 188 189 191 196 199
162 61 164 165 167 168 171 174 175 177 181 182 183 189 194 199
163 79 166 173 174 178 179 185 193 194
164 91 166 170 172 174 181 186 187 192 196 198
165 80 181 182 186 187 189 191
166 54 177 179 182 183 187 189 191 193 197
167 89 169 172 173 174 177 186 193 194 196
168 90 169 170 173 176 180 184 189 190 193
169 63 171 172 177 178 179 181 184 192 195 196 199
170 80 172 177 183 184 186 190 192 193 195 197 199 200
171 92 184 185 191 192 195 198
172 88 177 182 183 186 190 192 194 198
173 71 176 180 183 188 189 190 192 193
174 75 180 184 189 197 200
175 80 177 179 183 189 190 195
176 61 178 182 185 187 189 190 193 195 196 198
177 52 185 189 190 194 195 200
178 84 180 181 182 184 189 192 196
179 72 181 199 200
180 83 186 187 188 189 194 196 197
181 70 182 186 187 189 196 197
182 96 184 185 187 188 191
183 96 188 194 195 197 198
184 67 185 189
185 74 188 196 200
186 58 189 190 191 193 197
187 50 194 196 198 199
188 98 191 192 198
189 79 190 192
190 62 191 196 198 200
191 70 192 193 198
192 91 193 199 200
193 69 195 197 199
194 73 196 197 200
195 75 199
196 100 197 200
197 99 198 199
198 62
199 90
200 66
