200
1 79 7 11 22 23 25 26 27 32 37 42 49 54 55 56 60 62 64 66 70 71 73 76 78 81 82 83 85 86 92 95 101 104 108 114 115 121 122 124 125 127 128 130 131 135 136 140 144 145 146 151 152 156 159 169 170 172 175 178 182 183 198
2 71 6 14 19 21 23 27 32 37 38 39 40 42 46 51 54 55 58 61 62 63 65 70 77 81 82 85 92 93 94 95 99 100 101 109 110 116 117 118 119 121 122 123 128 130 132 134 137 142 143 147 154 160 165 169 171 172 175 179 181 184 187 188 189 193
3 51 5 6 7 14 16 22 23 28 32 35 36 37 38 40 42 44 45 51 55 58 64 74 75 76 83 84 85 86 87 89 95 98 100 103 104 110 111 113 115 120 121 122 123 125 126 127 130 132 139 141 149 151 154 157 159 163 167 171 174 175 176 181 186 189 190 193
4 50 12 17 19 21 27 31 33 38 40 41 44 48 49 58 61 62 64 68 75 77 85 86 87 88 90 91 94 100 106 115 117 118 120 121 124 125 135 136 137 139 142 143 145 146 149 150 151 152 156 159 160 162 163 166 168 178 179 185 187 188 197
5 69 8 16 19 21 22 24 26 31 38 40 41 44 46 48 49 56 57 60 61 63 72 77 90 98 102 104 106 113 121 123 127 129 134 143 147 150 153 154 155 157 160 161 169 170 171 173 175 182 183 184 185 186 188 190 191 195 200
6 100 8 13 18 19 22 23 24 29 30 31 32 48 52 54 58 63 70 73 74 80 81 82 83 84 87 90 96 99 102 108 110 116 126 127 129 132 134 139 140 147 148 149 151 159 161 164 166 173 174 175 176 179 184 188 190 197 198
7 78 11 14 17 18 19 20 22 23 24 26 27 28 41 46 54 60 62 66 67 68 69 70 80 85 86 88 89 90 91 93 95 96 99 101 103 107 110 112 121 122 127 129 130 131 134 138 139 140 141 143 145 146 148 150 155 156 159 163 166 168 172 173 183 190 191 193 194 196 197 198
8 61 11 12 15 16 20 21 30 31 32 38 49 51 54 58 64 65 73 74 75 85 87 89 90 91 92 99 103 104 115 117 123 128 132 135 138 152 156 172 176 180 185 186 192 195 197
9 77 13 14 29 32 35 42 43 44 51 55 57 61 62 69 71 72 78 80 82 83 93 94 95 97 101 102 107 108 114 118 120 124 126 127 136 137 139 140 143 144 146 147 148 152 162 165 167 168 186 187 189 194 197 198
10 96 22 32 33 36 40 44 46 50 54 56 67 69 74 77 81 82 84 85 94 95 99 100 102 104 110 112 113 114 115 123 124 128 130 145 151 153 158 160 161 163 175 180 181 183 185 190 191 195 198 199
11 88 12 17 19 22 23 29 31 38 39 41 49 50 51 63 66 68 72 74 78 81 82 84 87 89 92 93 97 99 101 104 105 107 108 109 114 116 118 123 124 127 130 131 135 141 142 163 165 167 171 175 178 181 187 188 190 191 192 195 196 198 199
12 66 13 18 19 21 28 34 40 41 44 47 49 52 54 61 76 86 90 100 101 102 103 104 108 110 113 118 121 122 124 125 127 128 135 136 140 141 147 150 164 166 169 171 175 180 182 183 185 186 190 193 196 198
13 50 14 16 20 22 28 29 30 32 41 48 51 52 53 57 58 61 63 71 74 78 79 81 85 87 91 94 100 101 103 106 113 118 127 129 130 131 133 141 142 148 152 154 160 165 166 167 168 169 170 172 173 174 177 181 184 186 188 189 191 194 197 198 199
14 70 24 27 28 30 33 39 40 41 45 55 58 59 61 62 64 66 67 70 71 72 80 84 88 90 91 97 98 100 102 103 104 109 114 115 117 120 124 131 132 137 140 142 145 156 167 170 172 177 178 179 182 184 194 197 199 200
15 63 17 25 28 34 41 44 47 48 50 51 60 61 62 71 74 75 83 85 87 89 91 94 97 103 104 105 113 117 121 125 126 134 138 143 144 148 158 159 164 167 170 171 173 183 185 187 192 195 197
16 87 19 22 24 27 39 44 45 47 50 51 56 59 60 66 68 72 73 78 81 84 87 92 98 100 101 103 106 118 119 121 122 123 130 134 138 139 141 143 148 149 150 155 162 168 170 171 175 177 180 184 185 187 191 193 196
17 67 20 21 22 23 24 27 33 34 38 42 43 50 51 53 54 61 67 76 78 79 81 86 89 93 99 104 106 111 114 115 126 127 131 133 138 144 151 153 154 156 160 161 166 168 171 176 177 179 181 182 183 184 190 192 196 200
18 73 20 21 23 24 25 30 35 39 41 44 47 51 53 54 55 56 58 59 71 74 75 76 77 85 88 89 90 95 109 111 116 117 120 127 128 129 133 135 139 140 141 146 153 155 160 163 165 170 175 181 182 185 193 199
19 86 24 34 38 41 42 47 51 55 57 60 61 63 64 65 69 70 71 73 76 79 82 86 91 100 104 107 108 120 122 124 126 132 138 145 147 148 156 163 166 173 183 194 197
20 63 22 27 35 39 40 42 46 48 50 52 57 59 64 67 73 75 77 80 88 90 92 95 99 105 108 110 111 112 116 117 119 120 130 133 134 136 142 143 148 149 150 154 155 156 158 159 175 182 185 186
21 86 23 25 26 28 31 35 38 39 43 47 48 49 52 55 59 61 62 69 80 81 87 88 89 91 95 97 98 102 103 107 109 114 118 123 125 130 136 137 139 142 143 145 148 152 154 158 163 165 169 174 175 181 184 185 187 191 195
22 65 23 24 26 30 33 43 44 62 63 64 71 74 77 83 85 86 88 89 90 93 98 100 102 106 108 111 112 113 115 126 128 129 130 131 135 136 138 139 141 143 151 154 160 161 168 169 174 177 178 185 188 194 195
23 73 24 28 33 34 38 39 42 44 48 49 52 53 58 60 67 69 70 72 81 84 86 88 95 104 105 108 116 118 128 135 136 138 145 154 155 156 158 159 165 166 167 170 171 172 173 174 176 177 180 184 191 192 194
24 66 29 30 31 39 41 42 53 54 57 61 65 66 67 71 75 79 80 87 101 107 109 116 119 120 122 128 135 138 145 146 151 154 162 164 171 173 178 179 186 187 189 191 194 197
25 61 26 31 35 38 41 45 49 52 55 63 64 65 68 81 92 95 96 98 99 101 102 103 107 109 110 111 116 119 121 134 138 140 141 143 146 147 148 149 152 153 156 157 158 163 164 165 171 172 178 180 182 184 185 187 192 193 194 197 198 200
26 70 34 39 41 43 44 45 48 49 51 52 56 61 62 63 66 68 72 73 75 78 79 80 82 83 85 87 88 89 91 96 99 101 104 115 116 117 120 122 124 131 133 136 137 138 140 142 148 149 151 155 157 159 160 162 163 164 165 166 169 173 175 176 177 180 181 183 186 188 189 190 192 194 195 198
27 86 30 32 35 41 42 45 47 51 56 57 62 63 71 73 78 84 95 97 98 101 103 106 107 110 112 114 119 121 122 126 127 132 133 134 137 138 144 149 152 154 169 172 176 180 184 185 188 195 200
28 98 30 37 38 40 42 43 44 46 47 54 55 58 63 66 68 71 73 75 79 83 85 86 93 96 100 105 108 110 115 116 117 120 123 130 131 144 145 146 149 157 160 164 165 171 174 175 176 177 180 184 186 190 193 197
29 90 30 33 35 36 38 59 63 67 68 69 78 79 81 90 91 107 108 112 114 116 139 141 142 143 144 145 147 149 157 160 161 164 167 169 170 176 180 181 183 187 189 191 195 198
30 97 31 38 39 46 49 53 54 63 65 67 68 79 80 81 82 85 89 90 91 94 98 103 104 109 110 111 112 115 117 125 127 128 130 136 137 139 141 147 150 151 154 156 158 168 172 174 176 179 180 185 191 193
31 59 32 35 40 41 42 44 48 54 63 64 66 71 82 84 89 92 96 97 99 103 104 105 109 110 111 113 115 116 117 121 125 128 132 134 141 143 160 166 169 170 171 173 175 183 184 188 192 196 199
32 96 33 34 35 36 38 39 40 41 43 50 52 58 70 76 77 81 83 91 93 96 97 100 110 112 113 117 121 131 133 135 136 137 145 159 161 163 164 165 169 170 175 176 177 178 179
33 67 34 40 51 52 61 63 64 65 68 71 77 82 84 94 95 97 98 104 105 113 116 118 122 123 124 125 129 130 131 132 138 139 144 149 151 155 159 162 164 165 166 167 168 171 176 179 182 189 192 196 197 199
34 71 44 51 62 63 80 82 83 86 87 89 90 92 95 96 109 118 119 126 129 133 134 135 137 139 144 145 151 153 156 163 166 167 168 170 173 184 186 190 196
35 63 37 38 42 44 46 52 54 55 57 67 70 72 76 84 86 87 88 90 92 94 95 100 102 103 108 109 115 118 119 120 122 125 127 129 141 143 149 154 155 157 159 160 161 167 170 175 178 179 180 182 186 188 190 191 193
36 74 37 39 41 46 48 52 53 64 65 66 70 74 76 79 80 83 89 90 93 99 102 108 118 120 124 125 128 132 133 134 135 138 139 145 148 153 157 160 166 167 168 169 175 179 182 183 186 191 192 195
37 61 38 39 40 44 47 49 53 54 55 57 63 70 72 79 81 82 84 96 99 100 102 105 106 109 113 118 120 122 128 131 135 137 140 147 157 159 162 163 167 168 170 177 178 184 187 192
38 77 40 41 42 47 51 55 57 62 63 64 67 69 71 79 83 88 89 92 102 104 108 110 112 113 114 121 122 123 127 129 131 135 141 143 147 153 155 163 164 166 168 169 173 177 179 181 184 187 188 191 193 197 200
39 96 44 50 53 56 60 64 68 69 71 73 74 75 78 82 85 91 93 94 95 98 99 100 101 105 107 108 109 110 111 116 117 118 121 124 132 133 136 139 140 142 147 149 150 153 155 158 160 161 169 172 174 185 192 195 196 197 198 199 200
40 66 41 43 49 50 53 56 57 58 61 64 68 69 71 75 78 80 81 84 89 91 108 111 113 114 118 133 137 139 141 146 153 154 155 157 158 166 171 172 182 185 186 190 191 196 197 198
41 92 42 43 46 47 53 60 61 64 67 68 74 75 77 80 82 83 84 85 88 91 92 95 96 101 102 105 106 110 112 113 117 120 121 124 127 129 130 132 133 146 151 158 161 162 164 169 170 172 176 179 180 186 192 196 200
42 70 43 45 50 54 56 59 66 70 71 75 78 79 82 93 96 106 107 109 111 112 113 115 124 125 126 131 133 135 142 154 161 165 176 178 179 192 195 197
43 86 45 56 58 59 62 67 68 76 78 79 83 84 87 89 91 94 99 102 107 108 109 112 114 116 119 120 121 122 127 130 131 133 134 139 141 145 147 155 161 162 163 167 172 173 174 178 179 187 192 193
44 68 46 47 52 53 60 67 74 75 78 84 86 88 90 91 92 93 96 98 107 108 110 117 118 126 129 130 135 136 137 142 150 151 155 157 160 162 166 170 174 176 181 190 192 196 198
45 63 47 50 56 64 67 81 92 94 96 99 102 105 106 107 120 121 126 130 132 134 136 147 155 157 162 166 167 168 173 174 176 179 180 182 183 198
46 87 51 54 58 61 66 75 80 81 87 89 94 98 99 105 106 108 110 119 120 122 125 126 127 128 130 136 137 138 145 149 158 164 168 170 172 174 175 176 177 181 182 183 191 192 197 198
47 85 48 53 55 60 62 65 67 69 75 76 78 81 83 90 91 93 95 98 101 105 107 108 110 112 116 117 118 119 120 124 130 139 142 143 144 147 148 151 157 167 168 173 174 176 184 186 196 199
48 78 49 58 68 73 77 79 82 90 93 94 95 97 107 110 115 117 121 126 127 131 146 147 151 157 158 160 170 179 183 189 193 195 197 199
49 97 53 58 59 62 63 64 65 66 67 73 75 77 79 80 81 83 85 87 88 91 94 95 98 102 107 114 123 125 130 135 138 142 143 144 147 148 149 151 152 153 155 161 163 164 167 169 174 175 184 186 195 199
50 54 51 56 77 78 88 89 90 92 101 105 112 124 126 131 132 135 136 141 143 149 152 153 154 156 158 161 162 165 166 170 171 176 177 181 186 192 198 200
51 83 52 56 59 61 66 67 71 74 76 77 82 85 86 87 89 91 92 96 98 100 102 106 113 115 116 123 125 127 134 135 136 141 142 146 155 159 177 185 197 200
52 87 57 58 71 72 77 83 87 88 91 97 108 109 114 116 122 124 126 135 144 154 157 159 160 161 162 164 174 176 181 182 187 189 190 196 198
53 57 56 69 70 74 77 80 82 87 91 92 93 99 101 105 106 108 112 114 124 129 137 139 141 146 149 150 155 161 163 167 168 169 172 180 187 192 193 194 199
54 68 55 56 58 62 65 69 72 75 77 82 84 87 93 95 97 103 104 112 113 117 119 120 123 127 130 134 135 137 140 142 143 148 155 167 169 170 177 180 182 185 191 193 195 198
55 83 56 58 61 63 65 67 73 78 82 83 84 89 93 98 101 109 110 119 121 122 130 132 133 135 143 146 149 151 153 155 156 158 159 162 164 165 174 176 178 184 191
56 83 64 66 74 76 77 82 86 87 91 93 94 95 96 100 108 111 112 116 126 130 136 140 148 153 158 159 160 163 165 171 176 177 179 183 189 195 197
57 63 62 67 74 77 78 82 86 89 101 105 109 117 118 120 121 125 127 130 132 134 140 141 144 146 151 152 155 156 157 160 166 170 173 175 178 195 196
58 58 61 62 72 75 79 80 81 82 83 85 87 90 92 93 96 98 105 106 120 121 126 127 129 133 139 140 145 146 153 154 155 156 168 177 183 184 185 186 187 190 191 193 197 199 200
59 65 60 62 63 65 71 72 73 75 76 77 79 81 82 86 88 90 95 98 106 110 111 115 118 119 122 131 142 146 147 151 153 155 161 165 167 170 175 177 181 184 190 191 199
60 97 63 65 77 81 83 84 88 89 90 95 105 108 119 121 122 127 130 133 135 137 141 145 148 151 154 158 165 166 169 173 175 177 182 184 187 194 195 196 197 200
61 95 64 65 66 69 70 73 74 77 80 81 86 92 96 99 100 110 118 125 129 132 136 137 143 144 148 154 155 156 157 159 160 164 166 175 176 177 180 181 186 191 192 194 196 197
62 95 63 70 72 73 74 75 82 89 90 93 104 105 107 113 114 120 125 127 130 131 133 134 137 141 143 151 158 174 175 177 179 181 187 189 194
63 71 68 69 71 72 74 75 83 84 85 86 88 90 95 97 101 104 106 108 110 112 115 117 122 123 125 131 133 135 143 145 149 152 155 157 158 160 161 165 169 172 175 179 181 183 184 185 186 187 189 195 200
64 66 65 67 69 72 73 81 83 87 91 93 94 95 96 103 107 108 110 111 113 114 115 118 120 123 131 141 143 150 153 154 155 156 157 159 163 164 169 172 176 178 180 185 187 188
65 60 66 72 78 81 88 91 93 96 98 99 100 104 107 115 116 117 118 121 122 126 129 130 135 144 148 153 155 156 166 168 183 186 187 190 193 199 200
66 59 67 71 79 85 91 94 104 111 115 117 120 121 122 123 127 137 138 139 141 143 145 148 151 154 155 157 158 159 160 162 166 192 194 196 198
67 50 72 73 79 80 89 96 100 101 107 113 114 118 119 121 124 126 127 128 129 136 137 150 151 153 154 155 157 161 166 170 171 172 174 183 186 187 188 196 198 199 200
68 98 71 74 77 79 82 83 90 93 95 97 102 107 108 111 112 120 123 125 132 134 138 145 146 147 150 158 161 162 169 182 194 195 200
69 64 73 75 77 80 83 88 91 93 97 103 107 112 113 114 118 123 126 129 131 143 144 153 158 160 161 163 166 169 170 175 177 179 197
70 85 72 74 76 77 78 82 84 86 90 95 105 107 110 111 115 119 122 123 129 130 131 133 141 142 146 151 157 168 173 177 179 180 185 187 189 192 193 194 195 200
71 86 77 83 86 93 101 104 106 120 122 123 130 131 137 140 145 147 148 150 151 154 156 158 159 164 179 180 181 182 190 196
72 50 73 76 79 81 84 85 91 95 97 98 99 102 103 105 111 115 121 123 126 128 131 132 136 142 152 153 154 157 158 159 163 168 173 174 175 176 178 184 185 193 194 195 198
73 70 74 76 81 82 83 86 91 94 95 97 98 101 110 116 117 121 123 128 130 134 136 138 140 146 147 149 152 158 160 162 175 176 177 180 186 190 193 196 198 199
74 97 75 76 80 82 83 88 89 91 92 96 98 101 103 104 106 107 108 111 113 117 127 129 130 131 133 134 135 136 137 142 143 151 160 164 165 166 167 170 171 173 178 180 183 192 193 197 198
75 99 76 79 80 81 87 88 92 97 106 108 110 111 112 116 117 119 136 142 153 157 160 163 165 168 171 173 178 181 184 187 191 193 194 195 196 199
76 69 93 99 101 107 109 110 115 116 118 124 129 130 132 145 150 155 157 162 164 170 173 178 182 183 184 190 194 196 198 200
77 100 82 85 91 92 94 98 99 100 106 109 115 118 126 129 130 131 134 136 137 138 142 144 146 153 155 157 158 162 165 167 171 172 173 174 177 182 184 191 192 193 198
78 87 79 81 82 92 96 108 110 113 117 118 120 121 123 126 131 134 143 152 158 161 164 165 169 170 171 176 178 179 186 188 189
79 55 81 83 85 86 88 100 101 104 106 110 113 115 119 121 125 128 129 130 132 134 142 148 150 158 161 162 166 175 177 179 180 181 184 193 200
80 89 81 83 86 90 96 99 100 101 103 105 113 114 115 117 119 123 126 132 135 136 139 142 144 148 149 154 155 157 158 162 167 168 169 172 173 175 181 187 188 190 192 194 200
81 75 87 88 89 91 94 97 98 104 105 107 112 116 120 121 122 126 129 132 135 136 137 144 148 150 151 156 164 165 167 169 183 186 196
82 77 83 89 90 91 100 102 112 115 123 134 139 142 143 145 148 154 156 159 161 167 168 170 173 175 177 184 185 186 191
83 53 84 88 93 98 99 100 102 105 108 112 115 119 122 124 134 136 138 139 140 146 147 148 156 158 169 171 179 181 183 185 189 190 191 196 200
84 99 87 91 92 96 97 99 102 104 106 112 113 127 130 135 136 141 150 159 160 164 165 176 177 188 189 192 196
85 85 86 88 91 97 99 101 102 108 109 112 115 125 138 143 148 149 151 155 156 158 164 166 168 169 170 172 177 178 182 183 195 196 197
86 95 89 95 96 109 118 120 126 130 134 137 143 146 162 163 164 174 175 178 180 181 186 189 194 196 199
87 94 89 92 93 94 95 97 103 107 112 113 115 123 125 126 127 130 137 141 145 147 150 152 154 156 163 166 169 172 173 177 180 182 183 188 192 199
88 79 97 99 106 107 115 127 135 137 138 143 148 149 169 179 180 181 183 184 190 191 194
89 88 91 95 97 100 102 103 104 105 116 119 128 131 133 137 144 146 155 156 158 160 162 164 167 168 170 172 174 176 177 179 185 187 194 197 198
90 57 93 95 99 104 112 118 119 124 125 134 135 136 139 140 141 142 149 155 156 158 165 167 168 170 176 182 186 189 200
91 86 96 100 101 105 106 115 116 118 126 128 129 130 133 136 144 152 157 158 164 167 168 170 171 184 185 191 193 194 195 199 200
92 96 94 99 100 104 105 106 115 117 120 121 123 124 128 130 137 146 147 149 154 155 159 161 162 164 167 168 170 171 175 176 179 180 181 190 195 197
93 73 99 101 102 104 115 119 124 126 130 132 133 135 136 137 150 151 153 159 161 162 163 164 165 168 170 171 172 174 175 177 178 182 184 189 190 191 196 199 200
94 53 97 99 100 101 106 112 114 116 117 123 127 128 132 134 137 138 140 144 146 147 148 151 155 158 159 162 166 167 178 182 191 194 195 197
95 53 98 99 108 114 115 118 120 122 123 128 129 134 143 144 147 154 155 161 164 166 167 170 171 172 177 183 189 195
96 73 101 102 107 115 118 121 123 126 127 128 131 135 137 140 144 148 151 152 153 154 157 162 164 166 169 174 175 177 192 193 197 199 200
97 54 99 104 109 110 114 116 127 135 136 141 142 146 151 160 163 165 168 170 173 175 178 179 184 185 189 191 193
98 61 103 104 105 108 111 113 117 122 123 133 141 144 151 153 154 155 156 162 177 184 185 187
99 98 100 101 103 107 109 116 120 124 131 134 138 144 145 147 148 155 156 159 162 163 166 168 169 173 181 186 187 193 194 195 197 200
100 83 102 105 109 114 119 120 121 123 129 136 138 141 142 143 148 152 153 155 156 160 161 166 167 169 172 173 180 181 185 187 189 195 197 199 200
101 60 104 105 108 113 119 120 122 123 135 140 147 148 149 152 158 159 163 166 170 172 176 180 182 183 185 186 189 193 194 196 199 200
102 88 105 113 119 123 124 128 130 134 135 138 139 141 145 146 157 160 164 165 166 169 170 171 172 173 174 180 190 192 195 198
103 73 106 107 119 124 125 126 127 128 130 131 133 135 137 142 146 156 158 160 163 170 173 178 183 186 191 197 198 199
104 56 105 107 108 111 113 117 119 120 122 124 125 127 128 135 138 144 155 157 158 159 162 163 169 171 174 175 181 182 184 185 187 197 198 200
105 50 107 108 111 112 119 124 125 128 129 130 132 133 135 140 144 148 151 153 159 160 162 164 166 173 174 176 177 181 182 183 184 187 191 194
106 76 110 112 119 125 128 129 130 131 136 138 144 145 147 149 151 157 160 162 167 170 172 176 177 181 182 190 193 197
107 82 115 117 132 135 136 139 141 147 148 150 151 162 164 165 166 167 169 172 173 175 180 185 191 194 195 196 198 199
108 69 109 118 120 122 127 133 134 140 141 144 145 146 148 159 166 168 169 172 174 175 182 185 186 187
109 64 110 115 118 120 121 122 124 125 127 128 130 141 148 150 151 153 163 166 170 174 175 178 180 188 189 190 194 195 197
110 64 111 116 117 118 127 143 144 152 158 159 161 175 176 179 184 189 194 196 197 200
111 98 113 114 119 120 122 127 129 130 131 133 136 140 142 146 149 152 155 162 163 168 169 171 172 178 179 182 187 192 194 197 198 200
112 58 113 126 128 130 131 133 134 138 147 149 153 154 156 157 166 167 169 171 176 185 188 190 194 198 199
113 90 115 118 120 122 124 129 130 134 139 144 146 147 150 155 157 161 162 172 176 177 179 182 187 198 200
114 82 116 117 122 125 126 129 133 135 138 141 142 145 150 151 155 157 160 164 166 170 179 180 183 184 187 189 194 195 198 200
115 84 116 117 119 120 122 127 129 132 135 138 143 145 151 152 153 161 162 166 185 190 191
116 55 118 120 125 126 129 133 136 141 145 150 155 171 172 174 179 181 185 186 188 193 199
117 58 120 124 133 136 145 147 148 150 152 153 157 158 161 164 167 168 170 181 184 185 189 190 197 198 199
118 88 128 130 133 134 138 139 144 147 149 151 155 157 161 162 164 169 170 173 174 177 179 182 189 191 195
119 93 120 121 122 126 129 134 135 141 143 144 146 147 155 156 159 163 164 170 176 177 181 182 188 194
120 56 124 128 130 131 136 138 140 141 142 145 147 149 151 152 153 158 163 167 169 171 174 175 176 178 179 182 185 189 193 194 195 196 198 199
121 89 133 138 145 147 151 153 156 158 164 165 167 169 170 177 178 182 183 187 195
122 61 125 129 130 134 138 139 143 145 146 150 151 153 154 159 161 162 167 169 173 175 177 181 183 186 187 188 189 192 196 197 198
123 78 125 128 130 131 135 136 140 143 145 148 150 156 157 159 167 169 170 173 182 185 186 192 193
124 69 131 133 135 136 139 140 141 142 143 144 149 151 158 160 162 164 172 184 188 189 194
125 63 126 127 128 131 149 150 154 155 156 162 163 165 166 171 173 174 176 182 184 191 195 197 198 199
126 73 127 128 129 133 140 145 146 151 156 168 170 177 180 182 184 186 193 196 198
127 66 130 133 135 136 139 140 152 154 156 157 160 166 169 170 174 175 177 184 189 196 197
128 94 131 132 133 135 136 139 142 143 144 148 152 157 161 165 166 169 174 178 181 183 184 185 189 191 194 200
129 83 132 137 138 140 149 150 155 160 165 168 173 175 182 184 186 187 192 195 198
130 86 134 135 139 142 143 145 147 153 156 175 179 180 182 183 184 185 189 191 196 197 200
131 92 135 138 143 154 156 164 166 169 177 178 180 185 186
132 84 134 135 137 139 140 141 143 144 147 149 151 154 158 159 162 170 175 177 180 186 187 190 191 192 193 194 196 197 199
133 98 138 144 148 150 153 155 158 160 163 164 165 167 171 173 176 177 180 183 190 192 194 195 198 200
134 55 139 140 143 144 147 152 158 161 165 166 167 172 178 179 181 187 189 200
135 57 140 147 148 150 151 153 154 157 171 181 182 183 184 185 187 189 194
136 95 137 138 142 143 144 161 165 166 170 171 172 177 188 199 200
137 56 139 143 144 146 152 155 158 168 169 170 172 173 179 180 185 189 190 191 194 195 196 198
138 96 140 141 145 147 151 153 156 160 168 169 179 180 185 188 189 190 192 193
139 88 140 144 148 154 158 162 180 181 185 186 188 189 190 192 193 197 199 200
140 67 143 144 145 150 152 153 156 163 170 178 179 181 182 184 185 191 194 195 196
141 77 142 143 146 150 153 161 162 175 182 186 187 188 190 193 197 198
142 74 147 152 156 157 162 163 165 166 168 173 175 177 180 182 184 191 196 197 199
143 63 151 153 156 166 168 170 171 172 173 178 180 181 187 188 193 195 196 200
144 50 145 147 150 157 161 162 165 170 176 177 179 182 185 188 189 197 198 199
145 73 147 151 156 159 160 161 163 165 169 173 174 177 180 181 183 184 185 190 193 196 197
146 97 150 151 153 159 161 170 173 175 176 179 188 190 192 197
147 59 149 150 153 160 167 169 171 182 187 188 190 191 192 194
148 60 152 154 156 159 167 168 170 171 184 189 194 197 198
149 82 151 153 155 159 161 163 165 168 171 174 175 180 181 188 195 196 198
150 96 155 158 167 168 169 172 174 176 187 188 195 199
151 91 153 154 157 160 161 167 168 171 172 174 175 178 180 181 182 183 186 197 200
152 87 155 163 164 166 168 170 171 173 174 177 178 186 188 193 194 196 199 200
153 62 155 157 160 162 163 178 179 185 186 192 193 195 199
154 98 166 168 170 172 174 186 187 194 198 200
155 72 168 178 179 180 181 185
156 87 162 176 184 187 189 191 193 194 196 197 200
157 66 159 167 172 176 177 183 185 187 189 191 194 197
158 60 162 164 166 167 171 175 184 185 189 190 193 198 199
159 50 160 161 165 169 173 176 178 180 182 185 186 190 193 196 198 200
160 74 162 168 170 171 172 173 176 177 179 181 184 186 191 192 193 194 196 198
161 70 164 166 167 172 173 181 191 192 194 195 196 199
162 76 164 166 167 168 172 173 175 177 178 180 182 183 186 188 191 192 198
163 68 174 176 177 179 182 184 185 188 191 198
164 51 166 169 172 174 176 178 181 183 185 188 192 195
165 85 166 167 169 175 179 183 189 192 193 194 195 196 197
166 66 167 175 176 177 186 187 193 195 199
167 65 168 179 185 194 196 198 200
168 50 169 170 172 175 176 178 181 182 184 185 186 187 189 198 200
169 53 171 175 177 178 181 182 192 194 197
170 74 174 176 180 181 185 186 188 190 193 196 197 199
171 75 173 181 182 188 194 196 200
172 56 174 175 176 179 184 185 190 194 197
173 72 180 183 188 191
174 78 176 179 180 182 186 189 190 191
175 79 177 185 188 189 191
176 94 179 181 185 194 195 197
177 91 178 183 186 188 190 191 192
178 78 183 185 186 187 188 190 191 192 194 196 197 198
179 69 181 188 193 194 197 200
180 60 182 185 193 196
181 75 193
182 78 188 190 197 199 200
183 80 185 189 190 192
184 64 189 191 199
185 94 188 192 193 195 196 199
186 77 188 191 193 195 199
187 51 190 198 199 200
188 65 189 195 197
189 99 190 191 193 199
190 83
191 71 200
192 79 194 196 198
193 79 195
194 54 197
195 68 198
196 81 197
197 50 198 199
198 57
199 100
200 75
