200
1 33 2 3 4 6 13 19 32 38 45 46 61 66 70 72 74 79 80 82 106 121 122 126 135 144 146 160 182 185 188 190 191 197 199 200
2 45 4 5 7 8 15 16 17 19 30 31 34 35 43 47 54 56 66 70 87 89 92 95 100 104 105 120 122 125 126 128 132 133 140 142 145 149 150 160 164 169 179 180 186 189 190 196 199
3 21 10 13 14 18 24 27 33 35 38 45 46 47 57 59 63 67 70 74 75 82 86 93 96 99 103 104 109 115 119 121 123 126 133 136 137 140 144 146 147 162 163 166 168 176 183 184 186 188 196
4 54 5 31 33 35 36 51 54 76 81 82 83 98 107 109 111 114 115 121 123 124 126 130 137 145 156 159 174 178 182 187 189 190 192 196
5 57 9 17 21 26 27 37 38 40 42 46 52 70 73 83 95 104 112 114 120 121 123 129 135 140 142 143 144 147 151 156 157 160 161 177 185 194 198
6 52 7 10 20 22 30 37 45 52 57 62 64 67 71 72 74 81 86 97 100 102 105 106 109 125 126 129 144 155 156 157 161 163 164 180 190 192 193 194
7 66 9 11 21 29 30 31 32 33 49 53 55 64 66 75 80 88 90 96 110 112 116 122 123 126 134 136 144 146 149 156 157 164 169 176 180 183 194 197 199 200
8 31 13 20 31 33 34 53 70 74 78 83 85 88 89 95 102 103 105 107 108 113 120 125 129 135 154 159 170 185 191 194 195
9 54 12 13 18 30 32 38 47 71 74 75 78 80 83 84 85 89 101 108 124 134 135 140 146 148 153 156 165 167 169 172 177 179 188
10 71 13 24 31 39 47 49 62 63 68 71 81 89 94 99 106 109 110 112 115 118 119 135 136 139 142 144 145 147 155 157 164 170 177 181 187 191 192 195 196 198 199
11 73 12 13 23 24 25 44 45 47 54 55 65 66 67 72 79 80 82 86 90 91 94 96 100 102 103 106 107 110 114 118 121 137 142 144 153 154 155 160 162 170 177 184 190
12 17 17 31 33 44 50 62 66 68 72 77 93 97 98 101 107 108 111 113 115 116 128 133 135 137 146 159 160 174 185 188 190 198
13 66 14 16 26 38 41 44 46 53 70 73 76 77 79 81 86 95 106 108 112 131 133 136 140 143 147 162 165 172 175 182 191 193
14 48 15 18 19 24 31 34 36 40 44 48 63 69 73 74 76 83 84 90 95 96 100 103 109 110 115 116 117 118 121 124 129 133 136 139 141 142 143 146 157 159 166 170 178 180 182 188 190 191
15 66 22 24 27 34 40 42 69 73 78 90 96 99 105 106 108 115 126 146 149 152 156 157 161 166 193
16 16 22 30 35 39 42 44 53 55 68 73 77 82 83 84 86 89 107 114 119 121 122 123 126 134 151 160 171 174 176 181 183 185 186 189 190
17 11 20 22 25 46 50 53 54 62 68 74 86 91 94 96 101 104 106 108 111 113 118 119 121 124 127 129 132 135 143 145 146 148 156 157 158 159 165 167 171 175 188 189 192 198
18 67 20 27 28 29 43 47 48 50 52 53 54 63 67 78 79 88 89 92 101 102 103 106 107 112 114 118 123 128 137 138 147 150 156 176 180 187 191 192 193 194 195 197
19 1 23 25 32 38 42 43 45 50 56 61 68 77 78 79 83 86 87 91 95 98 99 101 109 110 111 122 123 127 131 134 136 137 139 151 153 155 166 169 173 175 178 182 184 189 190 193 196
20 64 23 33 35 37 40 41 46 57 58 60 67 69 83 85 93 97 100 103 109 111 122 123 131 151 152 161 168 170 173 184 190
21 1 24 27 33 36 48 53 57 64 69 80 88 92 124 126 128 137 143 144 145 150 151 157 170 178 183 185 186 187 190 195
22 83 24 28 44 47 48 54 63 71 74 78 80 90 93 94 101 104 113 117 118 129 134 152 153 159 160 161 164 165 169 171 175 177 181 183 196
23 96 31 39 45 46 47 50 53 55 62 66 68 78 88 108 109 112 115 120 121 123 127 131 138 145 165 166 168 169 172 174 186 193 197 199
24 22 25 26 27 29 30 32 34 36 39 41 46 47 51 61 71 72 73 77 79 82 91 97 98 109 113 114 128 129 136 139 143 144 164 169 180 185 187 188 189 191
25 75 29 37 38 43 44 45 49 50 61 63 71 75 76 82 88 90 94 98 99 107 108 122 123 124 138 141 144 155 156 160 168 172 180 184 186 196 199
26 83 29 35 48 54 65 72 84 91 93 99 116 120 121 122 124 129 130 131 135 140 143 149 158 159 170 172 179 180 184 192 197
27 49 36 37 38 46 53 54 62 65 70 73 75 81 84 85 97 99 111 115 120 122 123 130 134 145 146 149 151 152 158 159 163 166 178 191 195
28 72 31 34 39 49 50 55 64 76 77 85 95 98 101 104 107 114 120 123 131 132 137 138 140 141 144 146 160 173 180 186 189 194 198 200
29 13 34 51 56 68 70 75 76 81 82 85 92 93 95 96 109 112 119 129 132 137 140 164 166 172 175 184 185 192 198
30 87 31 35 36 37 44 52 57 59 61 69 79 86 89 93 99 101 102 106 107 119 134 157 158 164 168 170 184 189 192 196
31 47 33 38 42 43 46 49 50 52 56 58 59 63 67 71 73 76 88 90 93 94 98 99 101 107 111 116 119 135 143 160 161 169 175 178 184 186 187 194 196
32 46 35 40 41 47 48 50 60 62 69 80 85 89 104 106 107 114 115 128 135 141 146 148 154 162 163 170 185 200
33 66 34 38 39 43 46 52 55 68 75 88 89 97 99 110 111 117 125 148 159 162 168 173
34 40 39 45 50 56 57 58 59 60 62 64 74 79 80 84 91 96 97 99 112 113 115 119 120 131 139 141 142 147 151 152 158 159 161 165 166 179 180 184 186 193 196
35 13 40 43 45 50 51 62 63 66 71 73 74 75 80 83 87 95 104 114 116 117 121 122 126 127 130 142 144 151 152 153 154 156 158 160 164 166 170 171 176 179 181 183 187 191 199
36 69 39 40 49 62 63 67 78 79 80 81 82 88 96 97 99 104 129 134 135 136 137 156 161 163 174 177 194 195 196 197
37 50 40 42 45 46 50 56 63 65 70 79 83 94 97 101 106 109 114 123 127 130 134 135 143 154 156 162 173 174 184 187 200
38 93 69 84 91 94 97 102 113 118 123 137 153 157 159 160 162 163 169 170 171 178 182 183 189
39 62 41 45 46 49 50 70 73 80 84 100 102 106 112 114 117 119 120 121 126 133 136 140 142 148 166 168 174 176 177 198
40 33 43 44 45 48 62 64 68 74 75 79 86 89 95 96 97 99 107 109 117 120 122 144 145 151 157 164 166 168 169 172 174 175 184 185 197 200
41 17 44 50 54 56 61 65 67 73 74 81 89 93 99 101 102 104 105 118 123 127 128 131 133 141 145 150 158 159 161 166 169 178 182 183 187 188 189 195
42 36 51 52 56 57 65 68 94 108 109 111 112 115 116 119 124 126 132 133 142 143 153 155 156 176 181 185 191 196 199
43 25 54 56 67 69 72 73 79 83 88 93 95 96 100 102 103 106 116 117 120 125 128 130 133 141 147 151 160 165 168 174 181 191 197 200
44 97 56 57 63 64 74 76 88 93 103 109 110 114 120 121 127 128 131 139 144 146 147 150 160 171 175 176 183 186 198 200
45 89 51 53 57 67 69 71 76 78 89 90 98 101 110 111 121 122 128 132 138 140 141 145 146 147 154 167 174 177 179 200
46 75 55 57 58 59 61 63 66 70 73 79 84 102 106 107 108 112 118 120 121 123 131 147 154 155 158 162 164 182 193
47 25 50 60 61 68 74 76 80 85 89 90 91 99 103 107 109 115 124 125 129 155 168 171 191 195 197
48 20 53 61 64 67 71 74 80 85 87 100 101 103 107 108 113 116 118 121 124 126 135 137 142 151 152 158 160 161 163 181 192 194 196
49 48 52 56 86 97 98 102 111 115 118 119 121 122 130 132 141 145 146 147 153 154 160 174 177 178 183 188 189 195 199
50 14 54 64 70 85 90 93 96 97 107 109 113 117 120 127 128 143 145 147 149 152 158 159 163 164 166 174 177 182 184 185 192 193 199
51 40 52 60 69 71 95 97 100 102 103 104 109 110 112 117 118 125 130 135 137 139 141 142 147 149 157 173 177 185 186 195 197
52 32 53 70 76 79 80 82 85 91 94 98 102 106 107 112 121 122 126 140 143 159 160 161 165 168 169 171 172 178 187 188
53 62 57 58 61 68 77 80 84 86 87 98 102 105 115 119 120 131 133 136 137 138 139 141 144 146 153 161 173 175 176 184 186 191 195 197
54 45 58 62 64 74 75 84 100 101 103 105 108 119 131 136 139 142 143 144 151 158 165 172 175 180 187 193 195
55 59 59 65 75 76 79 85 86 87 88 89 94 96 97 98 103 114 115 116 118 119 121 134 135 145 148 157 160 176 177 183
56 39 63 66 73 79 83 84 91 95 98 100 105 108 127 132 133 139 143 156 172 174 178 182 184 187
57 58 61 62 66 69 76 77 100 102 110 112 116 118 119 122 126 128 130 134 137 141 175 177 179 181 191 192
58 93 61 63 70 71 73 79 80 81 83 84 101 114 117 124 126 127 134 141 150 153 156 159 161 162 164 166 168 169
59 46 62 64 65 74 75 81 89 91 95 97 100 101 111 115 119 126 139 140 147 151 156 160 165 170 171 174 176 196
60 72 68 69 73 81 91 95 96 107 111 114 116 121 130 137 140 148 150 154 166 169 176 177 181 189 193 196 197 200
61 5 64 65 66 70 72 75 76 78 81 89 90 94 98 100 110 128 129 131 133 135 138 144 145 152 156 165 168 170 175 183 187 188 192 195
62 23 63 66 72 77 78 80 82 85 103 109 113 120 132 134 148 158 160 163 169 171 182 189 193 194 198 200
63 38 72 73 75 80 81 84 87 90 91 94 96 104 115 120 127 128 130 133 139 141 144 149 152 153 154 157 159 161 166 170 179 184 190 191 196 198
64 82 72 80 83 85 90 97 99 102 106 116 120 121 124 133 141 147 151 155 165 167 183 189 190 191 195 198
65 27 71 73 74 84 89 97 103 109 113 118 131 132 134 140 143 157 162 171 172 174 176 182 183 187 191 195 198
66 65 76 91 93 94 99 104 128 139 148 150 154 168 170 172 181 187 188 192 194
67 79 74 75 79 84 89 93 100 102 104 113 119 123 125 131 133 137 140 145 148 149 151 162 166 167 177 178 179 181 186 189 191 195 197 199
68 80 71 74 89 91 92 105 108 110 114 118 120 125 126 130 134 138 149 152 155 161 163 166 173 179 186 191
69 12 76 80 88 90 92 95 96 98 100 103 107 114 127 128 129 132 133 137 140 145 153 158 161 163 175 179 181 186 190 192 199
70 55 80 90 94 95 101 103 104 105 106 111 124 125 128 130 132 139 141 144 150 151 158 159 161 162 163 174 182 183 196
71 12 72 74 75 77 90 100 105 110 120 121 130 131 135 137 151 160 165 171 178 180 182 189 192 193
72 31 73 74 83 85 96 98 104 115 132 134 147 149 151 162 165 166 169 171 177 179 180 182 193 194 195 197 199
73 29 78 85 87 96 97 99 100 101 105 109 112 115 118 126 127 135 144 148 152 157 169 173 193 197
74 49 75 76 80 81 83 87 89 90 91 95 104 112 115 119 120 126 128 129 138 149 153 159 160 169 176 180 191
75 52 77 78 85 86 88 89 92 94 99 100 106 109 112 121 123 124 130 131 133 135 140 146 147 151 173 177 186 188 190 192 194 198 199
76 98 77 80 84 86 87 91 92 97 110 111 116 117 121 126 128 148 154 155 156 157 159 161 164 167 169 170 178 181 187 190 199
77 14 79 80 81 94 98 101 104 111 112 116 125 126 129 132 139 145 152 154 155 156 157 158 165 168 200
78 7 79 80 86 89 95 99 106 110 115 125 126 128 143 147 148 152 154 163 164 170 179 181
79 38 83 91 98 108 121 122 123 125 126 131 144 146 148 153 168 185 187 199
80 48 82 92 93 96 125 133 137 138 143 157 158 165 180 189 190 198 200
81 60 82 85 87 90 98 108 109 118 124 125 126 128 143 159 162 168 173 181 183 188 195 197 199
82 12 83 89 91 93 97 108 119 122 132 134 136 138 142 147 149 158 160 161 163 164 172 173 174 177 181 183 188 195 197
83 100 85 86 89 91 109 112 115 119 120 124 127 128 131 133 138 139 140 154 155 171 179 189 190 191 192 196 197
84 14 88 91 93 107 110 111 112 136 148 154 164 171 177 190 191 192
85 52 87 88 89 92 94 97 98 100 103 117 122 146 148 150 156 157 161 163 168 172 175 176 179 180 190 191 194 198
86 11 89 90 95 106 109 124 138 139 149 151 157 159 160 174 176 185 198 200
87 36 95 96 100 102 106 109 118 125 142 146 150 151 156 167 171 178 179 180 187 189 190 197 198
88 27 99 101 107 111 115 116 117 137 141 161 163 170 173 174 175 184 187 196
89 78 92 95 97 99 103 106 112 119 121 129 130 134 136 138 142 143 154 157 166 169 177 180 189 199
90 49 97 100 103 104 109 110 113 116 119 122 125 129 148 150 153 158 169 175 185 186 187 189 198 199
91 36 95 99 105 106 110 115 120 122 135 155 159 166 171 180 184 185 189 193 198
92 3 93 95 97 102 113 121 128 130 140 149 151 153 154 158 163 164 166 170 172 175 176 178 179 182 185 188 193 196 200
93 80 94 101 105 109 116 119 120 121 122 124 130 135 136 138 141 149 154 160 166 168 171 178 179 189 192 196
94 80 95 98 99 101 110 114 119 123 124 127 128 129 130 137 138 140 141 142 143 167 171 178 180 183 187 192 193
95 46 102 103 104 121 130 134 145 146 148 159 162 167 180 183 187 189 192
96 15 97 101 105 108 114 115 117 118 122 135 137 140 141 142 144 145 151 167 177 197
97 53 113 115 144 146 150 167 187 191 192 195 198 200
98 28 100 102 105 110 117 119 131 133 138 142 145 154 155 157 158 167 168 169 176 181 191 196
99 14 100 108 111 112 117 123 124 129 143 144 146 147 155 161 162 168 171 173 179 185 192
100 20 107 109 111 115 125 126 134 137 138 139 141 142 145 150 169 170 172 189
101 71 104 114 119 123 124 139 143 144 153 154 156 177 178 188 189 195 196 198
102 83 106 115 118 121 123 128 135 140 144 162 169 171 172 175 176 184 196
103 3 106 130 132 133 141 160 162 164 174 176 181 198
104 85 110 114 119 127 130 134 137 141 143 148 149 153 155 164 167 172 175 178 179 181 193 197 198
105 35 110 114 117 120 125 135 141 143 145 148 153 154 156 157 173 183 191 192 193 194 198 200
106 98 110 114 129 131 132 163 164 165 174 175 176 186 194
107 14 112 119 120 131 139 140 142 147 149 151 154 156 160 163 168 169 180 181 188 189 190 191 194 196 197 200
108 62 109 117 131 133 138 140 151 152 154 157 160 166 185 197
109 36 111 120 126 127 128 131 136 139 159 161 163 166 172 177 186 188 190
110 82 115 120 122 128 130 135 141 143 145 147 151 153 154 158 160 163 173 179 180 191 193 194 200
111 20 121 126 128 129 133 152 156 158 162 168 187 189 192 200
112 79 120 121 122 123 127 132 134 135 144 149 186 190 192 194 199
113 24 117 123 130 131 134 147 155 162 166 168 179 181 184 200
114 53 119 120 122 127 130 136 146 152 156 157 166 169 172 179 184 198
115 30 121 123 125 127 128 137 138 140 151 159 166 179 183 185 188 190 192 195 198
116 87 122 123 128 129 132 135 142 149 152 157 159 161 162 175 177 181 185 188
117 61 125 129 130 135 136 137 142 143 146 150 154 157 158 164 170 174 188 189 196 198
118 35 120 125 130 133 141 145 146 151 154 168 171 172 174 175 177 180 184 185 199
119 95 122 124 126 134 135 145 146 150 158 161 162 167 174 177 182 188
120 15 123 125 130 147 148 152 163 166 186 187 190 198 200
121 70 125 132 138 140 143 145 147 149 151 154 155 156 161 162 168 173 174 188 190 192 194 195 196 198 200
122 72 123 126 133 135 137 140 144 148 169 182 183 184 186 192
123 81 124 125 131 133 141 152 155 156 159 160 174 178 183 186 188 193 200
124 3 134 135 145 149 157 179 190 193 196
125 49 126 137 138 139 140 145 146 183 184 185 186 189 190 193 198
126 55 127 134 142 148 149 153 155 164 165 170 171 176 179 183 184 189 197
127 13 135 142 145 153 154 156 164 170 175 178 185 188 193 195 199
128 46 129 133 136 138 155 156 162 165 171 172 174 183 185 186 189 192
129 63 132 133 144 147 148 160 167 177 179 187 200
130 6 131 132 135 137 143 144 147 155 164 167 174 175 181 182 184 190 198
131 21 133 138 140 141 144 145 146 150 156 157 158 161 169 172 173 191 196
132 13 145 165 169 174 178 179 181 183 186 187 189 192 194 198 200
133 79 137 147 148 150 154 156 162 164 168 171 177 184 185
134 39 136 140 141 143 145 159 167 168 171 172 173 178 181 195 199
135 77 136 145 146 158 159 172 173 174 176 178 181 183 186 191 195 198 199
136 94 142 143 148 149 153 159 162 167 175 177 180 181 182 184 188 196 197 199
137 59 138 139 141 142 143 146 151 162 168 177 194 199
138 36 155 161 163 166 171 172 180 182 187 198 200
139 76 142 151 155 158 160 163 168 173 180 188 190 196
140 24 145 151 153 157 158 163 166 176 178 179 185 188 192 195
141 80 143 155 161 174 176 179 191 196 198 200
142 53 147 153 157 163 166 172 180 183 185 189 192 197 198
143 39 155 156 159 164 168 169 171 173 178 180 182 188 191 194 195 199
144 39 145 148 160 163 170 171 187 192 197 198
145 97 152 160 166 170 171 173 177 178 184 186 187 188 189 190 193
146 96 153 159 166 174 177 182 190 191 193
147 83 148 155 156 163 174 178 179 183 191 200
148 21 150 151 155 162 164 178 181 186 191 192 200
149 8 154 157 164 169 174 177 178 179 180 196
150 85 162 166 172 178 180 181 183 184 186 189 193 194 197
151 52 158 159 162 165 170 171 174 178 185 196
152 74 154 162 176 178 188 189 190 191
153 45 156 158 160 166 168 170 180 187
154 49 162 170 172 173 185 189 195 199
155 45 163 170 176 182 189 190 191 192 193 196
156 2 160 164 165 178 179 184 189 191 197
157 49 159 172 181 182 189 194
158 57 162 173 176 183 188
159 32 161 168 177 181 182 183 186 188 190
160 19 162 168 169 174 178 181 182 188 193 196
161 51 163 165 168 183 184 187
162 37 163 164 166 172 173 180 191 193 195
163 1 179 185 191 195
164 72 168 182 184 188 191 192 195 197
165 21 167 169 170 172 181 183 184 185 188 194 195 198
166 98 169 172 174
167 28 175 180 184 192 193 194 199 200
168 99 179 186
169 3 171 174 178 181 186 193
170 83 173 176 179 184 200
171 4 172 176 177 182 186 192 198
172 7 175 183 191 193 194 195
173 97 175 177 178 188 192 196
174 86 175 176 185 188 191
175 13 177 179 193 198
176 90 187 190 191 192 194 196
177 11 178 188 190 194 196 199
178 62 179 187 190 199
179 12 181 197 200
180 75 182 184 185 192 196 197
181 41 182 186 191 193
182 46 188 190 195 198
183 79 191 195 199
184 16 185 193 197 199
185 96 188 192 194 196
186 32 187 192 196 200
187 98 189 191 196
188 18 193 198
189 47 192 200
190 12 199
191 50 194
192 18 194
193 89 194 196 199
194 29 195 196 198 199 200
195 63 198
196 2 197
197 6 198
198 54 200
199 6
200 84
