200
1 84 2 4 7 11 23 27 28 31 32 33 34 35 41 43 45 47 52 56 62 69 74 76 79 81 82 95 100 101 102 103 108 109 112 114 115 116 119 122 123 124 125 129 131 133 135 138 141 144 147 154 159 163 166 167 168 169 170 174 175 180 181 185 186 192 195 196 198
2 80 6 13 18 21 22 23 25 27 45 47 50 53 54 55 56 59 61 67 68 70 74 75 76 79 80 81 84 85 86 88 89 98 101 102 105 106 107 110 113 115 116 121 123 125 128 131 132 135 136 138 139 141 143 145 146 147 148 150 152 154 157 160 162 164 165 166 167 172 173 174 179 180 183 190 198 200
3 91 4 7 11 15 18 19 20 21 23 24 25 26 27 28 31 32 36 38 41 43 45 46 50 53 55 56 57 61 65 66 67 68 75 76 77 84 87 89 90 96 99 106 109 110 111 112 116 117 122 123 125 127 131 135 137 140 141 143 144 146 148 151 155 158 161 164 165 168 169 171 175 179 183 185 187 188 189 190 191 193 194 195 196 197
4 20 5 7 10 12 13 14 15 17 18 19 21 22 30 32 33 40 42 43 53 56 58 61 64 67 69 70 72 74 75 80 83 84 87 89 93 94 95 97 98 104 106 107 108 110 111 116 119 120 121 124 125 127 133 134 138 141 143 147 148 150 157 159 160 161 163 165 168 171 176 178 179 180 186 189 190 193 196 198 199
5 18 8 11 12 13 14 16 17 22 24 26 30 39 41 42 49 52 61 63 64 65 66 67 68 69 74 75 76 77 78 79 80 83 86 90 91 92 93 96 99 100 101 103 105 107 108 109 110 111 112 116 121 122 126 130 131 133 134 135 137 138 141 142 143 145 147 148 154 155 156 161 163 165 170 173 174 175 176 179 180 181 185 186 194 195 198 199 200
6 10 7 9 10 11 15 16 18 20 21 23 25 26 28 30 34 38 39 40 41 43 48 50 57 59 60 61 62 67 73 76 78 79 82 85 87 89 96 99 101 102 105 110 113 114 115 119 123 124 125 128 130 131 134 136 138 142 146 150 151 152 153 154 155 156 158 159 160 161 162 164 165 167 168 170 173 175 176 178 181 182 186 192 193 198 200
7 91 8 9 12 13 16 21 23 24 25 27 28 30 31 32 33 37 40 43 50 52 53 56 59 65 68 69 70 71 72 73 77 82 83 84 90 92 93 97 98 102 107 109 110 111 113 115 116 118 120 124 125 130 132 134 135 136 138 139 140 141 142 145 146 148 149 150 154 155 160 161 163 166 167 168 170 174 175 176 177 184 190 191 194 197 198 199
8 81 9 10 11 13 16 17 19 20 21 22 23 24 26 31 32 33 35 36 42 43 48 54 55 57 58 59 60 63 64 66 67 69 70 71 72 73 79 86 88 89 90 91 92 94 95 98 99 100 101 103 104 106 107 114 118 120 122 126 130 131 133 135 139 142 143 144 148 153 156 157 160 163 167 169 171 172 173 175 177 182 185 190 192 193 194 197 198 199
9 60 13 14 18 22 26 27 29 30 31 32 33 35 39 40 41 46 51 53 54 58 62 63 65 66 68 70 73 81 89 96 101 104 105 110 111 113 114 116 117 121 123 125 126 130 131 137 140 143 144 150 154 157 159 162 166 169 173 175 176 178 181 184 185 189 191 193 194 195 196 197 198 199
10 83 11 18 19 24 31 35 40 41 43 46 53 54 55 59 62 63 65 66 67 72 73 76 79 81 82 86 87 90 91 98 99 100 101 104 105 106 107 113 114 116 117 118 120 122 123 129 133 139 140 142 146 147 150 151 152 153 154 155 157 158 160 162 164 165 166 168 171 178 180 185 186 189 190 196 197 199
11 71 13 14 17 19 29 30 34 38 41 46 49 51 55 58 59 61 62 64 66 70 72 73 78 80 85 88 91 94 96 98 101 106 108 113 114 115 117 118 120 121 124 126 128 135 136 137 140 142 145 146 151 152 156 158 163 164 170 174 177 178 179 181 182 183 185 186 189 196 197
12 62 13 15 16 17 21 22 23 28 30 31 41 42 46 47 48 49 51 54 57 58 59 61 63 64 68 72 74 76 77 80 83 88 91 93 94 97 98 103 109 112 114 115 120 122 123 124 126 132 134 135 136 139 144 146 149 152 159 160 165 167 171 173 176 179 180 186 188 191 192 193 197
13 90 16 18 19 22 23 25 27 28 29 31 34 36 38 39 40 45 52 56 57 59 60 61 63 64 67 68 70 72 73 74 75 76 87 88 91 92 94 96 98 100 101 102 104 105 106 107 108 109 111 112 116 120 122 125 130 132 134 136 139 141 142 144 145 148 153 159 162 163 171 174 176 181 189 190 191 194 197 199 200
14 54 16 17 21 29 30 33 36 37 39 43 44 47 51 52 53 54 56 57 59 60 67 69 70 71 72 77 81 83 86 90 94 95 98 99 102 105 112 115 117 125 130 131 135 136 145 150 152 153 155 157 158 160 161 165 168 170 172 174 178 180 181 183 186 188 190 194 196 199
15 21 18 20 22 28 29 34 38 40 41 43 45 46 47 52 55 56 59 60 61 63 65 66 67 73 74 80 82 84 87 90 92 94 97 99 107 108 109 110 114 115 117 118 120 123 124 131 135 136 137 138 139 140 142 143 146 149 152 153 155 156 157 161 163 166 167 168 170 171 174 177 180 181 185 187 188 191 193 198 199
16 88 18 24 26 30 31 33 34 36 37 42 43 49 51 52 54 55 56 61 63 67 69 72 73 76 80 83 84 85 86 90 92 97 98 105 107 111 112 120 123 129 136 138 140 144 155 159 160 161 166 169 170 174 175 178 179 180 183 185 186 187 190 193 194 197 198 199 200
17 2 18 19 22 24 25 26 27 31 34 37 43 44 45 49 50 51 55 58 64 65 68 73 74 78 80 81 85 86 88 89 90 91 92 93 94 95 96 97 99 103 106 110 111 113 118 120 121 123 125 127 128 129 130 131 133 134 135 137 140 141 146 147 148 149 150 153 154 159 160 169 171 176 177 178 180 186 187 189 191 192 198 200
18 100 20 22 23 26 27 28 31 32 33 37 39 44 46 48 49 51 52 53 54 56 57 58 60 63 64 70 72 73 74 80 81 83 89 92 93 96 100 108 111 112 116 119 122 124 125 127 130 132 135 136 138 142 150 151 152 153 155 156 157 162 164 165 170 171 172 179 180 182 186 198 200
19 85 21 24 27 30 31 32 34 40 41 42 43 45 48 50 51 54 58 59 60 61 62 63 65 66 67 68 72 73 75 80 85 88 93 97 99 103 104 106 108 109 110 111 116 117 118 120 121 123 124 125 129 130 132 133 134 137 141 144 145 147 148 151 154 155 157 158 161 163 166 169 170 174 176 180 184 185 186 188 192 196 200
20 35 21 23 24 25 27 32 35 45 46 47 49 52 53 54 56 57 58 62 63 67 68 69 72 75 78 80 81 82 86 90 94 97 98 102 107 108 111 114 117 122 124 126 129 133 136 137 138 143 145 148 150 152 153 157 158 159 160 162 164 166 168 169 175 176 179 180 181 183 186 193
21 90 23 24 25 29 34 35 37 41 51 54 56 57 58 59 62 64 65 67 69 72 76 78 82 87 88 89 93 95 97 100 101 107 112 114 116 118 119 121 122 123 125 131 134 135 137 139 140 142 151 152 154 156 157 160 161 166 171 172 175 177 178 180 182 184 186 192 194 196 197 200
22 15 24 25 27 30 31 34 36 39 45 54 57 59 62 65 66 67 70 72 73 82 87 95 99 101 103 107 108 111 114 115 117 120 121 127 130 132 134 135 136 138 139 142 143 144 146 148 150 151 152 154 158 163 164 165 167 169 171 173 176 182 186 188 190 196 197 198
23 11 24 25 26 28 29 30 43 44 51 55 57 60 61 62 63 66 68 71 73 77 80 82 84 85 86 88 89 93 94 95 96 99 103 105 106 107 109 110 112 113 116 117 118 120 121 124 127 132 133 134 135 136 137 138 142 143 146 148 153 154 155 157 165 171 173 178 182 184 190 192 194 195 196 199
24 43 29 30 31 33 36 37 42 44 45 46 53 54 56 57 62 63 67 68 70 74 76 79 80 82 87 88 94 95 97 98 100 102 104 107 108 111 114 115 116 117 122 125 127 128 133 136 137 139 140 147 153 154 155 158 160 161 163 165 167 168 173 174 175 177 178 179 180 183 185 187 191 192 193 194 195 199
25 34 26 29 32 36 41 42 43 44 48 49 59 64 65 66 67 68 69 72 73 78 80 81 83 84 87 88 89 92 97 99 100 102 104 107 109 110 119 124 125 127 128 129 131 133 135 137 139 143 144 145 149 152 154 159 167 174 180 182 186 187 190 192 194 196 197 199
26 15 27 30 33 36 39 40 42 44 45 47 50 51 52 53 58 59 60 64 67 69 70 72 74 77 83 86 87 89 90 91 92 96 99 100 102 105 110 111 112 113 114 120 122 123 125 126 132 134 137 138 139 151 163 166 168 169 170 172 180 191 192 193 194 197 199
27 20 30 33 34 37 39 40 42 43 44 45 48 49 50 52 53 54 60 63 65 69 73 74 77 78 80 83 84 87 88 89 91 92 98 99 100 104 109 110 111 112 115 117 119 120 122 124 125 126 127 129 131 133 137 139 142 144 147 150 152 158 159 161 162 164 166 168 169 174 180 181 184 187 188 189 191 193 194 196 197
28 70 35 36 37 38 39 41 44 45 47 49 51 53 54 55 56 57 58 67 68 71 72 77 80 81 85 87 89 91 93 95 96 97 99 100 101 102 109 113 114 120 122 124 125 127 131 135 137 141 142 143 144 145 148 149 150 152 153 154 155 157 158 159 160 162 163 165 168 169 171 172 174 176 177 180 181 182 184 186 192 193 194 198 199 200
29 38 35 36 38 39 40 41 43 44 48 50 51 52 53 55 56 58 59 60 63 65 66 75 77 78 83 84 88 89 94 95 99 102 106 107 109 110 111 112 113 114 118 119 120 121 122 125 131 132 133 134 135 137 139 140 141 142 143 148 150 151 154 155 164 166 167 168 170 174 175 176 185 190 191 192 193 194 196 197 200
30 91 33 34 37 39 40 41 43 46 47 48 49 50 51 55 56 58 60 61 62 65 70 71 72 75 77 81 87 91 93 94 95 98 99 100 102 104 106 108 111 112 115 117 118 120 125 131 132 134 136 143 145 148 151 152 153 156 158 165 166 167 169 173 178 179 180 181 183 186 189 194 196
31 82 33 34 36 38 40 42 43 44 47 48 51 53 59 64 68 71 73 78 84 85 87 89 90 91 93 94 103 105 106 109 115 116 120 123 124 127 128 130 131 136 138 142 144 145 148 153 154 157 158 159 160 162 164 166 170 173 183 190 191 195 196 198 200
32 31 33 34 37 39 40 47 52 55 60 62 66 72 74 75 76 77 80 81 85 89 93 94 99 100 101 102 105 106 107 109 116 118 122 127 130 133 138 142 143 145 146 147 153 154 157 161 162 163 165 173 174 175 176 178 179 180 181 184 185 195 198 199 200
33 41 35 39 43 46 47 50 51 52 53 54 57 68 69 72 74 75 77 78 79 82 89 90 91 95 96 103 104 105 106 107 108 109 111 113 119 120 122 127 128 129 130 132 133 135 141 142 146 148 149 152 153 158 159 160 165 169 172 178 179 182 184 189 199
34 37 36 43 44 45 47 48 49 53 58 63 64 71 72 74 75 78 81 82 84 85 86 91 94 97 99 102 104 105 108 112 113 114 118 119 122 124 128 130 131 133 136 137 139 140 155 160 161 162 166 167 168 169 173 177 178 180 182 183 184 187 195 199
35 41 39 41 49 54 56 60 65 68 71 78 79 80 81 86 88 89 91 92 94 96 98 101 106 113 114 117 120 121 122 123 124 127 130 135 137 138 142 143 150 151 152 156 159 161 162 164 165 166 167 171 173 176 182 184 187 188 190 191 194 196 199
36 81 41 44 45 48 49 50 53 54 55 66 72 74 75 77 78 83 88 89 90 92 97 98 100 101 102 105 109 110 112 123 126 131 132 134 135 137 140 141 142 143 144 145 146 148 151 154 158 162 163 164 165 167 169 170 174 177 178 181 183 184 186 187 189 190 193 195 197 198 199
37 66 39 41 45 51 52 53 54 57 63 64 65 68 69 75 76 78 83 85 86 89 92 94 98 99 102 103 105 111 112 114 115 117 121 123 131 136 137 138 143 145 151 153 155 156 157 158 159 160 161 163 164 169 172 173 176 179 181 182 183 186 187 193 195 196 197
38 62 39 44 47 55 59 62 63 64 68 69 72 73 75 77 79 80 84 87 89 90 92 94 97 98 99 100 102 107 108 109 111 113 114 115 116 121 126 127 128 129 131 140 141 145 146 147 151 154 157 158 159 165 166 167 168 169 173 177 185 187 189 193 194 196 198
39 79 41 43 46 47 48 49 52 53 55 58 60 63 66 67 68 70 75 78 80 84 88 101 103 105 106 107 110 112 114 116 118 121 122 126 129 134 137 143 145 151 153 154 158 161 162 169 171 172 177 178 180 181 184 191 192 196 197
40 88 42 44 45 47 48 49 50 57 59 61 62 63 64 70 71 74 81 84 88 91 93 96 98 99 105 107 109 110 114 116 117 119 120 123 126 127 130 136 139 144 145 146 147 155 160 162 163 164 171 173 174 178 182 183 185 186 187 190 191 197 199
41 23 47 52 53 60 63 65 67 68 69 73 74 75 76 82 83 87 90 92 94 95 96 103 104 105 106 108 109 111 112 117 119 123 124 126 130 131 134 135 136 137 138 141 146 150 151 153 156 157 159 176 177 178 180 181 182 186 191 192 193 195 196 198 199
42 51 44 52 56 57 59 63 64 67 69 71 72 73 75 80 83 88 90 91 94 96 100 102 104 107 108 110 113 114 117 122 125 126 129 130 133 136 138 143 145 146 148 155 156 157 159 162 165 167 168 169 172 173 180 181 182 185 186 187 191 192 195 196
43 57 48 49 50 51 53 54 55 56 61 62 64 65 69 70 72 74 77 78 80 83 92 94 99 101 103 106 109 111 113 116 117 118 121 122 128 131 132 135 137 140 144 147 148 149 150 154 155 156 157 159 160 161 171 177 180 181 185 187 193 194 196 200
44 64 46 47 48 51 53 57 64 70 74 76 78 81 82 83 84 85 86 91 94 95 96 99 100 101 103 104 106 107 110 113 114 116 117 118 119 122 124 126 128 129 130 131 136 137 138 139 140 145 147 150 153 154 155 162 163 169 172 174 177 182 183 189 193 194 195 196 198
45 26 46 48 49 51 53 54 55 56 60 61 62 63 64 67 69 71 72 73 74 76 77 79 81 82 83 84 92 95 102 103 105 108 109 110 113 116 118 125 128 130 135 142 143 144 148 149 150 152 154 161 166 169 179 180 181 183 184 187 188 189 190 192 193 194 195 196 198 199
46 61 49 51 53 57 59 60 62 64 67 72 74 77 78 80 81 92 98 99 100 102 104 105 110 111 112 113 117 118 120 124 125 126 127 130 131 133 135 136 138 139 140 144 145 146 149 151 152 156 157 158 159 163 164 166 167 169 173 174 175 177 179 182 183 186 189 190 194 196 199 200
47 37 49 51 55 59 60 61 62 63 67 69 72 75 76 78 83 88 89 92 93 95 96 100 101 110 112 115 118 121 127 130 138 140 142 143 144 146 147 154 156 166 167 173 174 175 177 182 184 186 188 197 200
48 80 49 52 55 61 62 63 67 68 69 70 71 72 73 74 75 77 78 79 82 84 87 90 91 92 94 95 98 99 100 102 103 104 106 109 111 112 113 115 120 123 126 127 133 135 136 137 142 145 148 151 152 158 160 161 169 182 183 185 186 188 191 193 198 199 200
49 55 50 54 56 57 58 59 65 75 76 78 83 88 93 94 100 101 102 103 106 109 115 117 118 119 122 125 130 134 138 139 143 144 147 156 165 168 175 176 178 184 185 187 189 191 194 198
50 19 55 58 65 66 67 70 73 74 76 79 80 85 86 90 93 94 97 98 99 102 103 104 107 112 113 116 118 119 122 129 130 133 136 138 139 141 143 145 147 148 149 152 156 157 158 161 168 169 172 174 175 177 179 186 187 188 189 190 194 195 196 197
51 100 56 57 58 59 62 66 73 75 76 79 82 83 85 89 91 92 98 100 101 104 105 106 109 110 114 117 118 121 125 129 134 135 138 140 141 143 147 150 154 155 158 159 160 162 166 167 176 178 184 186 189 191
52 55 57 63 64 66 68 69 70 71 79 81 84 88 89 90 92 96 101 103 104 106 109 110 111 114 115 116 121 128 132 133 134 136 139 144 145 146 147 148 151 154 156 158 160 162 163 165 168 171 172 175 178 179 180 182 184 187 189 191 199
53 7 59 60 62 67 71 72 76 79 80 85 86 87 88 95 98 99 106 108 110 112 113 120 121 123 128 130 132 135 136 138 139 140 143 144 148 150 151 152 155 156 159 161 162 167 171 173 174 176 179 180 181 183 186 190 197 198
54 17 56 62 64 65 66 67 71 76 81 83 84 86 87 93 98 104 105 109 110 114 119 121 122 123 130 138 139 141 144 147 148 149 150 152 157 158 159 160 162 165 167 168 171 172 173 174 180 182 183 184 193 195 197 199 200
55 76 58 59 60 61 64 66 68 69 71 72 74 78 80 82 84 87 89 96 97 98 99 100 105 112 116 117 120 122 124 125 126 130 131 132 133 141 142 149 153 154 155 157 161 164 165 166 168 170 171 173 174 175 176 178 181 183 188 198 199
56 38 57 60 64 66 75 76 80 83 86 88 97 100 101 102 106 107 109 115 116 118 121 123 125 126 127 128 130 131 132 133 135 136 139 142 143 144 146 148 149 152 156 157 159 161 165 170 173 178 182 184 185 186 191 198 199
57 69 62 63 66 74 80 85 88 91 92 95 97 100 101 107 110 111 112 115 116 120 121 122 123 125 126 127 132 133 134 135 136 137 139 140 142 146 147 151 153 156 158 161 163 164 166 167 168 169 172 173 174 175 177 180 181 182 184 185 189 190 199
58 55 67 74 75 77 79 80 82 84 86 87 88 89 91 92 94 98 101 102 103 104 107 111 114 115 116 117 122 127 135 143 145 148 150 153 155 158 162 164 166 169 174 176 181 183 189 194 196
59 17 61 62 65 66 69 71 72 75 79 81 82 84 90 91 95 96 98 101 104 110 117 118 121 122 126 129 132 133 134 139 144 149 150 152 154 155 157 158 161 167 168 170 171 174 177 178 182 183 184 186 188 189 190 194 195 197 198 199
60 56 61 62 63 73 74 77 80 84 91 96 97 103 104 105 108 118 119 121 122 125 128 130 138 141 142 143 148 150 153 154 155 157 158 159 160 165 167 169 172 174 177 178 180 181 183 184 186 187 191 192 199 200
61 72 62 63 65 69 72 75 78 79 80 87 89 90 95 100 101 103 107 109 115 117 118 123 128 134 136 138 142 153 155 156 161 164 165 168 169 171 174 178 181 183 187 190 192 193 196 198 199
62 51 71 72 78 79 84 85 91 94 96 98 100 101 102 103 107 108 109 111 112 113 114 116 122 127 129 130 131 134 137 143 144 145 146 147 154 160 161 162 163 164 165 166 167 168 172 174 182 183 186 187 193 197 198 200
63 95 64 65 67 70 71 73 75 76 79 80 83 85 88 92 93 95 96 99 102 104 106 115 116 117 118 119 123 124 127 128 129 135 136 137 139 144 145 146 147 151 154 155 159 162 166 170 171 179 184 190 199
64 70 66 67 70 72 74 75 76 78 81 82 86 90 93 94 98 102 104 105 108 120 124 127 130 131 132 134 136 138 143 145 147 148 151 152 153 154 156 159 163 166 167 168 170 171 172 176 178 180 185 186 187 189 192 195 197 198
65 40 66 68 71 72 74 76 80 81 85 86 87 89 90 91 93 97 102 103 106 108 110 114 115 120 122 123 128 129 132 135 137 138 139 141 143 144 148 151 153 155 160 161 165 170 172 173 174 177 180 183 188 193 194 196 197 199
66 50 70 75 79 83 85 87 89 95 96 100 102 109 112 114 115 119 123 125 126 127 130 132 136 137 151 157 158 159 162 163 164 167 169 171 178 179 180 181 182 184 186 187 193 197 200
67 80 76 81 83 85 93 95 96 97 99 108 109 115 116 118 119 122 125 129 131 132 136 138 139 140 142 144 146 150 153 155 158 161 163 167 170 171 174 179 181 182 184 185 186 192 194 200
68 13 70 71 75 76 78 79 80 81 82 84 85 90 93 95 96 97 100 101 102 104 105 107 110 115 122 123 127 128 130 135 138 142 148 152 153 154 155 156 158 159 163 165 167 168 171 172 173 174 175 180 181 186 189 191 196 198 199
69 3 70 72 73 75 78 80 82 86 88 89 90 93 98 100 103 106 107 108 110 111 112 119 120 122 128 129 133 134 137 140 141 142 145 146 149 150 151 159 160 162 163 167 168 169 171 173 177 179 183 186 188 191 192 194 198
70 45 75 77 78 80 81 91 101 102 103 105 107 108 114 117 122 123 124 125 126 128 131 135 139 142 145 149 151 153 155 156 157 158 159 165 169 171 172 174 176 177 178 180 185 186 191 197 199
71 82 73 75 76 80 81 83 84 87 88 91 92 93 96 98 100 102 104 105 108 112 115 116 117 122 123 125 126 127 131 133 136 138 142 143 146 147 148 150 158 162 164 171 176 178 180 182 184 190 194 196
72 21 74 75 76 77 78 81 85 89 96 99 100 103 107 108 113 115 117 119 121 125 126 129 132 136 138 140 141 144 145 146 150 153 156 157 160 161 162 164 165 168 169 170 173 175 176 178 181 182 183 187 193
73 89 74 75 77 78 80 81 82 83 85 91 92 94 96 99 102 106 107 108 110 111 113 114 117 118 119 120 121 122 124 126 127 131 134 135 137 139 141 146 148 149 152 153 162 164 167 171 172 173 175 176 177 180 182 186 189 191 192 199 200
74 71 76 78 79 83 84 87 89 90 92 93 95 99 106 108 113 115 118 120 122 126 130 131 133 136 139 140 145 152 153 154 158 164 167 173 176 177 180 185 187 193 198 199 200
75 97 76 77 79 81 82 84 87 88 89 90 91 93 94 96 97 101 103 104 105 108 109 110 114 115 116 117 118 119 121 125 126 129 131 134 138 145 150 152 153 155 156 157 162 165 167 168 169 171 172 176 177 179 181 182 183 186 189 190 191 192 193 195
76 69 81 82 83 84 87 88 89 91 93 96 104 108 109 111 112 113 114 116 117 118 120 121 122 125 126 128 132 134 137 139 142 143 144 145 149 150 152 154 157 161 162 164 166 167 168 169 170 172 176 178 182 185 186 189 190 191 192 196 197 200
77 58 80 85 87 88 89 92 95 97 100 101 104 105 108 112 116 117 121 122 123 124 126 128 131 132 134 139 140 141 144 146 147 148 150 152 154 156 157 160 162 169 172 182 185 191 192 193 195 197 198
78 59 79 81 85 86 89 92 94 96 99 104 106 109 111 116 118 121 124 125 129 130 131 133 134 138 139 140 143 145 146 151 152 153 156 157 160 161 162 166 167 168 169 173 182 183 187 194 195 196 199
79 44 82 84 86 88 89 92 96 97 101 105 108 110 113 115 118 120 123 124 126 127 128 129 130 132 134 135 137 140 141 143 147 148 153 154 158 160 161 165 167 168 170 171 174 175 177 182 185 188 189 197 198 199
80 4 81 83 88 90 92 95 96 98 99 100 105 106 108 109 116 118 119 121 122 123 126 129 131 134 135 143 144 145 147 148 150 151 152 154 155 156 161 163 166 173 175 179 183 185 187 188 189 190 194
81 97 82 83 84 90 92 95 100 102 103 105 111 112 113 116 117 118 119 121 123 127 130 132 135 136 137 141 143 145 146 150 152 153 154 155 159 162 165 167 169 172 176 182 186 189 191 196 197 200
82 17 83 84 85 86 87 93 95 97 99 113 114 115 116 117 125 129 130 131 133 138 140 145 146 150 151 156 160 162 164 168 170 171 173 174 177 179 187 191 193 195 196 197 199
83 46 85 86 88 91 93 95 97 101 106 107 109 110 111 114 118 128 129 130 132 133 136 137 139 140 141 142 144 146 148 149 150 151 154 156 157 158 162 164 166 169 171 173 176 182 183 186 191 192 195 196 200
84 74 89 90 91 97 105 106 107 108 111 112 116 117 122 123 125 130 131 132 133 135 137 138 139 141 143 144 147 149 151 158 160 163 171 176 177 178 179 181 184 185 186 187 189 194 195 196 199
85 41 90 92 94 97 98 102 105 106 111 113 114 116 118 121 127 129 130 132 136 144 153 156 157 158 162 163 164 165 166 173 177 181 182 185 186 188 190 195 198
86 27 89 90 95 97 99 101 102 103 106 111 113 115 116 119 121 122 128 129 131 142 147 149 153 154 155 156 162 167 170 173 174 176 179 180 181 183 184 186 189
87 35 96 104 105 106 108 111 112 113 119 121 122 124 127 128 129 132 135 137 138 140 154 155 164 165 166 171 176 177 178 179 181 186 189 191 194 195 196
88 88 93 94 95 96 97 99 107 116 117 118 121 123 124 127 130 132 133 134 136 139 140 142 144 147 149 150 153 156 157 159 162 163 165 168 169 171 177 178 179 180 185 188 190 197 199
89 33 90 91 93 94 98 101 102 103 104 105 108 109 111 121 122 123 125 127 134 138 139 140 144 145 149 156 158 162 164 166 168 169 175 176 177 179 180 186 190 195 197
90 35 91 94 99 102 104 105 106 107 109 112 113 115 116 119 120 121 123 124 128 131 134 135 140 141 144 145 146 150 151 152 153 156 159 160 161 167 169 171 172 176 180 185 186 187 192 196 198 199
91 19 92 96 98 102 104 105 107 109 110 111 112 114 119 120 121 125 126 127 128 134 137 141 142 144 145 148 150 152 153 156 166 172 173 174 175 177 180 181 183 189 190 193
92 53 94 96 98 99 103 104 107 116 120 121 124 127 128 130 132 133 136 138 140 144 145 146 150 151 156 157 161 163 164 171 174 181 190 191 193 194 197 198
93 90 94 97 99 100 103 108 113 115 116 120 122 123 124 130 132 135 137 140 142 147 148 149 151 153 158 159 160 161 162 163 167 169 170 174 175 178 181 182 184 185 189 190 191 194 195 197 200
94 2 97 98 100 101 104 105 106 107 113 114 116 118 123 125 127 128 136 138 139 142 144 147 150 152 154 159 160 161 163 166 171 173 179 181 182 183 184 186 188 190 191 192 194 198
95 13 96 99 103 105 107 109 111 121 123 126 129 131 134 136 138 139 141 143 144 145 146 152 154 155 157 158 161 163 165 167 168 169 171 174 175 183 184 185 187 189 190 191 197 198 200
96 58 97 100 101 103 104 106 108 111 114 117 119 121 124 126 127 128 133 134 136 138 141 147 148 152 154 156 159 160 169 176 177 180 182 186 190 191 192 195 196 198 199 200
97 94 98 99 103 108 111 112 117 119 121 123 124 126 129 131 133 135 136 137 139 140 141 142 143 144 145 147 148 150 152 153 154 156 159 160 166 169 172 175 179 183 186 187 188 189 190 195 196 198 199
98 5 100 101 103 104 105 106 107 108 109 111 118 119 120 122 124 127 128 131 133 137 138 140 141 146 148 149 151 154 157 158 160 163 167 168 169 174 178 179 182 183 184 185 186 189 191 193 196
99 71 100 101 103 105 106 108 109 111 112 116 123 126 127 135 136 138 143 148 152 153 154 157 158 161 162 165 167 168 171 173 174 176 184 190 192 194 197 198
100 44 101 107 108 111 113 114 118 119 126 127 128 134 137 139 141 144 146 150 152 155 158 163 166 167 169 174 175 177 178 180 182 186 188 189 196
101 67 105 106 109 112 113 125 126 130 131 132 133 134 136 138 140 141 146 147 148 150 151 152 153 154 155 158 159 161 162 164 165 169 170 171 172 173 175 177 178 180 181 182 183 185 186 188 196 198 199
102 69 111 115 118 124 125 127 130 131 132 133 137 140 141 143 147 149 154 158 159 160 162 164 165 167 171 173 175 177 179 180 186 187 189 190 194 198 199
103 96 106 108 111 112 113 114 116 118 119 127 129 133 134 139 142 143 146 148 149 150 151 155 162 163 164 166 173 177 179 186 187 194 199
104 23 105 106 107 110 114 115 116 119 121 122 123 125 127 128 131 133 137 139 141 142 143 146 153 154 156 157 158 161 163 164 165 166 168 170 174 177 178 180 186 187 189 193 195 198
105 53 111 112 116 118 119 123 125 126 127 131 133 135 141 145 146 147 150 151 153 154 155 158 159 160 161 164 166 169 172 173 176 179 182 184 191 193 197
106 85 107 110 113 116 118 120 121 123 124 126 128 130 132 134 135 137 140 143 146 147 148 149 150 156 157 159 160 162 165 167 168 171 172 173 175 177 178 180 182 187 189 191 193 195 200
107 93 110 112 116 118 121 122 125 127 134 135 138 153 158 159 160 161 162 164 168 173 175 177 180 182 185 187 190 192 193 195 196 197 199
108 93 110 113 114 116 118 119 120 122 123 126 127 132 133 135 136 139 141 146 147 148 151 153 154 157 158 162 164 166 168 170 174 177 180 182 185 186 188 196 197 198 200
109 68 110 112 113 120 122 126 129 130 132 134 135 143 144 145 152 153 155 157 161 163 166 167 168 173 174 180 183 185 187 191 193
110 26 112 113 116 117 121 122 125 129 130 131 133 136 137 140 142 146 151 153 154 159 162 164 167 168 174 177 178 183 184 188 191 192 196 197 199 200
111 36 112 116 121 123 124 127 129 132 134 135 138 139 140 142 145 157 159 160 167 168 169 173 174 175 181 182 183 190 191 192 193 194 195 196 198 199 200
112 1 113 117 118 122 128 131 132 134 140 141 144 145 148 150 152 154 155 157 168 173 174 178 180 181 183 186 187 193 195 197 198
113 29 116 119 122 124 127 128 129 131 133 136 138 141 142 143 147 149 150 153 154 155 156 162 164 166 167 168 169 171 176 177 179 180 188 190 191 192 194 198 200
114 12 116 117 118 120 122 123 125 131 133 135 138 143 144 147 151 152 157 163 164 165 167 168 177 183 184 189 191 192 193 194 195 197 199
115 92 118 125 126 128 133 135 142 148 149 151 155 156 157 158 162 166 167 169 170 174 175 176 178 182 184 185 186 190 198 200
116 17 117 118 122 123 125 126 128 134 137 138 139 141 144 145 154 155 161 163 165 166 171 172 174 175 176 178 179 181 187 188 190 191 194
117 45 128 134 136 139 142 144 149 151 152 154 155 164 166 169 172 173 174 181 184 185 186 190 193 194 197 198 200
118 15 120 121 123 126 130 133 136 141 143 144 145 150 151 152 155 156 157 161 163 170 172 173 175 176 181 183 185 186 189 190 191 193 195 198
119 9 121 123 128 129 133 134 137 138 140 141 144 148 150 153 154 156 158 159 164 165 167 168 173 177 178 179 180 186 190 191 193 195 198 200
120 56 121 125 127 129 132 137 138 140 143 147 152 153 154 163 170 171 174 175 177 178 182 183 184 185 188 196 197 198
121 60 122 123 124 128 129 130 133 136 140 141 142 143 144 145 152 153 154 158 159 162 163 164 165 166 168 173 176 179 180 182 185 186 192 197 198 200
122 78 126 130 134 135 143 144 146 147 151 154 155 156 157 158 159 160 168 169 170 171 172 174 175 176 185 186 188 190 191 196 198
123 80 132 136 137 139 142 143 144 147 151 153 157 159 162 166 167 171 172 173 177 178 179 180 183 185 187 191 192 193 194 197 199 200
124 23 125 127 128 129 130 132 135 136 138 141 145 147 151 153 160 161 163 164 166 168 171 173 174 175 179 183 185 186 187 188 189 190 192 196 198
125 39 128 130 132 133 135 137 139 141 143 144 146 151 152 157 163 165 166 167 168 174 177 179 180 181 182 183 186 187 191 192 195 196 197
126 27 128 129 133 143 145 147 149 154 156 157 159 162 165 166 172 175 176 179 180 181 189 193 194 198 199
127 10 128 129 131 134 138 139 143 144 145 146 150 152 154 156 157 162 164 167 168 171 175 178 181 182 183 184 186 189 192 197 198 199 200
128 4 130 132 133 134 136 137 138 139 141 143 144 150 151 153 154 155 158 159 160 163 167 168 174 175 179 180 183 184 186 188 192 196 197
129 93 132 138 139 140 142 145 147 148 149 153 155 157 159 160 161 164 165 166 167 168 169 170 174 175 176 177 178 180 184 185 189 191 192 196 197
130 56 136 137 138 139 142 144 146 147 151 153 154 156 160 169 170 171 174 176 178 179 184 186 187 189 191 192 193 198
131 83 133 134 136 137 138 139 140 141 142 144 148 153 159 160 162 165 168 176 182 187 190 194 195 196 198
132 95 135 139 140 142 143 144 148 150 152 154 156 157 160 168 169 171 172 173 174 178 179 181 182 183 185 187 189 190 192 196 197 198 199 200
133 24 136 137 138 142 147 149 159 165 166 167 168 169 171 173 177 178 180 181 183 187 189 193 195 196 197 199 200
134 61 135 136 137 142 143 148 156 157 158 160 161 164 167 170 173 174 177 180 182 183 186 188 189 190 191 198 200
135 66 137 138 141 143 146 149 153 154 158 160 161 162 165 171 176 177 179 181 184 185 186 187 191 196 200
136 77 137 140 141 145 146 147 149 150 151 152 157 160 161 164 167 168 169 173 177 189 190 192 194 196 199 200
137 89 139 142 143 152 156 162 165 172 173 176 177 179 181 183 185 186 188 189 195
138 98 140 141 143 144 145 146 148 150 153 155 157 159 160 162 164 166 170 172 177 178 181 183 185 188 190 195 197
139 54 141 148 150 151 154 155 156 158 163 164 170 176 183 190 191 193 195
140 39 143 146 151 153 154 155 156 161 165 166 167 172 174 175 176 178 185 186 187 189 191 192 193 194 200
141 67 142 143 144 146 150 152 153 155 156 157 159 160 167 168 171 172 173 174 175 178 179 181 182 183 184 197 199
142 54 146 148 149 154 155 156 157 159 163 164 165 166 168 171 172 176 184 185 190 197 200
143 61 149 150 151 152 153 155 159 160 163 166 168 170 172 174 177 178 179 186 190 195 199
144 53 145 148 150 151 152 154 161 165 168 169 170 174 176 178 179 180 181 187 188 190 194 195 197 200
145 32 146 147 148 149 151 152 154 162 163 164 166 167 169 170 180 183 184 185 187 189 190 191 192 197
146 90 148 149 150 151 157 158 160 163 166 167 170 172 173 174 175 176 177 178 185 187 190 195 197 200
147 7 148 149 151 152 153 154 157 163 171 173 174 175 178 179 180 187 191 199 200
148 97 150 151 152 154 155 156 157 159 160 164 171 172 174 176 177 180 185 186 190 197
149 98 151 152 153 154 158 160 161 162 163 166 168 169 177 178 179 180 187 188 189 192 194 195 197 198
150 65 151 152 153 154 157 158 161 167 168 171 172 178 180 181 183 186 187 189 196 198 200
151 70 154 157 162 165 168 174 178 180 189 191 195 196 199
152 46 155 156 157 161 162 164 167 169 170 172 174 180 182 183 187 188 190 194 195 197 199
153 61 158 159 162 165 171 172 179 180 181 183 184 186 189 190 191 192 193 194 200
154 73 156 157 158 160 163 164 167 170 172 176 179 181 183 184 185 188 195 196 198 200
155 61 160 167 169 171 173 176 179 181 182 183 184 186 187 188 190 191 192 195 196 197 198 199
156 14 157 160 164 165 167 168 169 170 176 178 179 187 188 189 197 200
157 92 159 160 161 163 165 166 170 172 173 181 182 184 185 186 189 194 196 200
158 27 159 160 163 164 175 177 183 184 186 193 195 196 198
159 8 160 162 163 165 168 171 174 176 177 179 186 188 189 190 192 198 199 200
160 62 162 165 168 172 173 174 175 176 177 178 180 181 182 185 187 189 195 196 198 200
161 7 162 173 174 179 181 185 188 193 194 198
162 19 164 165 166 168 171 178 183 186 187 188 193 197 199 200
163 88 164 167 168 171 174 176 182 193 197 198
164 75 167 168 170 171 172 176 177 180 182 184 189 191 192 196 198
165 69 166 170 175 176 177 182 183 185 189 193 196 197 200
166 61 167 168 170 171 172 173 174 178 181 183 186 187
167 94 168 171 174 175 176 178 179 180 184 185 189 198 200
168 9 169 170 171 172 174 175 176 177 178 182 187 188 189 192 193 194 195 197 198 199
169 46 173 174 176 178 180 187 188 189 190 191 197 199
170 82 174 175 176 177 180 181 182 183 187 188 190 191 194 196 198 200
171 88 174 175 176 183 189 192 193 196 200
172 3 174 176 179 182 183 184 188 192 194 197 198
173 94 174 176 178 179 180 181 184 185 187 189 193 198
174 50 175 176 177 179 180 181 183 185 186 187 188 190 191 194 196 200
175 21 177 179 180 182 183 186 190 193 195 197 199
176 83 178 184 185 186 188 190 192 195 196 197 200
177 63 178 180 184 186 187 189 190 194 198 200
178 3 180 182 183 184 190 191 197 198 200
179 65 183 186 190 191 192 198
180 21 182 183 184 186 187 194 197 198
181 9 184 185 186 191 192 193 194 196 200
182 74 183 185 187 189 190 192 193 196 197 198 200
183 46 189 197 198
184 4 189
185 26 186 189 194 199
186 74 187 188 191 195
187 21 192 193 195 197
188 66 189 190 191 194 196 198
189 54 191 194 196
190 19 191 194 196 197 198 199
191 86 192 197 199
192 23 194 195 198
193 83 195 197 200
194 78 195 197
195 60 197
196 85 198 199 200
197 24
198 28 199
199 32
200 83
