200
1 55 2 3 4 6 7 8 9 10 12 13 14 15 18 21 23 24 25 30 31 32 34 35 37 38 39 40 41 43 44 46 48 49 50 54 56 57 58 59 60 61 63 64 65 66 68 69 70 71 73 75 76 77 78 81 82 83 84 85 86 88 89 90 91 92 94 95 96 97 98 100 101 104 105 106 109 113 115 117 118 121 127 130 133 134 135 137 138 139 140 141 142 143 144 149 150 151 152 153 156 160 162 163 165 166 169 170 171 172 173 175 176 177 178 181 183 184 185 186 189 191 196 198
2 46 5 7 8 9 10 11 12 13 14 15 16 18 19 20 21 22 24 25 26 28 29 32 33 38 41 43 46 47 48 51 52 54 55 57 58 61 63 64 67 68 69 71 72 75 78 79 80 82 83 85 86 88 89 91 92 95 96 97 98 100 104 106 109 110 111 112 113 115 116 117 118 120 124 125 126 127 129 130 132 136 138 139 140 141 143 144 145 147 150 151 155 156 158 159 161 162 163 167 169 171 172 174 175 176 180 181 182 183 185 190 192 193 194 195 197
3 74 4 7 8 9 10 12 13 14 15 18 19 20 22 23 25 26 27 29 30 32 33 35 37 38 39 40 41 44 45 47 48 50 51 52 53 54 55 56 57 58 59 60 61 63 64 65 67 68 69 70 72 73 75 76 79 82 83 85 87 88 89 90 91 96 98 99 100 101 102 103 105 106 108 111 112 113 114 116 117 120 123 126 127 128 129 132 134 137 138 140 143 144 148 149 150 151 153 154 155 157 160 164 165 168 169 170 175 176 177 178 179 181 183 188 189 190 192 193 194 196 198
4 53 7 8 9 10 11 12 13 14 15 17 18 19 20 22 24 26 28 29 30 31 33 35 36 37 40 41 42 48 50 51 52 53 54 55 56 57 58 60 61 62 63 64 65 66 67 69 71 72 75 76 80 82 84 85 86 87 88 90 91 92 93 94 95 98 99 101 108 110 111 115 117 120 123 125 126 127 129 132 133 134 135 136 137 139 140 141 142 144 145 146 147 150 152 153 154 155 156 157 158 159 160 161 162 163 170 171 173 174 178 180 181 183 184 186 188 191 193 195 197 200
5 33 11 12 13 14 17 18 19 22 23 28 29 30 31 32 33 35 37 38 39 41 42 45 46 48 49 50 52 53 54 55 57 59 60 61 63 65 66 69 78 79 82 83 85 86 87 88 90 91 93 95 96 97 100 101 103 104 105 107 108 110 111 113 114 116 118 119 120 121 123 124 125 127 128 130 131 132 133 134 135 136 137 138 144 146 147 149 152 153 154 155 157 163 164 167 168 170 171 172 173 174 175 177 178 180 182 184 186 187 189 191 192 193 194 196 199
6 71 7 9 10 11 12 14 15 16 18 19 20 22 25 28 29 32 33 34 35 36 38 39 40 41 43 46 48 49 52 56 57 58 59 63 66 68 72 73 74 75 76 80 81 82 83 85 86 87 91 92 93 94 97 98 99 104 105 106 108 109 113 115 116 117 119 121 123 124 125 126 127 128 129 130 132 133 134 135 136 137 139 140 142 143 144 145 146 147 148 149 151 154 155 156 157 158 159 160 161 165 166 172 173 174 175 177 178 180 181 183 184 185 186 187 191 192 193 194 195 197 199
7 49 9 10 11 13 15 16 18 19 20 21 22 24 25 28 30 31 32 34 36 37 39 42 44 46 48 49 50 52 53 55 56 59 63 68 70 73 77 80 81 83 84 85 86 88 89 90 91 93 94 95 98 99 100 101 102 103 107 108 109 110 112 116 118 120 121 125 126 127 128 130 131 132 133 136 140 143 149 150 151 154 155 156 157 158 162 163 164 165 166 168 169 170 172 173 174 176 177 179 181 182 184 185 186 188 191 192 193 194 197 200
8 36 9 11 12 13 15 18 20 21 22 23 24 26 28 29 32 33 34 35 36 37 38 39 40 41 42 44 45 46 47 48 50 51 53 54 55 56 57 58 60 61 62 63 64 68 70 71 72 75 76 78 82 83 84 87 88 91 92 93 94 95 96 97 98 99 102 104 105 106 107 108 110 113 114 116 117 118 119 121 125 128 130 132 134 135 136 137 139 140 141 142 144 145 146 148 149 151 152 153 154 155 156 157 158 159 162 163 164 165 168 170 171 172 173 174 175 177 181 182 185 188 189 192 197 198 199
9 95 13 15 16 17 18 20 21 22 23 24 28 29 31 32 33 35 37 39 40 41 49 50 55 56 57 58 61 62 64 65 66 67 68 72 74 75 76 78 79 81 83 85 86 87 88 95 96 97 99 100 103 104 105 106 107 109 110 111 112 114 115 117 118 121 124 126 127 128 131 132 133 134 135 136 137 139 141 142 144 145 146 147 148 151 152 153 158 166 167 168 169 170 171 173 174 175 176 177 178 179 180 181 182 184 185 186 189 193 195 196 200
10 68 12 13 14 15 18 22 23 25 26 27 29 30 31 33 34 35 36 37 39 40 42 43 45 46 48 49 50 51 52 53 54 55 57 60 62 63 64 65 66 67 68 69 70 73 75 76 77 78 81 82 86 88 89 90 92 93 95 96 98 99 101 103 106 108 109 110 114 115 116 119 122 127 128 129 131 132 134 136 138 139 140 141 143 144 146 148 149 150 152 153 154 155 158 160 161 164 166 167 168 172 173 174 175 176 177 179 182 183 184 186 187 188 189 190 191 192 193 194 195 196 199
11 92 12 14 16 17 20 21 22 24 26 27 28 29 30 31 32 33 34 35 36 38 39 40 41 43 44 45 47 48 49 52 54 56 57 58 60 62 63 64 65 66 67 68 69 72 73 82 84 85 86 87 88 89 90 91 92 93 95 96 98 100 101 102 103 104 105 106 107 108 109 110 112 113 115 116 117 120 122 123 124 126 129 130 131 133 134 135 136 137 139 140 142 143 145 149 151 152 153 154 155 156 157 158 159 160 162 163 164 167 169 174 175 176 178 179 180 181 184 186 187 189 190 192 195 196 199
12 27 13 15 16 17 19 20 21 22 23 24 25 26 32 35 37 38 39 40 42 44 46 48 51 54 56 57 60 65 67 69 70 73 76 77 78 79 83 84 85 86 89 90 91 93 95 97 98 99 100 101 103 106 107 114 117 119 120 123 125 127 128 129 132 136 137 139 140 141 142 147 149 152 154 155 156 157 158 159 160 161 162 163 169 172 177 178 179 180 181 183 185 186 187 190 191 192 193 194 195 198 200
13 98 14 15 16 19 22 24 25 26 27 33 34 35 37 38 40 41 42 45 46 50 52 53 54 55 56 57 58 60 61 62 63 67 68 69 71 72 74 76 77 78 80 83 85 87 88 90 92 93 94 95 97 98 99 100 103 107 109 110 111 116 117 118 120 123 124 125 126 128 131 135 136 138 139 140 141 142 143 145 146 147 148 149 150 151 152 156 159 161 164 165 166 167 169 171 172 173 175 176 177 178 181 185 186 190 191 194 196 200
14 30 16 17 18 19 21 22 23 24 25 26 31 33 34 36 37 38 39 43 44 48 49 51 54 55 58 59 60 61 62 65 67 71 73 75 78 79 80 82 83 85 92 93 94 96 97 98 100 101 107 109 114 115 117 119 120 123 124 127 128 131 134 139 145 146 154 155 158 159 160 162 163 164 166 167 168 170 173 175 181 182 185 189 191 193 194 196 197 198 200
15 96 17 18 20 21 25 28 30 33 34 36 37 38 40 41 43 44 46 47 50 52 54 55 56 58 60 61 62 64 65 66 67 68 69 72 74 75 76 77 78 79 80 82 83 84 85 86 88 89 96 98 101 104 105 106 108 110 112 114 116 118 121 127 129 131 132 134 135 136 138 139 140 142 145 146 148 152 153 157 158 160 161 162 163 164 165 166 167 169 171 173 174 176 178 179 182 183 184 185 187 188 191 193 195 197 198 200
16 96 17 18 19 21 22 23 25 27 28 29 32 37 38 39 40 41 42 44 45 46 48 50 51 53 54 56 59 61 63 64 66 67 69 70 71 72 76 77 79 80 83 84 93 94 96 97 100 102 103 104 105 110 111 112 113 114 115 118 119 121 122 127 128 129 130 131 132 135 138 140 141 143 144 145 146 150 153 155 156 157 158 161 162 163 165 167 168 169 172 174 176 177 179 181 183 186 188 189 190 192 193 194 196 198 199
17 37 18 19 21 22 23 24 26 28 31 32 36 37 39 42 43 44 46 47 48 50 51 52 53 55 57 59 60 62 65 66 67 68 69 70 71 72 74 75 76 77 79 80 81 82 84 86 87 88 89 90 92 95 96 97 98 100 102 103 104 105 106 110 111 112 113 115 117 118 120 126 127 130 131 132 133 134 136 141 144 145 146 149 150 151 152 154 155 157 160 162 164 165 166 167 171 172 173 174 176 178 179 180 181 182 184 185 188 189 191 194 195 196 198 199 200
18 57 19 20 21 22 24 27 28 29 30 31 33 34 36 39 40 41 43 44 45 46 49 50 53 54 55 56 57 59 60 65 69 70 71 72 73 74 75 77 79 80 81 83 84 85 88 89 91 92 93 94 95 96 98 100 103 105 106 110 112 114 115 119 122 124 126 127 129 130 131 134 135 137 140 142 143 144 145 149 150 151 154 158 164 165 166 170 173 174 175 183 184 185 187 188 189 190 192 194 195 197 198 199 200
19 55 20 21 23 24 25 27 28 29 30 31 32 33 34 36 37 38 40 42 43 44 47 48 49 51 53 54 55 56 60 61 62 63 64 65 66 67 69 76 81 82 83 84 87 88 91 92 94 95 96 104 109 111 113 114 115 116 119 120 121 123 126 127 131 132 134 137 139 140 141 142 143 144 145 146 150 151 153 156 157 158 159 161 164 165 166 168 169 172 173 174 175 176 177 178 179 181 183 185 187 188 193 194 197 198 199 200
20 96 21 22 25 26 28 34 35 36 37 39 40 41 42 43 45 47 48 49 50 51 53 54 55 56 57 58 59 60 61 62 63 64 65 68 69 71 72 75 76 77 78 79 80 84 85 86 88 92 93 94 95 96 97 98 99 102 104 105 107 108 109 110 111 112 115 117 119 123 127 129 130 133 135 136 137 138 140 142 143 149 151 152 153 154 155 156 157 158 160 161 162 163 168 170 171 172 175 178 181 183 184 186 188 189 191 192 195 198
21 96 22 23 24 25 29 31 32 33 35 36 37 38 39 41 43 47 48 51 52 53 54 55 56 57 59 60 61 65 66 69 70 71 72 73 79 80 82 83 85 86 87 89 91 93 94 95 96 97 101 103 104 105 106 108 111 112 114 115 116 117 118 119 122 123 126 127 129 130 131 133 139 142 143 144 145 151 152 153 154 155 159 163 165 166 167 168 169 170 173 175 176 178 180 181 182 184 187 188 189 190 191 192 194 195 197
22 75 24 25 27 28 29 31 35 36 38 39 41 45 47 48 50 51 52 55 56 58 59 61 62 64 65 66 68 69 71 75 77 78 80 83 84 85 86 89 95 97 99 100 101 102 107 110 112 115 116 117 118 123 124 126 129 130 131 132 133 134 136 139 141 142 143 146 147 148 150 152 153 156 158 160 161 164 165 167 169 171 173 174 177 180 181 182 183 184 187 188 189 190 191 193 194 198 199 200
23 84 24 25 27 29 33 34 36 37 38 40 47 48 49 52 53 55 56 58 59 60 63 64 67 68 69 73 75 80 81 82 84 88 89 90 91 92 93 98 99 101 102 106 107 110 112 114 117 119 120 122 123 124 125 126 127 128 134 135 136 138 139 140 142 146 147 149 150 152 154 155 157 158 159 160 162 164 166 167 171 172 173 174 175 176 179 181 182 187 188 189 190 191 192 193 194 195 197 199 200
24 32 26 28 30 31 32 33 34 35 36 40 42 43 44 45 47 48 50 52 53 54 57 60 61 62 63 66 67 68 70 71 72 73 74 77 78 80 81 82 83 84 85 86 87 90 92 95 98 100 101 102 103 107 108 110 112 114 115 116 117 118 119 120 121 122 123 124 125 127 128 131 135 136 137 138 139 142 143 148 149 152 153 154 157 158 159 162 163 164 165 166 170 172 173 175 177 178 181 182 183 184 186 189 190 193 194 196 197 198 200
25 45 26 27 28 29 31 32 35 36 37 38 39 40 41 42 43 44 45 50 52 54 57 58 60 61 62 63 64 65 66 67 69 72 74 76 78 80 81 83 84 86 87 90 91 94 95 96 97 99 100 101 102 103 105 107 109 111 112 114 115 116 117 118 119 120 121 123 124 125 128 129 130 133 134 136 137 138 139 146 147 148 150 152 154 155 156 159 161 162 163 164 165 166 168 170 172 175 176 177 178 179 184 185 188 191 192 193 194 195 196 197 198
26 84 27 29 31 33 35 40 41 44 45 46 47 49 52 53 54 55 57 58 59 60 61 63 64 65 66 68 69 72 74 75 76 77 79 84 86 87 88 89 90 91 92 94 95 101 104 105 108 109 110 111 113 114 116 117 119 120 121 122 126 127 132 134 137 140 141 142 144 145 146 148 149 155 157 158 159 161 163 165 166 168 169 171 172 173 175 180 182 183 187 189 190 191 194 195 196 197 198 199
27 20 28 30 33 36 37 38 39 40 41 43 45 48 49 53 54 56 57 58 59 60 61 62 63 64 66 67 70 71 72 73 74 79 80 81 82 83 85 87 88 89 92 93 94 95 96 97 100 101 102 104 105 107 109 111 113 117 118 119 120 121 122 124 126 127 129 131 133 134 136 138 139 142 143 144 145 148 149 150 152 153 154 155 157 159 160 164 165 166 167 169 170 171 172 175 177 178 180 181 182 183 186 188 191 192 194 195 197 198 200
28 35 30 32 36 37 43 44 46 48 49 50 53 57 62 63 64 67 68 70 71 72 73 75 76 79 80 82 83 90 92 94 95 96 97 98 100 101 102 103 104 105 106 108 110 112 113 117 118 120 121 124 125 127 129 130 131 132 138 144 145 146 149 150 151 154 156 159 161 163 164 165 166 168 170 174 175 177 180 182 183 184 188 191 192 195 200
29 53 30 32 33 35 38 39 40 41 45 46 47 48 49 50 51 54 57 58 59 60 61 62 64 65 68 70 71 72 77 78 79 80 81 85 86 87 90 91 92 94 96 97 98 99 100 101 102 104 105 107 108 110 114 115 118 120 121 122 126 127 128 132 133 134 135 136 138 139 140 141 142 145 148 150 153 154 155 156 158 159 161 163 164 165 166 167 170 172 175 176 179 180 183 185 186 187 189 190 192 193 196 198
30 41 32 33 34 35 36 41 42 44 48 49 50 51 53 58 59 60 62 63 67 68 70 72 73 74 75 78 79 81 82 84 85 86 87 88 89 90 91 94 95 96 97 99 101 102 103 105 107 108 110 112 114 115 116 117 118 119 120 122 126 127 128 129 131 132 133 134 135 136 138 139 140 142 143 146 147 148 150 151 152 153 154 156 157 158 159 160 162 163 165 166 168 170 171 172 173 174 176 177 179 180 181 182 183 194 197 198 199
31 23 32 33 34 35 36 39 40 41 42 43 44 45 46 47 48 49 50 51 52 56 59 61 62 65 66 69 70 72 73 76 79 81 82 83 86 87 89 90 91 93 94 95 96 97 98 100 101 102 104 106 107 108 109 110 111 112 114 115 117 118 119 121 122 124 126 127 131 133 136 137 139 141 145 146 147 149 150 151 153 155 156 158 159 161 164 165 167 169 171 172 173 178 179 180 181 182 186 190 191 193 194 195 198 199
32 51 33 35 39 40 41 42 43 44 46 48 49 53 54 56 61 62 63 66 68 69 70 72 74 75 79 80 82 83 84 85 86 87 89 92 95 96 97 99 100 102 103 104 105 106 107 108 111 114 115 116 118 119 120 121 123 124 127 128 132 133 134 135 138 139 141 146 147 148 149 150 151 154 155 157 158 160 161 162 163 164 165 167 168 171 172 173 175 177 178 181 182 186 188 191 192 194 196 197 198
33 93 34 36 37 38 40 44 45 46 49 50 53 55 58 60 62 63 64 66 67 68 70 72 73 74 75 76 77 78 80 84 85 86 87 88 89 90 91 92 94 97 98 99 102 103 105 106 108 110 112 113 114 115 118 119 120 121 122 123 124 126 128 130 131 132 134 135 136 139 140 141 142 146 147 148 151 152 153 155 159 160 161 163 164 165 166 167 168 169 171 172 174 175 176 179 180 182 183 185 186 187 188 189 190 191 193 194 196 199
34 70 35 36 37 38 39 41 42 43 45 46 47 48 49 50 51 54 56 57 60 61 62 63 66 67 69 70 71 74 76 77 78 80 81 84 85 86 89 92 93 94 95 100 102 103 104 105 107 109 112 114 115 116 118 119 123 124 128 129 134 138 139 140 141 143 144 145 146 148 150 151 153 154 155 156 158 161 162 163 164 165 166 167 169 171 173 175 178 180 181 183 185 187 188 190 191 192 196 198 199 200
35 45 37 39 41 42 43 44 45 46 47 51 52 53 55 64 65 66 67 68 69 70 71 73 74 75 77 78 79 81 82 83 86 87 88 89 91 93 94 95 96 97 98 100 101 104 105 106 107 108 109 111 112 113 115 116 117 118 119 120 121 122 123 124 125 126 129 130 132 133 134 135 136 137 138 139 140 142 144 145 147 149 153 155 158 163 164 165 166 168 169 170 171 174 177 179 180 181 182 183 184 185 188 189 190 191 193 199 200
36 32 37 38 41 42 43 44 45 47 49 50 51 52 54 55 56 57 58 59 60 62 64 65 66 68 69 70 71 73 74 76 77 78 79 80 82 83 87 88 89 90 91 92 93 95 96 98 102 103 104 106 107 108 110 111 113 114 115 116 117 119 120 123 124 125 127 128 130 133 135 138 139 140 141 142 144 145 146 148 150 151 153 155 156 158 160 163 164 167 168 169 172 173 175 176 177 178 179 180 182 183 184 185 188 190 191 193 194 196 197 198 199 200
37 24 38 41 42 43 44 45 46 52 53 54 57 58 61 62 63 70 71 72 73 74 76 80 83 84 89 90 92 93 94 95 101 102 103 105 106 107 108 113 118 120 123 124 125 126 127 128 130 131 132 137 138 140 141 142 144 145 146 153 156 159 161 162 163 166 167 168 169 170 172 173 175 176 179 180 183 186 187 188 189 192 193 194 195 197 198 199 200
38 21 40 43 46 53 54 55 59 61 62 64 66 67 70 71 72 73 74 77 78 80 85 86 87 89 92 94 97 99 100 101 102 105 106 107 108 109 110 112 113 116 117 119 120 121 122 123 124 127 128 130 131 132 133 134 135 137 138 142 144 147 148 151 153 154 156 157 159 160 162 163 164 166 167 168 169 170 172 173 175 177 180 181 184 187 189 193 194 196 197 198 200
39 95 40 42 44 45 46 48 51 55 56 57 58 59 60 62 64 65 66 68 69 70 71 72 73 75 77 83 85 86 87 90 91 92 96 97 99 101 104 109 111 113 115 116 117 118 119 120 122 123 124 127 132 134 137 138 139 142 143 146 148 150 151 152 153 154 157 160 164 168 169 178 183 185 186 187 188 189 194 195
40 91 42 43 45 46 48 49 50 52 56 57 58 62 63 65 67 68 70 71 72 74 75 76 77 78 79 80 81 87 88 89 90 91 92 94 99 100 102 103 104 105 106 109 110 113 118 119 121 127 128 129 130 131 133 134 137 138 139 141 143 145 147 148 150 151 152 154 159 161 162 163 164 165 167 171 172 174 175 176 177 178 179 181 182 183 184 185 186 189 192 193 194 195 196 198 199 200
41 35 43 51 52 53 54 55 57 59 62 66 68 71 79 81 82 83 84 85 87 89 91 93 94 96 98 100 102 103 104 105 106 108 109 111 114 115 116 117 120 121 122 123 125 127 129 130 131 132 134 136 140 141 142 143 144 146 147 148 149 151 152 153 154 155 156 157 158 160 161 162 165 166 167 169 172 173 174 175 178 179 181 186 187 188 190 191 192 193 194 195 198
42 61 43 49 53 55 56 58 59 60 61 62 63 65 68 70 71 72 76 77 79 80 84 86 87 88 89 90 91 92 93 95 97 98 101 102 103 105 106 109 110 111 113 114 115 117 119 120 123 124 125 130 133 135 136 138 141 142 143 144 146 147 148 149 150 151 152 157 158 159 160 164 165 166 168 169 170 171 172 173 175 176 177 179 180 181 182 183 185 186 188 189 190 193 198
43 31 44 45 47 48 51 52 53 55 56 57 58 62 69 71 72 75 76 77 78 79 84 86 87 91 93 98 99 101 102 103 106 107 109 111 114 115 116 118 119 121 124 125 126 129 134 135 136 137 138 141 142 143 144 146 148 150 151 155 157 158 159 160 161 165 167 168 169 170 171 173 174 175 176 180 181 182 183 184 186 187 189 191 192 195 197 198 199
44 28 47 48 49 50 52 53 57 61 62 67 68 69 73 77 81 83 84 85 86 90 92 93 94 95 99 102 104 105 106 109 110 111 113 114 115 116 117 121 122 124 127 129 132 133 134 137 138 140 142 145 146 148 149 150 151 153 155 157 161 163 166 167 168 169 170 172 174 176 177 178 179 180 182 183 186 187 188 189 190 191 195 196 198
45 44 48 49 50 52 53 54 56 58 59 62 63 64 65 66 67 69 72 73 74 75 76 80 81 82 83 85 86 89 90 95 96 100 103 106 108 111 112 115 116 117 118 119 120 121 122 123 124 126 127 128 132 133 134 135 138 139 140 143 144 145 147 151 152 154 155 159 162 165 167 170 171 172 174 175 176 177 178 179 181 182 183 184 185 191 193 194 195 196 197 198 199 200
46 89 47 48 50 51 53 57 59 61 63 64 66 67 68 69 70 74 75 77 78 80 81 82 83 85 86 87 92 94 95 96 97 100 101 105 106 107 108 110 111 112 114 115 116 117 118 119 121 124 128 129 130 131 133 134 135 136 138 139 142 143 145 146 147 149 150 154 155 156 158 159 160 162 163 164 165 166 167 170 175 176 178 179 180 181 182 183 184 186 187 189 191 192 193 194 195 196 197
47 99 49 51 52 55 56 58 60 61 63 64 66 69 70 71 72 75 79 80 82 83 84 85 86 87 88 90 92 93 94 95 98 99 101 104 105 106 110 112 113 114 115 116 117 119 120 122 124 126 127 129 130 132 133 135 136 137 139 140 145 152 153 156 158 161 164 165 166 167 169 170 171 177 178 179 181 182 183 184 185 186 190 191 196 198 199 200
48 40 51 53 54 56 57 58 61 62 64 65 66 67 68 73 74 75 76 78 79 81 82 83 84 85 88 92 94 95 98 101 102 104 106 108 109 110 111 112 116 117 118 119 120 124 127 129 132 133 134 135 137 138 139 140 141 144 145 146 147 148 150 151 152 153 158 159 160 161 162 163 164 165 169 171 172 176 178 180 181 182 183 185 187 188 189 191 193 194 200
49 94 50 51 52 53 54 56 58 59 60 61 62 63 67 68 69 71 72 73 74 75 77 80 83 84 85 86 89 90 92 93 96 97 98 99 100 101 103 104 105 106 107 108 110 115 116 119 120 122 125 127 129 132 134 135 137 139 140 141 142 143 144 146 147 148 151 152 155 156 157 159 160 161 162 164 167 170 171 172 173 175 176 179 180 181 182 184 188 189 190 194 196 197 198 200
50 60 54 59 62 64 65 70 71 73 75 76 78 79 80 82 84 85 87 88 89 91 92 93 95 96 98 100 101 104 105 107 110 111 112 113 115 116 117 120 121 124 125 128 131 134 136 137 138 145 146 147 150 151 152 153 156 162 164 165 166 168 169 170 171 172 175 176 178 179 180 182 183 184 185 186 187 188 189 190 191 193 195 197 200
51 58 52 53 54 57 58 59 60 61 63 64 67 68 71 72 73 76 78 79 80 82 84 86 87 88 89 90 93 94 96 97 99 103 105 106 107 108 110 113 114 117 119 120 122 123 124 126 128 132 133 135 137 139 140 142 144 146 147 150 152 154 155 156 157 158 159 160 161 163 164 165 166 168 169 173 175 176 177 180 184 191 195 196 197 198 200
52 80 53 54 58 61 62 63 64 69 71 72 73 75 76 77 80 81 82 83 84 86 88 89 91 92 93 96 98 100 101 105 108 109 111 113 114 115 120 122 123 125 127 129 130 135 136 139 140 143 149 151 152 153 154 155 158 159 161 162 163 164 167 170 171 173 174 175 176 177 180 183 185 188 189 190 191 192 193 196 198 199
53 97 56 59 61 62 64 66 67 68 72 73 74 75 78 82 83 84 85 86 90 93 95 97 99 100 101 102 106 108 110 111 113 114 115 119 120 121 123 125 127 128 129 130 131 133 134 135 136 138 139 140 142 144 150 151 153 154 155 160 161 163 166 167 168 171 172 174 175 178 179 181 182 183 184 185 186 187 189 194 195 196 197 198 200
54 80 55 56 57 59 61 64 65 66 68 70 76 78 79 80 81 85 90 92 93 94 96 98 99 101 102 103 104 105 106 107 108 111 112 113 114 119 120 121 122 123 125 126 127 129 132 134 136 137 138 139 140 141 145 149 152 153 155 158 159 161 163 165 167 168 169 170 172 173 174 175 176 178 179 180 182 183 186 187 195 197 198
55 36 56 57 58 62 63 64 66 67 68 69 76 78 79 80 81 82 84 86 89 91 96 97 99 100 101 103 105 107 108 111 112 114 116 119 120 123 124 125 127 128 129 130 133 134 135 137 138 139 140 145 147 149 151 153 154 157 158 159 160 163 166 167 168 169 170 171 172 174 179 181 182 184 186 187 189 190 191 194 195 197 198
56 80 57 63 65 66 67 70 71 72 75 76 77 80 81 83 84 85 86 89 90 91 92 93 94 96 98 99 100 101 102 103 104 105 106 108 110 111 112 114 115 117 119 120 121 122 123 124 125 126 127 128 129 130 131 136 137 138 139 140 141 144 145 147 149 152 155 156 157 158 159 164 168 170 171 174 175 176 178 179 185 186 191 192 195 196 197 198
57 65 58 65 66 67 68 69 70 72 76 77 78 80 83 84 85 87 89 93 94 98 99 100 103 104 106 108 110 112 113 114 115 118 119 121 122 124 125 126 128 130 131 133 134 135 136 138 140 141 143 146 148 150 153 156 158 161 167 168 169 170 171 172 173 174 178 179 181 182 183 184 185 188 189 191 192 193 195 196 197 198 199 200
58 71 59 60 63 64 66 70 72 73 75 76 77 81 82 84 86 88 89 90 91 94 96 98 99 101 104 106 109 110 112 113 115 116 117 118 119 120 121 123 126 129 130 133 134 136 137 138 140 142 143 144 145 147 148 150 151 152 153 155 156 159 160 161 163 165 166 168 169 173 177 178 179 181 182 183 185 187 190 191 193 194 195 196 197 198
59 89 61 63 64 65 66 67 68 70 72 73 74 76 77 79 80 82 84 88 90 91 93 94 95 97 98 99 101 106 108 109 110 111 112 117 118 120 121 123 127 128 131 132 133 134 136 139 141 144 145 146 149 153 154 155 159 161 162 163 166 167 169 171 172 174 175 177 178 180 181 184 186 187 188 189 190 191 192 193 194 195 196 197 198 199
60 43 61 64 66 69 70 71 72 73 74 75 77 78 79 80 82 87 88 89 91 93 94 96 97 99 100 102 103 105 107 108 109 110 111 112 113 115 116 119 120 121 122 123 124 125 126 127 128 130 131 132 133 134 135 137 138 140 141 144 146 147 148 149 150 151 152 153 154 155 157 158 160 161 163 164 166 167 170 173 174 175 176 178 179 182 183 184 185 187 189 192 194 196 197 198 199
61 90 62 63 66 67 69 70 71 72 73 74 77 78 80 82 83 84 85 86 87 89 93 94 95 97 98 99 100 101 105 109 110 112 113 115 116 118 120 122 123 126 127 133 134 135 136 138 140 141 142 143 145 146 147 149 151 153 156 157 158 160 162 163 164 166 167 169 170 172 173 174 175 177 178 179 181 184 186 187 188 189 191 192 193 196 197 198
62 66 63 64 66 68 70 74 75 76 77 78 80 82 83 84 86 87 88 92 95 97 98 99 102 103 104 105 106 107 108 109 110 111 113 114 116 117 118 119 122 123 124 125 126 127 131 132 136 138 139 140 141 142 144 145 146 147 148 149 150 151 152 155 156 157 159 161 163 164 166 167 169 170 172 173 174 176 177 178 179 180 181 182 183 184 185 186 187 188 190 192 193 195 196 197 198 200
63 57 64 66 68 69 70 71 75 77 78 79 81 82 85 86 87 90 91 92 94 95 96 97 99 100 101 103 104 106 109 110 112 114 117 120 121 125 126 131 132 133 139 140 141 142 144 145 146 149 152 153 154 155 156 159 160 165 167 168 169 170 171 172 175 176 178 181 185 187 188 191 192 196 197 198 199
64 31 67 68 69 70 72 73 74 76 78 80 83 85 86 87 88 91 93 95 97 98 101 102 104 106 108 109 110 111 112 113 115 116 117 118 119 120 122 123 124 126 127 128 129 133 134 137 138 140 144 146 147 148 149 150 152 156 158 159 167 168 169 170 171 172 173 175 176 178 180 181 184 186 187 188 192 193 194 197 199 200
65 62 66 68 69 71 72 75 78 79 82 83 86 88 90 91 95 96 97 98 99 100 102 104 105 106 108 109 110 111 114 115 116 118 119 121 122 123 124 125 126 127 129 130 131 135 137 139 141 143 144 145 146 148 153 155 156 157 158 160 165 167 169 171 172 173 174 178 180 181 182 183 184 185 187 188 190 192 194 196 198 200
66 37 67 68 71 72 77 78 79 80 81 82 83 84 86 87 88 92 96 98 100 101 106 107 109 112 120 122 123 125 127 128 130 131 133 134 135 136 137 138 142 143 145 146 147 148 150 152 153 155 156 157 160 162 164 165 167 168 172 173 174 178 179 180 182 183 184 185 188 189 190 191 192 194 195 196 197 198 199 200
67 84 68 70 72 73 74 77 79 83 86 89 90 92 93 94 100 101 102 103 104 106 107 108 110 114 115 117 118 120 121 122 123 124 127 128 129 130 131 133 134 136 137 138 140 145 146 148 151 153 154 155 156 157 158 159 161 164 165 166 167 169 171 174 176 179 180 182 185 186 187 188 190 194 195 196 197 198
68 33 69 70 71 72 73 75 76 77 78 81 82 84 85 87 88 90 91 95 96 97 98 100 101 102 103 105 106 109 111 112 113 115 117 118 121 124 125 127 128 130 131 132 133 134 136 142 143 144 145 146 147 149 150 151 152 153 155 156 158 159 165 168 174 176 177 178 182 184 188 189 190 191 193 194 200
69 86 72 74 75 77 78 80 82 84 86 89 92 93 97 98 99 100 103 105 106 107 108 112 116 117 119 121 122 123 124 125 126 127 128 129 130 131 132 136 138 140 142 143 145 146 147 149 155 156 157 160 161 162 164 165 166 167 168 169 170 172 173 175 176 177 178 179 181 183 185 187 188 194 195 196 197 198
70 74 71 73 75 78 81 85 86 87 90 91 92 94 96 97 100 102 103 104 105 108 111 114 120 121 122 123 124 126 128 129 130 133 134 136 139 140 141 142 145 146 148 149 150 151 152 153 155 156 157 158 159 160 162 163 165 168 169 170 171 174 175 178 181 182 183 184 186 187 188 192 193 196 198 200
71 97 74 75 76 77 79 83 84 86 87 88 90 93 97 99 100 101 103 104 106 107 110 111 114 116 118 119 120 121 123 124 127 128 129 130 131 133 135 136 137 139 140 141 142 146 147 149 150 152 154 155 159 160 164 166 168 171 174 176 177 179 180 182 183 184 185 186 187 188 191 192 193 196 198 200
72 48 73 75 76 77 78 79 81 82 83 85 86 88 90 95 96 98 99 102 103 107 109 110 111 112 113 114 117 123 125 126 127 129 130 132 133 134 135 136 137 138 141 142 143 144 146 147 149 152 153 154 156 158 159 164 165 169 170 171 172 173 175 176 177 178 179 182 185 186 187 190 191 193 194 195 197 198 199 200
73 68 74 75 76 77 79 86 87 88 89 91 94 95 96 97 98 99 100 103 105 106 108 109 110 111 112 115 117 120 121 125 126 129 130 132 134 135 138 140 141 142 144 145 150 151 152 153 155 159 161 163 164 166 167 168 169 170 171 172 175 176 177 178 180 182 185 186 187 190 194 198 199 200
74 64 75 76 78 79 81 82 83 84 86 87 89 92 93 94 98 101 102 103 105 107 109 110 112 116 118 119 121 123 124 125 126 128 129 131 133 134 136 137 139 141 142 143 144 147 148 150 151 156 160 161 163 164 165 166 167 168 172 173 176 180 181 182 183 184 185 188 189 190 191 193 194 195 196 197 199 200
75 45 76 77 80 81 82 83 85 86 88 89 90 91 92 94 95 96 97 98 99 100 101 102 105 106 108 111 112 113 114 117 119 120 122 124 127 129 132 133 134 135 136 137 140 142 145 146 150 151 152 155 156 157 158 159 161 164 165 168 169 170 171 172 174 176 177 178 179 180 181 184 186 188 189 190 191 192 193 195 196
76 56 77 78 80 81 82 84 85 86 89 90 92 93 94 95 97 98 99 100 102 105 107 108 110 113 114 115 118 119 122 123 125 126 128 129 130 131 132 136 137 140 141 142 143 144 147 148 150 151 152 153 155 157 158 159 163 166 167 169 170 173 175 176 177 178 179 180 181 183 184 185 187 190 192 195 197 198 199
77 54 78 79 80 82 84 85 87 88 89 90 91 92 93 94 95 96 97 98 99 101 102 104 105 109 111 115 118 119 120 122 125 127 130 131 132 133 135 136 138 139 140 143 145 147 149 150 151 153 154 156 158 160 161 165 166 167 169 170 171 173 174 177 178 184 185 186 188 190 192 193 194 195 196 197 198 199 200
78 92 79 80 81 82 85 86 90 91 92 95 98 99 101 105 106 107 109 110 111 112 114 115 118 119 120 121 122 124 125 127 128 129 130 132 133 134 135 136 139 140 141 142 144 145 147 149 150 151 152 153 154 155 156 158 160 161 163 164 165 167 168 169 170 174 176 177 179 180 181 183 184 185 187 188 190 191 194 195 196 198 199 200
79 91 80 81 83 84 86 87 90 91 92 93 96 99 100 102 103 104 105 107 109 110 112 114 115 117 118 119 121 122 123 124 126 127 128 129 130 131 132 133 134 137 138 143 146 147 149 153 155 156 160 161 163 165 167 168 169 170 172 173 174 176 177 180 181 182 185 187 190 191 193 194 196 198 199 200
80 59 81 83 85 86 89 92 93 94 95 96 100 101 102 103 104 105 106 110 112 113 115 116 120 123 125 127 128 131 133 138 139 141 142 143 144 145 146 147 149 151 153 154 155 157 159 160 161 162 163 165 166 167 168 170 172 173 174 175 176 180 182 183 184 185 189 190 191 193 194 196 198 200
81 56 82 83 84 85 86 88 89 93 94 96 101 102 105 106 107 108 110 115 116 117 119 120 121 122 123 124 127 129 131 132 134 136 138 139 140 141 143 144 145 146 148 151 152 153 154 156 158 159 160 161 162 164 165 166 168 169 170 172 175 176 178 179 180 182 184 185 186 187 190 191 193 194 196 197 199 200
82 56 83 84 87 89 91 93 96 97 100 101 104 110 114 115 119 121 125 126 127 128 129 135 136 137 139 140 143 144 145 146 147 148 149 150 151 152 153 155 156 160 161 162 164 165 166 167 169 171 172 174 176 178 179 180 182 185 188 190 192 194 197 198
83 67 84 86 89 92 94 97 100 102 104 105 107 109 111 112 114 115 116 120 121 122 124 129 130 131 135 137 138 139 141 142 145 146 148 149 152 153 154 155 156 157 160 161 162 166 167 169 170 171 174 177 178 181 182 183 184 186 190 191 192 193 194 195 197 198 200
84 79 85 86 87 88 89 90 91 92 93 94 95 96 98 99 102 104 106 107 108 109 112 114 116 118 119 120 121 122 124 125 127 128 130 133 135 136 137 138 140 142 143 145 146 147 150 153 154 155 159 160 161 164 165 166 168 170 172 173 174 177 180 181 183 184 187 188 189 191 192 193 194
85 41 88 89 90 94 96 98 101 103 105 106 109 111 113 114 117 118 120 122 124 125 126 127 129 131 132 133 134 136 138 140 141 143 145 146 147 149 153 154 159 161 163 164 165 166 167 169 170 172 173 178 179 181 184 186 187 190 191 192 195 196 197 198 199 200
86 55 87 89 92 96 98 100 104 105 106 108 113 114 117 118 119 120 123 125 128 130 131 132 136 137 138 139 140 144 145 146 147 148 149 151 152 153 156 158 159 160 161 162 164 166 167 168 169 170 172 173 174 175 177 178 182 183 184 186 187 188 189 192 193 196
87 26 88 89 90 93 94 96 98 99 101 102 103 104 105 108 109 111 112 113 114 115 119 121 123 124 126 127 128 129 130 132 138 139 140 141 142 143 144 146 147 151 152 153 154 155 156 157 159 164 165 166 167 168 169 178 179 180 181 184 185 186 187 190 192 194 196 197 198
88 77 90 94 95 96 97 98 100 101 103 106 107 108 110 111 112 113 114 115 118 119 124 126 128 129 131 133 134 135 138 139 148 149 153 154 157 162 163 165 166 169 170 171 172 174 175 177 178 179 180 181 182 183 184 185 187 188 191 192 193 194 196 198 199
89 42 91 94 95 99 100 101 102 103 104 106 107 108 109 110 114 115 117 119 120 121 128 129 130 132 133 135 136 137 139 141 143 144 145 147 148 149 151 153 154 156 159 160 161 165 166 167 169 171 173 174 176 179 181 183 184 185 186 187 188 190 192 193 194 195 196 197
90 40 91 92 93 94 95 98 99 100 101 103 106 108 109 110 111 112 114 116 118 124 127 130 134 136 137 138 139 140 144 145 146 148 149 152 156 157 160 161 165 166 167 168 170 172 173 175 176 177 178 181 185 186 187 190 192 194 196 198 200
91 85 93 94 95 98 99 101 104 105 106 107 108 109 113 114 115 116 120 122 123 124 125 127 129 130 131 133 135 136 137 138 139 140 145 149 153 154 156 158 160 162 163 164 165 167 169 170 172 173 174 175 176 177 178 181 183 185 186 187 189 190 191 192 193 194 195 197 200
92 83 93 98 99 100 101 102 103 104 106 111 112 114 116 117 118 120 122 123 124 126 131 133 134 135 138 139 140 142 143 144 147 148 149 150 151 152 155 158 159 160 164 165 166 168 172 174 177 178 179 180 181 182 183 184 186 189 192 193 197 198 199 200
93 20 94 98 100 102 103 105 106 107 108 109 111 112 113 114 118 119 120 121 126 128 133 134 135 137 138 142 143 145 148 151 152 154 158 160 161 162 163 164 165 166 167 169 170 171 173 174 178 180 182 183 187 189 193 194 196 197 198 200
94 33 96 99 105 106 107 108 109 110 112 113 114 117 118 119 120 121 123 124 125 128 129 131 132 134 136 137 141 142 143 145 146 147 148 150 151 152 153 154 155 156 157 158 159 160 162 165 166 168 171 173 174 175 176 177 178 179 182 183 184 186 187 190 191 192 193 194 195 196 197 199 200
95 20 98 99 100 102 103 105 106 108 109 110 112 113 114 115 116 118 121 122 123 124 126 128 129 130 131 132 134 137 138 141 142 144 146 148 151 152 153 154 157 160 162 164 165 167 168 170 171 175 176 178 183 184 185 188 192 193 194 195 197 198 199 200
96 73 97 99 100 101 103 105 106 107 108 109 110 112 115 116 120 121 122 124 126 128 129 130 132 135 136 137 138 139 140 142 146 147 149 151 153 155 156 157 158 159 161 162 166 167 168 170 171 172 173 174 175 177 179 180 184 185 186 187 188 189 190 191 194 198 199 200
97 65 99 100 107 108 109 110 111 112 113 117 118 119 120 121 122 123 124 127 128 130 131 132 135 136 137 139 140 143 144 145 146 147 148 150 151 152 153 156 158 159 160 161 163 165 167 169 172 174 176 177 178 179 180 184 185 186 187 189 190 191 193 194 195 197 198 199 200
98 63 100 101 103 105 106 107 109 110 112 113 114 118 119 120 121 123 124 127 128 129 131 132 134 139 140 141 144 145 147 148 149 152 154 158 159 161 162 163 168 170 171 172 173 175 176 177 182 185 186 187 188 190 192 194 195 197 199 200
99 28 100 101 102 104 107 108 109 110 114 116 117 118 119 121 124 125 127 129 131 132 134 135 136 137 138 139 140 141 142 143 144 146 148 149 150 151 155 157 158 160 161 165 166 167 168 170 171 172 174 175 176 177 178 179 182 184 186 187 188 189 191 196 197 198 200
100 80 101 103 105 108 109 110 111 114 115 117 120 121 127 129 131 133 134 137 138 139 140 141 142 144 147 150 152 157 158 159 161 162 164 165 169 170 171 173 174 175 176 177 178 179 181 183 184 186 189 190 191 192 194 196 197 198
101 90 103 106 111 112 113 114 116 120 121 123 125 126 127 128 130 131 133 134 138 139 140 145 150 151 152 153 154 155 156 158 159 160 162 163 172 176 177 179 180 181 182 187 190 195 196 197 199
102 70 104 105 106 108 109 110 113 114 115 116 118 122 123 129 131 135 136 137 139 140 142 147 150 151 152 153 154 155 156 157 158 161 162 163 167 169 173 174 175 176 177 179 180 181 187 189 190 191 192 194 195 196 197 198 199 200
103 69 107 108 110 112 113 115 116 117 118 119 122 123 124 125 127 128 129 130 131 132 133 134 135 136 137 138 142 145 146 148 149 150 151 152 154 155 156 157 158 159 160 163 171 173 175 176 177 179 180 181 182 183 184 186 190 191 192 195 196 197 198 199 200
104 51 107 108 111 112 114 115 118 119 120 122 123 124 127 128 129 130 131 133 135 136 137 138 140 141 142 143 144 145 146 147 148 150 151 152 154 155 156 158 159 161 162 163 164 166 169 170 171 172 175 177 178 179 180 181 182 183 185 186 187 188 189 190 191 192 195 197 199 200
105 100 108 110 112 114 115 118 119 120 125 126 127 128 129 131 132 134 135 136 137 138 139 142 145 147 148 151 153 154 156 157 158 159 160 161 163 165 166 167 168 171 172 174 175 176 177 178 179 180 183 184 186 188 189 191 192 193 194 195 197 200
106 55 107 108 111 114 115 116 120 121 122 123 124 125 127 128 130 131 132 134 138 139 140 141 142 143 144 145 146 149 150 151 152 154 155 156 157 158 159 161 164 165 169 171 173 174 175 176 177 178 179 181 182 186 187 188 191 194 195 198 199 200
107 62 108 110 112 118 119 120 122 123 124 125 126 127 128 129 130 133 134 135 136 137 138 139 140 143 144 146 147 148 150 151 152 153 154 157 158 165 167 168 169 172 177 178 179 181 182 183 188 189 190 192 193 195 197
108 100 110 112 113 114 115 116 118 119 120 121 122 125 127 129 132 134 135 137 138 139 141 142 143 144 145 146 147 148 150 151 153 154 157 159 161 166 167 168 170 171 172 173 175 176 177 179 180 181 183 184 185 186 187 188 189 191 192 193 194 195 196 197 199
109 97 110 111 114 116 117 118 119 120 122 125 126 129 132 133 134 136 137 140 142 143 144 145 146 147 148 149 152 153 154 156 158 159 161 163 171 172 173 174 176 181 185 186 187 190 191 193 194 195 196 197 198 199
110 78 112 114 117 119 120 121 122 123 124 126 127 128 130 131 132 133 135 137 138 139 140 141 144 145 146 147 149 153 155 157 158 159 160 161 162 163 164 165 166 167 169 170 171 172 173 175 178 179 180 181 182 185 187 188 189 190 191 192 193 194 195 196 197 198
111 64 112 119 120 124 125 129 131 132 133 134 135 138 139 140 142 143 144 146 147 148 150 152 153 155 156 158 159 166 167 170 171 172 173 174 175 176 178 180 185 187 191 192 194 195 197 198 199 200
112 31 115 116 117 120 121 122 126 128 129 133 135 136 137 138 139 140 142 143 144 146 147 150 151 155 156 157 160 161 164 168 169 173 175 178 180 182 185 188 189 191 192 194 195 196 197 198
113 56 114 115 116 119 120 121 122 123 124 127 128 129 130 132 134 135 136 137 139 141 144 145 146 148 150 153 154 155 157 159 161 163 164 166 168 170 174 176 179 180 183 184 185 188 189 190 191 194 196 199
114 67 120 121 122 123 124 125 128 129 130 133 137 138 140 141 143 144 145 146 147 148 150 151 155 156 158 159 163 165 166 168 169 171 172 173 174 175 176 177 178 181 183 184 186 188 191 192 193 194 198 200
115 42 117 118 119 123 124 126 129 130 131 132 133 134 136 137 140 141 142 144 145 147 149 150 153 154 156 158 159 160 161 162 163 164 165 167 168 169 172 173 174 175 176 177 180 181 183 184 185 186 187 188 189 192 193 194 198 199
116 70 118 119 121 123 124 126 128 129 130 132 133 135 138 139 141 142 144 145 147 148 151 154 156 157 158 159 160 162 166 167 168 170 173 175 176 177 181 185 187 189 190 194 195 196 198 199 200
117 93 118 120 123 125 126 128 131 133 134 137 140 141 145 148 149 151 157 160 161 162 163 164 166 168 171 172 174 177 178 179 180 182 183 185 187 189 190 191 192 193 194 195 197 198 199 200
118 91 119 120 121 123 125 127 132 136 137 141 142 144 145 148 149 150 155 157 158 161 162 164 165 168 169 172 174 176 177 179 180 181 182 184 186 187 190 191 192 194 195 196 197 198
119 48 120 121 122 123 124 125 129 130 132 133 134 135 137 138 141 145 146 147 148 149 150 151 152 153 155 156 158 160 161 162 164 165 166 167 168 170 171 173 176 178 180 182 184 185 186 187 188 189 190 191 193 196 198
120 66 121 123 124 125 126 129 130 131 133 134 135 142 144 145 146 149 150 151 152 153 154 156 158 159 160 163 164 165 167 168 169 171 172 175 176 177 182 189 191 192 193 195 196 197
121 35 123 125 126 128 129 131 132 133 134 135 138 140 141 144 146 147 148 149 151 152 156 158 159 160 163 165 166 167 168 169 171 172 173 175 177 178 181 182 183 184 187 189 190 191 192 194 195 196 199
122 75 123 125 126 128 130 132 133 135 137 139 140 141 142 144 145 146 147 149 150 151 157 159 161 162 164 165 168 169 171 173 174 176 177 181 182 183 184 186 189 192 194 196 200
123 20 124 125 126 127 128 129 130 132 138 140 141 142 145 147 148 149 150 151 154 155 157 158 159 164 168 169 170 171 172 176 177 183 184 186 188 189 190 191 192 193 196 199
124 61 127 128 129 131 132 135 137 140 141 142 143 144 147 150 152 153 154 159 160 161 162 163 165 167 168 169 171 172 173 174 176 178 181 186 187 188 193 194 198 199
125 67 127 131 132 133 134 136 137 138 141 143 146 147 149 152 153 155 156 157 158 159 160 162 163 166 167 170 171 172 174 181 182 184 185 190 191 196 197
126 24 127 128 130 131 133 134 137 138 139 140 141 142 144 145 146 147 151 153 154 156 158 159 160 165 167 172 174 178 179 180 182 183 185 186 187 188 190 192 193 194 195 196 197 199 200
127 87 129 132 133 134 136 138 139 143 145 146 147 148 149 151 152 155 156 158 159 160 161 164 165 167 168 170 171 174 175 176 177 178 179 180 181 189 191 192 193 195 197 198 199 200
128 72 131 133 134 135 139 143 144 145 146 147 148 150 151 154 155 156 157 159 160 162 163 165 167 168 169 171 172 173 174 175 176 177 178 180 181 182 183 184 185 187 188 189 190 191 193 194 196 199 200
129 26 131 134 135 136 137 138 139 140 141 142 143 144 145 146 149 153 155 157 160 165 169 172 173 174 175 176 177 180 181 182 184 186 187 188 189 191 192 195 197
130 73 131 132 133 135 137 138 139 144 145 146 147 148 150 152 153 154 156 158 159 161 162 163 165 167 168 169 171 172 174 176 177 179 181 182 183 184 185 186 187 190 191 192 193 195 196 198 199
131 40 132 134 135 139 143 144 146 148 149 150 151 152 153 154 155 157 160 161 162 163 164 167 168 169 170 171 172 173 174 175 177 178 180 181 183 184 185 188 189 191 192 194 198 200
132 24 133 138 139 141 142 143 149 151 153 156 158 159 160 161 164 166 167 171 173 175 178 179 181 182 183 187 192 193 195 196 198 199
133 92 134 135 137 139 140 143 144 145 147 149 150 151 153 155 158 160 161 163 164 165 166 167 168 169 170 171 173 174 179 182 183 184 186 187 188 190 193 194 195 196 198 200
134 26 136 144 146 148 149 150 151 152 154 158 162 163 165 166 168 173 175 176 179 180 181 182 187 190 191 192 193 195 196 197 198 199 200
135 64 136 137 138 140 141 142 143 144 145 147 148 149 153 154 155 156 157 158 159 161 162 163 167 168 169 170 171 172 174 177 178 180 181 182 183 185 187 188 189 191 194 195 199 200
136 37 137 138 139 143 144 145 151 153 154 157 159 165 170 171 172 173 174 175 176 177 180 182 183 184 185 189 194 196 197 198 200
137 20 138 139 140 141 144 145 146 147 148 149 150 151 152 153 154 155 159 162 165 166 167 170 171 172 173 174 175 176 178 182 186 187 188 192 195 196 198 199
138 62 139 140 142 143 144 146 151 152 153 154 156 157 158 159 161 163 167 168 169 171 173 174 175 177 181 182 183 184 185 186 187 189 192 193 194 195 196 198 199
139 95 140 141 146 148 149 150 151 152 153 154 156 157 158 159 162 164 165 167 169 170 173 176 177 179 180 181 183 184 187 188 190 192 193 195 196 198 199 200
140 63 143 150 151 152 153 154 156 157 159 160 163 165 166 167 169 170 173 174 175 179 180 181 183 185 186 187 188 189 190 192 194 195 197 198 199
141 82 143 144 146 148 151 152 155 156 158 159 161 162 163 167 168 169 170 172 173 175 178 179 180 181 182 184 187 188 189 190 192 193 194 195 196 197 198
142 93 143 144 146 148 150 153 155 156 158 159 161 162 165 166 168 170 171 175 176 178 180 181 182 183 184 186 187 188 189 190 191 197 198 199 200
143 53 145 149 150 151 152 153 154 156 158 160 162 163 164 166 169 171 172 176 177 179 181 182 183 184 185 186 188 189 191 192 193 195 198 199
144 34 147 149 150 155 158 159 160 163 164 165 166 167 168 170 171 175 176 177 181 182 184 185 186 187 189 190 191 192 193 194 195 200
145 51 146 147 148 149 150 152 154 159 160 161 163 164 165 167 169 172 173 174 175 177 178 179 180 182 184 185 186 187 189 190 191 192 196 199 200
146 85 147 148 149 151 152 153 154 155 162 164 165 166 167 169 173 174 175 176 178 179 180 181 182 185 186 187 189 190 192 193 195 196 197 198 200
147 26 149 152 153 156 159 161 164 167 170 171 172 175 177 179 181 182 186 190 191 195 196 197
148 25 149 150 151 152 153 154 155 159 160 161 162 163 164 165 167 168 169 170 172 174 175 176 177 179 180 181 182 183 186 188 189 190 191 192 193 196 198 199 200
149 38 151 152 153 154 156 157 158 159 162 167 170 171 172 175 176 177 178 179 180 183 185 187 188 189 190 193 194 196 198 199
150 49 151 152 153 154 156 157 160 162 165 166 167 168 170 172 173 174 175 177 180 181 182 183 185 187 191 192 193 194 195 196 197 198 199 200
151 56 152 153 156 157 159 160 161 163 164 165 168 170 173 175 177 179 181 184 187 188 189 190 191 194 197 199 200
152 37 153 155 157 158 160 161 163 164 165 166 168 169 173 175 176 179 182 183 184 185 186 187 188 190 192 195 196 197 198 199
153 88 156 157 158 159 160 162 164 165 167 168 169 170 171 174 175 176 177 180 181 182 184 185 188 191 194 197 199
154 70 156 157 158 159 160 161 162 164 165 167 170 171 173 175 178 181 183 186 187 188 191 193 194 195 196 198 199 200
155 69 156 159 160 161 162 164 167 168 169 171 172 173 174 177 178 180 181 182 184 185 186 187 189 190 191 192 193 194 196 197 198
156 37 158 163 167 170 171 172 173 175 176 177 178 180 181 185 186 188 189 190 191 194 196 197 198 199 200
157 69 158 159 160 161 162 163 164 166 167 172 173 174 176 178 180 182 184 185 187 190 193 194 195 197 198 200
158 54 160 163 164 165 166 167 168 169 170 171 172 175 179 180 181 182 183 184 185 190 193 194 195
159 74 161 163 164 165 166 169 170 171 172 173 174 175 176 180 182 183 184 185 187 189 191 193 194 195 198 200
160 39 162 164 165 166 169 171 172 173 174 175 176 181 183 184 185 187 189 192 193 194 197 199 200
161 95 162 165 167 168 171 172 174 175 177 178 181 182 183 184 185 188 189 194 197 198 199
162 45 168 171 172 175 176 178 179 181 182 183 185 187 188 190 193 194 195 196 198
163 43 164 171 172 173 175 176 177 178 180 182 183 184 185 186 187 188 189 191 192 193 194 195 196 197 200
164 36 165 168 171 173 174 175 180 181 183 184 186 187 190 191 192 196 197
165 89 167 168 169 170 173 175 176 177 178 179 182 183 184 185 189 192 194 195 196 199 200
166 49 168 170 172 175 176 177 178 179 182 183 184 187 189 194 195 197 199 200
167 100 168 169 170 172 173 174 175 177 180 182 184 185 186 189 192 193 195 197
168 56 171 172 174 175 176 179 180 181 183 184 185 186 187 188 189 192 194 196 200
169 24 170 173 174 175 176 177 180 182 183 184 186 187 188 189 190 191 192 193 194 195 196 197 199
170 87 172 173 174 175 176 178 179 180 181 182 183 184 186 188 189 190 192 193 195 197 200
171 77 173 175 177 178 179 180 182 183 185 186 187 190 192 193 195 198
172 81 173 174 177 178 180 181 182 183 184 186 188 190 191 192 194 195 197 198 199 200
173 21 174 175 176 177 180 182 183 184 186 187 189 191 192 193 194 195 197 199 200
174 40 176 179 180 183 185 186 187 188 189 190 191 192 193 197 198
175 57 176 179 180 181 182 183 184 186 188 189 190 191 194 196 197 198 199
176 94 177 178 181 182 183 185 186 187 190 191 192 193 194 196 197 199
177 59 182 183 187 189 191 192 193 194 197 198 199
178 75 181 182 183 185 186 187 188 189 191 194 195 196 199 200
179 65 183 184 185 187 188 189 191 194 197 198 199 200
180 69 181 183 184 187 188 189 191 194 195 196 199 200
181 87 182 183 186 187 189 190 191 192 194 195 196 200
182 42 183 184 186 190 192 193 195 197 199 200
183 50 185 191 192 193 194 195 196 197 198 199 200
184 98 185 187 189 191 192 193 194 195 198 199
185 62 186 187 189 193 194 196 197
186 53 187 189 190 191 193 196 197 198
187 86 188 189 190 191 192 193 194 196 198
188 64 196 197 198 199
189 51 190 191 200
190 71 191 192 193 194 195 196
191 79 193 194 196 198 200
192 20 195 197 198
193 78 195 196 199 200
194 91 196 197
195 44 198 199
196 35 197 199
197 20 198 199 200
198 100 199 200
199 76 200
200 27
