200
1 51 2 3 4 5 6 7 8 9 10 11 12 13 14 15 16 17 18 19 21 22 23 24 25 26 27 28 29 30 32 33 34 35 36 37 38 40 41 42 43 44 45 46 47 49 50 51 52 53 54 55 56 57 58 59 60 61 62 63 64 65 67 68 70 71 72 73 74 75 76 77 78 79 80 81 82 83 85 86 87 88 89 90 92 93 94 95 96 97 98 99 101 102 103 105 106 107 108 109 110 111 112 113 114 115 116 117 118 119 121 122 123 124 125 127 128 129 130 131 133 134 136 137 138 139 140 141 142 143 144 145 146 147 148 149 150 151 152 153 154 155 156 157 159 160 161 162 163 164 165 166 167 169 170 171 172 174 175 176 177 178 179 180 181 182 183 184 185 186 187 188 189 190 191 192 193 194 195 196 197 198 200
2 88 3 4 6 7 8 9 10 11 12 13 15 16 17 18 19 20 21 22 23 24 25 26 27 28 29 30 31 32 33 34 35 36 37 38 39 40 41 42 43 44 45 46 47 48 49 50 51 52 53 54 55 57 58 59 60 61 62 63 64 65 66 67 68 69 70 71 72 73 74 75 76 77 78 80 81 82 83 84 85 86 87 88 89 90 91 92 93 94 95 96 98 99 100 101 103 105 106 107 108 110 111 112 113 114 115 116 117 118 120 121 123 124 125 127 128 129 130 131 132 133 134 135 136 137 138 139 140 141 142 143 144 145 146 147 148 149 150 151 152 153 154 155 156 157 158 159 160 161 162 163 164 165 166 167 168 170 171 172 174 175 176 177 178 179 180 181 182 183 184 185 186 187 188 189 190 191 192 193 194 196 197 198 199 200
3 27 5 6 7 8 9 11 12 13 14 15 16 17 18 19 20 21 22 23 24 25 26 27 28 29 30 31 32 33 34 35 37 39 40 42 43 44 45 46 47 48 49 50 51 52 53 54 55 56 57 59 60 62 63 65 66 67 68 69 70 71 72 73 74 75 76 77 78 80 82 85 86 87 88 89 90 91 92 93 94 95 96 97 98 99 100 101 102 104 105 106 107 108 110 111 112 113 114 115 116 117 118 119 120 121 122 123 124 125 126 127 128 129 130 131 132 133 134 135 136 137 138 139 140 141 142 143 144 145 146 147 148 149 150 151 152 153 154 155 156 157 159 161 162 163 164 165 166 167 168 169 170 171 172 173 175 176 177 178 179 180 181 182 183 184 185 186 187 188 189 190 194 195 196 197 198 199 200
4 98 5 6 7 8 9 10 11 13 14 15 16 17 18 19 20 22 23 24 25 26 27 28 29 30 31 32 33 34 35 36 37 38 39 41 42 43 44 45 46 47 48 49 50 51 52 53 54 55 56 57 58 59 60 61 62 65 67 68 69 70 71 72 73 75 77 78 79 80 82 83 84 85 90 91 92 93 94 95 97 98 99 100 101 102 104 105 106 107 108 109 110 111 112 113 114 115 116 117 118 120 121 122 123 124 125 127 128 129 131 132 133 134 136 137 139 140 142 143 144 145 146 147 149 150 151 152 154 155 156 157 158 159 160 161 162 163 164 165 166 168 169 170 171 172 174 175 176 177 179 180 183 184 185 186 187 189 190 191 192 193 195 196 197 198 199 200
5 76 6 7 8 10 11 12 13 14 15 16 17 18 19 21 22 24 26 27 28 29 30 31 32 33 34 35 36 37 38 39 40 41 42 43 46 48 49 50 51 52 53 54 55 56 57 58 59 61 62 63 64 65 66 67 68 69 70 71 72 73 75 76 77 78 79 80 81 82 83 84 85 86 87 88 89 91 92 94 95 96 97 98 99 100 101 102 103 104 105 106 107 108 109 110 111 112 113 115 116 117 118 119 120 121 122 123 124 125 126 127 130 131 132 133 134 135 136 137 138 139 140 141 142 144 146 147 148 149 151 152 153 154 155 156 157 158 159 160 161 162 163 164 165 166 167 168 169 170 171 172 173 175 176 177 178 179 180 181 182 183 185 186 187 188 189 190 191 193 194 195 197 198 200
6 56 7 8 9 10 11 12 14 15 16 17 18 19 20 21 22 23 24 25 26 27 28 29 30 31 33 34 35 36 37 38 39 41 42 43 44 45 46 47 48 49 50 51 52 54 55 56 57 58 59 60 61 62 63 64 65 66 67 68 69 70 71 72 73 74 75 76 77 78 79 80 81 82 83 84 85 86 87 88 89 90 91 92 93 94 95 96 97 98 99 100 101 102 103 104 105 106 108 109 111 112 113 114 115 116 117 118 120 121 122 123 124 125 126 127 128 129 131 132 133 134 135 136 137 138 139 140 141 142 143 144 145 146 147 148 149 150 151 152 153 154 156 157 159 160 162 163 164 165 166 167 168 169 170 171 172 174 175 176 177 178 179 181 182 183 185 186 187 188 189 190 191 192 193 194 195 196 197 198 199 200
7 85 8 9 10 11 12 13 14 15 16 17 18 19 20 21 22 23 24 25 26 27 28 29 30 31 32 33 34 35 36 37 38 39 40 41 42 43 44 45 46 48 49 50 51 52 53 54 55 57 59 60 61 62 63 64 65 66 67 69 70 71 72 73 76 78 79 80 82 83 85 86 88 89 90 91 92 93 94 95 96 97 98 99 100 101 102 103 104 105 106 107 108 109 110 111 112 113 115 116 118 119 120 121 122 123 124 125 126 127 129 130 131 132 133 136 137 139 140 141 142 143 144 145 146 149 150 151 152 153 154 155 156 157 158 159 160 161 162 163 166 167 168 169 170 171 172 173 174 175 176 177 178 179 180 182 183 184 185 186 187 188 190 191 192 193 194 196 197 198 199 200
8 40 9 10 11 12 13 14 15 16 17 19 21 22 23 24 25 26 27 28 29 30 31 32 33 34 35 37 38 40 41 42 43 44 45 46 47 48 49 50 51 52 53 55 56 57 59 60 61 62 63 64 65 66 67 68 69 70 71 72 73 74 75 76 77 78 79 80 81 82 84 85 86 87 88 89 90 91 92 93 94 95 96 97 98 99 100 101 102 103 104 105 106 108 109 110 112 113 114 115 116 117 118 119 120 121 123 124 125 126 127 128 129 130 131 133 134 135 136 137 138 139 140 141 142 143 144 145 146 147 148 149 150 151 152 153 154 155 156 157 158 159 161 162 164 165 166 168 169 171 172 173 174 175 176 177 178 180 181 182 183 184 185 186 187 188 189 191 192 193 194 195 197 199 200
9 84 10 11 12 13 15 16 18 19 21 22 23 24 25 26 27 28 29 30 31 32 33 34 35 36 37 38 39 40 41 42 43 46 47 48 49 50 51 52 53 54 55 56 57 58 59 62 64 65 66 69 70 71 73 74 75 76 77 78 79 80 81 83 84 85 86 87 88 89 90 91 92 93 94 95 96 97 98 99 100 101 102 103 104 105 106 107 108 109 110 111 113 116 117 118 121 122 123 124 125 126 127 129 130 131 133 134 135 136 137 139 140 141 142 143 144 145 146 147 148 149 150 152 153 154 156 159 160 161 162 163 164 165 166 167 168 169 170 172 173 174 175 176 177 178 179 180 182 183 184 185 186 187 188 189 190 191 192 193 194 195 196 197 198 200
10 71 11 12 13 14 17 18 19 20 21 23 24 25 26 27 28 29 30 31 32 33 34 35 36 37 38 40 41 42 43 44 45 46 47 48 49 52 53 54 55 56 57 58 59 60 61 62 63 65 66 67 68 69 70 71 72 73 74 75 76 77 78 79 80 81 82 83 84 85 86 87 88 89 90 91 93 94 95 96 97 98 99 100 101 102 103 104 105 106 107 108 109 110 111 112 113 114 116 117 118 119 120 121 123 124 125 126 127 128 129 130 131 132 133 134 135 136 137 138 139 140 141 142 143 144 145 146 147 149 150 154 155 156 157 158 159 160 161 162 163 164 165 166 167 168 169 170 171 172 173 174 175 177 178 180 181 182 183 184 185 186 187 188 189 190 191 192 194 195 196 198 199 200
11 87 12 13 14 16 17 18 19 20 21 22 23 24 25 26 27 28 29 30 31 32 33 34 35 36 37 38 39 40 41 42 43 44 45 46 47 48 49 51 52 53 54 55 56 57 58 59 60 61 62 63 64 65 66 67 68 69 70 71 72 73 74 75 76 77 79 80 81 82 83 84 85 86 87 89 90 91 92 93 94 95 96 98 99 100 101 102 103 104 105 106 107 108 109 110 111 112 113 114 115 116 117 118 119 121 122 123 124 125 126 127 128 129 130 131 132 133 134 135 136 137 138 139 140 141 142 143 144 145 146 147 148 149 150 151 152 153 155 156 157 158 159 160 161 162 163 164 165 166 168 169 170 171 172 173 175 176 177 178 179 180 181 182 183 184 186 187 188 189 190 191 192 195 196 197 198 199 200
12 38 13 14 16 17 18 19 21 22 23 24 25 29 30 31 32 33 34 35 36 37 38 39 41 42 43 44 45 46 47 48 49 50 51 52 53 54 55 56 57 58 59 60 61 62 63 64 65 66 69 70 71 72 73 74 75 77 78 79 80 81 83 84 85 86 87 88 89 90 92 93 94 95 96 97 98 99 100 101 102 103 104 105 106 108 109 111 112 113 114 115 116 117 118 120 121 122 123 124 125 126 127 129 130 131 132 133 134 135 136 137 138 139 140 141 143 144 145 146 147 148 149 150 151 153 154 155 156 157 158 159 160 161 162 163 164 165 166 168 169 170 171 172 173 174 175 176 177 178 179 180 181 182 183 184 185 186 187 188 189 190 191 192 193 194 195 196 197 198 199 200
13 35 14 15 16 17 18 19 21 23 24 26 27 28 29 30 31 32 33 34 35 36 37 38 39 40 41 42 43 44 45 46 47 48 50 51 52 53 54 55 57 59 60 61 62 63 64 65 66 67 68 69 70 71 72 73 74 75 76 77 78 79 80 83 84 85 86 87 88 89 90 91 92 93 94 95 96 97 98 99 100 101 103 104 105 106 107 108 109 110 111 112 113 114 115 116 117 118 119 120 121 122 123 124 125 126 127 128 130 131 132 133 134 135 136 137 138 139 140 141 142 143 144 145 148 151 152 153 154 155 156 157 158 159 160 161 162 164 165 166 167 168 170 171 172 173 174 175 176 177 178 179 180 181 182 183 184 185 186 187 188 189 190 191 192 193 194 195 196 197 198 200
14 97 15 16 17 18 19 20 21 22 23 24 25 26 27 29 30 31 32 33 34 35 36 37 39 40 41 42 43 44 46 47 48 49 50 51 52 53 54 55 56 57 58 59 60 61 62 63 64 65 66 67 68 69 70 71 72 74 75 76 77 78 79 80 81 82 83 84 85 86 87 88 89 90 91 92 93 94 95 96 97 98 99 100 101 102 103 104 105 106 107 109 110 111 112 113 114 115 116 119 121 122 123 124 125 126 127 128 129 130 131 133 134 135 136 137 138 139 140 141 142 143 144 145 146 147 148 149 150 151 152 153 154 155 157 159 160 161 162 163 164 165 166 167 168 169 170 171 172 173 174 175 176 177 178 180 182 183 184 185 186 187 188 189 190 191 192 193 194 195 196 197 198 199 200
15 99 16 17 19 20 21 22 23 24 25 27 28 29 31 32 33 34 35 38 39 40 42 43 44 45 46 47 48 49 50 52 53 54 55 57 58 59 60 61 62 63 64 65 67 68 69 70 71 72 73 74 75 76 77 78 79 80 81 83 85 86 87 88 90 91 93 94 95 96 99 100 101 102 103 104 105 106 107 109 110 111 112 113 114 115 116 117 118 119 120 121 122 123 124 125 126 127 128 129 130 131 132 133 134 135 136 137 138 139 141 142 143 145 146 147 148 149 150 151 152 153 154 155 157 158 161 162 163 164 165 166 167 168 169 171 172 173 174 175 176 177 178 179 180 181 182 183 184 185 186 187 188 189 190 191 192 194 197 198 199 200
16 78 17 18 19 20 21 22 23 24 25 26 28 29 30 31 32 33 34 35 36 37 38 39 40 41 42 43 44 45 46 47 48 49 50 52 53 54 55 56 58 59 60 61 62 63 64 65 66 67 68 69 70 71 72 74 75 76 77 78 79 80 81 82 83 84 85 86 87 88 89 90 91 92 94 95 96 97 98 99 100 101 102 103 104 105 106 107 108 110 111 112 114 115 116 117 118 119 120 122 123 125 126 127 128 129 130 131 132 133 134 135 136 137 138 139 140 141 143 144 145 146 147 148 149 150 151 152 153 154 155 156 157 158 159 160 161 162 163 164 165 166 167 168 169 170 171 172 173 175 176 177 178 179 180 181 182 183 184 185 186 187 189 190 191 192 193 194 195 196 197 198 199 200
17 36 18 19 20 21 22 23 24 25 26 27 28 29 30 31 32 33 34 35 36 37 38 39 40 41 42 43 44 45 46 47 48 49 50 51 52 53 55 57 58 59 60 61 62 63 64 65 66 67 69 70 71 72 73 74 75 76 77 78 79 80 82 83 84 85 86 87 88 89 91 92 93 95 96 97 98 99 100 101 102 103 104 106 107 108 109 110 111 112 114 115 116 117 118 119 120 121 122 123 124 125 126 127 128 129 130 131 132 133 135 136 137 138 139 140 141 142 144 145 146 148 149 150 151 152 153 155 156 157 158 159 160 161 163 164 165 166 167 168 169 170 171 172 173 174 175 176 177 178 179 180 181 182 183 185 186 187 189 190 191 192 193 194 195 197 198 200
18 61 19 20 21 22 23 24 25 26 27 28 29 30 31 33 34 36 37 38 39 40 41 42 43 44 45 46 47 48 49 50 51 52 53 54 56 57 58 59 60 61 62 63 65 66 67 68 69 70 71 72 73 74 75 76 77 78 79 80 81 82 83 84 86 87 88 89 90 93 94 96 97 98 99 100 101 102 103 104 107 108 109 110 111 112 113 114 115 116 117 118 119 120 121 122 123 124 125 126 127 128 129 130 131 132 133 134 135 136 137 138 139 140 141 144 145 146 147 148 149 150 151 152 153 154 155 156 157 159 160 161 162 163 164 165 166 167 168 169 170 171 172 173 174 175 177 178 179 180 182 183 184 185 186 187 188 189 190 191 192 194 195 196 198 199 200
19 30 20 21 23 24 25 26 27 28 29 30 31 32 33 34 35 36 38 40 41 42 43 44 45 46 48 49 50 51 52 53 54 55 56 57 58 59 60 61 62 63 64 65 66 67 68 69 70 71 73 74 75 76 77 78 79 80 81 83 84 85 87 88 89 90 91 92 93 95 96 97 98 99 100 101 102 103 104 105 106 107 108 109 110 111 113 114 115 116 117 118 119 120 121 122 123 125 126 127 128 129 132 133 134 135 136 137 139 140 141 142 143 144 145 146 147 148 149 150 152 153 154 155 156 157 158 159 160 161 162 163 164 165 167 168 169 170 171 172 173 174 175 176 177 178 179 180 181 184 185 186 187 188 189 190 191 193 194 195 196 197 198 199 200
20 94 21 22 23 24 25 27 28 29 30 31 32 33 34 35 36 37 38 39 40 41 42 43 44 46 47 48 50 51 52 53 54 56 57 58 59 60 61 62 63 64 65 66 67 68 69 70 71 72 73 74 75 76 77 78 79 80 81 82 83 84 85 86 87 89 90 91 92 93 94 95 96 97 98 99 100 101 103 104 105 106 107 108 109 110 111 112 113 114 115 116 117 118 119 120 121 122 124 125 126 127 129 130 131 132 133 134 136 137 138 139 140 141 142 143 144 145 146 147 148 149 150 151 152 153 155 156 157 158 159 160 161 162 163 164 165 166 167 168 169 171 172 173 174 175 176 177 178 179 180 181 182 183 184 185 187 189 190 191 192 193 194 195 196 197 198 199 200
21 39 22 23 24 25 26 27 28 29 30 31 32 33 34 35 36 37 38 39 40 41 42 44 45 46 47 49 51 52 53 54 55 56 57 58 59 60 61 62 63 64 65 66 67 68 69 70 71 72 73 74 75 76 77 78 79 81 82 83 84 85 87 88 89 90 91 92 93 94 95 96 98 99 100 101 102 103 104 105 106 107 108 109 110 111 112 113 114 115 116 117 118 119 120 121 122 123 124 125 126 127 128 129 130 131 132 133 134 135 136 137 138 139 140 141 142 143 144 145 146 147 148 149 150 152 154 155 156 157 158 159 160 161 162 163 164 166 167 168 169 170 171 172 173 174 175 176 178 179 180 181 182 183 184 185 186 187 188 189 190 191 192 193 194 196 198 199 200
22 91 23 24 25 26 27 28 29 30 31 32 33 34 36 37 38 39 40 41 42 44 45 46 47 48 50 51 52 54 55 56 57 58 60 61 62 63 64 65 66 67 68 69 70 71 72 73 74 75 76 77 78 79 81 82 83 84 85 86 87 88 90 91 92 93 94 96 97 98 99 100 101 102 103 104 105 106 107 108 109 110 111 112 114 115 116 117 118 122 123 124 125 126 127 128 131 133 134 135 136 138 139 140 141 143 144 145 146 147 148 149 150 151 152 153 154 155 156 157 158 159 160 162 163 164 165 166 167 168 169 171 172 173 174 175 176 177 178 179 180 182 183 184 185 186 187 188 189 191 192 193 194 195 196 197 199
23 76 25 26 27 28 29 30 31 32 34 35 36 39 40 41 42 43 44 45 46 47 48 49 50 51 52 53 55 56 57 58 59 60 61 62 63 65 67 68 70 71 73 75 76 77 78 79 80 81 82 83 84 85 86 87 88 89 90 92 93 94 95 96 97 98 99 100 101 102 103 104 105 106 108 110 111 112 113 114 115 116 117 118 119 120 121 123 124 125 126 127 128 129 131 132 133 136 137 138 140 141 142 143 144 145 146 147 148 149 150 151 153 154 155 156 157 158 159 160 162 163 164 165 166 167 168 169 170 171 172 173 174 175 176 177 178 179 180 181 182 183 185 186 187 188 189 190 191 192 193 195 196 197 198 199 200
24 80 25 26 27 28 29 30 31 32 34 36 37 38 39 40 41 42 43 44 45 46 47 48 49 50 51 52 53 54 55 56 57 58 59 61 62 63 64 65 66 67 68 69 70 71 72 73 74 75 76 78 79 81 82 83 84 85 86 87 88 90 91 93 94 95 96 97 98 99 100 101 102 103 104 105 106 107 109 111 112 113 114 115 116 117 119 120 121 122 123 124 125 126 127 128 129 130 132 133 134 135 136 137 138 139 140 141 143 144 145 146 147 148 150 151 152 154 155 156 158 159 160 162 163 164 165 166 167 168 169 170 171 172 173 174 176 177 178 179 180 181 182 185 186 187 189 190 191 192 193 194 195 196 197 198 199 200
25 64 26 27 28 29 30 31 32 33 34 36 37 38 39 40 41 42 43 44 46 47 48 49 50 51 52 53 54 55 56 57 58 59 61 63 64 65 66 67 68 69 70 71 72 73 74 76 77 78 79 81 83 84 85 86 87 88 89 90 91 92 93 94 95 96 97 98 101 102 103 104 105 106 107 108 109 110 111 113 114 115 116 117 118 119 120 121 122 123 124 125 127 128 129 130 132 133 134 135 136 137 138 139 140 141 142 143 144 145 146 147 148 149 150 151 152 153 154 155 157 158 159 160 161 162 163 164 165 166 168 170 173 175 176 178 179 180 181 182 183 185 186 187 188 189 190 191 192 193 194 196 197 198 199
26 55 27 28 29 30 31 32 33 34 35 36 37 38 39 40 41 42 43 44 45 46 47 48 49 50 51 52 53 54 55 56 57 58 59 60 61 62 64 65 66 67 69 70 71 73 74 76 77 78 79 80 81 82 83 84 85 87 88 89 90 91 92 93 95 96 97 98 99 100 101 102 103 104 105 106 107 108 109 110 111 112 113 114 115 116 117 118 119 120 121 122 123 124 125 127 128 129 130 131 132 133 134 135 136 137 138 139 140 141 142 143 144 145 146 147 148 149 150 151 152 153 154 155 156 157 158 159 160 162 163 164 165 166 167 168 169 170 171 172 173 174 175 176 177 178 179 180 181 182 183 184 185 186 187 188 190 191 192 193 194 196 197 198 199 200
27 78 28 29 30 31 32 33 34 35 36 37 38 39 40 41 42 43 44 45 46 47 48 49 50 51 52 53 55 56 57 58 59 60 61 62 63 64 65 66 67 68 69 70 71 72 74 75 76 77 78 80 81 82 83 84 85 86 87 88 89 90 91 92 93 94 95 96 97 98 99 100 101 102 103 104 107 108 109 110 111 112 113 114 115 116 117 118 119 120 121 122 123 124 125 126 127 128 130 131 132 134 136 137 138 139 140 141 142 143 144 145 146 147 148 149 150 151 152 153 154 155 156 157 158 159 160 161 162 163 164 165 166 167 168 169 170 171 172 173 174 175 176 178 179 180 182 183 184 185 186 187 188 189 190 191 192 193 194 195 196 197 198 199 200
28 23 29 30 31 33 34 35 36 38 39 40 42 43 45 46 47 48 49 50 51 52 53 54 55 56 57 58 59 60 61 62 63 64 65 66 67 68 69 70 71 72 73 74 75 76 77 78 79 80 81 82 83 84 85 86 87 88 89 90 91 92 93 94 95 96 97 98 100 101 102 103 104 105 106 107 108 109 111 112 113 114 115 116 117 118 119 120 122 123 124 125 126 127 128 129 130 131 132 133 134 135 136 137 139 140 141 142 143 144 145 146 148 149 150 151 152 155 157 158 159 160 161 163 164 165 166 167 168 169 170 171 172 173 174 175 176 177 178 181 182 183 184 185 186 187 189 190 191 192 193 194 195 196 197 198 199 200
29 35 30 31 33 35 36 37 38 39 40 41 42 45 46 47 48 49 50 51 52 53 54 55 56 57 58 59 60 61 62 63 65 66 67 68 69 71 72 73 75 76 77 78 79 80 81 82 83 85 86 87 88 89 90 91 92 93 94 96 97 98 99 100 101 102 103 104 105 106 107 108 109 110 111 112 113 114 115 116 117 118 119 120 121 122 123 124 125 126 128 129 130 132 133 134 135 136 137 138 139 140 141 142 143 144 145 146 148 149 150 151 152 153 155 156 157 158 159 160 161 162 163 164 165 166 167 168 170 171 172 173 174 175 176 177 179 180 181 182 183 184 185 186 187 188 189 190 191 192 193 194 195 196 197 198 199 200
30 25 31 32 33 34 35 36 37 38 39 40 41 42 43 44 46 47 48 49 50 51 52 53 54 55 56 57 58 59 60 61 62 64 65 66 67 68 69 70 71 72 74 76 77 78 79 80 81 83 84 85 86 87 88 89 90 91 93 94 95 96 97 98 99 100 101 102 103 104 105 106 107 108 109 110 111 112 113 114 115 116 117 118 119 120 121 122 123 124 125 126 127 128 129 130 132 133 135 136 137 138 139 141 142 143 144 145 147 148 149 150 151 152 154 155 156 157 158 159 161 162 163 164 165 166 168 169 170 171 172 173 174 175 176 177 178 179 181 182 183 184 185 186 187 188 189 190 191 192 193 194 195 197 198 199 200
31 89 32 33 34 35 36 37 38 40 41 42 44 45 46 47 48 49 50 51 52 53 54 55 56 57 58 59 60 61 63 65 66 67 68 69 70 71 72 74 75 76 77 78 80 81 82 83 84 85 86 87 88 89 90 91 92 93 94 95 96 97 98 99 100 101 102 103 104 105 106 108 109 110 111 112 113 114 115 116 117 119 120 121 122 124 125 126 128 129 130 132 133 134 135 136 138 139 140 141 142 143 144 145 146 147 148 150 151 153 154 155 156 157 158 159 160 162 163 164 165 166 167 168 169 170 171 172 173 174 175 176 177 178 179 180 181 183 185 186 187 188 189 190 191 192 193 194 195 196 197 198 199 200
32 50 33 34 35 36 37 38 39 40 42 43 44 45 46 47 49 50 51 52 53 54 55 56 57 58 59 61 62 63 64 65 66 67 68 69 70 71 73 75 76 77 79 80 82 84 85 86 87 88 89 90 91 92 94 95 96 97 98 99 100 102 103 104 105 106 107 108 109 110 111 112 113 114 115 116 117 118 119 120 121 122 123 124 125 126 127 128 129 130 131 132 133 135 136 137 138 139 140 141 142 143 144 145 146 147 148 149 150 151 152 153 154 155 156 157 158 159 160 161 164 166 167 168 169 170 171 172 173 174 175 176 177 178 179 180 181 183 184 185 186 187 188 189 190 191 192 194 195 196 197 198 199 200
33 46 34 35 36 38 39 40 41 42 43 44 45 46 47 48 49 51 52 53 54 55 56 57 58 61 62 63 64 65 66 67 68 69 70 72 73 74 75 76 77 78 80 81 82 83 84 85 86 87 89 90 91 92 93 95 96 97 98 99 100 101 103 104 105 106 107 108 109 111 112 113 114 115 116 117 118 119 120 121 123 124 125 126 127 128 129 131 132 133 134 135 136 137 138 139 140 142 143 144 145 146 147 148 149 150 151 152 153 154 155 156 157 158 159 160 161 163 164 165 166 167 168 169 170 171 172 173 174 175 176 177 178 179 180 181 182 183 184 185 186 187 188 190 191 192 193 194 195 197 198 199 200
34 94 35 36 37 38 39 40 41 42 43 44 45 46 47 48 49 50 51 52 54 55 56 57 58 59 60 61 62 63 64 65 66 67 68 69 70 71 72 73 74 75 76 77 78 79 81 82 83 84 85 87 88 89 90 91 92 93 94 96 97 98 99 100 101 103 104 105 106 107 108 111 112 113 114 115 116 117 118 119 121 122 123 124 125 127 128 129 130 131 132 133 134 135 136 137 138 140 141 142 144 145 146 147 148 149 150 152 153 154 155 156 157 158 159 160 161 162 163 164 165 166 167 169 170 171 172 173 174 175 176 177 178 179 181 182 183 184 185 186 187 188 189 190 191 193 194 195 196 197 198 199 200
35 45 36 37 38 39 40 41 42 43 44 45 47 48 49 50 51 52 53 54 55 56 57 58 59 60 61 62 63 64 66 67 68 69 72 73 74 75 76 77 78 79 80 81 82 83 84 85 86 87 88 89 90 91 92 93 94 95 96 97 98 99 100 101 102 103 104 105 106 107 108 109 110 111 112 115 116 117 118 119 120 121 122 123 124 125 126 127 128 129 130 131 132 133 134 135 136 137 139 140 141 142 143 144 145 146 147 148 149 150 151 152 153 154 155 156 157 158 159 160 161 162 163 164 165 166 167 168 169 170 171 172 173 174 175 176 177 178 179 180 181 182 183 184 185 186 187 188 189 190 191 192 193 194 195 196 197 198 199
36 82 37 38 39 41 43 44 45 46 47 49 50 51 52 53 54 55 56 58 59 60 61 62 63 64 66 68 69 70 71 72 73 74 75 76 77 78 79 80 81 82 83 84 85 86 87 89 90 92 93 94 95 96 98 99 100 101 102 103 104 105 106 107 108 109 110 111 112 114 115 116 117 118 119 120 121 122 123 124 125 126 127 128 129 130 131 132 133 134 135 136 137 138 140 141 142 143 144 145 146 147 148 149 150 151 152 153 154 155 156 157 158 159 160 161 162 163 164 165 166 167 168 169 170 171 172 173 174 175 176 177 178 179 180 181 182 183 184 185 186 187 188 189 190 191 192 193 194 196 197 198 199 200
37 63 39 40 41 42 43 44 45 46 47 48 49 50 51 52 53 54 56 57 58 59 60 61 62 63 64 65 66 68 69 70 71 72 73 74 77 79 80 81 83 84 85 86 87 88 89 90 91 92 93 94 95 96 97 98 99 100 102 103 104 105 106 107 108 109 110 111 112 113 114 115 116 117 118 119 120 121 122 123 125 126 127 128 129 130 131 132 135 136 137 138 139 140 141 142 143 145 146 147 148 149 151 152 153 154 155 157 158 159 160 161 162 164 165 166 167 168 169 170 171 172 173 174 175 176 177 178 179 180 181 182 183 184 185 186 187 188 189 190 192 193 195 197 198 199 200
38 23 39 40 41 42 43 44 45 46 47 48 50 51 52 53 55 56 58 59 60 61 62 64 65 66 67 68 69 70 71 72 73 74 75 76 77 78 79 80 82 83 84 85 86 87 88 89 90 91 92 93 94 96 97 99 100 101 102 103 104 105 106 107 108 109 110 111 112 113 114 115 116 117 118 119 120 121 122 123 124 125 126 127 128 129 130 131 132 133 134 135 136 137 138 140 141 142 143 144 145 146 147 148 149 151 153 154 155 156 157 158 159 160 161 162 164 166 167 168 169 170 171 172 173 174 175 176 177 178 179 180 182 183 184 185 186 187 188 189 191 192 193 194 195 196 197 199 200
39 94 40 41 42 43 44 45 46 47 48 49 50 51 52 53 54 55 56 57 58 59 61 62 63 64 65 66 67 68 69 70 71 72 73 74 75 76 77 78 79 82 83 84 86 87 88 89 90 91 92 93 95 96 97 99 100 101 102 103 104 105 107 108 109 110 111 112 113 114 115 116 117 118 119 120 121 122 123 124 126 127 128 129 130 131 132 133 134 135 136 137 138 139 140 141 143 145 146 147 148 149 150 151 152 153 154 155 156 157 158 159 160 162 163 164 165 166 167 168 169 170 171 172 173 174 175 176 177 178 179 180 181 182 183 184 185 186 187 188 189 190 191 192 193 194 195 196 197 199
40 31 41 42 43 44 45 46 47 49 50 51 52 53 54 57 58 59 60 61 62 63 64 65 66 67 68 71 72 73 74 75 76 77 79 81 83 84 85 86 88 89 90 91 92 93 94 95 96 97 98 99 100 101 102 103 104 105 106 107 108 110 111 112 113 114 115 116 117 118 121 122 123 124 125 126 128 129 130 131 132 133 134 135 136 137 138 140 141 142 144 145 147 148 149 150 151 152 153 154 155 157 158 159 160 161 162 164 165 166 167 169 170 171 172 173 174 175 176 177 178 179 180 181 182 183 184 185 186 187 188 189 190 191 192 193 194 195 196 197 198 199 200
41 44 42 43 44 45 47 48 49 50 51 52 53 54 55 56 57 58 60 61 62 63 64 65 66 67 68 69 70 71 72 73 74 75 76 77 78 79 80 81 82 83 84 85 86 87 88 89 90 91 92 93 94 95 96 97 98 99 100 101 102 103 104 105 107 108 109 110 111 113 114 115 116 117 118 119 120 121 122 123 124 125 126 127 128 129 130 131 132 133 134 135 136 137 140 141 142 143 144 145 146 147 148 149 151 152 153 154 155 156 157 158 159 160 161 164 165 166 167 168 169 170 171 173 175 176 177 178 179 180 181 182 183 184 185 186 187 188 189 190 191 192 193 194 195 196 197 198 199 200
42 75 43 44 45 46 47 48 50 51 52 53 54 55 56 57 58 60 61 62 64 65 66 67 68 69 71 72 73 74 75 76 77 78 79 80 81 82 83 85 86 87 88 89 90 91 92 93 94 95 96 97 98 99 100 101 102 103 104 105 106 107 108 110 111 112 113 114 115 116 117 118 119 120 121 123 124 125 126 127 128 129 130 131 132 133 134 135 136 137 138 139 140 142 143 144 145 146 148 149 150 151 152 153 155 156 157 158 159 160 161 162 163 165 166 167 168 169 170 172 173 175 176 177 178 179 180 181 182 183 184 185 186 187 188 189 190 191 192 193 194 196 197 198 199 200
43 64 44 45 46 47 48 49 50 51 52 53 54 55 58 59 60 61 62 63 64 65 67 68 69 70 72 73 74 75 76 77 78 79 80 81 82 84 85 86 87 88 89 90 91 92 93 94 95 96 98 100 101 102 103 104 105 107 108 109 110 112 113 114 115 116 117 118 119 120 121 122 123 124 125 126 127 128 129 131 132 133 134 136 137 138 139 140 141 142 143 144 145 147 148 149 150 151 152 153 154 155 156 157 158 159 160 161 162 163 164 165 166 167 168 169 170 171 172 173 175 176 177 178 179 180 181 182 183 184 185 186 187 189 191 192 193 194 195 196 199 200
44 74 45 46 48 49 50 51 53 54 55 56 57 59 60 61 62 63 64 65 66 68 70 71 72 73 75 76 77 78 79 80 81 82 83 84 85 86 87 88 89 90 91 92 93 94 95 96 97 98 99 101 102 103 104 105 106 107 108 110 111 112 113 114 117 118 119 121 122 123 124 125 126 127 128 129 130 131 133 134 135 136 137 138 139 140 141 142 143 144 145 146 147 148 149 150 151 152 153 154 155 156 157 159 160 161 162 163 164 165 167 168 170 171 172 173 174 175 176 177 178 179 180 181 182 183 184 185 187 188 189 190 191 192 193 194 195 196 197 198 199 200
45 39 46 47 48 49 50 51 52 53 54 55 56 57 58 59 60 61 62 63 65 67 68 69 70 71 72 73 75 76 77 78 79 80 81 82 83 84 85 87 88 90 91 92 93 94 95 96 97 98 99 100 101 102 103 104 105 106 107 108 109 110 111 112 113 114 115 116 117 118 119 120 121 122 123 124 125 126 127 128 129 130 131 132 134 135 136 137 138 139 140 141 142 143 144 145 146 147 148 149 150 151 153 155 156 157 158 159 160 161 162 163 164 165 166 167 168 169 171 172 173 174 175 176 177 178 179 182 183 184 185 186 187 188 189 190 191 192 193 194 195 196 199 200
46 21 47 48 49 50 51 53 54 55 56 57 58 59 60 61 62 64 65 66 67 68 69 70 72 73 75 76 77 78 79 80 81 82 83 84 85 86 87 88 89 90 91 92 93 94 95 96 97 98 100 101 102 103 104 105 106 107 108 109 110 112 113 114 115 116 117 118 119 120 121 122 123 124 126 127 129 130 131 132 133 134 135 137 138 139 140 141 142 143 144 145 147 148 149 150 152 154 155 156 157 158 159 160 161 164 165 166 167 168 169 170 171 173 174 175 176 177 178 179 181 182 183 184 186 187 189 190 191 192 193 194 195 197 198 199 200
47 93 48 50 51 52 53 54 55 56 57 58 59 60 61 62 63 64 65 66 68 69 70 72 74 75 76 77 78 79 80 81 82 83 84 85 86 87 88 89 90 91 92 93 95 96 97 98 99 100 101 102 103 104 105 106 107 108 109 111 113 114 115 116 117 118 119 120 121 122 124 125 126 127 128 129 130 131 132 133 134 135 136 137 138 140 141 142 143 144 145 146 147 148 149 150 151 152 154 155 156 157 158 159 161 162 163 164 165 166 167 168 169 170 171 172 173 174 177 178 179 180 181 182 183 184 186 187 189 190 191 192 193 194 195 196 197 198 200
48 22 49 50 51 52 53 54 55 56 57 58 59 61 62 63 64 65 66 67 68 69 72 73 74 75 76 77 78 79 80 81 82 83 85 87 88 89 91 92 93 94 95 96 97 98 99 100 101 102 103 104 105 106 107 108 109 111 112 113 114 115 116 117 118 119 120 122 123 124 125 126 127 128 129 130 131 132 133 134 135 136 137 138 139 140 141 142 143 144 145 146 147 148 149 150 151 152 153 154 155 156 158 160 161 162 163 164 165 167 168 169 170 171 172 173 174 176 177 178 180 181 182 183 185 186 187 188 189 190 191 192 193 194 195 196 198 199
49 54 50 51 52 53 54 55 56 57 58 59 60 61 62 63 65 66 67 68 70 71 72 73 74 75 76 77 78 79 80 81 82 83 84 85 86 87 88 90 91 92 95 96 97 98 99 100 101 102 103 104 105 106 108 109 110 111 113 114 115 116 117 118 119 120 121 122 123 124 126 127 129 130 131 132 133 134 135 136 137 138 139 140 141 142 143 144 145 146 147 148 149 150 151 152 154 155 156 157 159 160 162 163 164 165 167 168 169 170 171 172 173 174 175 176 177 178 179 180 181 182 183 184 185 186 187 188 189 190 191 192 193 194 195 196 197 198 199 200
50 23 51 52 53 54 55 56 57 59 60 61 62 63 64 66 67 68 69 70 71 72 73 74 75 76 77 78 79 80 81 82 83 84 85 86 87 88 89 90 91 92 93 94 95 96 97 98 99 100 101 103 104 105 106 107 108 109 110 111 112 113 114 115 116 117 118 120 121 122 123 124 126 127 128 129 130 131 132 133 134 135 136 137 138 139 140 141 142 144 145 146 147 148 149 150 152 153 154 155 156 157 158 160 161 162 163 164 165 167 168 169 170 172 173 174 175 176 177 178 180 181 182 183 184 185 186 187 188 189 190 191 192 193 194 195 196 197 198 199 200
51 22 52 53 54 55 56 57 58 59 60 61 62 63 64 65 66 67 68 69 70 71 72 73 74 75 77 78 79 80 82 83 84 85 86 88 89 90 91 92 93 94 96 98 99 101 102 103 105 106 107 108 110 111 112 113 114 116 117 118 119 120 121 122 123 124 125 126 127 128 129 130 132 133 134 135 136 137 138 139 141 143 145 146 147 148 149 150 152 153 154 155 156 157 158 159 160 162 163 164 165 167 168 169 170 171 172 173 174 175 176 177 178 179 180 181 182 183 184 185 186 187 188 189 190 192 193 194 195 197 198 200
52 62 53 55 56 58 59 60 61 62 63 64 65 66 67 68 70 71 72 73 74 75 76 77 78 79 80 81 82 83 84 85 86 88 89 91 92 93 94 95 96 97 98 99 100 102 103 104 106 107 108 109 110 111 112 114 115 116 117 118 119 120 121 122 123 124 125 126 127 128 129 130 131 132 133 134 136 138 140 141 142 143 145 146 147 148 149 150 151 152 153 154 156 157 158 159 161 162 163 164 165 166 167 168 169 170 171 172 174 175 176 177 178 179 180 182 183 184 185 186 188 189 191 192 194 195 196 199 200
53 36 54 55 56 57 58 60 61 62 63 64 65 66 67 68 69 70 72 73 74 75 76 77 78 80 81 82 83 86 87 88 89 90 91 92 93 94 95 96 97 98 99 100 101 103 104 105 106 107 108 109 110 111 112 113 114 115 116 117 118 119 120 121 122 123 124 125 126 128 129 130 131 132 133 134 135 136 137 138 139 140 142 143 144 145 146 147 148 149 150 151 152 153 154 155 156 157 158 159 160 161 162 163 164 165 167 168 169 170 171 172 173 175 176 178 179 180 181 182 183 184 185 186 188 189 191 192 193 194 195 196 197 198 199 200
54 63 55 56 57 58 60 61 63 64 65 66 67 68 69 70 71 72 74 75 76 78 79 80 81 82 83 84 85 86 87 88 89 90 91 92 94 95 96 97 98 99 100 101 102 103 104 105 106 107 108 109 110 111 112 113 114 115 117 118 119 120 121 122 123 124 125 126 127 128 129 130 131 132 133 134 135 137 138 140 141 142 143 144 145 146 147 148 149 150 151 152 153 154 155 156 157 158 159 160 161 162 163 164 165 166 168 169 170 171 172 173 174 175 177 178 179 180 181 182 183 184 185 186 187 188 189 190 191 192 194 195 196 197 198
55 58 56 57 58 59 60 61 62 63 64 65 66 67 69 70 71 72 73 74 75 76 77 78 79 81 82 83 84 85 86 87 88 89 90 91 92 93 94 96 97 98 99 100 101 103 105 106 107 109 110 111 112 113 115 116 117 118 119 120 121 122 123 124 125 126 127 128 129 131 132 133 134 135 136 137 138 139 140 141 142 143 144 145 146 147 148 149 151 152 153 154 156 157 158 159 161 162 163 164 165 166 167 168 169 170 171 173 175 176 177 178 179 180 181 182 183 184 185 186 187 188 189 190 191 192 193 194 196 197 198 199
56 34 57 58 59 60 61 62 63 64 66 67 68 69 70 71 72 73 74 75 76 77 78 79 80 81 82 83 84 85 87 88 89 90 91 92 94 95 96 97 98 99 100 101 102 103 104 105 106 107 108 109 110 111 113 116 117 118 119 120 121 122 123 124 125 126 127 128 129 130 131 132 133 135 136 138 139 140 141 142 144 145 146 147 148 149 150 151 152 153 154 155 156 157 158 159 160 161 162 163 165 166 167 168 169 171 172 173 174 175 176 177 178 179 180 181 182 183 184 185 186 187 188 189 190 191 192 193 194 195 196 197 198 199 200
57 90 58 59 60 62 63 64 65 66 67 68 70 71 72 73 74 75 76 77 78 79 80 81 82 84 85 86 87 88 89 90 91 92 93 94 95 96 97 98 99 100 101 104 105 106 107 108 109 110 111 112 113 114 115 118 119 120 121 122 123 124 125 126 127 128 129 131 133 134 135 136 138 139 140 141 142 143 144 145 146 147 148 149 150 151 152 153 154 157 158 159 160 161 162 163 164 165 166 167 168 169 170 171 172 173 174 175 176 177 178 179 180 181 183 184 185 187 188 189 190 193 194 195 196 197 198 199 200
58 81 59 60 61 62 63 64 65 67 68 69 70 71 72 73 74 75 76 77 78 79 80 81 82 83 84 85 87 88 91 92 93 94 95 96 97 98 100 101 102 104 105 106 107 109 110 111 112 113 114 115 116 117 118 119 120 121 123 124 127 128 129 130 131 132 133 135 136 137 138 139 140 141 142 143 144 145 146 147 148 149 150 151 152 153 154 155 156 157 158 159 160 161 163 164 165 166 167 169 170 171 172 174 175 176 177 178 179 180 181 182 183 184 185 186 187 188 189 190 191 192 193 194 195 197 198 199 200
59 59 60 62 63 66 67 68 69 70 71 72 73 74 75 76 77 78 79 80 81 82 83 84 85 86 87 89 90 92 93 94 95 97 98 99 101 102 103 104 105 106 107 108 109 111 112 113 115 116 118 119 120 121 122 123 124 126 127 128 129 130 131 132 133 134 135 136 137 138 139 140 141 142 143 144 147 148 149 150 151 152 153 154 155 156 157 158 159 160 161 162 163 164 165 166 167 168 169 171 172 173 174 175 176 177 178 179 180 181 182 183 184 185 186 187 188 189 190 191 192 193 194 195 196 198 199 200
60 85 61 62 63 64 65 66 67 68 69 70 71 74 75 76 77 78 79 80 81 82 83 84 85 86 88 89 90 91 92 93 94 95 96 97 98 99 100 101 102 103 104 105 106 107 108 109 110 111 113 114 116 117 118 119 120 121 122 123 124 125 127 129 130 131 132 135 136 137 138 139 140 141 143 144 145 147 148 149 150 151 152 153 154 156 157 158 160 161 162 163 164 165 167 168 170 171 172 173 174 175 176 177 178 179 180 182 183 184 185 186 187 188 189 190 191 193 194 195 196 197 198 199 200
61 86 62 63 64 65 66 67 68 69 70 72 73 75 76 77 78 79 80 81 82 83 84 85 86 87 88 90 91 92 93 95 96 97 98 99 101 102 104 105 106 107 108 109 110 111 112 113 114 115 116 118 119 120 121 122 123 124 125 128 130 131 132 133 134 135 136 137 138 139 140 141 142 144 145 146 148 150 151 152 153 154 156 158 159 160 161 162 163 164 165 166 168 169 170 171 172 173 174 175 176 177 178 179 180 181 182 183 184 185 186 187 188 189 190 191 192 193 194 195 196 198 199 200
62 77 63 64 66 67 68 69 70 71 72 73 74 75 76 77 78 79 80 81 82 83 84 85 86 87 88 89 90 91 92 93 94 95 96 97 98 99 100 102 103 104 105 106 107 108 109 110 111 112 113 115 116 117 118 119 120 121 122 123 124 125 126 128 129 130 132 133 134 135 136 137 138 139 140 141 142 143 144 146 147 148 150 151 152 153 154 155 156 157 158 159 160 161 162 163 164 165 166 167 168 169 170 171 173 174 175 176 178 179 180 181 182 184 185 186 187 188 189 190 191 192 193 194 195 199 200
63 36 65 66 67 68 69 70 71 72 73 74 75 76 77 78 79 80 81 83 84 85 86 87 88 89 90 91 92 93 94 95 96 97 98 99 100 101 102 103 104 105 106 107 108 109 110 112 113 114 115 117 118 119 120 121 122 123 124 125 126 127 128 129 131 132 133 134 135 136 137 138 139 140 141 142 143 144 145 146 148 150 151 152 153 154 155 156 158 160 161 163 164 165 166 167 168 169 171 172 174 176 177 179 180 181 182 183 184 185 186 187 188 189 190 191 192 193 194 195 196 197 198 199 200
64 30 65 66 67 68 69 70 71 72 73 74 75 76 77 78 79 80 81 82 83 85 86 88 89 90 91 92 93 94 95 96 98 99 100 101 102 103 104 105 106 107 108 110 111 112 113 114 115 116 119 120 121 122 123 124 125 126 127 128 129 130 131 132 133 134 135 136 137 138 139 140 141 142 143 145 146 147 148 149 150 151 152 153 154 155 156 157 158 159 160 161 162 163 164 165 166 167 168 169 171 172 173 175 176 177 178 179 180 182 183 184 185 186 188 189 190 192 194 195 196 197 198 200
65 34 66 68 69 71 72 73 74 75 76 77 78 79 80 81 82 83 84 85 86 87 88 89 90 91 92 93 94 95 96 97 98 99 100 101 102 103 104 105 106 107 108 109 110 111 112 113 114 115 116 117 118 119 120 121 122 123 126 127 128 129 131 132 135 136 137 138 139 140 141 142 143 144 145 146 147 148 149 150 151 153 155 156 157 158 159 160 161 162 163 165 166 167 168 170 171 172 173 174 175 177 178 179 180 181 182 183 184 185 186 187 188 189 190 191 192 193 194 195 196 197 198 199 200
66 75 67 68 69 70 71 73 74 75 76 77 78 80 82 83 84 85 86 87 89 90 91 92 93 94 95 96 97 98 99 100 101 102 103 104 105 106 107 108 109 110 111 112 113 114 115 116 117 118 119 120 121 122 123 124 125 126 127 128 129 130 131 134 135 136 137 140 141 142 143 144 145 146 147 148 149 150 151 152 153 154 155 156 157 158 159 160 162 163 164 165 166 167 168 169 170 171 172 173 174 175 176 177 178 179 180 181 182 183 184 185 186 187 188 189 190 191 192 193 194 195 196 197 198 199 200
67 29 68 69 70 71 72 73 74 75 76 77 78 79 80 81 82 83 85 86 87 89 90 91 92 93 94 95 96 97 98 100 101 102 104 105 106 107 108 109 110 111 112 113 115 117 118 119 120 121 122 123 124 125 126 127 128 129 130 132 133 134 135 136 137 138 139 140 141 142 143 144 145 146 147 148 150 151 152 153 154 155 156 157 158 159 160 161 162 163 164 165 166 167 168 169 170 171 172 173 174 175 176 177 178 179 180 181 182 183 184 185 186 187 188 189 190 191 192 193 195 196 197 198 199 200
68 86 70 72 73 74 75 76 77 78 79 80 81 82 84 85 86 87 89 90 91 92 93 94 95 96 97 98 99 100 101 102 103 104 105 107 108 109 110 111 112 113 114 115 116 117 118 119 120 121 122 123 124 125 126 127 129 130 131 132 133 134 135 136 140 141 143 144 145 146 147 148 149 150 151 152 153 154 155 156 157 158 159 160 161 162 163 165 166 167 168 169 170 171 172 173 174 177 178 179 180 181 182 183 184 185 186 188 189 190 191 192 193 194 196 197 198 199 200
69 82 70 71 72 73 74 75 76 77 78 79 80 81 82 84 86 87 88 89 90 91 92 93 94 95 96 97 98 99 100 101 102 103 104 105 106 107 108 109 110 111 112 113 115 116 117 118 119 120 121 122 123 124 125 126 127 128 129 130 131 132 133 134 135 136 137 138 139 140 141 142 144 147 148 149 150 152 153 154 155 156 157 158 159 160 161 162 163 165 166 167 168 169 170 171 172 173 175 176 177 178 179 180 181 182 183 184 185 187 188 189 190 191 193 194 195 196 197 198 199 200
70 27 71 72 73 74 76 77 78 79 80 82 83 84 85 86 87 88 89 90 91 92 93 94 95 96 97 98 99 100 102 103 104 106 107 108 109 110 111 112 113 114 115 116 117 118 119 120 121 122 123 124 125 126 127 128 129 130 131 132 133 134 135 136 137 138 139 140 141 142 143 144 145 146 147 148 149 150 151 152 153 155 156 157 158 160 161 162 163 164 165 166 167 168 170 172 173 174 176 177 178 179 180 181 184 185 186 187 188 189 190 191 192 193 194 195 196 197 199 200
71 94 74 76 77 78 79 80 81 82 83 84 85 86 87 88 89 91 92 93 94 95 96 97 98 99 100 101 102 103 104 105 106 107 108 109 110 112 113 114 116 117 118 119 120 121 122 123 125 126 127 128 129 130 131 132 133 134 135 136 137 138 139 140 141 143 144 145 146 147 148 149 150 151 152 153 154 155 156 157 158 159 160 162 164 165 166 167 168 169 170 171 172 173 174 175 176 177 178 179 181 182 183 184 186 188 189 190 191 192 193 194 195 196 197 198 199 200
72 83 73 74 75 76 78 79 80 81 83 84 85 86 87 88 89 90 91 93 94 96 97 98 99 100 101 102 104 105 106 107 108 109 110 111 112 113 115 116 117 118 119 120 121 122 123 124 126 127 129 130 132 133 134 135 136 138 139 140 141 142 143 144 145 146 147 148 149 150 151 152 153 154 155 156 157 158 159 162 163 164 166 167 168 169 170 171 172 174 175 176 177 178 179 180 181 183 185 186 188 189 190 191 192 193 194 195 196 197 198 199 200
73 59 74 75 76 77 78 79 80 81 82 83 84 85 86 87 88 89 90 91 92 93 94 95 96 97 98 99 101 104 105 106 107 108 109 111 112 113 114 115 116 118 119 120 121 122 123 124 125 127 128 129 130 131 132 133 134 135 136 137 138 139 140 141 143 144 145 146 147 148 149 150 151 152 153 154 155 156 157 158 159 160 161 162 163 164 166 167 168 169 170 172 173 174 175 176 177 178 179 180 181 182 183 184 185 186 187 188 189 190 191 192 193 194 195 197 198 199 200
74 95 75 76 77 79 80 81 82 83 84 85 86 87 88 89 90 91 92 93 94 95 96 97 98 99 100 101 102 103 104 106 107 108 109 110 111 112 113 114 115 116 117 118 119 120 121 122 124 125 126 127 128 129 130 131 132 133 134 135 136 137 138 139 140 141 142 143 144 145 146 147 149 151 152 153 154 155 156 158 159 160 161 162 163 164 165 166 167 168 169 170 171 172 173 174 176 177 178 180 181 182 183 184 186 187 188 189 190 191 192 193 195 197 198 200
75 96 76 77 78 79 80 81 82 83 84 85 86 88 89 90 91 92 94 95 96 97 98 99 100 101 102 103 104 105 106 107 109 110 111 112 113 114 115 116 117 118 119 120 121 122 123 125 126 127 128 129 130 131 132 133 134 135 136 137 138 139 140 141 142 143 144 145 146 147 148 149 151 152 153 154 155 156 157 158 159 160 161 162 164 165 166 168 169 171 172 173 175 176 177 178 179 180 181 182 183 184 185 186 187 188 189 190 191 192 193 194 196 197 198 200
76 50 77 78 79 80 81 82 83 84 85 86 87 88 89 90 91 92 93 94 95 96 97 98 99 100 103 105 106 107 108 109 110 111 112 114 115 116 117 118 119 120 121 122 123 124 125 126 127 129 130 131 133 135 136 138 139 140 141 142 143 144 145 146 147 148 149 150 151 152 153 154 155 156 157 158 159 160 161 162 163 164 165 166 167 168 169 170 171 172 173 174 175 176 177 179 181 182 184 185 186 187 188 189 190 192 193 194 195 196 197 198 199 200
77 78 78 79 80 81 82 83 84 85 86 87 88 89 90 91 93 94 95 96 97 98 99 100 101 102 103 104 105 106 108 109 111 113 114 115 116 117 118 119 120 121 122 123 124 125 126 127 128 129 130 131 133 134 135 136 140 141 142 143 144 145 146 147 148 150 151 152 153 154 155 157 158 159 160 161 162 163 164 165 166 167 168 169 171 172 173 174 175 176 178 179 180 181 182 183 184 186 187 188 189 190 191 192 193 194 195 196 197 198 199 200
78 38 79 80 81 82 83 84 85 86 87 88 89 90 91 92 93 94 95 96 97 98 99 100 101 102 103 104 105 106 107 108 109 110 111 113 114 115 116 117 118 119 121 122 123 125 126 127 128 129 130 131 133 134 135 136 137 138 139 140 141 142 143 144 145 146 147 148 149 150 151 152 153 154 155 157 158 159 160 161 162 163 164 165 166 167 168 169 171 172 173 174 175 177 178 179 181 183 184 185 186 187 188 189 190 191 192 193 194 195 196 197 198 199 200
79 37 80 81 82 83 84 85 86 87 88 89 91 92 93 94 95 96 97 98 99 100 101 102 103 104 105 106 108 109 110 111 112 113 114 115 116 117 118 119 120 123 124 125 126 127 128 129 130 131 132 133 134 135 136 137 138 139 140 141 142 143 144 145 146 147 148 150 151 152 154 155 156 157 158 159 160 161 162 163 164 165 166 167 168 169 170 171 172 173 174 176 177 178 179 180 182 183 184 185 186 188 189 190 191 192 193 194 195 196 197 198 199 200
80 92 81 83 84 85 87 88 89 90 91 92 93 94 95 96 97 98 99 100 101 102 103 104 105 106 107 108 109 110 111 112 114 115 116 117 118 119 120 121 122 123 125 126 127 128 129 130 131 132 133 134 135 136 137 138 139 140 141 142 143 145 146 149 150 151 152 153 154 155 156 158 159 160 161 162 163 165 166 167 168 169 170 171 173 174 175 176 177 178 179 180 181 182 183 184 185 186 187 188 189 190 191 192 193 195 197 198 200
81 98 82 83 84 85 86 87 88 89 90 91 92 93 94 95 96 97 98 99 102 103 104 105 106 107 108 109 110 111 113 115 116 117 118 119 120 121 122 123 125 126 127 129 130 131 132 133 134 135 136 137 138 139 140 141 142 143 144 145 148 150 151 153 154 155 156 158 161 162 163 164 165 168 169 170 171 172 173 174 175 176 177 178 179 182 183 184 185 186 187 188 189 190 191 192 193 194 195 196 197 198 199 200
82 73 83 85 86 87 89 90 91 92 93 94 95 96 97 98 99 100 101 102 103 104 105 107 108 109 110 111 112 113 114 115 116 117 118 119 120 121 122 123 124 126 127 128 129 130 131 132 133 134 135 136 137 138 139 140 141 142 143 144 145 146 147 148 149 150 151 152 153 154 155 156 158 159 160 162 163 164 165 166 167 168 169 170 171 172 174 175 176 177 178 179 180 181 182 183 184 185 187 188 190 191 192 193 194 195 196 197 198 199
83 56 84 85 86 87 89 90 92 93 94 95 96 97 98 99 100 101 102 103 104 105 106 107 108 109 112 113 114 115 116 117 118 119 120 121 122 123 124 125 126 127 128 129 130 131 132 133 134 135 136 137 138 139 140 141 142 143 144 145 146 147 149 151 152 153 154 156 157 158 159 160 161 162 163 164 165 167 168 169 171 172 173 174 175 176 177 178 179 180 181 182 183 184 185 186 188 189 190 191 192 193 194 195 196 198 199
84 31 86 87 88 89 91 92 93 94 95 96 97 98 99 100 101 102 103 104 106 107 108 109 110 111 112 113 114 115 116 117 118 119 120 121 122 123 126 127 128 129 130 132 133 134 135 136 137 138 140 141 143 144 145 146 147 148 149 150 151 152 153 154 155 156 157 158 159 161 162 163 164 165 166 167 168 169 170 171 172 173 174 175 176 177 178 179 180 181 182 184 185 187 188 190 191 192 193 196 198 199 200
85 51 86 87 90 91 92 93 94 95 96 97 99 100 101 102 104 105 106 107 108 109 110 111 112 113 114 115 116 117 118 119 120 121 122 123 124 125 126 127 128 129 131 132 133 134 135 136 137 138 139 140 141 142 144 145 146 147 148 149 151 152 155 156 157 158 159 160 161 162 163 164 165 166 167 168 169 170 171 172 173 174 175 176 177 179 180 181 182 183 184 185 186 187 188 189 190 192 193 194 196 197 199 200
86 77 87 88 89 90 91 92 93 94 95 96 97 98 99 100 101 102 103 104 105 106 108 109 110 111 113 114 115 116 117 118 119 120 121 122 123 124 125 126 127 129 130 132 133 135 136 137 138 140 141 142 143 144 145 146 147 148 149 150 151 152 153 154 155 157 159 160 163 164 166 167 168 169 170 172 173 174 175 176 177 178 179 180 181 182 183 184 185 186 187 188 189 190 191 192 193 194 195 196 197 199 200
87 23 88 90 91 92 93 94 95 96 97 98 99 100 102 103 104 105 106 107 108 109 110 111 112 116 117 118 119 120 121 122 123 124 125 126 127 128 129 131 132 133 134 135 136 137 138 139 140 141 143 144 145 146 147 148 149 150 151 152 153 154 155 158 159 160 161 162 163 164 165 166 167 168 169 170 171 172 173 174 175 176 177 178 179 180 181 182 184 185 186 187 188 189 190 191 192 193 195 196 197 198 199 200
88 40 89 90 91 92 93 94 95 96 97 98 99 100 101 103 104 105 106 107 109 110 111 112 113 114 116 118 119 121 122 123 124 125 126 127 128 129 130 131 132 133 134 135 136 137 138 139 140 141 142 143 144 145 146 147 148 149 150 151 152 154 155 156 157 158 159 160 161 162 163 164 165 166 168 169 170 171 172 173 174 175 176 177 178 179 180 182 183 184 185 186 187 188 189 190 191 192 193 194 195 196 197 198 199 200
89 46 90 91 92 93 94 95 96 97 98 99 100 101 102 103 104 105 106 107 108 109 110 111 112 113 115 116 117 118 119 120 121 122 123 124 125 126 127 128 129 130 132 133 134 135 136 137 138 139 140 142 144 145 146 147 148 149 150 151 152 153 154 155 156 157 158 160 161 162 163 164 165 166 167 168 169 170 172 173 174 175 176 177 178 179 180 181 182 183 184 185 186 187 188 189 190 191 192 193 194 195 196 197 198 199 200
90 64 92 93 94 95 96 97 98 99 100 101 102 103 104 106 108 109 110 111 112 113 114 115 116 117 118 119 120 122 123 124 125 126 128 129 130 131 132 133 134 135 136 137 138 139 140 141 143 144 145 146 147 150 151 152 153 154 155 156 157 158 159 161 162 163 164 165 166 167 168 169 170 171 173 174 176 177 178 179 180 181 182 184 185 186 187 188 189 190 191 192 193 194 195 196 197 198 199 200
91 36 92 93 94 95 97 98 100 101 102 103 104 105 106 107 108 109 110 111 112 115 116 117 118 119 120 121 122 123 124 125 127 128 129 130 131 132 133 135 136 137 139 140 141 142 143 145 146 147 149 150 151 152 153 154 155 156 157 158 159 160 162 164 165 166 167 168 169 170 171 172 173 174 175 176 177 178 179 180 181 182 183 184 185 186 187 189 190 191 192 193 194 195 197 198 200
92 72 93 94 95 96 97 98 99 100 101 102 103 104 106 107 109 111 112 114 115 116 117 118 119 120 121 122 123 124 125 126 128 129 130 131 132 133 134 135 136 137 138 139 140 141 142 143 144 145 146 147 148 149 150 152 154 155 156 157 159 160 161 163 166 167 168 169 170 171 172 173 174 175 176 177 178 179 180 181 182 183 184 185 186 187 188 189 190 191 192 193 194 195 196 197 199 200
93 67 96 97 98 99 101 102 103 104 105 106 107 108 109 110 112 113 115 116 117 120 121 122 123 124 125 126 127 128 129 131 132 133 134 135 136 138 139 140 141 142 144 145 146 148 149 150 152 153 154 155 156 157 159 160 161 162 163 164 165 166 167 168 170 171 172 173 174 175 176 177 178 179 180 181 182 183 184 185 186 187 188 190 191 192 193 194 195 196 197 198 199 200
94 20 95 96 97 98 99 100 101 102 103 104 105 106 107 108 110 111 112 113 116 117 118 119 120 121 122 123 124 125 126 127 128 129 130 132 133 134 135 136 137 138 139 140 141 142 143 144 145 146 147 148 149 150 151 152 153 154 155 156 157 158 159 160 161 162 163 164 165 166 167 168 169 170 171 172 174 175 176 177 178 179 180 181 182 184 185 186 187 188 189 190 191 192 193 194 195 196 197 198 199 200
95 56 96 97 98 99 100 101 102 103 104 105 106 107 108 109 110 111 112 113 115 117 118 119 120 121 122 123 124 125 127 128 129 130 132 133 134 136 139 140 143 144 146 147 148 149 150 151 152 153 154 155 156 157 158 159 160 161 162 163 164 165 166 167 168 169 170 171 172 173 174 175 177 178 179 180 181 182 183 184 185 186 187 188 189 190 191 192 193 194 195 196 197 198 199 200
96 55 99 100 102 104 105 106 107 108 109 110 111 112 113 115 116 117 118 119 120 121 122 123 124 125 126 127 128 129 130 131 132 133 134 135 136 137 138 139 140 143 144 145 147 148 149 150 151 152 153 154 155 156 157 158 159 161 162 163 164 165 166 167 168 169 170 171 172 173 174 175 176 177 178 179 180 181 182 183 184 185 186 187 188 189 190 191 192 193 194 195 197 198 199 200
97 57 98 99 100 101 102 103 104 105 106 107 108 109 110 111 112 113 115 116 117 118 119 121 122 123 124 125 126 127 129 130 131 132 133 134 135 136 137 138 139 140 141 142 143 144 145 146 147 149 151 152 153 154 155 156 157 158 159 160 161 162 163 164 165 166 167 168 169 170 171 172 173 174 175 177 178 179 180 181 182 183 184 185 186 187 188 189 190 192 193 194 195 196 197 198 199 200
98 89 99 100 101 102 103 104 105 106 108 109 110 111 112 113 115 116 117 118 119 120 121 122 123 124 125 126 127 128 129 130 131 132 133 134 136 137 138 139 141 142 143 144 145 146 147 148 149 150 151 152 154 155 156 158 159 161 162 163 164 166 167 168 169 170 171 172 173 174 175 176 177 178 179 180 181 183 184 185 186 188 189 190 191 192 193 194 195 196 197 198 199 200
99 72 100 101 102 103 104 105 106 108 109 110 111 112 113 114 115 116 117 119 120 121 122 126 127 128 129 131 132 133 134 135 136 138 139 140 141 142 143 144 145 146 148 149 150 151 152 153 154 156 157 159 160 161 162 163 164 165 166 167 168 169 170 171 172 173 174 175 176 177 178 179 180 182 183 184 186 187 188 189 190 191 192 193 195 196 197 198 200
100 90 101 102 103 104 105 106 107 108 110 111 112 113 114 115 116 117 118 119 120 122 123 124 125 126 127 128 129 131 132 133 134 135 136 137 138 139 140 141 142 143 144 145 146 147 148 149 150 151 152 153 154 155 156 157 158 159 160 161 162 163 164 166 167 168 169 170 171 172 173 174 175 176 177 178 179 180 181 182 184 185 186 187 188 189 190 191 192 193 194 195 196 197 198 199 200
101 52 102 103 104 105 106 107 110 111 112 113 115 116 117 118 119 120 121 122 123 124 125 126 127 129 130 132 133 134 135 136 137 138 139 140 141 142 143 144 145 147 148 149 150 151 152 153 154 155 156 157 160 161 162 163 164 165 166 167 168 169 170 172 174 175 177 178 179 180 181 182 185 186 187 189 190 191 192 193 194 195 196 199 200
102 82 103 104 105 106 107 108 109 110 111 114 115 116 117 118 119 120 121 122 123 124 125 126 127 128 130 131 132 134 135 136 137 138 139 140 141 142 143 144 145 146 147 148 149 150 151 152 154 155 156 157 159 160 161 162 164 165 166 167 168 169 170 171 172 173 174 175 176 177 178 179 180 181 182 183 184 185 186 188 190 191 192 193 194 195 196 197 199 200
103 59 104 105 107 108 109 111 112 113 114 115 116 117 118 119 121 122 123 125 126 127 128 130 132 133 134 135 136 138 139 140 141 143 144 145 147 148 149 150 151 153 154 155 156 157 158 159 160 161 162 163 164 165 166 167 168 169 170 171 172 173 174 176 177 178 179 180 181 183 185 186 187 188 189 190 191 192 193 194 195 196 197 198 199 200
104 44 105 106 107 108 109 110 111 112 113 114 116 117 118 119 120 121 122 124 125 126 127 128 130 131 132 133 134 135 136 137 138 140 141 142 143 144 145 146 147 149 150 151 152 153 155 156 157 158 159 160 161 162 163 164 166 167 168 169 170 171 172 173 174 175 176 177 178 179 180 181 182 183 184 185 186 187 188 189 190 191 192 193 194 195 196 197 198 199 200
105 36 106 107 108 109 110 111 112 113 114 115 116 117 119 120 121 123 124 125 126 127 128 129 130 131 132 133 135 136 137 138 139 140 141 142 143 144 145 146 147 148 149 150 151 152 154 155 156 157 158 159 160 161 162 163 164 165 166 167 168 169 170 171 172 173 174 175 176 177 178 179 180 181 182 183 184 186 187 188 189 190 191 192 193 194 195 196 197 198 199 200
106 28 107 108 109 110 111 112 113 114 115 116 117 118 119 120 121 123 124 125 126 127 128 129 131 132 133 135 136 137 139 140 141 142 143 144 145 147 148 150 151 152 153 154 155 156 157 158 159 160 161 162 163 164 165 166 167 168 169 170 171 174 176 177 178 179 180 181 182 183 185 186 187 188 189 190 192 193 194 195 196 198
107 24 109 110 111 112 113 114 115 116 117 118 119 120 121 122 125 126 127 128 129 130 131 132 133 135 136 137 138 139 140 143 144 146 147 148 149 150 151 153 154 156 158 159 160 161 162 163 164 165 167 168 169 170 171 172 173 174 175 176 177 178 179 180 181 182 183 184 186 187 188 190 191 193 194 195 196 197 198 200
108 54 109 110 111 112 113 114 115 116 117 118 119 120 121 122 123 124 125 126 127 128 129 130 132 133 134 135 136 137 138 140 141 142 144 145 146 147 149 150 151 152 153 154 156 157 158 159 160 161 162 163 164 165 166 167 168 169 170 171 172 173 174 176 177 178 179 180 181 182 183 184 185 188 189 190 191 192 194 195 196 197 198 199 200
109 67 111 112 113 115 116 117 118 119 120 121 122 123 124 125 126 127 128 129 130 132 133 134 135 136 137 141 142 143 144 145 146 147 148 149 150 151 152 153 154 155 156 157 158 159 160 161 162 164 165 166 167 168 169 170 171 172 173 174 176 177 178 179 180 181 183 184 185 186 188 189 190 191 192 194 195 196 197 199
110 93 111 112 113 114 115 116 117 118 119 120 121 122 123 124 125 126 127 128 129 130 131 132 133 134 136 138 139 140 141 142 143 144 146 147 148 149 150 151 152 153 154 155 156 158 159 160 161 162 163 164 166 167 168 169 170 171 172 173 174 177 178 179 180 182 183 184 185 186 187 188 189 190 191 192 193 194 195 196 197 198 199 200
111 28 112 113 114 115 116 117 118 119 120 121 122 123 124 126 127 128 129 130 131 132 134 135 136 137 138 139 140 141 142 143 144 146 147 149 150 151 152 153 154 155 156 157 158 159 160 161 162 163 166 167 168 169 170 171 172 173 174 175 176 177 178 179 180 181 182 183 184 186 187 188 189 190 191 192 193 194 195 196 197 198 199 200
112 94 113 114 115 116 117 118 119 120 121 122 123 124 125 126 127 128 129 131 132 133 134 135 137 139 140 141 142 143 145 146 147 149 150 151 152 153 154 155 156 157 158 159 160 161 162 163 164 165 166 167 168 169 170 171 172 173 174 175 176 177 178 179 180 181 182 183 184 185 186 187 189 191 192 193 194 195 196 197 199 200
113 40 114 115 116 117 119 120 121 122 123 124 125 126 127 128 129 130 131 132 133 134 135 136 138 139 140 141 142 143 144 145 146 148 149 150 151 153 154 155 156 157 158 159 160 161 162 163 164 165 166 167 168 169 170 171 172 173 174 175 176 177 178 179 180 181 182 183 184 185 186 187 188 189 191 192 195 196 197 198 199 200
114 52 115 116 117 118 119 120 121 122 123 126 127 128 130 131 132 133 134 135 136 137 138 139 140 141 142 143 144 145 147 148 149 150 151 152 153 155 156 157 158 159 160 161 162 163 164 165 166 167 168 169 170 171 172 173 175 177 178 179 180 181 182 184 185 187 188 189 190 191 193 194 195 196 197 198 199 200
115 67 116 117 118 119 120 121 122 123 125 126 127 128 129 131 132 133 134 135 136 137 138 139 141 143 145 147 148 149 150 151 152 153 154 155 156 157 158 159 161 162 163 164 165 166 167 168 169 170 171 172 173 174 175 176 177 178 179 180 181 182 183 184 185 186 187 188 189 190 191 192 193 194 195 197 198 199 200
116 57 117 118 120 121 122 123 126 127 128 129 130 131 132 134 135 136 137 138 139 140 141 142 143 145 146 147 148 149 150 151 152 153 154 155 156 157 158 159 161 162 163 164 165 166 167 168 169 170 171 172 173 174 175 176 177 178 179 180 181 182 183 184 185 186 187 188 189 190 191 192 193 194 195 196 197 198
117 99 120 121 122 123 124 125 126 127 128 129 131 132 133 134 135 136 137 138 139 140 141 143 144 145 146 147 148 149 150 151 152 154 155 156 157 159 160 161 163 164 165 166 168 169 170 171 172 173 175 176 177 178 179 180 181 182 183 184 185 186 187 188 189 190 191 192 193 194 195 196 198 200
118 33 120 121 123 124 125 126 127 128 129 130 131 132 133 134 136 137 138 139 140 141 142 143 144 145 146 147 148 149 150 151 152 153 154 155 156 157 158 159 160 161 162 163 164 165 166 167 168 169 170 171 172 174 177 178 179 180 181 182 183 184 185 186 187 188 189 190 191 192 193 194 195 196 197 198 199 200
119 49 120 121 122 123 125 127 128 129 130 131 133 134 135 136 137 138 139 140 141 142 143 144 145 146 147 148 149 150 151 152 153 154 155 156 157 158 159 160 161 162 163 164 165 166 167 168 169 171 172 173 174 176 177 178 179 180 181 182 183 184 185 186 187 188 189 190 191 193 194 195 196 197 198 199 200
120 43 121 122 123 124 125 126 127 129 132 133 135 136 137 138 139 140 141 142 143 144 145 148 149 150 151 152 153 154 155 156 157 158 159 160 162 163 164 165 166 167 168 169 170 173 174 175 176 177 178 179 181 182 183 185 186 187 188 189 191 192 193 194 195 197 198 199 200
121 32 122 123 124 125 126 127 128 129 130 131 132 133 134 135 136 137 138 139 140 141 142 143 144 145 146 147 148 149 150 151 152 153 154 155 156 157 158 159 160 161 163 164 165 166 167 169 170 171 172 173 174 175 176 177 178 179 180 181 182 183 185 186 187 188 189 190 191 193 194 195 197 198 199 200
122 51 124 125 126 127 128 129 130 131 132 133 134 135 136 137 138 139 140 141 142 143 144 145 146 147 148 149 150 151 152 153 154 155 156 157 158 159 160 161 163 164 165 166 167 169 170 171 172 173 174 175 176 177 178 179 181 183 184 186 187 188 189 190 191 192 193 195 196 197 199 200
123 54 124 125 126 127 128 129 130 131 133 134 135 136 137 138 139 140 141 142 143 144 145 146 147 148 149 150 151 152 154 156 158 159 160 161 162 163 166 167 168 169 170 171 172 173 174 175 176 177 178 179 180 181 182 183 184 185 186 187 188 189 190 191 192 193 194 195 196 197 198 199 200
124 28 126 128 129 130 131 132 133 134 136 137 138 139 140 141 142 143 144 145 146 147 148 151 152 153 154 155 156 157 158 159 160 161 162 163 166 167 168 169 170 171 172 173 174 175 176 178 179 180 181 182 184 187 188 189 190 191 192 193 194 195 196 197 198 199 200
125 25 126 127 129 130 131 132 133 134 135 136 137 138 139 140 141 142 143 145 147 148 149 150 152 153 154 157 158 160 161 163 164 165 166 168 169 170 171 172 173 175 176 177 178 179 180 181 182 183 184 186 187 188 189 190 191 192 193 194 195 196 197 198 199 200
126 51 127 128 129 130 131 132 133 134 135 137 138 139 140 141 142 143 144 145 146 147 148 149 151 152 154 155 156 157 158 159 160 161 162 163 164 165 166 167 168 169 170 171 172 173 174 176 177 178 180 181 182 183 184 185 186 187 189 190 192 193 194 195 196 197 198 200
127 69 128 129 130 132 133 134 135 136 137 138 139 140 141 142 143 144 145 146 147 148 149 151 152 154 155 156 157 158 159 160 162 163 164 167 169 170 171 172 173 174 175 176 177 178 179 180 181 182 183 184 185 186 187 188 189 190 191 192 193 194 195 196 197 198 199 200
128 70 130 131 132 133 134 135 136 138 139 140 141 142 143 144 145 146 147 148 149 151 152 153 154 155 156 157 158 159 160 161 162 163 164 165 166 167 168 170 171 172 173 174 175 176 177 178 179 180 181 182 183 184 185 186 187 188 189 190 191 193 194 195 196 197 199 200
129 58 130 131 132 133 134 136 137 138 139 140 141 142 143 144 145 146 147 148 149 150 151 152 154 155 156 157 158 159 160 161 162 163 164 165 166 167 168 169 170 171 174 175 176 177 178 179 180 181 182 183 185 186 187 188 190 191 192 193 194 195 196 197 198 199 200
130 82 131 132 133 134 135 136 137 139 140 141 142 143 145 146 147 148 149 150 151 152 153 154 155 156 157 158 159 160 161 162 163 164 165 166 167 168 169 170 171 172 173 174 175 176 177 178 179 180 181 182 183 184 185 187 188 189 190 192 193 194 195 196 197 198 199
131 29 132 133 135 137 138 139 140 141 142 143 144 145 146 147 148 150 151 152 153 154 155 156 157 158 159 160 161 162 163 164 166 167 168 169 170 171 172 174 175 176 177 179 180 181 182 183 184 185 186 187 188 189 190 192 194 196 197 198 199 200
132 65 133 135 137 138 139 140 141 142 143 144 145 146 147 148 150 151 152 153 155 156 157 158 159 160 161 162 163 164 165 166 167 169 170 171 172 173 174 175 176 178 179 180 182 183 184 185 186 187 188 189 190 191 192 193 194 195 197 198 199 200
133 80 134 135 137 138 139 140 142 143 144 145 146 147 148 149 150 151 152 154 155 156 157 158 159 160 161 162 163 164 165 167 168 169 170 171 172 174 175 176 177 178 179 180 182 183 184 187 188 189 191 192 193 194 195 196 197 198 200
134 53 136 138 139 141 143 146 147 148 149 150 152 153 154 155 156 157 158 159 160 161 162 163 164 165 166 167 170 171 172 173 174 175 176 177 178 179 180 181 182 183 184 185 186 188 189 191 192 193 194 195 196 197 198 199 200
135 90 136 139 141 142 143 144 145 146 147 148 150 151 153 154 155 156 157 158 159 160 161 162 163 164 166 167 168 169 170 172 173 174 176 178 179 180 181 183 184 185 187 188 190 191 192 193 194 195 197 198 199 200
136 40 138 139 140 141 145 146 147 149 150 151 152 153 154 155 156 157 158 159 161 162 163 164 165 166 167 168 169 170 171 172 173 174 175 176 178 179 180 181 182 183 185 186 187 189 190 191 192 193 194 195 196 198 199 200
137 25 138 139 140 141 142 143 144 145 146 149 151 152 153 154 155 156 157 158 159 160 161 162 163 164 165 166 167 168 170 171 172 174 176 177 178 179 181 182 183 184 185 186 187 188 189 190 191 192 193 194 195 196 197 198 199 200
138 67 139 140 141 142 143 144 145 146 147 148 149 150 151 152 153 154 155 156 157 158 159 160 161 162 163 164 165 166 167 169 170 172 173 175 176 177 178 180 181 182 184 185 186 187 189 190 191 192 193 194 195 196 197 198 199 200
139 98 140 141 143 145 146 147 148 149 151 152 153 154 155 156 157 158 159 160 162 163 165 166 167 168 169 170 171 172 173 174 176 177 179 180 181 182 183 184 185 186 187 188 189 190 191 192 193 194 195 196 197 198 199 200
140 87 141 142 143 144 145 146 147 148 149 151 152 153 154 155 156 157 158 159 160 162 163 164 165 166 168 169 170 171 172 173 174 175 176 177 178 179 180 181 182 183 184 185 186 187 188 189 190 191 192 193 194 195 197 198 199 200
141 28 142 143 144 145 147 149 150 151 152 153 154 155 156 157 158 159 160 161 162 163 164 165 166 167 168 169 170 171 172 173 174 175 176 177 178 179 180 181 182 183 184 185 186 187 188 189 190 191 193 194 195 196 197 198 199 200
142 66 143 144 145 146 147 148 150 151 152 153 154 155 156 157 158 159 160 161 162 163 164 165 166 167 168 169 170 171 172 173 174 175 176 177 178 179 181 182 183 184 185 186 187 188 189 191 192 193 194 196 197 198 199 200
143 46 145 146 147 148 149 151 152 153 154 155 156 157 158 159 160 161 164 165 166 167 168 169 170 171 173 174 175 176 177 179 180 182 183 184 185 186 187 188 189 190 191 192 193 194 195 196 197 198 199 200
144 30 145 146 147 148 149 150 151 152 153 154 155 156 157 158 159 160 161 164 165 166 167 168 169 170 171 172 173 174 175 176 177 178 179 180 181 182 183 184 185 186 187 188 189 190 191 192 193 194 195 196 197 198 199 200
145 56 146 147 148 149 151 153 154 155 156 157 158 159 160 161 162 163 164 165 166 167 168 169 171 172 173 174 175 176 177 178 179 180 181 182 183 184 185 186 187 188 190 191 192 193 194 195 196 197 198 199 200
146 95 147 148 149 150 151 152 153 154 155 156 157 158 159 160 161 162 163 164 165 166 167 168 169 170 171 174 175 177 178 179 180 183 184 185 186 188 189 190 191 192 193 194 195 196 197 199 200
147 71 148 149 150 151 152 153 154 155 156 157 158 159 160 161 162 163 164 165 166 167 169 170 171 172 173 174 175 176 177 178 179 180 181 182 183 184 185 186 187 188 189 190 191 192 193 194 195 196 197 198 200
148 27 149 150 151 152 153 154 155 156 157 158 159 160 161 162 163 164 165 166 167 168 169 170 171 172 173 174 175 176 177 179 180 181 182 183 184 185 186 187 189 190 192 193 194 195 196 197 198 199 200
149 53 151 152 153 154 156 157 158 159 160 161 162 163 164 165 166 167 168 169 170 171 172 173 175 176 177 178 179 181 182 183 184 185 186 187 188 189 190 191 192 194 195 196 197 198 199 200
150 85 151 152 153 154 156 158 159 160 161 162 163 165 168 169 170 171 172 173 174 175 176 177 178 179 180 181 182 183 184 186 187 188 189 190 191 192 193 194 195 196 197 198 199 200
151 95 152 154 155 157 158 159 160 161 162 163 164 165 166 168 169 170 171 172 173 174 175 176 177 178 179 180 181 182 183 185 186 187 188 189 190 191 192 193 195 196 198 200
152 24 153 154 156 157 159 160 161 162 163 164 165 166 167 168 169 170 171 172 173 174 175 177 178 179 180 181 182 183 184 187 188 190 191 192 193 194 195 196 197 198 199 200
153 47 156 157 158 159 160 161 163 164 165 166 167 168 169 170 171 172 173 174 175 176 177 178 179 180 181 182 183 184 185 186 187 188 189 190 191 192 193 194 195 196 198 199 200
154 57 155 156 157 158 159 160 161 162 163 164 165 166 167 168 169 170 171 172 173 174 175 176 177 178 179 180 181 182 183 184 185 186 187 188 190 191 192 194 196 197 198 199 200
155 81 156 157 158 159 160 162 163 164 165 166 167 168 169 170 171 172 173 174 176 177 178 179 180 181 183 184 185 187 188 189 190 191 192 193 194 195 196 197 198
156 70 157 158 159 160 161 162 163 164 165 166 168 169 170 171 172 173 174 175 176 177 178 179 181 183 184 186 187 189 190 191 192 194 195 196 198 199 200
157 34 158 161 162 163 164 166 167 168 169 170 171 172 173 174 175 176 177 179 180 181 182 183 184 185 186 187 188 189 190 191 192 193 194 195 196 197 198
158 54 159 160 161 162 163 164 165 166 167 168 169 170 171 172 173 174 175 176 177 178 179 180 181 182 183 184 185 186 187 188 189 190 191 192 193 194 195 196 197 198 199 200
159 32 160 161 162 163 164 165 166 167 168 169 170 172 173 174 176 177 178 179 180 181 182 183 185 186 187 188 189 190 191 192 193 194 195 196 197 198 199
160 53 161 162 163 164 165 166 167 168 170 171 172 173 174 175 177 178 179 180 181 182 183 184 185 186 188 189 190 191 192 193 196 197 198 199 200
161 44 162 163 164 166 167 168 169 170 172 173 174 175 176 177 178 179 180 181 182 183 185 186 187 189 190 191 192 193 194 195 196 198 199
162 56 163 164 165 166 167 168 169 170 171 172 173 174 175 176 177 178 179 180 181 182 183 184 185 186 187 188 189 190 191 192 193 194 195 196 197 198 199 200
163 81 165 167 168 169 170 171 172 173 174 175 176 177 178 179 180 181 182 183 184 185 186 187 188 189 190 191 192 194 195 196 197 198 199 200
164 55 165 167 168 169 170 171 172 173 174 175 176 177 178 179 180 181 182 183 184 185 186 187 188 189 190 191 192 193 194 195 197 198 199 200
165 51 166 167 168 169 170 171 172 173 174 175 176 178 179 180 182 183 184 185 186 188 189 191 192 193 194 195 196 197 199 200
166 61 168 169 170 171 172 173 174 175 176 177 178 180 181 182 183 184 185 186 187 188 189 190 191 192 193 194 195 196 197 198 199 200
167 87 168 170 171 173 174 175 176 177 178 179 180 181 182 183 184 185 186 187 188 189 190 191 192 193 195 197 198 200
168 65 169 170 171 172 173 176 178 179 180 181 182 183 184 185 186 187 188 189 190 191 192 194 195 196 197 198 199
169 58 170 171 172 173 174 175 176 177 178 179 180 181 182 184 185 186 187 188 189 190 191 192 193 194 195 196 197 198 199 200
170 54 171 172 173 174 175 176 177 178 179 180 181 182 183 184 185 186 187 188 189 190 191 192 193 194 195 198 199 200
171 85 172 174 175 176 177 178 181 182 183 184 185 186 187 188 190 192 194 195 196 197 198 199 200
172 60 173 174 175 176 177 178 179 180 182 183 184 185 186 187 188 189 191 192 193 194 195 196 197 198 199 200
173 84 174 175 179 180 181 182 183 184 186 187 188 189 190 191 192 193 194 195 196 197 198 199 200
174 90 175 177 178 179 180 181 182 183 184 186 187 188 189 190 191 192 193 194 195 198 199 200
175 32 176 177 178 179 180 181 183 184 185 186 187 188 189 190 191 192 193 195 196 197 198 199 200
176 97 177 179 180 181 182 183 184 185 186 188 189 190 191 192 193 194 195 196 198 199 200
177 64 178 179 180 181 182 183 184 185 186 187 188 189 191 192 193 194 195 196 197 198 199 200
178 68 179 180 181 182 183 184 185 187 188 189 190 191 192 194 195 197 198 200
179 90 180 181 182 183 185 186 187 188 189 190 192 193 194 195 196 197 199 200
180 63 181 182 183 184 185 186 187 188 189 190 191 192 193 194 195 197 198 199 200
181 53 182 184 185 186 187 188 189 190 191 192 193 194 195 196 197 198 199 200
182 78 183 184 185 186 187 188 189 190 191 193 194 195 197 198 199 200
183 84 184 185 187 188 189 190 192 193 194 196 197 198 199 200
184 76 185 186 187 188 189 190 191 192 193 194 195 197 198 199 200
185 76 187 188 189 190 191 192 193 194 195 196 197 198 199 200
186 75 187 188 189 190 191 192 194 195 196 197 198 199 200
187 86 188 189 190 191 192 193 194 195 197 198 199 200
188 66 189 190 191 193 194 195 196 197 198 199 200
189 26 190 191 192 193 194 195 196 197 198 199 200
190 91 191 192 193 195 196 198 199 200
191 31 192 193 194 195 197 198 199 200
192 94 193 194 195 196 197 198 199 200
193 84 194 196 198 199 200
194 63 195 196 197 198 199
195 86 197 199 200
196 99 197 199 200
197 34 199 200
198 79 199 200
199 73 200
200 69
