200
1 79 2 3 4 6 7 8 9 11 15 17 18 20 21 22 24 25 26 28 29 32 33 35 37 39 44 46 47 48 50 51 53 54 55 57 58 59 60 62 63 64 65 67 68 69 70 72 73 74 75 77 78 79 80 81 83 84 85 86 87 89 91 92 93 94 95 96 97 99 100 101 102 103 104 106 107 109 110 111 112 113 114 115 117 118 119 121 122 124 125 127 129 130 131 132 135 136 137 139 141 142 143 144 146 147 148 149 151 152 153 154 157 158 159 160 161 163 164 165 167 168 169 170 171 172 173 175 176 178 179 181 182 183 184 185 186 188 189 190 191 192 193 194 195 196 197 198 199 200
2 71 3 4 5 6 7 8 9 13 16 17 20 23 24 27 28 29 30 31 32 33 35 36 37 38 39 40 41 42 43 44 45 46 47 48 49 50 53 58 59 60 61 62 63 64 66 67 68 69 70 72 75 77 78 82 83 84 86 87 88 89 90 91 92 93 96 98 99 100 102 103 104 105 106 107 108 109 110 113 114 115 116 117 120 121 122 128 129 130 131 132 133 134 135 136 137 138 140 141 143 144 146 148 149 150 152 153 154 155 158 160 161 162 163 164 165 166 167 169 170 172 173 174 175 176 177 178 179 182 183 186 190 191 192 193 194 195 196 197 198 199 200
3 51 4 5 7 8 9 10 11 12 13 15 16 17 18 20 21 22 25 26 28 29 31 32 33 35 36 37 38 39 40 41 42 44 46 48 49 50 52 53 54 55 56 57 58 60 62 63 64 65 67 70 71 73 74 75 76 77 78 79 80 81 82 85 87 88 89 90 91 92 93 94 95 96 97 100 102 104 105 109 111 112 113 114 115 116 118 120 121 122 123 124 125 127 129 130 131 135 137 138 139 140 141 143 145 146 148 149 151 155 157 158 160 161 163 166 167 168 169 170 171 173 175 177 178 179 180 181 182 183 184 185 187 190 191 192 193 194 196 197 200
4 50 5 7 8 9 11 12 13 14 15 16 17 18 19 20 22 25 26 27 28 29 30 34 35 36 37 38 39 41 42 43 44 47 49 51 55 56 57 59 60 61 63 64 65 66 67 68 69 74 76 77 80 84 85 86 87 88 93 97 98 99 100 101 102 103 106 107 108 112 114 115 116 117 118 119 120 121 123 124 125 128 129 130 134 137 139 140 141 143 144 145 146 147 148 150 152 154 155 156 157 159 160 161 162 163 164 165 166 167 170 171 172 174 175 177 180 182 183 184 187 188 189 190 191 193 194 195 196 197 199 200
5 69 6 7 8 10 13 15 16 19 20 21 22 24 25 26 27 29 30 32 33 35 36 38 41 43 44 45 46 47 48 49 51 52 54 55 56 57 58 62 66 68 69 71 72 73 75 78 79 80 82 83 84 85 87 89 92 93 94 99 103 104 105 106 107 111 113 114 116 117 118 119 120 121 123 124 125 126 128 129 130 131 132 134 135 136 137 138 139 140 145 146 147 148 149 152 154 155 156 157 158 159 160 161 163 164 165 166 167 168 170 172 173 175 176 178 179 182 183 184 186 187 189 191 192 193 195 197 198 199 200
6 100 7 9 10 11 14 15 17 18 19 22 23 24 25 26 27 28 29 30 31 33 34 35 36 37 39 40 42 44 47 48 49 53 54 55 56 57 58 59 60 63 64 65 66 67 68 70 73 74 75 76 78 79 80 81 82 83 84 85 86 87 88 90 91 92 94 95 96 99 102 104 106 107 108 109 110 112 113 114 115 116 117 118 121 122 123 124 127 129 131 132 135 136 138 139 141 142 145 146 148 149 150 151 152 153 154 155 156 157 158 159 160 162 164 165 166 168 170 172 174 175 176 178 179 181 182 183 184 186 187 188 189 190 191 192 195 196 197 198 199 200
7 78 8 9 11 12 13 14 16 17 19 20 21 22 23 24 25 26 28 29 30 31 32 33 34 36 38 40 41 44 45 46 52 56 57 58 60 62 63 64 65 66 67 69 70 71 73 75 76 77 78 79 80 81 83 84 85 86 87 88 89 90 92 93 95 96 97 99 100 101 102 103 104 105 106 108 110 111 112 114 115 116 117 119 120 122 123 124 125 126 127 128 129 130 131 132 133 134 136 137 138 139 141 142 143 144 145 146 147 148 149 150 151 152 153 154 155 156 160 162 164 166 168 169 170 172 173 174 175 176 177 179 180 181 183 184 186 187 188 189 190 193 196 197 198 200
8 61 10 11 14 15 19 21 22 24 25 26 27 30 31 32 33 34 35 37 38 39 41 43 44 45 47 48 50 52 53 55 57 59 60 61 62 66 68 70 71 72 73 74 75 80 81 82 83 85 87 88 90 91 92 93 95 97 98 99 100 102 106 108 109 110 111 112 113 114 115 116 118 119 120 121 122 123 124 125 126 128 130 132 133 134 135 136 137 138 139 141 142 143 144 145 147 148 153 156 157 158 159 160 161 162 163 164 165 166 168 169 170 171 172 174 175 176 177 178 179 180 181 184 185 186 188 189 191 192 193 194 195 196 197 198 199 200
9 77 10 11 12 13 14 15 16 17 18 20 21 25 26 27 29 30 31 32 33 35 36 37 38 39 40 41 44 45 46 47 48 49 50 51 53 54 55 56 57 58 59 61 62 63 64 68 69 71 72 75 76 78 79 80 81 82 83 84 86 87 88 89 90 93 94 95 96 97 99 100 101 103 104 106 108 109 110 113 114 115 116 117 118 120 121 122 123 127 128 129 134 136 137 138 139 142 143 145 146 147 148 149 151 152 153 154 156 157 159 160 161 162 166 170 174 176 177 178 179 181 183 184 185 186 190 191 192 193 194 197 199 200
10 96 13 18 19 20 21 23 27 29 30 31 32 33 34 36 37 38 39 40 42 43 44 45 46 49 50 52 55 56 57 59 60 61 62 63 66 67 68 69 70 71 73 74 75 76 77 78 79 80 81 82 85 86 87 89 90 91 92 94 95 96 97 98 99 100 102 103 108 110 111 113 117 118 119 123 124 128 129 130 131 134 135 136 137 138 140 141 142 143 144 146 147 149 150 151 152 153 154 155 157 158 159 160 161 164 166 170 171 173 175 176 177 178 179 180 184 186 187 190 191 192 193 194 195 198 199 200
11 88 12 13 14 16 19 20 21 22 23 24 26 27 29 30 31 32 36 38 39 40 43 44 45 46 47 48 49 52 53 54 56 57 58 59 61 62 63 64 67 68 69 71 72 73 74 75 77 78 82 84 86 88 90 91 93 94 96 97 98 99 101 102 103 105 107 108 110 113 115 117 118 119 120 121 122 123 124 125 127 128 129 131 133 134 137 138 140 141 142 143 145 148 149 150 151 153 154 155 158 159 160 161 162 163 164 165 168 169 170 171 173 176 177 178 179 180 181 183 184 185 189 190 191 193 194 195 196 197 198 199 200
12 66 15 16 17 19 21 23 24 26 29 30 31 32 34 35 36 38 40 42 43 44 45 46 48 49 50 51 53 55 56 58 59 62 65 66 67 68 69 71 72 74 75 76 77 78 79 80 81 82 83 85 86 87 88 90 92 94 95 97 98 99 100 101 103 104 105 108 110 111 112 113 114 115 119 122 123 124 125 129 130 131 133 134 135 136 137 138 139 140 141 142 143 145 146 147 149 150 151 152 153 154 155 157 159 161 162 164 165 167 168 169 170 171 173 174 176 180 182 183 186 187 188 189 191 192 193 194 195 196 197 199 200
13 50 14 15 17 20 21 23 24 25 26 27 29 31 32 33 34 35 36 37 38 39 40 42 43 44 46 48 49 50 52 53 54 56 58 59 60 62 63 65 66 68 69 70 71 72 74 76 78 79 80 81 82 83 85 87 88 89 90 91 92 93 95 96 97 99 101 102 103 104 105 106 107 110 111 112 113 114 118 119 123 125 126 127 129 130 131 132 133 134 136 138 139 140 141 142 143 145 146 147 148 150 153 154 155 156 157 159 160 161 162 163 165 166 167 168 169 170 171 172 175 176 177 178 179 180 182 183 184 186 188 193 195 197 198 199 200
14 70 15 17 18 19 21 23 24 26 27 28 29 31 33 35 36 37 38 40 42 44 50 51 52 53 54 56 59 60 62 63 66 67 68 69 70 71 72 73 76 77 78 80 81 82 83 84 85 86 87 88 90 91 92 93 95 96 97 100 101 102 103 106 107 108 109 110 111 114 117 120 121 124 125 126 127 128 129 130 132 133 134 136 137 139 141 143 144 145 146 147 149 150 154 155 157 158 160 161 163 164 166 169 171 172 173 175 177 178 180 181 182 183 184 185 186 187 188 189 192 193 195 196 197 198 199 200
15 63 16 17 18 19 20 22 23 24 26 28 30 31 32 34 35 36 37 38 39 40 41 42 43 45 46 47 48 50 51 52 54 57 58 59 61 62 63 64 67 68 70 72 73 74 75 76 77 83 84 85 87 88 89 90 92 93 94 97 98 99 100 102 103 106 107 108 109 111 113 115 116 120 121 123 125 126 127 128 129 130 132 133 135 136 137 138 139 140 141 143 144 145 147 148 151 152 155 157 158 159 160 161 162 163 164 168 170 171 172 173 174 175 176 177 178 180 182 184 186 187 188 190 194 196 198 199 200
16 87 18 22 24 25 26 27 28 30 31 32 34 35 36 37 40 41 42 43 44 47 48 51 53 54 57 58 61 63 64 67 68 69 70 71 74 75 76 77 78 82 83 84 85 86 88 90 93 94 95 96 97 99 101 103 104 105 106 108 109 110 111 112 114 115 117 118 119 120 123 124 125 126 128 129 130 131 132 134 136 137 138 139 141 142 143 144 145 146 147 150 152 153 154 155 156 158 159 163 166 167 169 174 176 180 181 182 183 184 186 187 188 189 190 192 193 195 196 198 199 200
17 67 19 20 21 22 23 25 26 27 28 29 30 32 33 34 36 37 39 41 42 44 47 50 51 52 54 55 56 58 60 61 62 64 65 66 67 68 69 70 71 72 73 74 76 77 78 79 81 82 83 84 85 86 88 89 90 91 93 94 95 96 98 99 100 103 107 108 112 113 115 116 117 119 120 125 126 127 128 130 131 132 134 135 136 138 141 142 149 150 152 154 155 156 157 158 159 160 161 162 164 166 167 168 169 170 174 178 179 180 182 183 184 185 187 188 190 194 196 197 200
18 73 19 20 21 22 23 24 25 26 27 28 31 32 33 36 37 38 41 42 43 44 46 47 48 50 51 52 54 55 56 57 59 61 62 63 64 66 68 69 70 73 74 76 77 78 80 81 82 83 85 88 89 91 93 94 95 97 98 99 100 101 102 103 104 105 106 107 108 109 110 111 112 113 115 117 118 119 120 123 125 126 127 128 132 133 134 135 137 138 140 141 145 147 148 149 150 152 155 156 158 159 160 161 162 164 167 169 170 171 174 177 178 179 180 181 182 183 184 188 189 190 191 192 193 194 196 197 198 199 200
19 86 21 22 23 25 26 27 28 29 30 31 32 34 36 38 39 41 42 44 46 47 48 49 50 51 52 56 59 60 61 63 64 65 67 68 69 70 71 72 74 75 77 79 80 81 82 84 85 86 87 88 89 90 91 92 93 95 97 99 100 101 103 104 106 109 110 111 113 115 116 117 118 120 121 123 124 125 126 127 128 129 130 131 132 134 136 139 140 141 145 146 147 148 149 150 151 152 153 154 155 157 158 159 161 163 164 165 166 169 171 173 174 175 176 177 178 180 181 182 183 184 189 190 191 192 193 194 195 196 198 199 200
20 63 23 24 25 26 27 28 29 32 34 36 37 38 41 42 43 45 46 47 48 49 50 52 54 56 57 59 61 62 66 68 69 70 72 73 77 78 79 80 81 83 84 85 86 87 88 90 92 93 94 95 96 98 99 100 101 102 103 104 105 108 109 110 111 113 114 115 116 117 118 119 120 121 123 124 125 126 127 128 129 131 133 134 136 137 138 139 140 141 142 144 146 150 151 152 154 155 156 158 159 160 162 163 166 168 169 170 171 173 175 176 177 178 179 180 181 183 184 188 189 190 191 192 195 198 199
21 86 22 24 26 28 32 35 36 37 39 41 44 45 46 48 49 50 52 54 55 56 57 59 60 61 63 64 65 66 67 70 71 72 73 74 75 76 78 79 80 81 83 85 86 87 89 90 92 97 99 100 102 103 104 108 109 110 112 113 114 115 116 117 118 119 123 124 125 126 128 129 132 135 136 137 138 139 141 142 143 146 147 148 153 154 157 158 159 160 162 163 164 165 166 167 168 170 171 173 174 176 179 180 181 182 183 185 187 188 190 191 192 194 198 199
22 65 23 25 26 27 28 29 30 32 33 34 35 38 40 41 42 44 45 46 48 49 50 51 52 54 55 59 60 61 62 63 65 66 67 68 69 70 72 73 74 75 76 77 78 79 80 81 82 83 84 86 87 89 91 92 93 95 96 97 98 99 100 101 102 103 104 105 106 107 110 112 113 114 118 119 121 122 123 124 125 126 128 129 131 132 133 138 140 141 143 144 145 147 148 149 150 151 152 153 154 155 157 158 159 163 164 165 166 167 168 169 171 173 174 177 180 181 184 187 188 189 190 191 192 193 194 195 197 200
23 73 24 25 27 30 32 35 36 37 39 40 42 43 44 45 46 47 49 50 51 52 55 62 65 66 69 70 71 74 75 76 77 78 79 80 81 82 83 84 86 87 90 91 92 93 96 98 99 100 102 103 106 109 111 112 113 114 116 118 121 122 123 129 130 131 133 135 136 137 138 140 141 142 143 144 145 148 150 153 154 155 157 159 161 162 163 164 166 167 168 169 170 171 172 174 175 176 179 180 183 185 186 187 188 189 190 192 193 195 197 200
24 66 25 27 28 29 30 31 32 33 35 36 37 38 40 42 43 44 45 46 48 49 50 51 53 54 55 56 57 58 61 62 63 64 65 66 67 68 69 70 72 73 74 75 76 77 78 79 81 82 84 86 88 89 90 91 92 94 95 98 99 100 101 102 103 104 105 106 107 111 112 114 115 116 119 120 122 124 126 127 128 130 131 132 135 137 138 139 142 143 144 145 147 148 149 150 152 155 157 158 159 160 161 162 163 166 167 168 169 173 177 178 180 182 183 184 185 186 187 189 191 192 193 195 196 197 198 199 200
25 61 26 27 29 30 31 32 34 35 36 38 39 42 43 45 46 48 49 52 53 55 56 57 59 60 62 63 65 68 69 70 71 72 73 74 75 76 77 78 81 82 83 85 86 87 88 89 90 91 92 95 97 98 99 100 102 103 104 105 106 107 108 109 111 112 113 116 117 118 119 120 122 123 125 126 127 128 130 132 133 134 135 137 138 140 141 146 147 148 149 150 151 152 153 156 157 158 159 160 161 162 163 164 165 166 167 168 169 170 171 172 173 176 177 178 179 180 187 188 190 191 192 193 194 195 196 197 198 200
26 70 27 28 31 32 34 36 37 38 40 41 42 44 47 49 50 51 53 56 57 58 59 60 62 63 64 65 66 68 71 72 73 74 75 77 78 79 80 81 82 84 85 86 88 89 90 91 92 95 97 98 101 102 105 107 111 112 113 115 116 117 120 123 124 125 126 127 128 129 130 131 132 133 134 135 136 137 138 139 141 146 147 149 150 151 152 153 154 155 158 159 160 163 164 166 167 168 169 170 171 172 173 174 175 177 179 180 181 182 185 186 187 188 189 190 191 192 195 196 197 198 199
27 86 29 31 32 33 34 35 38 39 41 43 45 46 47 48 49 50 52 53 54 55 57 58 61 62 64 66 67 70 71 72 73 74 75 77 78 79 80 81 82 83 84 85 86 87 89 90 91 93 94 95 96 97 98 99 101 102 103 104 105 107 109 112 113 115 116 117 118 119 120 121 122 123 128 129 134 135 136 137 138 139 141 142 143 144 145 146 147 149 150 151 152 153 154 155 156 159 161 164 165 166 167 168 169 171 172 173 174 175 176 177 179 180 181 182 183 184 186 188 191 192 194 195 196 197 198 199 200
28 98 29 30 32 34 37 38 40 43 45 46 47 48 49 50 52 53 54 56 57 58 59 61 62 65 66 67 68 69 70 72 73 75 78 79 80 84 85 86 87 88 90 92 93 94 95 96 97 98 99 100 101 102 106 107 108 109 111 113 114 115 116 117 118 119 121 124 129 131 133 135 139 142 144 145 146 147 148 150 151 153 154 155 156 157 158 159 160 161 164 165 166 167 169 170 171 173 175 176 177 178 179 180 181 182 183 186 187 188 189 190 193 194 196 197 198 199 200
29 90 31 32 36 37 40 41 45 47 48 51 52 53 54 55 58 59 61 62 63 64 67 68 70 71 73 76 79 80 82 83 85 86 87 89 93 95 96 97 98 100 101 103 104 105 106 107 109 110 111 112 113 114 115 116 117 119 120 123 124 125 126 127 129 130 131 132 133 134 135 136 137 138 140 141 142 143 144 145 146 147 148 149 150 151 152 155 156 157 158 160 161 162 163 164 165 166 168 169 170 171 172 174 175 179 181 182 183 184 185 186 187 188 189 190 191 192 193 194 195 197 198 200
30 97 31 33 34 35 36 37 38 40 44 45 47 48 49 50 51 52 53 54 55 56 57 58 59 60 61 63 64 65 66 68 69 70 73 75 76 78 79 80 81 83 84 85 86 87 88 89 90 91 93 94 95 96 97 98 100 101 102 103 104 106 107 108 109 111 114 117 118 120 121 122 123 125 127 128 130 132 133 135 136 137 138 139 140 142 143 144 146 150 151 152 154 158 159 161 162 163 164 165 166 168 169 170 171 172 173 174 175 176 177 178 179 180 182 184 185 189 190 191 193 196 197 198 200
31 59 32 33 34 35 37 38 39 40 41 43 44 46 47 48 49 50 51 52 53 55 58 60 61 62 63 65 66 70 73 74 75 76 77 78 79 82 83 84 85 86 87 88 90 91 92 93 96 97 98 100 101 103 105 107 108 109 112 113 115 116 118 119 120 123 124 125 126 127 128 129 130 133 134 135 136 137 138 139 141 142 143 145 146 147 148 149 150 152 154 155 157 159 160 162 163 165 168 169 170 171 172 175 177 178 179 182 183 185 186 189 190 192 194 195 196 197 198 199 200
32 96 33 35 36 38 39 40 41 43 44 45 47 49 50 51 52 53 56 57 58 60 61 62 64 65 66 67 69 72 74 75 77 78 79 80 83 84 85 86 87 88 89 90 91 92 93 94 95 96 97 98 99 100 101 103 104 105 106 107 108 109 110 111 113 114 116 118 119 120 121 122 123 124 125 126 127 129 130 132 135 137 138 140 141 143 144 145 146 147 148 150 151 153 154 156 157 159 160 162 164 165 166 167 169 170 171 172 173 176 177 179 181 183 185 186 187 188 189 191 193 194 195 196 197 198 200
33 67 34 35 36 37 39 41 42 43 44 45 46 48 49 50 51 55 56 58 59 61 62 63 65 66 68 69 71 72 73 75 76 77 78 79 80 81 82 83 84 85 86 87 88 89 90 91 92 93 94 96 98 99 100 101 103 106 107 108 109 111 114 115 117 123 126 127 129 131 132 133 134 135 136 138 139 141 142 144 145 147 148 149 150 151 152 153 154 155 158 160 161 162 164 165 167 168 169 170 171 172 175 176 177 178 179 183 184 185 186 187 188 190 191 194 195 196 197 198 199
34 71 35 36 39 40 41 43 44 45 46 51 52 54 55 56 57 58 59 60 63 64 65 68 69 70 72 74 75 76 77 78 79 80 83 84 87 88 89 90 91 92 94 95 97 98 101 103 106 107 108 110 111 112 113 117 118 121 122 123 124 126 127 129 130 131 132 133 136 139 140 141 142 143 144 145 146 149 154 155 156 157 158 159 160 161 162 163 164 165 166 169 170 172 173 174 175 177 178 180 181 184 186 187 188 190 191 192 195 196 197 198 200
35 63 37 38 39 41 42 44 45 47 48 49 51 52 54 55 57 58 59 60 61 62 64 65 68 70 71 72 73 74 75 77 78 79 80 83 84 85 86 87 88 89 90 92 93 94 95 96 98 100 101 102 103 104 106 107 108 109 110 113 116 117 118 119 120 121 122 123 124 125 126 127 128 129 130 131 132 133 134 135 137 138 140 142 143 146 148 149 152 154 157 158 159 160 161 164 166 167 168 169 170 171 172 173 174 176 177 178 179 180 181 182 184 185 188 189 190 195 197 198 200
36 74 37 39 40 41 42 43 44 45 46 47 48 50 52 54 55 56 57 59 60 62 63 64 67 68 69 70 71 72 73 74 76 77 78 79 80 81 83 84 87 88 89 95 96 97 98 99 100 101 102 103 104 105 108 110 112 114 117 118 120 121 122 123 124 126 127 129 130 131 132 133 135 136 138 139 141 142 143 144 145 146 147 148 150 152 154 155 157 158 160 161 162 163 164 166 167 168 169 170 171 172 173 175 177 178 179 181 182 183 184 186 187 188 190 191 193 194 196 197 198 199 200
37 61 38 39 40 42 43 44 45 46 47 48 49 51 52 54 55 57 58 59 60 61 64 67 69 70 71 72 73 74 75 76 79 81 82 84 85 86 87 88 89 90 92 96 97 98 99 101 104 106 107 109 112 116 117 118 119 120 121 122 123 124 128 131 132 135 136 137 138 139 140 141 142 143 144 146 147 148 150 151 152 153 155 156 157 158 159 160 161 163 164 165 166 169 170 171 172 173 174 175 177 180 182 184 187 188 190 191 193 194 195 196 197 198 199
38 77 39 40 41 42 43 44 45 47 48 49 51 52 53 54 56 57 60 62 63 65 66 69 70 71 74 75 77 78 79 81 82 83 84 85 86 87 90 91 93 94 96 97 98 102 103 104 105 107 108 109 110 112 113 114 116 120 122 124 125 127 129 130 131 132 134 135 136 137 141 142 143 144 145 146 147 148 149 150 151 152 154 155 156 157 158 159 161 162 163 165 166 167 169 170 173 174 176 177 178 179 180 181 183 185 186 188 189 190 191 192 193 194 195 196 197 200
39 96 40 41 44 45 47 49 51 52 53 56 58 59 61 64 65 66 67 68 73 74 75 78 79 82 83 84 85 86 87 88 89 90 93 94 95 96 98 99 100 101 102 103 104 105 106 108 109 110 111 112 113 114 117 118 119 120 121 123 125 126 128 129 130 132 133 134 135 136 137 139 141 142 143 144 145 147 150 151 153 156 157 158 161 163 164 165 166 168 170 171 172 174 176 178 180 181 183 185 186 187 189 190 191 192 193 194 195 196 197 198 200
40 66 41 42 43 45 48 49 50 51 52 54 55 56 59 61 63 64 67 68 71 72 73 74 76 78 79 80 81 83 84 85 86 87 88 89 90 92 94 95 96 97 102 103 105 106 107 109 112 113 116 119 120 122 126 127 128 129 131 135 136 137 138 139 140 142 143 144 145 146 148 152 153 154 157 158 159 161 162 163 164 165 166 169 171 172 173 174 175 176 177 178 180 182 184 185 187 188 189 190 191 192 193 194 196 197 198 199 200
41 92 42 44 45 46 50 51 52 53 55 57 58 59 60 61 62 63 64 65 66 70 71 72 73 74 75 76 77 78 80 81 82 83 84 85 86 87 88 94 95 96 102 103 104 105 106 107 108 109 110 111 112 113 115 117 118 120 122 123 125 126 127 128 131 133 134 135 136 137 138 139 140 141 142 143 145 148 149 150 151 152 153 154 155 156 157 160 161 162 163 165 166 167 169 170 172 173 176 177 178 181 183 185 186 187 188 189 190 191 193 195 196 197 199 200
42 70 43 44 45 47 48 49 50 52 54 57 58 59 60 62 63 66 67 68 69 70 71 73 74 76 77 78 80 82 83 84 85 86 88 89 90 91 93 94 95 97 99 100 101 102 103 104 106 107 108 109 110 112 113 116 117 119 120 121 122 123 124 125 126 128 130 131 133 135 136 137 138 140 141 142 143 145 146 148 149 150 151 152 153 154 155 156 158 161 162 163 164 165 168 169 170 172 173 174 175 176 178 179 180 182 183 184 185 186 187 188 189 191 192 194 196 197 198 200
43 86 44 47 49 50 51 52 53 54 55 57 58 60 61 62 63 66 69 70 71 72 73 74 75 78 79 80 82 83 85 86 87 88 89 90 91 93 94 95 96 99 100 102 103 104 106 107 108 110 113 114 116 117 119 120 121 126 128 129 130 131 133 134 135 139 140 141 143 144 145 146 147 148 149 150 152 153 154 161 162 163 164 168 169 170 171 172 174 175 177 178 179 180 182 184 185 186 187 188 189 195 196 197 198 200
44 68 46 47 49 50 51 52 53 54 55 56 57 59 60 61 67 68 70 72 73 74 75 78 79 80 82 84 85 86 87 89 91 92 93 95 98 100 101 102 103 104 105 106 108 110 112 113 116 117 119 120 121 122 123 125 126 127 128 131 133 134 135 136 137 138 139 141 142 143 146 148 150 152 153 154 155 156 157 158 160 161 162 164 166 167 170 171 172 173 175 176 177 178 179 180 181 183 184 185 186 187 188 189 190 191 193 196 197 198 199
45 63 48 49 50 51 55 56 57 58 62 64 66 67 71 74 75 78 80 81 82 83 84 85 86 87 88 89 90 91 92 93 94 95 97 99 101 102 103 104 107 109 112 115 116 118 120 121 123 124 126 127 128 129 130 131 132 133 135 136 137 138 139 140 141 142 143 145 146 147 148 150 151 154 156 157 158 159 163 167 168 169 171 172 173 174 175 176 177 178 180 182 183 184 185 187 188 189 192 195 196 198 199
46 87 48 49 51 52 53 54 55 56 57 58 59 61 63 64 65 66 67 68 69 70 71 73 74 75 76 77 80 81 82 84 85 86 87 88 89 90 91 93 94 95 97 98 99 100 101 102 103 104 108 109 110 111 112 113 114 115 116 117 118 120 121 123 124 125 127 128 129 131 133 134 135 136 139 140 141 142 143 144 145 146 149 150 151 152 153 155 158 159 162 164 165 166 167 168 170 171 172 173 176 181 182 183 184 187 190 192 193 195 197 198 199 200
47 85 49 50 52 55 56 58 61 63 64 68 69 71 72 73 74 76 77 78 79 80 83 84 86 87 88 90 91 92 95 96 97 98 100 101 102 103 104 105 106 108 109 111 113 117 118 120 121 122 123 124 125 127 128 129 131 132 133 134 135 137 139 140 142 143 144 145 146 147 149 150 151 152 153 154 155 156 157 158 159 160 161 162 163 165 169 170 171 173 174 175 177 178 180 182 183 184 185 187 190 191 192 193 195 196 197 198 200
48 78 50 52 54 56 58 59 60 61 62 63 64 66 67 68 70 71 72 74 76 77 78 79 81 82 84 85 87 88 89 91 93 94 95 96 97 98 99 100 101 104 105 106 107 108 109 112 114 116 118 121 123 125 126 128 129 132 134 135 136 137 138 139 140 143 144 145 147 149 151 152 153 156 157 158 159 160 161 163 164 165 166 168 169 170 172 173 176 178 179 180 181 182 183 185 187 190 191 193 194 195 198 200
49 97 50 51 52 56 57 59 60 61 62 63 64 66 67 68 70 72 73 74 75 76 77 79 80 81 82 83 84 90 92 93 94 97 98 99 100 101 102 103 104 105 106 107 108 109 110 111 112 115 116 118 119 123 124 125 126 127 128 129 130 131 133 135 136 137 138 139 143 144 145 146 148 149 150 151 153 154 155 156 157 159 162 163 165 167 168 170 171 173 175 177 178 180 181 183 184 185 186 188 189 192 193 194 195 196 198 199 200
50 54 51 53 54 56 57 59 60 61 63 64 66 67 68 69 71 72 74 75 76 77 78 79 80 81 82 83 84 85 87 88 89 91 92 93 94 96 97 99 100 101 102 104 107 108 109 110 111 112 113 115 119 122 123 124 126 127 129 131 134 135 136 137 138 139 140 141 145 147 149 150 152 153 154 155 156 157 158 159 160 162 163 164 165 167 168 171 175 179 180 181 182 183 184 185 186 187 188 190 191 192 193 194 196 197 199
51 83 52 53 54 56 57 59 61 63 64 65 66 67 69 70 71 72 73 75 76 77 79 80 81 82 83 84 85 86 87 88 89 91 92 93 94 95 96 97 98 99 100 101 103 105 107 108 109 110 111 112 114 115 117 118 119 121 122 123 124 125 127 129 130 131 133 134 136 137 138 140 141 142 144 145 146 147 148 149 150 151 152 154 155 156 157 158 159 160 163 165 167 168 171 172 173 177 180 181 182 183 185 190 191 193 196 197 198 199 200
52 87 54 56 57 58 61 62 63 67 68 70 71 72 74 75 76 80 81 82 84 85 87 88 89 91 92 94 95 96 97 98 99 100 101 102 105 106 107 108 110 111 112 113 114 115 116 118 120 121 122 123 124 125 126 127 128 129 130 131 132 133 134 135 137 138 140 141 144 146 147 148 149 150 151 152 154 156 158 160 161 162 163 165 167 168 170 172 173 174 176 177 178 180 182 186 189 190 191 192 193 194 196 198
53 57 55 57 59 60 61 62 63 69 71 72 74 76 77 78 80 81 82 84 86 87 89 90 91 92 93 94 96 97 99 100 101 103 105 106 107 108 109 111 112 113 114 115 118 119 120 121 122 123 125 127 130 132 133 135 136 137 138 139 140 144 146 147 148 152 156 157 158 159 160 161 162 163 164 166 167 168 173 174 175 178 179 181 186 187 188 189 190 192 193 194 195 197 198
54 68 57 58 59 60 61 62 63 64 68 69 73 74 75 76 77 80 81 83 84 86 87 89 90 92 93 95 97 98 99 101 102 103 104 105 106 107 108 109 111 112 114 115 116 119 121 122 124 125 126 128 129 130 132 133 134 136 137 138 139 140 141 142 143 144 146 147 148 149 151 152 154 155 158 160 163 165 166 168 169 170 171 172 173 174 175 178 179 180 181 183 186 187 189 190 193 195 196 198 199 200
55 83 57 58 59 60 61 62 63 65 66 67 68 69 70 71 72 74 75 77 78 79 80 81 82 83 84 85 86 87 88 91 92 93 94 95 96 97 98 99 102 103 104 105 106 107 108 111 113 114 115 116 118 119 120 121 122 126 127 128 129 131 133 135 136 138 139 140 141 143 144 145 146 147 148 149 150 151 152 153 154 156 157 158 159 162 163 165 166 168 169 170 171 172 175 176 177 178 180 181 184 186 187 190 191 192 194 195 196 197 198 200
56 83 58 61 62 63 64 66 67 68 70 72 73 74 76 77 79 80 81 82 83 84 85 87 88 89 90 92 96 97 98 99 101 104 105 107 111 112 113 116 117 121 123 124 125 127 128 129 132 133 134 135 136 137 139 141 144 146 151 152 153 156 157 158 160 162 163 164 165 167 168 172 174 175 176 178 179 180 181 182 183 185 186 187 188 189 190 192 194 195 196 197 198 199 200
57 63 58 61 62 63 64 65 66 67 68 70 71 72 73 74 75 76 78 79 81 82 83 85 86 87 88 89 90 91 92 93 95 96 97 98 101 102 104 105 106 109 111 112 113 115 116 119 121 122 125 126 130 132 133 134 135 136 139 140 141 142 144 145 147 152 153 155 156 157 159 162 163 164 165 167 170 171 172 174 175 177 180 182 184 186 189 191 192 193 194 195 196 197 199 200
58 58 62 63 64 65 67 69 71 74 75 76 77 78 79 81 82 83 84 87 88 89 91 92 98 99 100 102 106 107 110 112 113 114 118 119 121 124 125 126 127 128 129 131 132 134 139 140 142 143 144 145 146 147 148 149 150 152 153 154 156 157 158 162 166 167 168 169 170 171 172 173 174 175 176 177 178 179 181 183 186 188 189 190 191 192 194 195 196 197 200
59 65 60 61 62 63 65 66 67 68 69 70 72 73 75 76 77 79 80 81 82 83 84 85 86 87 90 91 92 93 95 98 102 103 104 105 107 108 110 111 112 119 120 121 123 125 127 128 131 132 134 136 137 138 139 140 145 146 147 148 149 150 151 152 153 156 158 159 161 163 164 165 166 167 170 171 172 173 174 175 176 177 178 181 182 183 187 188 189 190 193 194 195 196 198 199 200
60 97 62 63 64 67 70 71 73 74 75 76 79 81 82 83 84 85 86 89 90 91 93 95 96 100 101 102 104 105 106 111 112 113 114 115 117 118 119 120 123 124 126 127 128 130 131 132 133 134 135 136 137 138 139 140 141 142 143 146 147 148 149 151 152 154 155 156 157 158 160 161 162 163 164 165 166 168 170 171 172 174 176 177 178 179 180 182 185 186 188 189 192 193 194 195 196 197 199
61 95 62 64 66 67 68 69 70 71 73 74 76 79 81 82 83 85 86 87 88 90 92 94 95 96 97 100 101 102 104 107 109 110 111 112 113 114 115 116 118 119 120 121 125 127 128 129 130 131 132 136 137 140 142 143 145 147 148 151 152 153 154 156 157 158 159 160 161 162 164 165 166 168 171 172 173 174 175 177 178 179 181 182 183 184 185 186 187 188 189 193 194 198 199 200
62 95 63 65 67 68 69 71 72 73 74 75 78 79 80 81 82 83 84 86 87 89 90 92 93 95 96 97 100 101 103 104 105 106 107 108 109 112 113 114 115 116 119 120 124 125 127 129 132 133 136 140 141 142 143 144 145 146 148 149 150 151 152 154 156 157 158 159 160 162 164 165 167 168 169 170 172 173 174 175 176 177 178 179 180 181 184 185 186 187 189 192 193 194 195 196 197
63 71 64 67 69 70 71 72 74 76 79 80 81 82 83 84 86 88 89 90 91 92 94 95 96 97 99 100 101 103 105 110 113 114 116 117 118 119 120 121 124 125 126 128 129 130 131 132 134 135 136 137 138 139 141 142 143 144 145 146 148 149 151 152 153 154 155 156 157 160 161 162 164 165 166 168 169 172 173 174 175 176 178 179 180 184 185 186 187 188 189 190 191 194 196 197 198
64 66 65 66 67 68 69 70 72 73 74 76 79 80 81 82 83 84 85 87 88 89 90 92 93 94 95 96 97 98 99 100 102 104 105 106 108 109 110 111 112 114 115 116 119 120 121 122 123 124 125 126 128 129 130 132 134 136 138 140 143 144 145 146 148 150 151 152 153 155 157 158 159 161 162 163 164 165 166 167 170 171 172 173 174 176 177 178 179 180 183 184 186 187 188 189 190 193 195 197 198 199
65 60 66 67 68 71 72 73 74 75 76 80 81 82 85 86 87 89 90 93 94 95 97 98 99 100 101 103 106 108 110 111 112 113 114 116 117 118 120 121 122 123 124 126 129 130 131 132 134 135 139 140 141 142 143 144 145 146 148 149 150 151 153 154 161 162 163 164 166 167 169 170 171 172 175 176 177 179 180 181 182 183 186 188 191 192 193 194 196 197 198 199 200
66 59 67 69 70 72 73 74 76 78 79 80 84 86 89 92 93 95 96 97 100 103 104 106 107 108 109 110 111 112 113 115 116 118 119 121 122 123 125 126 127 128 130 131 132 133 134 135 136 138 139 140 141 142 144 145 146 147 148 149 150 151 153 155 157 158 159 160 161 163 164 166 167 168 169 171 174 175 176 178 179 180 181 182 183 184 185 187 188 189 191 192 193 194 195 196 198 199
67 50 70 71 72 73 75 76 78 79 80 81 82 83 84 85 87 88 89 90 92 93 94 95 96 97 98 99 100 103 105 106 107 108 109 110 111 113 114 116 117 118 119 120 121 123 125 126 127 129 130 131 132 133 134 135 137 138 139 140 144 145 147 148 149 151 152 155 156 158 159 160 161 163 164 167 168 169 172 173 174 176 177 178 180 181 182 183 184 185 186 187 188 189 190 191 192 193 194 197 198 200
68 98 69 71 72 73 74 76 80 81 82 84 85 86 87 88 90 91 92 94 95 97 98 100 101 102 103 104 106 108 110 111 113 114 115 117 118 119 120 121 122 124 125 126 128 129 130 131 132 133 134 137 138 141 142 143 144 145 146 147 148 149 151 152 153 154 155 160 162 163 164 165 166 167 169 170 171 172 176 177 178 179 181 182 183 187 188 189 190 191 192 193 195 196 197 198 199 200
69 64 70 73 75 78 79 81 82 83 84 85 86 87 88 89 90 91 92 93 94 95 96 98 99 100 103 104 109 110 111 112 113 114 115 117 119 121 122 124 125 126 127 128 129 130 131 135 136 138 139 140 141 142 144 145 147 150 151 152 153 154 155 157 158 159 161 162 164 165 166 167 168 169 170 171 172 174 177 178 179 180 182 184 185 186 187 188 189 191 192 193 194 195 197 199
70 85 71 74 75 76 77 78 79 81 82 83 85 87 88 90 94 97 99 100 102 103 104 106 107 108 109 110 111 112 117 118 119 120 121 122 123 124 125 126 127 128 129 130 131 132 133 134 135 138 139 140 141 142 143 144 145 146 148 149 150 152 153 154 156 158 160 163 164 166 167 168 171 172 173 174 175 179 180 181 182 184 187 189 190 191 192 193 194 195 196 198
71 86 72 73 76 77 78 79 80 81 84 85 88 91 92 93 94 95 96 98 99 100 101 103 106 108 109 111 113 116 118 120 121 122 123 124 125 126 128 130 132 133 135 136 137 138 139 140 141 142 143 144 145 149 150 151 152 153 154 155 156 157 161 162 163 164 165 166 168 169 171 172 173 174 175 177 178 179 181 185 186 188 189 190 191 192 193 194 196 197 199
72 50 73 74 75 76 77 78 79 80 81 82 83 84 85 86 87 88 89 91 92 93 97 100 101 104 106 108 110 111 112 114 115 116 119 120 121 123 124 127 128 129 130 131 132 133 134 135 137 138 139 140 141 142 149 151 152 153 155 156 157 158 160 162 163 165 166 167 168 169 172 173 174 176 177 179 180 181 182 184 185 186 187 190 191 192 195 196 197 200
73 70 75 76 78 79 80 81 83 84 85 86 88 89 90 91 92 94 95 96 98 101 102 103 104 105 106 108 109 110 111 112 119 120 121 122 125 126 130 131 132 133 134 135 138 140 141 142 145 147 149 150 151 153 154 155 156 157 158 159 160 161 163 164 166 168 169 170 174 175 176 177 178 179 180 181 184 185 186 190 191 192 193 195 196 199 200
74 97 75 76 77 79 81 82 84 85 86 87 88 89 92 93 94 95 96 97 99 101 104 105 106 109 110 111 112 114 115 117 118 119 120 121 122 124 125 126 127 129 130 131 132 133 134 135 136 138 139 140 142 143 146 147 148 150 151 152 155 156 157 159 161 163 164 166 168 171 172 173 174 175 176 177 178 179 182 184 185 191 192 196 197 198 199 200
75 99 76 78 84 85 88 91 92 93 94 95 98 99 100 102 104 105 107 112 113 114 115 116 117 118 120 121 122 124 125 126 128 131 132 135 136 137 138 139 140 142 143 144 145 146 147 148 150 153 154 155 159 160 161 162 163 164 166 167 168 169 170 175 176 177 178 179 180 181 182 183 185 186 187 188 190 191 192 193 196 197 198
76 69 77 78 80 81 82 85 86 88 90 91 92 95 96 97 98 100 101 102 103 107 108 109 110 112 114 115 116 117 120 121 122 123 125 126 127 128 129 130 131 132 133 134 135 136 137 139 140 141 142 143 145 146 147 148 149 153 154 155 156 157 158 160 161 162 163 164 165 166 168 169 170 171 172 173 175 177 178 180 181 182 183 184 185 186 187 188 189 191 192 194 195 196 197 199 200
77 100 78 79 80 81 83 84 85 86 87 90 91 92 93 94 95 96 97 98 99 100 101 102 103 104 105 107 108 109 110 111 112 113 114 115 117 118 119 120 123 124 127 128 130 131 133 134 135 137 138 139 140 141 142 143 144 145 147 148 149 151 152 153 154 155 156 158 159 160 161 163 164 165 166 167 168 169 170 173 174 175 176 177 178 179 182 183 184 185 186 187 188 190 192 193 194 195 196 199 200
78 87 81 82 86 87 88 89 92 93 94 95 96 97 98 101 102 103 104 105 106 107 108 110 112 114 118 119 121 122 123 124 126 127 128 129 130 132 134 135 136 137 138 139 140 141 143 144 145 146 147 150 153 154 156 158 159 161 163 164 165 166 167 169 173 175 177 178 181 182 183 184 185 186 187 188 190 191 192 193 194 196 197 198 200
79 55 80 81 82 83 84 86 90 91 92 93 94 95 96 97 98 99 100 102 103 105 106 108 109 114 115 116 117 121 122 123 124 126 127 129 130 131 132 133 135 136 137 138 139 141 142 143 144 147 148 150 152 153 154 155 156 157 158 159 160 161 162 163 165 166 167 168 169 170 173 174 176 177 178 179 180 181 183 186 187 190 191 192 193 195 196 197 199
80 89 81 82 84 85 86 87 90 91 92 93 94 95 96 97 98 102 103 104 105 107 110 111 112 113 114 115 116 117 119 120 121 122 123 124 126 127 129 133 136 137 139 140 142 143 144 145 148 149 150 152 153 154 156 158 159 160 161 162 164 165 170 171 172 173 175 177 178 180 181 182 183 184 185 187 188 190 191 192 193 194 197 199 200
81 75 84 85 86 87 88 90 91 92 93 95 96 97 98 99 101 102 103 105 106 107 108 110 111 113 114 115 116 117 119 120 121 123 124 126 129 130 133 135 136 137 139 140 141 142 143 145 146 148 149 150 151 153 154 157 159 160 161 162 163 165 166 168 169 172 174 175 176 179 180 181 182 183 185 186 188 189 190 192 193 194 195 196 198 199 200
82 77 83 84 85 86 87 89 91 95 97 98 100 101 102 103 105 106 109 110 111 114 115 117 120 121 122 123 124 129 131 134 135 136 137 138 140 141 142 143 145 146 147 150 151 152 154 155 156 157 158 159 160 161 162 166 167 169 170 171 172 176 177 181 182 183 186 187 188 189 190 191 192 193 194 195 197 198 199 200
83 53 85 86 87 88 89 90 91 92 93 95 98 99 100 101 102 103 104 105 106 110 111 112 115 116 118 119 120 122 126 128 129 132 133 135 136 138 140 141 143 144 146 147 148 149 150 151 153 154 155 158 159 161 162 163 164 166 169 170 172 174 175 176 177 180 182 183 185 186 187 188 189 190 191 193 194 195 196 197 199 200
84 99 85 86 87 88 89 90 91 92 93 94 95 96 97 99 100 101 103 104 105 106 107 109 110 111 112 114 116 120 121 123 124 125 126 127 128 131 132 135 136 137 138 139 140 141 142 145 147 148 149 151 152 153 154 155 156 159 160 161 162 163 165 166 167 168 169 170 171 173 174 175 176 179 180 181 182 183 185 186 187 188 189 190 192 193 194 197 198 199
85 85 86 87 88 91 92 96 97 98 99 100 101 102 104 105 107 108 111 112 114 115 116 117 118 119 122 123 125 127 128 130 131 132 133 134 135 136 137 139 140 141 142 143 145 146 148 149 150 152 153 154 155 156 158 160 161 162 164 165 167 168 169 171 172 173 174 176 178 179 180 181 182 185 186 187 189 190 191 192 193 194 195 197 198 199 200
86 95 87 88 89 91 92 93 94 95 97 98 100 101 103 104 105 106 107 108 110 111 112 113 115 116 117 120 123 124 125 127 128 129 132 134 135 136 138 139 142 144 147 150 151 153 154 156 157 158 159 160 162 163 164 166 167 168 169 170 171 172 173 174 175 176 178 179 180 181 182 183 184 185 186 189 190 192 194 195 196 198 199
87 94 88 89 91 92 93 94 96 97 98 99 100 101 102 103 104 105 106 107 108 109 111 112 114 115 117 119 121 122 124 125 126 127 129 130 131 132 133 134 136 137 139 140 141 142 143 144 147 148 149 150 151 152 153 154 155 156 159 161 162 163 164 165 166 168 170 172 173 174 175 178 180 181 182 183 184 186 188 189 190 191 192 193 194 195 196 198 199 200
88 79 89 91 92 93 94 99 100 101 102 104 106 107 108 110 111 112 113 117 118 119 120 121 122 123 124 125 126 127 128 129 130 131 132 133 134 135 136 137 138 140 141 144 145 148 151 152 153 154 155 157 158 159 160 161 162 163 164 166 167 169 170 171 172 173 176 180 182 183 184 185 186 187 189 192 194 195 197 198
89 88 90 91 92 93 94 96 98 99 100 101 102 104 106 107 109 111 112 113 114 116 117 118 119 121 122 124 125 126 128 130 131 132 133 134 135 138 139 143 147 148 149 151 152 154 155 156 158 159 160 162 163 164 166 169 172 175 176 178 179 181 182 184 185 186 188 190 191 192 193 194 195 198 199 200
90 57 91 92 94 95 96 97 99 100 101 103 104 105 106 107 109 110 111 114 115 116 117 122 123 125 126 128 129 130 131 132 134 135 136 138 139 140 141 143 147 148 149 151 152 153 154 156 158 159 160 161 162 164 165 168 169 170 171 172 174 175 176 178 179 181 182 183 185 186 189 190 191 193 194 196 197 198 199 200
91 86 92 94 95 96 98 99 100 101 102 103 104 105 106 107 108 109 111 112 113 114 115 116 117 118 119 121 123 124 128 130 131 134 135 137 138 140 141 142 143 144 145 146 149 151 152 153 154 155 156 157 159 160 162 163 164 165 171 172 173 174 177 179 180 181 182 183 184 186 188 189 190 193 194 195 196 199 200
92 96 93 94 95 96 97 98 99 102 104 105 106 107 108 109 110 112 113 115 116 117 118 119 120 121 122 125 126 128 129 134 137 139 141 142 143 145 147 148 149 150 151 152 154 155 156 157 158 159 161 162 165 166 168 171 174 177 178 182 183 184 185 186 187 189 190 191 192 193 194 195 196 198 199 200
93 73 95 96 97 98 99 100 101 102 103 107 109 111 113 114 115 117 118 120 121 125 127 128 129 130 132 133 134 135 136 137 139 140 142 145 146 147 149 150 152 153 154 155 156 157 158 159 160 162 163 164 165 166 171 173 175 176 178 179 180 181 185 187 189 190 192 194 196 197
94 53 95 96 97 99 102 103 104 105 106 107 111 112 113 114 115 117 119 122 123 127 129 130 133 134 135 136 137 138 140 141 142 143 144 145 146 148 150 153 154 155 156 159 160 161 162 163 164 165 166 170 172 176 177 178 179 180 183 184 185 186 188 189 190 191 192 194 196 197
95 53 96 98 99 100 101 102 103 104 105 106 108 110 111 112 113 114 115 116 117 119 121 124 126 128 129 130 131 132 136 137 139 140 142 144 145 146 147 148 151 155 156 157 158 161 163 165 166 167 168 169 170 171 174 175 176 177 178 180 181 182 184 186 187 188 192 194 196 198
96 73 98 99 100 102 103 104 107 109 110 111 112 113 117 118 119 120 121 122 123 124 125 126 128 131 132 133 134 138 140 142 143 144 145 147 148 152 153 155 156 157 158 160 161 162 163 165 166 167 168 169 172 173 174 175 176 177 178 179 180 181 182 184 185 187 189 190 191 192 193 194 195 198 200
97 54 99 100 102 103 105 107 108 109 110 111 113 114 115 116 117 118 119 121 122 123 124 125 126 127 128 129 130 131 133 134 139 140 141 142 144 146 149 151 153 154 155 156 157 158 159 160 161 162 164 167 172 175 176 177 179 180 181 182 183 185 187 190 193 195 197 198
98 61 99 101 103 106 107 109 110 111 113 114 116 117 118 119 124 125 126 128 129 131 132 133 134 135 136 139 142 143 145 146 147 149 150 151 152 153 154 157 158 159 160 161 162 163 164 165 166 167 168 172 173 174 175 176 178 179 181 182 183 184 186 187 188 193 194 195 196 198 200
99 98 102 103 105 106 107 109 112 117 118 119 121 122 123 124 126 127 129 130 131 132 134 135 137 139 140 141 142 144 145 146 149 150 151 152 153 154 155 156 158 159 161 163 164 165 166 171 172 173 174 177 178 179 181 183 185 186 187 188 191 193 194 195 196 198 200
100 83 102 104 106 107 108 111 113 114 115 117 118 119 120 121 122 123 124 125 126 127 128 129 130 131 132 134 135 136 138 139 143 144 146 148 149 150 152 153 154 155 157 158 159 160 161 162 163 164 165 166 167 168 173 175 176 178 180 182 183 184 185 187 188 189 193 195 196 198 199 200
101 60 103 104 106 108 109 111 112 113 114 116 117 118 120 121 123 125 126 127 128 131 132 134 137 140 141 142 143 144 145 146 149 151 154 155 156 157 159 160 161 162 163 164 165 167 169 171 174 175 176 178 179 180 182 183 184 185 186 187 188 189 191 193 194 195 196 197 200
102 88 103 107 111 112 113 114 115 116 117 119 120 122 123 124 125 129 130 132 133 134 135 137 138 139 143 144 145 148 150 153 155 156 157 159 160 161 162 163 166 167 169 170 171 173 174 175 178 179 182 183 184 185 186 187 189 191 192 196 198
103 73 107 108 109 111 116 118 119 121 124 127 128 129 132 135 136 137 138 139 141 142 143 144 145 146 147 148 150 152 153 154 157 158 159 160 161 162 163 164 166 168 170 172 173 174 175 176 177 178 181 182 183 184 185 186 187 189 191 192 193 194 196 197 198 199 200
104 56 106 107 109 110 111 112 114 115 118 120 121 123 124 125 126 128 129 130 131 132 134 135 136 140 141 142 146 147 148 149 150 152 153 154 155 157 159 162 163 164 165 167 168 170 171 172 173 174 177 179 180 182 183 184 185 187 190 191 192 193 195 196 197 199 200
105 50 108 109 112 114 115 117 119 120 121 123 125 128 130 131 132 133 134 135 137 138 140 141 142 148 152 154 155 156 157 159 160 163 166 167 168 169 170 175 178 180 181 182 183 184 185 187 188 190 191 192 193 194 195 196 197 199 200
106 76 107 108 109 110 112 114 115 116 118 119 122 123 124 125 127 128 131 132 134 135 136 137 138 139 140 141 143 144 145 146 147 148 149 150 151 152 153 154 155 156 159 160 161 162 164 165 166 167 168 169 170 174 176 177 178 179 180 182 183 184 185 187 188 190 191 193 194 196 198 199 200
107 82 108 109 110 111 113 114 118 119 120 121 123 124 126 127 128 129 130 131 133 135 137 138 139 140 142 143 144 145 146 147 149 150 151 152 154 156 157 158 159 160 161 162 163 166 167 168 169 170 171 172 173 174 175 176 177 178 182 183 184 186 187 188 189 191 192 193 195 197 198 200
108 69 110 112 114 115 116 117 118 119 121 122 124 125 126 130 132 133 135 136 137 138 139 142 143 144 146 148 149 151 152 153 154 156 157 158 159 160 161 162 163 165 166 168 169 171 173 174 177 178 181 183 184 186 190 192 193 195 197 198 199 200
109 64 118 120 121 122 123 125 126 127 128 129 130 131 132 133 134 135 136 138 139 140 141 142 143 144 146 147 149 153 155 156 157 158 159 160 161 162 163 164 165 166 167 168 170 171 172 174 175 176 177 178 180 182 183 184 188 189 190 193 194 196 197 198 199 200
110 64 112 113 117 118 120 122 123 124 125 126 127 128 129 130 131 132 133 134 135 136 137 138 139 140 141 142 143 144 145 147 148 149 150 152 153 154 156 161 162 164 165 167 168 169 170 171 173 174 175 176 177 178 179 180 182 183 184 185 186 187 188 189 190 192 193 195 197 198 199 200
111 98 113 114 115 116 117 118 119 122 125 128 129 130 132 133 136 137 139 140 141 142 143 144 145 146 147 150 151 152 153 154 156 157 158 159 161 162 164 166 169 170 171 173 174 175 176 177 178 179 180 181 183 184 186 187 188 189 190 192 193 194 195 196 197 199 200
112 58 113 114 115 117 118 120 121 124 126 127 128 129 130 131 136 138 140 141 142 144 146 147 149 150 151 153 154 155 156 157 159 160 161 163 164 165 166 167 168 169 172 173 174 175 176 177 179 180 182 183 184 185 186 187 188 189 190 191 195 196 197 198 200
113 90 114 117 119 121 122 123 124 125 126 127 128 129 130 131 132 133 134 135 136 137 139 140 141 142 143 144 145 147 149 150 151 152 153 154 155 157 159 161 165 167 169 170 172 173 175 176 177 178 179 180 181 182 183 185 187 188 189 192 193 197 198 200
114 82 115 116 118 119 122 123 124 125 127 128 130 131 132 133 138 139 140 143 144 145 147 149 150 151 152 153 154 155 156 160 163 166 167 168 171 172 175 177 178 179 180 182 183 184 185 189 191 192 194 197 198
115 84 116 118 119 120 122 123 126 127 129 130 131 132 133 134 136 137 138 139 140 141 142 143 144 145 147 149 152 154 158 159 161 165 166 167 168 169 170 171 174 175 176 178 180 181 183 184 185 186 189 191 193 195 197 198 200
116 55 117 118 119 120 121 122 123 124 125 129 130 131 132 133 134 135 137 138 142 143 144 145 146 149 150 151 152 153 154 156 161 163 164 166 167 168 169 172 173 174 175 176 177 178 179 180 181 184 185 186 187 188 189 190 191 193 194 195 196 197 198 200
117 58 118 119 120 121 122 124 126 128 129 131 134 135 137 138 140 142 143 144 145 146 148 152 153 154 155 156 159 161 162 163 164 165 167 168 170 171 172 173 174 177 178 179 180 181 183 184 185 186 188 189 190 191 192 193 195 196 198 199
118 88 119 122 124 125 126 129 130 131 133 135 136 138 140 141 142 143 144 145 146 147 148 149 150 151 152 155 156 159 160 162 163 164 166 168 169 170 171 172 175 176 178 180 183 184 186 188 190 191 192 195 196 198
119 93 121 122 125 126 128 129 130 132 134 135 136 138 139 140 142 143 145 147 148 150 151 153 154 156 157 159 160 161 163 165 166 167 168 169 170 172 174 175 176 178 179 180 181 182 185 187 188 189 190 192 194 195 196 197 198 199 200
120 56 122 123 125 126 127 128 129 130 132 134 135 136 137 138 140 143 144 145 147 148 150 151 152 153 155 158 159 161 162 163 164 165 168 169 170 172 173 177 180 181 182 185 187 188 189 190 191 193 195 197 199
121 89 123 125 127 128 129 131 132 133 134 135 136 138 139 140 141 143 144 147 148 149 150 151 152 153 154 156 157 158 159 160 161 162 163 165 166 167 168 169 170 171 173 174 175 176 179 181 182 183 184 185 186 187 189 190 191 192 193 195 196 197 198
122 61 123 125 128 129 131 133 134 135 136 137 138 139 142 143 144 146 147 148 149 150 151 152 153 155 157 158 159 160 161 163 166 167 168 170 171 173 174 175 178 179 181 182 183 184 185 186 187 188 189 190 192 193 194 195 196 197 199 200
123 78 124 126 127 128 129 130 132 134 136 137 138 139 140 141 143 144 145 147 149 150 151 152 153 154 156 157 158 160 161 162 164 166 167 168 169 170 171 172 174 175 176 177 179 181 183 184 185 186 187 188 189 190 191 192 193 194 195 196 197 198 199 200
124 69 125 126 128 129 130 131 135 136 137 138 139 140 141 142 144 145 147 148 149 150 154 157 160 161 163 165 166 170 171 172 173 178 179 181 182 184 186 188 189 194 196 197 198 199
125 63 126 127 128 129 132 134 136 138 139 140 141 142 143 145 146 150 152 153 155 157 159 160 162 163 165 166 167 169 170 172 175 176 177 178 182 183 184 185 187 188 189 190 191 192 193 194 195 196 197 198 199 200
126 73 127 128 132 133 134 137 138 139 140 141 145 149 150 151 154 155 156 157 159 160 161 162 163 165 166 168 170 171 172 174 175 177 178 179 180 181 185 186 188 189 190 191 192 193 194 196 199 200
127 66 129 131 132 133 136 137 138 140 142 143 144 145 146 150 151 152 153 154 156 158 161 163 164 165 166 167 168 169 171 174 175 181 184 187 189 190 191 192 193 194 195 196 197 198 200
128 94 130 131 132 133 134 135 137 138 139 141 143 145 146 147 148 149 151 152 153 154 155 157 158 159 160 161 165 166 167 168 169 172 174 175 176 177 178 179 180 181 182 183 184 185 187 188 189 190 192 193 194 195 196 198 200
129 83 130 131 134 135 136 137 138 139 140 141 142 143 144 145 146 149 150 151 153 154 155 157 158 160 162 163 164 167 170 171 172 173 174 175 176 177 178 183 184 185 186 187 188 190 191 192 193 194 197 198 199
130 86 131 133 134 139 140 142 143 144 147 148 149 152 153 154 157 159 160 161 162 163 166 167 168 169 170 171 172 173 174 175 176 177 178 179 180 181 182 183 184 186 187 188 191 193 194 195 196 197 198 199 200
131 92 132 133 135 137 138 139 141 143 147 148 149 153 155 157 158 159 160 161 164 165 166 168 170 173 175 176 177 178 179 181 182 183 184 187 188 189 191 192 193 195 196 198 199 200
132 84 134 135 137 138 139 140 141 143 144 146 147 148 149 151 152 153 154 155 156 157 159 160 161 162 164 166 167 168 169 170 172 173 174 175 176 177 178 181 182 185 187 190 191 192 193 194 195 196 197 198 199
133 98 134 135 136 138 139 140 141 142 143 145 146 148 150 152 153 154 155 156 157 158 159 160 162 164 165 167 168 174 175 177 179 181 183 184 185 186 187 188 189 191 192 193 194 197 200
134 55 135 137 138 139 141 143 144 145 146 147 149 150 151 152 153 154 156 157 158 159 160 161 162 164 165 166 167 168 169 170 171 173 175 176 177 178 179 181 183 184 185 189 191 192 193 194 195 196 197 198 199 200
135 57 139 141 142 143 145 147 150 151 152 153 154 155 157 158 159 163 165 166 167 168 169 170 171 172 173 175 176 177 178 183 185 186 189 190 192 193 194 195 197 198 199 200
136 95 139 141 143 145 146 147 148 149 151 153 154 155 156 157 158 159 162 163 164 165 167 169 170 172 173 175 178 179 181 182 183 186 187 188 189 190 198 200
137 56 139 140 141 142 143 148 151 152 153 155 156 160 161 162 164 166 167 168 169 170 172 173 174 175 177 180 181 183 184 185 186 187 188 189 190 191 192 193 195 196 198 199 200
138 96 139 140 141 142 143 144 146 148 150 151 153 156 159 160 161 162 163 165 166 167 168 169 170 171 172 173 174 177 178 180 182 183 184 185 186 187 188 190 191 192 193 194 195 198 199 200
139 88 140 141 143 144 146 147 148 150 151 156 157 158 160 161 162 163 164 166 167 168 170 171 174 175 176 177 178 179 181 182 183 184 185 186 188 189 190 192 193 194 198 199 200
140 67 141 142 144 145 146 147 148 149 150 151 152 153 155 156 157 158 159 164 165 166 167 168 169 174 175 176 177 178 179 181 182 183 184 185 186 187 188 189 191 194 197 198 199 200
141 77 142 143 144 145 148 149 151 153 154 156 158 159 161 163 164 165 167 168 169 170 171 172 173 176 178 179 180 181 182 184 185 186 187 188 189 192 193 196 197 199 200
142 74 143 144 145 146 149 150 152 153 154 157 158 159 161 163 164 167 168 170 171 172 174 176 177 180 183 184 185 186 187 188 190 191 192 194 195 196 197 199 200
143 63 144 146 147 148 149 150 151 152 154 155 156 158 159 160 162 163 164 165 166 167 169 170 171 172 173 175 176 177 178 181 182 183 186 188 190 191 192 193 195 196 197 198 200
144 50 145 146 147 149 151 152 154 155 156 157 158 160 161 162 163 164 166 167 168 169 170 171 172 173 174 177 178 179 180 181 183 184 185 186 187 188 189 190 191 192 193 194 196 197 199 200
145 73 146 149 150 151 152 153 154 155 156 157 159 160 162 163 165 166 167 168 169 171 172 173 176 178 179 180 182 186 187 188 189 193 194 195 196 198 199 200
146 97 147 149 150 151 153 154 155 156 157 160 165 166 167 168 172 173 174 175 176 178 179 181 182 184 185 188 189 192 193 195 196 197 198 199
147 59 149 150 152 153 154 155 156 157 158 160 161 163 164 165 167 168 169 170 171 173 176 178 179 180 182 183 186 187 188 191 192 193 196 197 198 199
148 60 150 151 152 153 155 156 157 159 160 161 162 163 164 165 166 167 168 169 170 171 172 173 174 175 176 177 178 179 180 181 182 184 187 188 189 190 192 196 197 198 199
149 82 150 151 152 153 154 155 156 158 159 160 161 162 163 166 167 171 172 173 174 175 176 177 179 180 182 183 185 190 192 193 195 196 197 198
150 96 151 153 156 157 158 159 161 162 164 167 168 170 171 173 174 176 179 182 184 185 186 187 188 189 190 192 193 196 198 199 200
151 91 152 154 156 158 160 162 163 164 165 166 168 169 170 173 175 176 177 178 179 180 182 184 185 186 187 188 189 190 191 192 194 196 197 198 200
152 87 153 156 157 158 160 162 163 164 165 166 167 168 169 170 171 174 175 176 178 179 180 181 182 183 184 185 186 187 188 190 191 192 194 195 196 198 200
153 62 156 157 159 160 163 166 167 170 171 172 173 174 176 178 182 184 185 186 187 188 189 191 192 193 195 197 198
154 98 155 156 162 165 166 169 170 171 173 174 175 178 179 181 182 183 184 185 187 188 189 190 192 193 196 198 199 200
155 72 156 158 159 161 162 163 164 165 166 167 168 170 171 172 174 176 178 179 180 182 184 185 186 187 189 190 191 193 194 195 196 199 200
156 87 158 159 160 161 164 165 169 170 172 173 174 177 180 182 183 186 189 190 191 192 193 194 195 196 197 199 200
157 66 158 160 161 162 163 164 166 167 169 170 171 174 176 178 179 180 182 184 185 187 188 189 190 193 194 196 197 198 199 200
158 60 159 161 162 163 164 166 167 168 170 172 173 174 176 177 178 179 180 181 182 185 186 187 189 191 192 193 194 195 196 197 198 199 200
159 50 160 161 163 165 166 174 175 176 177 178 179 180 181 183 184 186 188 189 191 192 193 195 196 197 199 200
160 74 162 164 165 166 168 169 170 172 173 174 175 176 177 179 180 182 183 184 185 186 187 188 189 190 193 194 195 198 199
161 70 162 163 164 165 166 167 168 169 170 172 173 174 175 177 179 180 181 183 184 185 186 187 191 192 193 194 195 196 199
162 76 164 165 166 168 170 171 172 173 174 175 176 177 178 180 181 183 187 188 190 191 192 193 194 195 197 198 199
163 68 164 165 167 168 170 171 173 174 175 176 177 179 180 181 183 186 188 190 191 192 194 195 196 197 199 200
164 51 165 170 172 173 174 176 178 180 181 186 187 188 189 190 191 192 194 195 197 198 199 200
165 85 167 169 170 171 172 173 174 175 176 178 179 180 182 183 184 185 186 187 188 189 191 192 193 194 196 197 198 199 200
166 66 168 169 170 171 174 179 180 181 182 184 185 186 187 189 191 192 193 197 198
167 65 168 169 172 173 175 177 178 179 180 181 182 185 186 187 188 189 190 191 192 193 194 195 198 200
168 50 169 170 171 172 174 175 176 177 178 179 181 182 184 185 186 187 189 190 191 192 193 194 196 197 199
169 53 170 171 172 173 174 175 176 177 178 179 180 182 183 184 185 188 189 190 191 193 194 195 196 197 198 199
170 74 171 172 173 174 177 179 180 181 183 184 185 186 188 189 190 191 192 194 195 196 199 200
171 75 173 175 176 178 179 180 182 183 184 185 187 188 189 190 192 193 194 198 199 200
172 56 173 174 177 178 179 180 181 184 185 186 189 190 191 192 194 195 196 197 198 199 200
173 72 174 175 176 177 178 179 180 181 182 185 187 188 189 191 193 194 196 197 199 200
174 78 176 177 178 179 180 182 183 184 185 186 188 189 190 191 192 195 196 198
175 79 176 177 178 179 182 184 187 188 189 191 192 193 194 197 198 199 200
176 94 178 180 181 182 183 184 185 186 187 188 189 190 192 194 195 196 197 198 200
177 91 179 180 181 182 185 186 187 188 189 192 194 195 196 197 198
178 78 180 181 183 184 186 187 189 191 192 193 194 196 197 198 199 200
179 69 180 181 182 183 184 185 186 188 189 191 192 193 194 195 197 200
180 60 181 182 183 184 188 191 192 196 197 198 199
181 75 182 183 184 185 186 187 188 190 191 193 194 195 196 197 199 200
182 78 185 186 188 189 190 192 193 194 195 196 199 200
183 80 184 185 186 187 189 190 191 194 195 196 197 198 199 200
184 64 185 187 188 189 190 191 192 193 195 196 197 198 199
185 94 186 188 190 191 195 197 198 199
186 77 188 189 190 191 192 193 194 196 197 198 199
187 51 189 191 193 197 198 200
188 65 192 193 194 195 196 198 199 200
189 99 190 191 192 194 195 196 197 198 199 200
190 83 191 192 193 194 196 197 198 199 200
191 71 194 195 196 197 198 199
192 79 194 196 199
193 79 194 195 199 200
194 54 195 196 197 198 199 200
195 68 196 198 199 200
196 81 197 198 200
197 50 198 199
198 57 200
199 100
200 75
