200
1 18
2 92
3 66
4 7
5 85
6 35
7 18
8 65
9 99
10 19
11 7
12 18
13 50
14 51
15 23
16 18
17 46
18 48
19 53
20 44
21 84
22 74
23 78
24 72
25 42
26 38
27 9
28 20
29 48
30 34
31 60
32 2
33 55
34 100
35 94
36 47
37 65
38 86
39 29
40 41
41 44
42 85
43 58
44 39
45 76
46 37
47 54
48 7
49 74
50 47
51 18
52 36
53 17
54 35
55 51
56 96
57 37
58 57
59 94
60 72
61 97
62 14
63 27
64 35
65 1
66 87
67 65
68 13
69 93
70 13
71 46
72 96
73 52
74 53
75 43
76 52
77 62
78 48
79 2
80 78
81 65
82 25
83 42
84 71
85 60
86 51
87 2
88 45
89 78
90 91
91 83
92 62
93 76
94 69
95 70
96 30
97 85
98 92
99 87
100 12
101 73
102 29
103 54
104 4
105 32
106 16
107 4
108 48
109 56
110 63
111 51
112 1
113 37
114 53
115 33
116 52
117 31
118 94
119 44
120 9
121 14
122 16
123 72
124 28
125 97
126 87
127 52
128 26
129 13
130 21
131 68
132 41
133 39
134 64
135 89
136 76
137 73
138 32
139 90
140 10
141 34
142 79
143 39
144 84
145 86
146 69
147 1
148 71
149 74
150 51
151 40
152 21
153 71
154 74
155 61
156 98
157 1
158 71
159 88
160 4
161 70
162 44
163 21
164 89
165 48
166 63
167 44
168 65
169 42
170 28
171 50
172 11
173 1
174 5
175 58
176 80
177 85
178 78
179 61
180 11
181 66
182 24
183 8
184 54
185 57
186 73
187 51
188 90
189 58
190 41
191 46
192 84
193 19
194 99
195 60
196 34
197 91
198 85
199 61
200 65
