200
1 84 3 10 11 13 14 15 23 27 34 37 38 39 50 51 54 59 61 63 66 70 79 89 95 100 102 106 123 125 142 143 146 148 150 153 154 167 169 178 179 184 189 194 199
2 80 4 9 11 31 38 40 43 47 49 50 57 65 74 81 90 92 96 102 103 104 108 111 116 117 126 128 131 134 146 148 156 169 171 172 175 182 185 193
3 91 5 6 9 10 12 15 29 36 40 42 47 57 70 78 91 96 97 104 115 124 125 128 139 140 146 157 162 166 174 175 178 183 187 196 198
4 20 32 33 34 44 50 56 57 66 69 70 76 87 93 95 101 104 111 113 114 119 120 121 124 129 137 139 141 142 146 154 155 185 196 200
5 18 19 22 27 28 30 33 37 40 53 54 60 64 65 73 78 79 80 81 82 83 84 88 98 101 105 112 116 122 124 136 138 139 150 159 162 175 180 185 186 187 188 189 190 192 194 196 197 198
6 10 15 16 21 23 31 36 38 41 49 53 58 64 70 79 88 89 91 93 106 107 112 115 118 121 122 132 133 138 144 148 151 152 153 157 158 170 176 177 180 181 196 199 200
7 91 10 17 22 24 31 35 38 43 45 46 47 51 52 60 66 80 85 87 88 100 102 116 121 122 127 129 136 138 142 145 148 154 158 166 172 177 180 181 186 187 199
8 81 12 16 20 22 23 26 30 33 35 36 37 43 45 59 62 86 87 101 103 106 122 127 130 135 137 140 146 156 158 161 166 167 186 188 197 198
9 60 12 21 40 42 47 48 51 57 59 60 65 68 71 73 81 88 89 91 105 111 113 117 123 125 126 132 134 137 140 149 158 162 166 172 180 182 184 192 194
10 83 19 37 63 72 76 77 80 81 84 90 91 94 100 105 110 131 133 137 147 164 174 175 178 193
11 71 18 21 23 24 29 37 39 40 42 49 50 59 67 69 70 71 73 94 99 103 112 117 118 121 122 127 131 137 143 145 157 161 166 170 171 173 176 191 195 197
12 62 13 21 26 29 35 42 43 49 52 64 70 72 86 101 104 113 120 127 130 135 137 144 149 165 167 169 170 178 179 181 192 193 195 198
13 90 18 20 23 33 34 45 48 54 55 56 63 65 67 68 83 92 93 108 119 122 129 144 145 148 152 155 159 160 167 168 172 173 176 179 180 181 188 193 194 196 200
14 54 15 16 18 19 20 21 36 42 63 66 70 81 87 91 93 97 104 106 107 111 120 123 137 154 156 158 164 171 176 180 181 184 187 189 192 200
15 21 17 21 28 30 38 39 43 48 51 53 66 67 69 77 84 85 88 94 98 104 111 115 119 122 150 154 161 163 165 171 174 177 184 185 186 187 190 192 196
16 88 17 23 27 30 36 41 49 52 54 57 62 63 64 70 82 83 84 85 87 88 92 95 99 100 101 113 117 119 120 134 141 147 151 155 164 172 173 178 181 185 199
17 2 21 25 28 30 34 48 58 62 65 89 94 108 109 116 117 122 127 128 132 134 135 137 138 141 146 152 156 158 161 163 175 178 180 187 191
18 100 19 23 25 32 35 38 39 44 45 46 49 50 52 54 55 64 66 68 74 83 88 98 99 111 112 113 116 128 129 132 137 140 147 148 150 152 155 158 164 178 180 183 188 193 198 200
19 85 22 24 26 32 38 39 58 67 68 74 90 93 103 104 114 116 118 119 120 121 127 129 131 136 140 144 148 151 156 159 165 169 175 184 196
20 35 21 28 30 44 45 46 53 59 65 68 71 75 88 94 95 103 106 114 129 138 139 140 151 156 162 169 174 187 195
21 90 26 32 33 35 36 47 50 58 63 73 74 78 84 85 88 93 101 103 125 140 144 145 146 147 148 153 154 158 161 164 171 178 191 199
22 15 23 30 34 38 44 45 47 48 50 54 55 58 60 63 67 70 82 84 86 102 117 118 124 128 129 133 138 139 143 144 145 148 149 153 155 157 161 162 163 167 172 179 188 190 196 197
23 11 25 27 32 49 56 58 61 70 73 74 78 89 91 94 100 102 108 110 111 112 117 119 132 137 140 146 150 158 162 163 164 165 166 170 180 184 186 188 189 195 198
24 43 26 36 38 42 50 51 52 58 59 70 74 75 76 78 80 96 97 100 103 105 112 117 130 138 149 160 168 178 181 183 184 185 187 189 192 195 196
25 34 28 30 34 46 47 52 54 63 72 85 87 90 91 96 97 98 102 108 110 115 116 117 125 131 137 139 141 148 149 154 158 170 171 183 184 189 199 200
26 15 33 34 42 46 51 52 57 64 73 74 78 82 83 86 89 93 99 102 103 107 108 115 116 121 124 133 135 136 143 156 159 169 175 177 180 185 198
27 20 31 34 51 53 56 57 60 69 75 87 92 95 97 107 111 112 128 129 132 140 145 149 157 158 162 163 172 174 177 189 194
28 70 33 43 48 63 64 72 75 85 89 91 97 109 110 113 114 128 132 133 134 135 138 149 153 154 160 162 170 175 186 190 197
29 38 41 54 56 57 58 60 63 65 73 83 84 85 94 95 104 107 119 122 127 128 130 132 134 136 137 138 139 144 147 149 153 164 167 168 171 172 173 175 176 177 178 187 198
30 91 32 43 45 52 82 85 89 91 100 105 108 118 120 133 135 143 148 149 157 159 168 172 189 191 199
31 82 43 45 47 63 64 66 70 71 75 79 86 88 90 104 106 108 111 118 122 123 144 150 152 166 170 171 180 187 198
32 31 34 43 46 50 61 77 86 90 91 96 97 120 125 127 137 141 147 165 167 168 173 174 177 179 180 185 186 189 190 191 194 200
33 41 44 48 50 51 69 80 93 109 114 116 119 120 129 131 134 135 140 141 143 144 147 152 166 167 171 172 180 182
34 37 35 36 37 38 48 50 57 70 72 73 75 84 86 91 93 94 96 99 104 111 113 116 118 132 139 140 144 145 150 152 156 161 168 170 172 174 178 182 186 188 190 193 195 196
35 41 43 51 56 60 62 64 66 67 69 71 74 81 86 95 98 103 104 108 113 121 123 128 138 140 152 153 155 161 162 163 174 179 181 184 186 193 194 199
36 81 38 42 43 44 45 49 72 73 75 77 79 82 86 88 92 94 99 108 112 114 116 133 136 137 138 145 146 147 150 152 154 155 172 173 177 185 200
37 66 40 42 51 53 56 63 66 70 90 96 97 102 104 113 130 134 137 143 147 149 150 152 154 158 159 163 166 171 172 173 181 183 186 189 192
38 62 49 56 62 75 77 78 81 106 108 109 113 114 115 121 122 126 127 131 133 141 150 151 155 159 161 162 165 167 177 182 185 187 200
39 79 44 50 62 63 64 69 73 74 76 78 82 91 92 96 97 98 102 103 108 119 125 128 133 135 138 142 145 148 153 155 157 158 160 164 170 179 181 182 195 197 198 199
40 88 44 55 57 60 61 74 77 83 88 90 92 93 96 98 101 102 109 110 117 121 131 132 139 144 147 159 163 168 174 180 189
41 23 45 51 53 63 69 78 82 83 84 91 92 101 109 137 149 155 158 161 171 180 197 198
42 51 44 51 52 62 65 69 70 71 72 83 86 91 93 102 109 110 116 117 118 122 131 150 155 156 160 166 175 183 186 187 188 189 190 194
43 57 44 46 47 52 55 65 67 73 81 83 85 104 105 112 113 122 134 142 147 157 160 168 172 175 181 182 192 199
44 64 47 54 56 58 59 60 65 66 67 73 76 87 93 98 102 104 105 111 113 115 116 121 125 131 133 134 136 141 142 143 144 146 155 158 159 177 189 193 195
45 26 47 56 62 68 77 87 100 107 108 114 116 132 135 137 138 141 144 147 148 150 158 159 160 169 170 171 174 178 180 190 192 194 195 197
46 61 54 57 59 63 68 72 76 84 87 90 97 99 107 118 124 125 126 131 138 141 145 154 170 172 178 180 181 183 184 185 186 190 192 193 196 197
47 37 49 51 54 63 65 66 70 73 75 89 92 97 103 106 107 112 113 114 116 117 123 125 127 135 150 151 152 155 162 167 168 172 178 179 183 196
48 80 49 53 55 60 65 68 72 73 74 75 77 78 82 110 137 138 139 142 154 162 166 167 169 172 180 182 186 191 194 200
49 55 50 51 55 58 61 62 69 71 80 92 94 95 98 104 110 112 116 118 124 131 141 148 149 154 164 171 180 181 199 200
50 19 56 59 62 63 83 86 92 94 104 109 129 138 140 143 146 147 148 152 153 154 158 165 166 168 169 181 182 185 187 189 190 197 198 200
51 100 56 69 70 71 74 86 88 90 91 97 102 107 124 129 133 135 141 142 145 152 155 161 162 163 166 167 173 174 181 189 190 193 195
52 55 53 54 59 60 63 67 82 92 97 100 109 117 120 123 129 139 142 155 158 159 165 168 171 173 174 178 183 185 186 192 197 198 200
53 7 61 63 66 84 88 93 94 96 97 102 104 105 113 120 132 134 143 150 159 166 169 170 188 196 199
54 17 59 65 67 69 71 72 74 89 101 105 116 118 123 125 129 132 133 137 160 161 165 170 173 179 183 185
55 76 57 60 67 76 83 84 85 86 88 97 100 106 110 117 131 135 151 158 159 161 165 168 169 171 180 193
56 38 61 87 90 98 106 117 122 127 128 131 132 137 139 140 142 148 151 154 155 157 160 164 167 174 177 179 195 197 198
57 69 58 65 67 72 74 81 87 99 105 106 107 109 117 122 139 143 152 153 155 163 176 180 181 182 188 191 193
58 55 70 72 73 76 92 94 99 109 112 116 118 119 121 125 127 128 139 145 146 154 160 162 164 165 166 175 180 190 192 194
59 17 62 65 66 67 72 77 79 82 86 88 89 100 102 105 111 116 119 120 129 135 139 140 149 158 160 167 172 180 185 187 192 194
60 56 61 71 72 77 78 91 100 102 104 106 107 112 123 125 126 133 134 135 140 142 154 167 169 173 174 182 186 200
61 72 62 63 67 73 82 84 88 89 95 96 102 106 113 114 118 121 122 124 125 127 134 137 138 149 152 153 156 163 172 173 176 177 182 186 187 191 195 197
62 51 73 74 83 89 90 103 106 117 122 127 128 138 139 141 142 147 151 152 158 159 165 173 175 177 180 182 183 187 195
63 95 69 72 87 90 91 92 98 103 105 112 114 122 131 136 137 147 150 154 169 172 174 176 177 181 189 192 200
64 70 75 79 82 85 96 100 105 108 109 113 122 125 130 138 162 171 173 181 188 190 191 193
65 40 79 84 89 90 95 96 98 104 108 127 131 133 137 145 154 165 166 173 178 181 184 185 186 187 189 190
66 50 71 73 78 84 86 102 108 110 120 121 122 129 131 143 146 155 166 167 172 177 185 187 189 190 195
67 80 68 75 83 99 108 111 113 116 123 125 126 129 139 142 143 152 154 156 159 161 163 172 177 178 179 182 186 192
68 13 83 86 93 107 112 114 132 136 138 151 157 162 168 170 185 191 192 199
69 3 77 80 83 84 85 91 92 100 104 108 109 115 116 125 138 143 148 150 166 175 183 187 191 194 198 199
70 45 71 72 76 84 90 95 104 108 126 138 140 151 153 155 156 158 167 168 170 172 174 189
71 82 76 78 80 87 91 98 105 106 108 111 119 122 123 129 135 136 140 142 144 147 150 157 162 170 179 187 189
72 21 78 79 81 83 85 93 94 99 104 108 112 122 123 127 132 136 139 143 156 157 159 161 165 166 168 170 173 182 188 197
73 89 76 82 87 89 93 94 95 96 99 100 104 107 112 115 122 131 133 135 143 144 145 146 156 163 164 166 168 172 175 179 180 183 187 196 200
74 71 78 87 89 100 101 102 103 104 114 115 119 124 126 133 136 138 149 150 155 165 175 176 178 183 198
75 97 76 88 90 99 105 111 120 131 133 139 140 143 146 157 158 166 169 171 176 177 180 182 184 185 191 192
76 69 84 87 92 99 100 116 121 122 123 124 140 143 145 147 151 153 156 157 160 162 166 171 174 177 186 188 192 193 195 197
77 58 82 84 89 97 101 107 108 113 118 120 121 128 135 137 139 158 159 166 167 173 176 179 182 185 189 193 195
78 59 79 80 103 108 117 122 138 146 147 152 159 165 167 168 169 172 184 194
79 44 80 81 82 87 89 93 106 109 119 121 122 124 126 127 129 135 137 148 155 159 160 172 176 180 193 199 200
80 4 81 83 85 86 88 91 92 96 98 100 101 108 112 116 120 122 128 134 137 138 143 146 149 155 157 159 160 163 165 182
81 97 97 115 116 119 125 129 130 137 142 148 151 154 156 157 165 167 171 178 180 181 196
82 17 83 84 98 99 102 106 110 125 140 141 144 148 149 154 155 157 158 168 169 182 186 188 189 190 191 192 195 196
83 46 90 91 100 101 105 108 114 117 133 134 140 147 152 168 176 177 186 192 199
84 74 100 103 109 114 120 126 137 139 140 142 146 147 149 152 156 160 161 168 169 170 174 178 181 188 194 197
85 41 95 102 110 111 113 119 120 123 135 137 139 162 163 168 174 181 197 200
86 27 90 96 97 100 104 112 122 124 127 128 131 132 134 136 139 154 161 165 173 181 190 192 193
87 35 91 94 99 102 106 122 127 129 133 142 150 160 161 162 165 168 171 175 176 194 198
88 88 98 104 116 120 123 126 136 139 146 150 152 155 157 163 175 179 181 193 194 195
89 33 95 98 111 112 117 118 119 128 137 147 148 151 155 157 158 162 165 169 181 187 194
90 35 97 99 105 110 115 116 121 122 123 129 141 145 150 158 163 166 167 183 187 189 191 195 198
91 19 93 95 99 102 103 108 110 116 118 119 121 128 129 131 133 136 142 143 152 159 160 172 180 181 183 184 186 187 191 194 195
92 53 96 102 111 115 129 136 153 156 163 170 182 198 200
93 90 95 96 99 101 103 104 105 107 108 110 114 127 132 138 144 147 154 162 175 184 187 188 189 191 195 199 200
94 2 95 103 110 131 132 133 134 141 151 155 163 165 169 174 180 184 187 188 189 190 191 195 197
95 13 97 98 108 110 118 124 129 136 141 148 166 176 188 190 191 194 199
96 58 99 101 102 111 114 115 139 140 141 142 144 147 155 158 159 162 164 167 181
97 94 98 103 112 114 115 122 124 136 146 159 169 170 172 173 177 178 179 181 192 193 196
98 5 100 101 118 119 129 138 142 148 155 158 159 162 164 169 171 172 173 177 181 198
99 71 101 120 129 130 134 141 143 152 157 159 161 164 187
100 44 114 124 127 130 135 144 154 155 156 163 184 193
101 67 106 109 112 113 114 115 120 121 123 128 131 132 138 142 144 154 157 158 162 163 169 180 181 186 195 196 198 199
102 69 107 108 110 111 113 115 117 121 122 136 140 154 162 163 181 185 189 191 193 195 200
103 96 108 109 111 113 114 117 118 127 132 140 142 143 144 146 154 157 159 161 168 169 170 177 178 182 187 190 195 197
104 23 111 113 114 124 128 136 137 144 149 150 151 154 155 161 170 171 173 175 179 181 186 193 200
105 53 135 138 140 145 150 151 152 157 164 174 175 179 183 184 188 192 199 200
106 85 112 113 116 121 131 132 133 144 146 153 159 160 163 169 171 173 176 189 192 200
107 93 109 132 135 143 144 146 160 163 175 177 189 195 200
108 93 109 111 113 114 118 119 125 134 136 137 141 144 145 147 166 167 169 172 184 186 191 197
109 68 117 126 129 133 134 135 138 139 143 147 148 150 151 154 157 163 176 179 185 188 198 200
110 26 112 113 115 125 133 140 144 145 146 149 152 167 174 175 180 185 189 192 193 197 198 199
111 36 112 114 117 136 147 148 159 162 167 169 171 183 193 194 197 198
112 1 122 123 129 137 143 151 154 157 161 165 171 173 177 180 187 190 194 197
113 29 119 120 126 128 136 140 144 146 147 158 159 160 161 163 167 172 174 176 185 187 197
114 12 118 119 121 125 131 144 147 150 156 160 162 164 169 178 180 183 184 187 188 189 197
115 92 122 125 132 138 142 143 144 145 151 157 158 164 165 167 178 184 192 199
116 17 117 118 129 132 138 141 146 160 162 164 168 172 177 180 188 190 200
117 45 129 134 137 141 143 146 155 158 162 170 175 186 192 197
118 15 120 137 140 151 153 156 158 161 165 168 170 171 172 179 183 186 187 191 193 198 200
119 9 130 136 139 141 142 149 150 151 153 154 156 164 167 170 171 174 177 179 184 190 200
120 56 128 130 133 135 136 137 144 148 152 157 162 169 171 175 178 190 191
121 60 122 128 132 136 138 141 142 148 152 155 162 166 172 175 177 183 184 186 191 197 198 199
122 78 124 135 136 139 140 144 157 161 172 173 178 179 180 182 188 190 193 200
123 80 124 141 144 157 158 161 184
124 23 126 130 131 135 137 142 155 162 166 170 180 186 193 199
125 39 126 132 135 138 142 147 151 157 163 170 181 199 200
126 27 137 140 141 145 147 157 158 161 164 165 173 179 193 200
127 10 129 131 144 146 147 151 156 158 162 166 171 172 173 177 181 183 184 186 187 189 195
128 4 134 135 137 141 143 149 152 158 160 165 179 180 196
129 93 131 133 136 139 141 145 153 154 155 158 169 176 177 179 180 184 188 190 191 192
130 56 142 144 150 160 167 168 174 175 179 184 186 190 197
131 83 132 134 144 145 154 155 160 162 169 176 184
132 95 144 145 149 164 165 170 172 174 178 180 184 189 194
133 24 144 148 158 163 164 168 170 172 174 176 181 182 186 194 196 198
134 61 136 143 151 153 156 160 161 163 175 178 179 183 185 188 189 197 198
135 66 137 159 161 163 168 171 178 181 189 200
136 77 143 147 152 160 162 167 168 175 177 178 182 183 186 187 196 197 200
137 89 141 142 145 146 156 157 159 163 168 169 174 177 185 190 193 197
138 98 140 141 144 146 148 154 159 166 167 171 172 177 179 183 185 186 192 193 195 197 199
139 54 143 144 147 148 151 155 157 166 167 169 178 180 187 188 198
140 39 141 148 152 157 162 164 165 171 172 173 176 179 181 182 190
141 67 146 147 148 150 156 164 165 170 171 173 183 188 189 190 200
142 54 145 156 158 160 162 167 169 171 172 173 174 188 193 196
143 61 150 157 159 165 169 171 172 179 184 185 190 194 196 198
144 53 151 152 153 166 167 168 179 181 182 183 195 196
145 32 151 156 164 165 169 175 184 195 196 199
146 90 153 166 180 185 195 197
147 7 150 158 159 170 191 194 196
148 97 159 168 173 175 184 187 197 198 200
149 98 156 158 159 167 170 174 176 177 180 188 192 193 194 199 200
150 65 154 156 157 162 163 175 176 177 185 189 199
151 70 163 165 166 169 173 186 188 192 196
152 46 167 168 169 170 172 186 188 192 194
153 61 156 161 162 168 170 171 176 179 183 184 190 192
154 73 155 163 165 167 168 169 177 182 184 185 186
155 61 160 163 167 191 198
156 14 157 160 166 170 171 172 174 178 179 184 196 197
157 92 160 162 166 168 170 171 176 178 180 183 189 194 196
158 27 159 160 179 189 191 193 196
159 8 162 163 173 174 177 179 180 188
160 62 177 179 180 194 199
161 7 163 171 175 176 177 180 183 195
162 19 178 182 184 185 186 190 193 200
163 88 169 170 178 179 187 191 192 194 200
164 75 165 167 170 185 188 194 195 197 198
165 69 169 174 177 178 181 188 193 198 199
166 61 169 172 189
167 94 171 174 185 188 192 193 198
168 9 171 173 177 187 194 196 199 200
169 46 172 174 182 187 188 189 191 196 197 198
170 82 173 183 185 189 191 196 198
171 88 174 177 180 196
172 3 183 191 192 199 200
173 94 174 175 179 184 188 190 198
174 50 177 186 197
175 21 180 182 183 189 193 195 200
176 83 187 189 193 199 200
177 63 180 191 195 199
178 3 179 188 194 197
179 65 184 185 187 189 192 194 198 199 200
180 21 185 194 197
181 9 187 190 197 200
182 74 187
183 46 185 188 191 193 196
184 4 188 189 191 192 193 196 199
185 26
186 74 190 192 200
187 21 193 197 198
188 66 190 192 194 195 197
189 54 191 196
190 19 191 195 198 200
191 86 193
192 23 193 198
193 83
194 78 195 200
195 60 197 199
196 85 199
197 24 198
198 28 200
199 32
200 83
