200
1 18 2 4 6 12 14 16 19 26 30 32 33 34 37 38 41 42 46 48 52 61 65 68 70 72 76 79 80 83 85 86 89 90 92 95 96 104 108 109 110 114 115 117 118 124 131 140 141 144 147 150 151 153 156 165 166 168 170 172 176 177 183 184 189 190 196 200
2 92 3 10 12 13 18 20 22 25 31 32 36 38 45 46 48 49 51 52 53 61 63 70 78 83 84 85 88 90 91 94 98 100 101 105 107 111 114 116 120 123 124 127 129 130 133 134 140 146 147 148 149 154 155 157 158 159 160 161 162 163 166 172 177 179 182 186 188 190 193 194
3 66 4 5 8 14 15 17 18 25 30 31 41 45 51 53 55 56 58 59 61 64 69 70 71 73 104 106 107 108 116 119 124 127 132 137 139 141 143 148 151 153 154 157 160 161 162 178 181 182 183 186 190 192 194 195 197
4 7 8 12 13 15 16 20 22 29 31 34 37 39 41 42 45 46 50 51 58 63 66 68 69 71 75 79 80 87 88 92 94 97 100 105 111 115 117 123 124 126 133 138 139 146 149 150 156 157 158 159 160 166 167 168 171 173 175 178 179 181 184 186 192 193
5 85 7 8 12 14 15 22 30 31 39 43 48 49 50 53 58 59 62 64 65 69 71 76 77 81 83 93 98 99 100 102 106 112 115 125 126 127 130 136 140 143 144 145 146 148 149 151 153 154 157 158 161 162 171 172 175 176 180 183 184 186 187 189 190 193 195 198 199
6 35 9 12 18 19 31 38 42 46 47 51 52 54 55 56 57 59 61 63 65 67 70 72 74 76 82 84 88 92 94 96 99 102 103 106 109 117 126 127 134 141 142 143 146 147 160 166 171 172 180 184 187 191 197
7 18 12 13 20 22 23 25 26 27 29 34 36 37 38 40 42 44 51 54 60 61 63 64 69 70 75 81 86 87 90 91 92 94 98 101 102 104 106 110 111 117 118 122 130 136 138 140 143 145 154 156 159 169 172 173 175 179 181 182 184 186 188 190 191 193 194 195 197
8 65 16 22 23 27 28 29 31 32 43 44 46 47 53 55 56 58 61 63 69 72 75 80 87 91 94 95 104 105 108 110 118 122 132 133 137 140 141 143 144 146 148 149 154 162 163 170 171 174 177 179 180 181 185 190 195 198 199 200
9 99 11 14 22 30 32 34 38 39 40 41 43 44 48 55 57 60 61 62 66 68 75 79 80 84 86 89 97 100 102 104 105 107 112 115 116 118 121 129 134 136 137 144 145 148 151 159 161 164 173 183 184 186 195 196 198
10 19 11 12 15 17 21 25 31 36 43 44 48 50 53 56 57 60 70 74 76 78 80 82 83 87 90 96 97 102 106 109 112 114 115 116 130 131 135 139 140 141 142 148 150 151 153 161 164 168 170 175 176 183 184 185 186 190 192 193 198 199
11 7 16 21 26 30 32 36 37 38 42 44 47 51 52 55 62 63 67 70 73 77 79 88 89 92 93 95 96 97 102 103 108 110 117 119 123 124 125 126 129 130 134 135 138 146 154 156 158 159 165 166 169 171 174 180 182 183 197 198
12 18 14 26 28 29 31 35 38 43 45 46 49 51 54 60 62 63 67 70 73 75 86 87 92 93 96 100 104 119 120 121 122 123 126 129 131 136 138 139 144 153 158 159 160 164 171 178 181 182 186 189 195 196
13 50 22 23 32 42 47 48 50 51 52 55 57 58 63 65 66 68 73 77 79 86 87 88 91 96 99 100 101 102 105 106 114 120 125 126 131 142 143 163 167 173 174 176 179 181 182 185 188 191 192 193 194 198 200
14 51 22 23 26 33 40 44 45 47 59 60 61 67 72 73 76 82 86 92 93 99 104 109 111 115 117 119 122 124 126 131 135 137 140 144 151 152 153 156 157 165 166 169 171 175 180 186 194 199
15 23 18 20 23 27 30 36 38 47 52 53 56 60 64 66 70 71 73 75 81 85 88 89 111 112 113 124 128 129 130 135 137 139 141 142 152 154 156 157 163 166 167 168 172 173 179 181 184 187 188 189 194
16 18 21 29 30 31 40 46 47 76 79 81 83 86 89 91 95 97 100 114 117 118 119 121 128 131 133 146 148 157 162 164 165 169 171 173 177 178 180 181 186 188 189 191 192
17 46 20 24 29 46 48 50 54 56 57 58 61 63 66 68 69 72 78 81 86 88 90 92 96 102 105 106 110 114 117 118 119 122 127 130 135 136 140 143 144 145 148 155 156 167 169 172 173 174 175 177 183 186 193 194 195 199
18 48 21 23 27 36 41 43 47 49 55 59 63 65 67 76 79 81 82 83 85 87 95 96 97 102 103 104 109 110 113 115 118 119 121 128 136 141 144 156 158 164 169 172 180 184 185 187 189 190 192 195 196
19 53 23 25 26 27 28 30 31 32 55 56 61 63 70 80 82 83 89 92 96 109 111 116 120 121 126 129 140 143 148 151 155 158 162 163 166 171 172 175 176 180 181 182 184 191 192 193 195 196 200
20 44 21 23 24 25 29 32 34 36 38 40 52 59 60 61 62 65 67 70 75 77 89 91 95 96 98 100 109 110 116 120 122 129 135 145 146 147 148 158 166 172 176 177 178 184 185 186 191 200
21 84 29 30 32 35 37 38 43 51 52 53 54 65 69 71 74 79 81 82 85 86 89 90 92 95 100 101 103 105 110 113 115 121 124 138 144 152 154 156 162 166 167 171 173 174 182 185 186 196 200
22 74 24 32 39 43 44 49 51 56 58 59 61 64 66 67 68 74 75 83 86 89 92 99 105 106 107 109 113 126 131 134 135 136 138 141 150 151 152 156 160 161 163 166 170 174 183 188 192 193 197 200
23 78 29 30 38 39 40 41 43 44 45 47 49 57 60 61 64 65 78 79 81 84 88 98 99 104 106 107 108 109 110 115 117 123 126 128 131 132 133 145 147 152 153 156 157 162 173 178 179 182 183 185 187 190 191 192 193 197
24 72 25 27 30 31 42 44 46 51 53 70 72 78 82 85 91 100 102 108 110 116 117 118 121 123 124 126 138 141 143 144 145 146 148 151 152 157 158 161 163 166 167 168 174 175 176 181 185 187 199 200
25 42 27 29 34 36 37 38 41 45 49 50 54 63 64 69 71 74 78 90 93 96 98 106 107 109 111 114 115 118 119 120 122 128 132 137 143 146 149 152 153 155 161 162 164 165 166 167 170 175 178 182 183 184 191 195
26 38 28 29 31 35 41 43 44 45 50 57 58 62 63 74 75 79 87 94 95 96 101 103 104 106 112 118 122 126 129 130 133 137 138 141 146 147 149 156 158 163 164 165 177 182 188 189 191 192 194 195
27 9 28 36 37 41 44 50 57 62 63 67 73 75 76 79 81 88 90 91 92 95 96 101 108 114 116 118 126 130 140 141 147 148 153 155 156 159 162 163 164 166 174 176 186 194
28 20 31 38 39 41 46 49 51 52 54 56 59 63 64 69 71 73 74 78 79 80 81 82 86 92 93 95 96 98 104 109 115 116 117 132 134 137 138 141 142 154 155 156 157 158 159 160 161 162 164 172 174 175 178 179 180 181 182 183 185 187 189 191 194 195 196 198
29 48 34 35 42 43 46 49 53 55 56 61 62 64 66 68 71 72 73 74 77 79 81 83 86 88 93 96 97 100 104 105 107 113 115 121 124 129 131 133 134 140 144 147 148 149 150 153 154 158 160 161 172 174 176 178 182 184 187 189 191 192 193 198 199 200
30 34 31 52 55 56 64 69 70 73 78 79 87 88 89 92 94 100 104 105 108 112 125 130 131 134 136 138 139 140 146 147 152 155 156 159 161 162 169 170 179 185 186 194 198 199
31 60 32 45 49 50 57 62 70 73 74 75 76 78 80 83 84 85 99 107 113 114 115 117 122 129 131 135 138 141 149 150 151 154 158 164 167 169 172 178 183 184 185 189 190 192 193 197 198 200
32 2 34 38 40 42 45 53 54 58 60 62 63 70 71 72 79 80 83 85 87 89 91 94 98 99 104 105 112 115 116 118 121 125 130 131 132 138 141 146 152 159 160 163 165 166 168 169 172 174 183 188 191 195 196
33 55 38 39 44 50 55 56 63 64 68 72 74 76 80 81 84 87 90 93 94 95 97 102 110 123 131 132 134 135 137 139 140 143 144 148 151 152 154 156 157 158 163 165 168 174 176 179 181 184 188 193 194
34 100 39 40 48 50 55 58 62 63 65 71 75 84 86 94 97 98 99 107 110 112 113 114 117 122 125 133 135 138 141 144 147 150 153 154 156 157 163 164 170 171 172 175 176 178 181 185 186 190 195 200
35 94 37 38 39 41 42 44 46 50 51 53 60 61 63 64 77 78 80 81 88 96 97 98 99 100 106 112 116 117 118 120 121 126 130 132 139 148 151 157 158 162 163 166 167 168 169 173 176 180 191 193 195 199
36 47 40 43 47 48 50 52 56 57 59 62 66 67 71 73 74 76 78 81 82 84 95 96 97 103 105 107 114 122 124 126 127 129 134 135 140 143 147 149 151 152 156 159 166 167 171 174 175 178 179 180 181 185 191 192 193 196 199
37 65 43 49 51 55 59 62 66 70 73 76 77 78 79 84 88 90 91 92 94 101 102 104 105 106 108 112 116 120 123 124 127 133 139 141 144 146 147 150 151 156 160 161 163 165 166 167 168 169 180 181 184 187 189 193 197 198 200
38 86 41 45 47 49 53 55 56 60 61 63 67 77 79 85 86 94 96 97 102 117 118 120 124 126 130 131 132 137 140 141 144 145 150 151 162 164 169 170 173 186 188 190 192 196 200
39 29 47 50 52 56 57 61 69 70 75 81 85 94 95 97 100 101 106 110 111 115 117 121 123 126 128 129 131 144 145 150 160 161 164 165 167 173 174 176 177 178 182 184 187 191 193 194
40 41 41 44 50 57 58 60 64 69 77 78 82 83 84 88 91 94 98 100 107 109 110 111 116 120 121 123 124 128 129 132 134 135 137 142 143 146 154 156 164 172 174 175 176 181 185 186 192
41 44 44 46 47 54 55 58 59 60 61 64 72 82 84 87 89 96 97 103 104 108 109 114 119 122 124 125 126 132 136 138 139 146 148 151 156 159 163 164 167 168 172 175 176 183 189 190 197 199
42 85 44 46 47 53 57 65 67 71 73 75 76 78 80 89 92 98 105 109 110 111 116 120 125 127 135 137 139 140 145 149 153 165 166 167 169 170 176 189 194 198 199 200
43 58 45 52 54 57 60 63 64 74 79 97 98 99 100 104 105 108 109 110 115 117 118 120 126 129 131 139 142 143 147 150 153 157 163 164 166 173 175 178 179 183 185 187 189 190 196 198 200
44 39 45 49 51 52 54 56 58 59 69 70 73 75 76 82 83 92 93 94 95 102 103 105 106 108 111 112 118 121 122 123 125 127 130 132 133 138 139 148 149 155 159 162 168 172 175 176 184 185 186 187 188 191 194 195 196 197
45 76 48 53 55 60 65 67 68 72 73 74 78 81 88 89 90 92 96 100 102 105 106 108 112 115 118 126 128 130 132 133 139 145 149 167 178 181 184 187 191 194 197 199 200
46 37 47 49 51 53 59 60 61 62 63 68 69 72 75 76 77 81 83 84 88 97 108 111 113 117 122 125 127 131 135 141 143 144 145 146 147 148 150 151 159 164 165 169 170 174 175 176 182 185 186 187 191 192 199
47 54 51 52 60 68 71 73 77 78 88 89 92 93 94 95 98 100 105 111 124 125 127 128 129 133 147 148 149 159 163 166 170 173 174 182 185 190 191 196 197
48 7 49 51 62 65 70 75 76 80 81 89 91 92 94 101 106 123 124 125 127 130 137 138 141 143 144 146 154 155 156 157 162 165 168 177 180 181 182 183 184 189 196
49 74 50 51 54 58 60 64 67 70 73 79 80 81 82 84 87 88 97 98 101 102 105 106 110 111 113 116 117 123 126 127 129 131 132 134 138 140 141 145 146 149 150 152 155 156 159 160 166 168 176 180 181 188 192 193 200
50 47 52 59 67 70 73 82 84 92 94 96 99 102 105 108 115 116 117 131 134 138 144 145 146 149 154 157 160 161 165 166 172 173 179 183 185 186 187 192 193 194 196 199 200
51 18 52 63 68 71 75 83 84 86 88 89 92 96 105 106 107 111 114 115 117 119 121 122 123 126 134 142 144 156 164 165 169 171 173 179 184 185 187 195 199
52 36 60 62 65 67 69 70 71 77 79 93 97 103 107 111 116 124 129 130 134 136 139 144 146 148 152 153 154 155 157 159 161 162 173 175 177 178 190 198
53 17 55 58 61 62 64 67 69 70 74 76 83 84 88 93 94 100 102 105 117 119 121 125 126 127 130 133 134 135 144 145 147 151 152 157 163 164 165 166 167 170 171 172 173 174 175 176 186 188 190 191 193 194 197 199
54 35 55 57 63 64 68 81 82 88 93 100 101 109 110 111 113 115 118 122 125 129 132 135 138 139 140 143 147 149 150 151 153 166 169 171 173 184 185 191 192 193 195 200
55 51 60 61 63 65 68 70 72 77 78 80 81 82 83 86 98 104 110 111 114 118 123 124 127 128 131 135 136 138 140 141 144 145 151 152 157 158 161 164 167 171 172 177 178 180 182 188 193 195 196 197
56 96 63 66 73 80 81 82 83 86 87 90 91 92 93 98 106 110 112 113 115 119 121 122 123 126 130 131 133 134 138 139 148 149 156 157 160 166 172 173 174 183 186 192 194 195 196 198
57 37 59 67 69 70 76 77 78 79 80 85 86 88 90 95 96 106 107 114 119 123 124 127 129 137 148 149 155 156 157 159 160 162 163 164 167 171 173 175 177 182 183 185 187 188 192 193 200
58 57 59 60 62 65 68 72 75 84 88 96 100 102 103 104 107 110 111 113 116 122 123 125 126 130 133 143 149 150 157 162 176 182 187 189 190 194 198
59 94 64 65 68 78 80 92 94 100 101 106 109 110 113 115 116 118 123 124 126 130 131 133 134 137 142 144 152 155 157 160 161 163 164 170 171 172 175 184 186 194 197 200
60 72 61 62 67 68 74 76 81 87 94 95 98 100 103 107 112 116 118 119 127 128 142 148 152 155 157 161 162 167 171 174 176 177 179 181 182 187 188 198 199 200
61 97 64 65 66 74 76 77 78 81 82 88 89 90 92 99 104 106 107 108 109 112 113 114 118 123 127 130 131 134 143 146 147 149 150 151 157 162 164 166 171 173 174 176 179 181
62 14 65 66 72 74 75 77 81 83 85 86 87 89 90 91 92 94 95 97 98 99 101 102 105 109 113 117 122 123 132 134 135 138 139 142 148 149 156 157 164 173 174 179 182 189 193 196 197 198
63 27 64 70 73 76 77 79 88 89 95 96 104 105 106 114 115 122 124 137 141 142 146 149 150 152 158 160 164 168 170 173 175 184 190 196 197 198 199
64 35 65 70 72 75 76 81 83 85 86 89 91 105 106 107 109 112 114 118 121 124 129 134 135 137 139 141 143 150 153 156 159 160 161 169 178 184 187 188 192 193 194 195 197
65 1 69 70 71 77 84 87 93 102 103 104 107 108 113 116 123 131 132 133 134 141 143 150 152 164 169 171 174 175 178 180 181 187 188 195 197
66 87 67 72 75 77 84 87 97 99 107 112 114 115 117 120 121 122 128 133 135 136 137 139 140 142 144 147 148 149 154 160 165 167 171 172 174 175 181 185 186 191 193 198
67 65 68 69 82 84 87 89 93 97 99 100 101 102 105 112 113 114 115 116 118 122 125 127 133 135 137 140 148 158 159 164 173 180 183 187 195 198
68 13 70 73 74 79 86 90 91 93 94 96 104 106 114 116 118 119 122 125 126 130 131 135 142 150 151 154 155 160 163 167 169 170 172 176 186 187 198 199
69 93 70 71 76 77 80 81 84 86 92 97 98 99 101 102 104 110 113 114 117 119 120 135 137 138 140 141 142 146 151 154 156 161 163 165 173 176 178 181 183 185 187 193 196 199
70 13 72 77 78 82 83 84 85 93 94 95 99 100 102 103 109 113 116 119 121 122 123 126 129 130 132 135 139 145 146 147 151 152 153 155 157 159 160 161 165 168 172 176 177 178 181 185 194 197 199 200
71 46 76 80 81 84 85 86 87 105 106 109 110 119 121 128 129 130 131 141 144 145 146 148 152 154 156 159 160 161 165 167 170 176 177 186 188 190 193 196 198 200
72 96 73 74 76 79 89 94 101 107 108 111 113 115 118 120 121 124 129 130 132 140 141 150 151 153 155 156 160 161 166 170 171 174 175 180 184 189 190
73 52 74 75 76 79 80 88 90 92 97 103 106 108 111 119 121 125 127 128 129 136 137 139 141 146 151 160 161 162 165 167 170 175 177 178 181 193 194 195
74 53 79 82 84 89 91 92 94 95 99 104 109 110 111 120 121 124 127 128 131 132 138 140 141 142 147 149 154 157 162 163 164 165 166 172 173 176 179 182 183 186 189 190 198 199
75 43 76 77 78 83 88 93 95 96 104 111 113 115 116 120 121 123 126 129 132 135 136 138 140 144 146 147 151 152 155 158 165 169 174 176 188 189 191 192 193 195 196
76 52 77 79 81 91 95 105 108 110 112 120 125 129 131 133 136 137 138 142 152 159 164 172 179 180 183 185 188 194 195 197
77 62 78 83 89 94 97 99 101 103 104 105 117 119 130 134 136 138 140 141 143 147 149 150 151 154 158 165 170 171 175 176 178 185 186 189 191 194 197
78 48 83 87 89 92 93 99 100 102 107 120 122 125 129 131 146 150 161 163 167 169 171 173 183 186 187 188 191 193 194 195 196 200
79 2 80 82 83 90 91 92 94 95 96 97 98 100 101 104 106 107 108 115 124 126 137 141 143 146 151 152 153 154 157 158 159 164 165 175 177 183 185 189 191 198 199
80 78 83 84 92 93 101 105 113 118 120 123 129 130 131 134 139 141 142 143 148 162 167 169 172 178 183 189 191 194 195 196 197 199
81 65 85 93 94 100 101 102 108 112 117 122 136 141 145 147 149 151 152 153 158 162 170 178 179 182 187 191 192 193 194 196
82 25 86 87 91 99 100 101 102 104 110 118 120 122 129 131 141 145 147 152 158 160 166 168 171 175 180 182 183 184 187 188 190 192 197 199
83 42 85 88 90 91 94 96 97 98 100 102 103 106 108 110 112 114 116 118 119 124 127 128 137 138 145 148 149 154 155 158 159 161 162 164 165 168 174 176 177 178 186 193
84 71 86 87 88 90 92 94 96 97 98 102 105 107 108 112 114 116 117 120 121 132 143 145 147 153 155 161 163 164 166 168 177 178 181 189 190 193 196
85 60 89 102 106 113 116 117 119 131 132 133 134 135 137 138 141 142 148 153 155 156 167 168 178 181 183 188 195
86 51 88 90 92 93 95 97 102 104 106 111 119 122 128 131 139 140 144 148 155 156 158 160 167 170 171 175 177 178 183 185 189 194
87 2 88 90 91 99 103 106 111 115 117 119 121 123 126 134 135 139 144 149 150 151 156 167 173 176 180 182 185 188 191 194 196 197
88 45 89 90 91 92 97 99 100 101 104 111 114 116 117 118 121 127 128 129 141 143 146 148 157 163 170 171 175 177 178 183 184 187 190 194
89 78 95 99 102 107 109 113 115 117 121 123 131 137 140 146 149 155 158 160 161 163 164 174 175 182 183 185 186 187 188 192 193 194 195 197 198 199
90 91 99 100 102 106 108 113 117 130 131 134 145 148 149 150 151 153 156 157 163 164 172 177 181 183 184 187 188 189 193 197 198 199 200
91 83 92 93 95 100 103 107 111 113 115 119 121 123 124 126 142 148 150 151 152 153 157 158 166 168 174 175 176 179 191 199
92 62 94 95 96 98 102 103 109 110 111 112 113 114 120 124 128 129 139 145 146 150 159 161 165 168 170 175 179 187 189 190 191 193 200
93 76 99 100 114 116 120 122 123 124 127 130 131 133 136 141 145 148 149 154 155 157 160 162 165 168 175 176 187 190 192 197 198
94 69 99 101 104 108 118 119 128 136 138 140 146 151 153 154 155 161 168 172 173 177 180 188 190 192 195 197 200
95 70 102 103 106 109 112 116 118 119 122 123 132 136 137 139 142 143 145 146 147 162 164 168 170 172 173 181 184 185 191 198 200
96 30 100 101 102 103 105 108 109 110 111 115 116 120 121 123 126 127 130 131 132 136 139 140 141 143 147 148 153 154 155 163 165 167 168 170 173 175 177 178 183 186 189 190 195 197
97 85 98 103 107 114 117 121 122 127 134 137 144 149 152 157 159 160 163 166 170 176 177 179 180 184 194 200
98 92 102 109 114 120 135 137 141 143 146 147 148 149 150 155 157 160 161 165 167 169 172 173 175 177 183 184 185 188 191 193 194 198 199 200
99 87 101 103 107 117 131 138 145 149 151 152 154 159 172 173 182 184 186 187 191 192 198
100 12 103 105 108 115 118 120 126 133 136 137 140 142 147 149 152 155 156 167 169 170 171 174 178 180 181 184 188 192 198
101 73 102 104 105 109 115 117 118 120 124 131 135 136 137 138 140 144 146 147 149 153 155 156 157 158 162 163 166 167 174 176 177 178 179 180 181 182 183 193 194 195 196 197 198
102 29 103 106 107 111 112 114 118 119 122 127 137 139 141 144 146 147 152 153 156 165 168 170 175 176 177 180 188 189 191 192 194 195 196
103 54 105 106 107 110 111 116 119 122 124 125 130 131 136 138 142 152 153 154 158 163 165 170 173 180 182 187 188 192 193 195 196 197 198
104 4 106 107 108 119 120 121 126 127 130 132 134 136 137 140 141 143 150 151 153 157 158 160 166 168 169 172 176 181 183 188 194 198
105 32 108 110 114 115 125 128 133 138 154 155 157 158 159 161 164 168 169 170 176 177 181 182 185 186 187 188 189 191 199 200
106 16 112 122 125 128 131 136 140 141 144 145 146 147 152 153 154 168 170 175 177 182 186 195 196
107 4 108 114 116 118 121 124 125 126 127 128 131 132 133 134 135 138 139 151 153 154 158 159 160 177 178 179 186 187 190 192 195 198 199
108 48 114 115 119 121 124 126 127 129 130 138 140 142 145 149 153 155 158 160 162 164 165 168 171 174 178 180 181 182 183 184 185 190 193 199
109 56 110 112 113 114 117 120 126 127 128 130 132 136 139 140 141 142 143 145 148 151 152 158 165 168 171 174 175 181 183 188 193 197 200
110 63 112 114 116 128 131 135 145 146 148 159 173 174 175 180 182 185
111 51 112 117 119 120 125 127 129 130 134 136 137 139 142 145 158 159 160 161 163 165 167 168 169 171 175 177 179 181 183 186 189 192 195 196 197
112 1 113 116 124 130 131 138 141 151 152 153 154 157 159 165 171 172 179 180 182 187 192 193 194 199
113 37 114 115 116 121 123 124 127 129 136 139 140 144 145 146 150 151 161 162 163 165 167 169 170 171 173 175 180 181 187 188 195
114 53 117 118 121 122 129 131 132 137 141 150 152 153 157 161 163 164 166 168 170 172 178 179 181 183 184 186 187 199
115 33 116 118 124 130 134 137 138 139 140 143 147 149 155 158 163 166 168 169 170 178 180 181 185 187 188 192 193 195 196
116 52 117 124 125 134 137 139 143 144 151 157 158 160 163 167 173 178 187 189 190 199 200
117 31 124 127 128 132 135 136 140 144 148 149 150 151 153 154 157 158 159 160 161 164 165 167 184 188 189 194 198
118 94 119 123 124 127 129 130 131 134 141 142 144 145 148 150 152 153 155 159 160 162 164 166 172 176 178 179 180 190 192 194 200
119 44 120 124 127 128 129 132 136 138 139 140 143 145 146 147 150 151 153 155 158 161 167 168 170 171 172 175 179 183 184 186 187 189 194 198 200
120 9 125 126 129 132 133 134 138 141 144 146 149 151 152 156 157 169 172 173 174 176 180 182 185 187 188 195 198
121 14 123 124 125 129 133 135 136 140 141 145 150 153 155 157 159 163 165 169 172 177 179 183 186 188 196 200
122 16 125 130 135 136 138 142 145 148 158 159 160 162 167 168 171 173 175 178 180 181 182 188 189 198 199
123 72 127 133 136 137 138 143 147 150 153 154 158 159 166 167 172 173 176 178 179 180 181 183 188 189 190 193 195 198
124 28 129 130 133 138 146 147 148 150 157 163 164 166 169 171 174 179 188 189 190 191
125 97 131 138 140 142 150 151 162 166 167 168 169 180 184 189 191 193 199
126 87 128 135 138 139 140 141 148 149 152 157 158 162 163 164 165 168 169 175 180 181 183 189 193 194 196 198
127 52 129 130 132 136 143 144 146 147 151 159 167 168 170 171 178 182 187 198
128 26 134 135 137 141 142 143 148 151 153 154 156 161 162 168 172 176 177 178 182 184 195 199
129 13 130 131 132 133 134 136 139 140 144 146 148 152 158 159 164 165 169 172 178 185 189 193 196 198 199
130 21 131 132 134 139 142 146 147 155 156 159 161 162 163 165 168 169 171 172 174 182 183 184 190 198
131 68 134 136 138 141 142 143 150 155 166 168 176 178 183 184 186 188 189 190 191 192 195 197 199
132 41 138 139 140 143 149 152 153 155 156 158 164 167 170 173 175 176 177 179 188 192 198
133 39 135 137 138 154 155 157 158 167 170 172 175 182 187 191 192 193
134 64 137 138 157 158 160 162 176 179 180 183 184 187 189 191 197
135 89 137 138 140 141 144 146 151 152 153 158 159 163 164 165 166 174 180 182 183 190 193 200
136 76 137 139 140 144 149 150 151 156 166 171 172 176 178 186 191 193 194 197 198 200
137 73 138 145 150 152 153 157 158 162 164 170 172 176 179 180 181 183 185 187 188 196 199
138 32 139 141 142 145 146 147 148 149 155 161 162 169 170 176 177 179 180 182 183 188 194 197 199
139 90 142 147 151 153 154 157 158 163 167 168 170 171 174 179 180 184 187 190 192 193 194 195 197 198
140 10 145 147 149 150 155 159 162 163 165 166 167 171 172 175 177 178 182 187 197
141 34 143 152 154 155 162 166 167 171 175 181 182 189 190 198 200
142 79 147 149 153 154 159 162 168 169 172 173 186 195 200
143 39 144 145 146 147 148 162 163 164 165 166 169 170 174 178 179 180 183 196 200
144 84 145 147 148 150 151 154 156 171 172 176 182 188 191 194 196
145 86 147 148 150 151 152 154 159 162 172 176 177 178 179 185 186 191 193
146 69 147 148 149 150 151 152 153 155 168 169 170 171 172 173 176 177 180 181 185 188 189 191 194
147 1 151 153 155 157 159 161 166 170 174 175 180 186 187 189 192 195
148 71 151 152 154 155 159 165 166 173 174 181 188 190 192 194 197
149 74 151 153 154 158 159 161 167 169 172 175 178 185 186 190 191
150 51 151 155 156 160 164 167 168 170 175 176 179 188 191 192 196 197 198
151 40 152 156 159 179 181 184 185 187 191 192 195 196 198
152 21 153 160 162 166 171 173 176 177 179 180 182 183 184 191 192 193 195 197
153 71 156 158 166 177 185 187 192 199 200
154 74 163 164 167 170 174 177 180 185 187 188 189 193 200
155 61 159 160 168 171 173 176 178 180 181 190 193 195 196
156 98 162 166 169 170 171 172 173 175 177 184 187 190 196 199 200
157 1 158 162 169 172 177 186 188 189 200
158 71 159 169 174 179 184 186 188 190 192 195 197 200
159 88 162 170 172 176 178 183 185 186 192 196
160 4 165 168 171 173 174 175 177 178 185 186 197 199
161 70 164 174 176 184 187 188 190 199
162 44 164 165 168 169 175 176 177 178 184 187 190 193 196 200
163 21 166 172 173 180 181 186 189 191 199
164 89 168 170 178 182 185 186 191 195 196
165 48 166 167 176 180 194 195 197 200
166 63 170 171 172 173 175 182 187 190 193 194 195 198 199 200
167 44 175 176 177 179 180 184 185 190 191 193 194 200
168 65 173 177 179 183 184 186 199
169 42 171 172 177 178 183 191 192 195 200
170 28 171 174 183 184 186 189 191 192 196 197 199 200
171 50 172 173 174 180 184 188 190 193 194 196 197 198
172 11 176 177 182 185 186 187 189 194 196 197 199
173 1 179 183 184 191 198
174 5 177 178 184 195 197 199
175 58 177 190 196 197 199
176 80 178 180 190 191 192 195 196 198
177 85 180 184 185 187 189 190 195
178 78 183 187 188 191 193 194 200
179 61 186 187 188 190
180 11 181 186 188 189 190 200
181 66 188 189 190 198 199
182 24 186 187 189 191 200
183 8 186 190 193 200
184 54 186 188 194
185 57 194 196
186 73 188 193 196 197
187 51 195 198
188 90 193 197
189 58 190 191 194 198
190 41
191 46 194 196 200
192 84 194 196
193 19 194 195 196 200
194 99 197
195 60 200
196 34
197 91
198 85
199 61
200 65
