200
1 91 24 27 29 39 79 80 86 92 98 118 120 133 147 151 175 182 190 192
2 74 34 57 67 76 93 97 125 131 147 167 178 179 192 193
3 78 11 19 26 37 39 47 52 57 73 83 98 109 123 139 146 166 174 176 179 190 193 199
4 94 5 14 21 25 28 59 93 94 112 121 129 137 141 158 165 173 180 184 189 194 195
5 77 6 43 46 48 58 76 77 79 95 102 105 112 139 156 192 194 199
6 49 11 12 23 37 41 42 43 47 62 71 82 84 86 95 105 128 129 136 138 142 149 172 200
7 53 21 60 63 64 78 83 86 92 94 115 116 128 142 157 182 190 194
8 65 38 41 46 48 49 100 101 112 116 129 137 148 166 168 182
9 82 19 21 25 41 49 65 68 72 88 91 99 107 109 122 131 159 164 168 170 200
10 32 12 15 31 37 47 54 81 86 90 101 123 132 143 153 158 160 162 166 177 183 191 194 196 199
11 59 24 25 35 40 50 51 60 78 105 124 129 144 145 154 155 158 160 172 182 186 189
12 92 22 31 34 35 69 75 81 103 116 119 139 143 146 158 186 193 194 197
13 48 15 26 49 59 61 81 84 85 99 102 108 120 125 137 151 159 169 171 177
14 72 15 20 25 26 36 38 40 59 73 85 105 108 109 112 119 120 141 164 173 180 186 190 197
15 33 17 40 46 53 54 66 77 79 92 96 100 112 116 134 146 149 152 158 165 171 183 186
16 71 30 34 43 44 45 82 97 129 133 143 159 164 167 170 174 184 185 197 199 200
17 95 21 26 27 36 49 65 93 98 105 130 140 148 170 176 183 191 192 199 200
18 37 30 43 73 77 82 99 105 118 120 156 163 181 192 196
19 59 34 43 48 73 82 84 99 110 113 123 128 133 170 178 180 195 197
20 88 22 34 39 59 70 81 98 99 115 119 124 127 135 150 168 169 172 173 174 183 184 189
21 35 32 33 38 44 45 59 67 71 82 84 106 107 108 137 146 148 156 158 161 164 169 185 192 193
22 64 28 29 30 31 32 34 41 50 62 71 73 74 79 80 81 84 86 95 99 152 156 177 184 189 190 191 195 196
23 70 35 50 52 59 62 64 66 72 73 74 85 88 91 100 103 116 117 144 156 185
24 75 25 41 44 80 92 99 101 120 128 143 144 145 155 161 164 177 184 188 194
25 30 28 45 65 67 68 70 91 97 114 115 116 130 132 139 144 149 151 157 178
26 99 31 59 62 71 72 77 87 102 124 132 146 147 165 175 191 194
27 28 32 36 50 51 57 64 69 77 79 80 91 94 98 100 120 128 137 140 141 148 192 196
28 52 32 41 65 100 103 114 118 122 146 167 175
29 91 46 47 61 72 74 83 85 89 91 108 109 119 125 130 132 137 161 162 165 177 178 187 191 197
30 66 48 55 79 82 87 94 105 119 123 125 127 133 150 166 170 174 179 180 199
31 78 36 41 44 47 49 59 61 68 73 76 79 102 112 146 171 187
32 39 36 40 57 60 75 82 90 107 116 138 151 155 167 168 171 184
33 63 39 56 61 86 89 98 99 103 111 119 123 127 128 131 135 140 166 178
34 56 52 53 63 110 113 118 128 166 175 187 200
35 73 46 61 64 70 79 83 85 105 106 116 162 165 180 198
36 68 48 51 57 59 67 76 98 106 119 120 129 135 144 154 159 165 172 180 193 199
37 54 47 49 66 67 81 123 131 132 136 142 144 151 159 163 166 168 178
38 51 48 51 55 65 68 72 73 81 87 88 92 98 108 118 119 123 128 132 135 138 139 148 156 166 180
39 77 62 75 79 84 93 101 108 115 123 126 133 142 155 160 179 180 184
40 30 51 54 86 103 114 139 159 164 185 194 195
41 32 44 50 59 68 87 91 98 112 119 135 146 165 172 175 176 178 180 183 188
42 49 68 81 87 93 94 99 103 107 110 114 124 128 129 159 160 162 164 172 173 174 175 182 185 190
43 93 52 65 83 84 90 99 139 162 166 178 181 196
44 41 48 49 103 109 115 118 122 130 132 178 189 194
45 26 61 68 69 70 75 83 93 97 124 136 142 147 175 185 192
46 89 47 60 68 91 100 103 107 126 132 143 196
47 76 59 80 84 92 123 125 133 136 139 152 153 155 156 174 181 189 195
48 69 51 70 80 93 118 131 133 151 168 171 185 193 194 199
49 40 76 102 134 139 147 151 162 164 176 180 185 187 189 196
50 71 75 76 77 105 106 139 154 179 190 198
51 78 52 55 66 77 92 125 128 130 131 132 140 147 156 162 168 171 183
52 98 53 56 66 77 88 90 117 133 142 150 154 164 176 190 199 200
53 62 88 95 103 104 108 114 128 177
54 91 62 84 101 106 133 135 138 141 142 151 152 163 165 167
55 57 60 64 67 76 82 84 88 98 107 108 143 151 167 179 186 189
56 33 71 74 77 80 98 103 107 112 116 120 128 133 140 146 158 191
57 28 59 64 83 84 95 100 113 120 159 167 169
58 51 60 64 67 78 88 90 93 96 133 143 147 153 179 182 192 193 197
59 93 70 76 88 113 115 117 123 129 130 133 136 140 172
60 71 65 82 83 97 100 116 118 125 131 136 159 162 166 174 182 190 200
61 20 71 81 91 92 103 108 114 131 135 139 154 160 163 175 180 186 194 195
62 76 72 79 92 97 98 122 137 145 147 155 166 189 194
63 41 84 88 96 101 102 104 119 123 130 131 137 158 188 194
64 92 76 78 80 100 112 127 133 134 140 152 163 167 168 174 188 195
65 77 68 77 89 104 107 116 122 123 136 150 169 196 200
66 77 77 79 80 84 94 103 126 134 137 143 155 161 180 186 189
67 29 70 76 79 104 112 149 163 170 183 196
68 80 80 97 106 132 145 167 181 183
69 74 70 92 98 99 107 110 169 181 190
70 98 89 94 101 117 118 146 160 167 174 200
71 89 73 85 108 114 115 130 131 132 135 153 161 168 180 182
72 65 73 79 80 127 154 158 161 187 190
73 76 75 98 102 103 121 129 160 163 175 178 190 191
74 92 79 81 86 92 113 147 161 167
75 93 76 81 95 112 118 131 157 165 174 178 181 186 190 197
76 38 82 83 89 91 94 110 115 120 123 135 149 156 164 174 185 189
77 24 79 86 87 89 92 96 106 120 142 151 170 173 191 192
78 45 81 85 104 105 114 121 124 141 152 157 169 198
79 66 90 93 103 108 124 127 132 135 143 147 154 156 179 185 191
80 42 83 89 100 121 125 129 154 155 181 183 192
81 45 92 94 112 117 127 135 139 142 143 145 155 194 197
82 54 83 102 117 121 122 147 164 172 183
83 94 99 110 114 117 120 130 134 149 152 158 159 172 187 199 200
84 88 93 102 108 120 122 128 134 135 138 146 148 165 171 178 182 197
85 71 126 133 137 140 142 152 155 156 158 159 167 170
86 73 99 100 107 115 130 134 137 158 160 196
87 70 92 111 118 123 136 149 151 153 170 174 176 177 198
88 80 94 108 111 127 132 151 157 163 165 179 184
89 72 96 110 138 140 147 156 170 176 198
90 64 95 97 106 111 126 137 153 157 159 163 164 169 177 189
91 33 106 115 124 125 126 131 141 150 159 189
92 54 120 132 152 161 167 184 192
93 66 97 105 114 121 159 188 190 200
94 23 106 113 123 124 138 139 158 170 173 175 184
95 50 100 129 152 156 163 192
96 36 114 122 144 145 166 168 170 175 187 189
97 86 105 110 113 122 123 124 136 137 150 156 160 164
98 54 102 103 108 118 121 136 143 151 164 195 196 200
99 58 109 112 123 131 136 143 151 170 195 196
100 54 109 111 126 129 145 151 163 170 171 173 177 192 194 195
101 61 102 105 107 113 116 120 124 158 163 169 176 186 195 197 198
102 33 121 138 154 163 164 168 173 176 190
103 94 105 120 167 170 189
104 95 111 114 128 143 157 167 169
105 52 107 111 113 119 124 130 131 133 140 149 158 169 170 179 187 191 193
106 100 124 126 131 132 138 140 149 151 190
107 21 110 111 114 137 149 150 166 174 180 193
108 55 128 129 143 147 150 151 167 168 173 175 181 186 187 192 193 199 200
109 62 115 133 141 156 157 166 177 182
110 59 112 116 118 125 141 153 168 191 194
111 70 113 114 125 149 169 175 176 185
112 54 114 147 158 177 183 185 187 192 200
113 97 126 131 133 175 187 195
114 51 118 120 140 154 158
115 100 120 124 145 164 200
116 21 133 138 140 146 154 163 167 168 170 198
117 39 123 133 134 143 148 154 168 174 183
118 21 127 131 138 152 160 165 167 172 182
119 94 125 140 143 148 155 200
120 36 132 133 139 158 161 163 164 174 195 196
121 72 122 123 125 130 133 142 163 167 171 187 188 192
122 20 132 142 145 154 163
123 56 132 148 153 161 171 189
124 51 151 160 163 193 196
125 21 156 157 166 180
126 72 134 143 181 192 195
127 30 128 138 147 151 154 156 163 170 178 179 181 185
128 34 131 163 190
129 25 143 156 158 178 188 191
130 35 131 139 149 158 176 177 178 184 193 200
131 34 142 146 155 185 186
132 69 142 189 198
133 43 136 139 147 165 171 194 195 200
134 36 145 149 159 169 186
135 58 139 141 162 168
136 78 147 160 168 170 174 186
137 24 150 167 183 184 192 193
138 65 139 144 152 159 169 181 182
139 84 141 146 152 156 160 164 179 181 182 183 188 196 199
140 57 151 159 162 182 188 199
141 22 153 167 170 171 172 191 193 197
142 22 148 152 185 190
143 34 168 169 171 177 183 187 197
144 43 156 186 195 197
145 81 155 173 186 198
146 97 147 152 163 166 168 180 194
147 90 150 153 160 172 173 194
148 91 161 173 174 175 179 183 189 198 199
149 43 155 156 158 162 183 186 192
150 41 195 196
151 77 164 188 191 193 195
152 80 179 189 193 195
153 84 155 183
154 20 165 173 185 192 200
155 45 156 161 162 164 167 185 196
156 24 158 176 178 184
157 99 167 179 183
158 80 162 180 189 193 200
159 31 160 175
160 40 174 178 179
161 58
162 41 181
163 74 172 182 187
164 34 166 170 177 184 186 187
165 71 169 195 197
166 57 169 174 186 198
167 72 173 186 192 193
168 87 169 173
169 38 170 171
170 31 171 181 184
171 87 176 181 182 190 191 193 195
172 85
173 51 175
174 77 179
175 29 197
176 57 177 185 188
177 30 191
178 37
179 64 183 189 196
180 82 189 193
181 26 195
182 89
183 90 194
184 96 193
185 62 188 192 197
186 52
187 49
188 88 189 192 198
189 56 191
190 76 194 195
191 64 199 200
192 39 198
193 84
194 67
195 57
196 93 198
197 56 199
198 58
199 27
200 65
