200
1 25 4 5 8 9 10 11 12 13 14 18 19 20 21 22 23 24 25 26 28 29 30 31 33 34 35 37 38 40 42 43 44 46 47 48 49 51 52 53 54 55 57 58 59 60 61 64 65 66 67 68 69 70 72 73 75 76 77 78 79 80 81 82 83 84 86 87 88 89 90 91 92 93 94 95 96 97 98 100 101 102 103 104 105 107 108 109 110 111 112 113 114 115 117 121 122 124 127 128 129 130 131 132 133 134 135 136 137 138 139 140 141 142 143 144 145 150 151 153 154 155 156 158 160 161 163 165 166 167 169 172 173 174 176 177 178 179 180 181 182 183 184 185 186 187 189 190 191 193 194 195 196 197 198 200
2 88 3 4 5 6 8 10 11 12 13 15 17 18 19 20 22 23 24 25 26 29 30 32 34 35 36 38 39 40 42 44 45 46 47 49 50 51 52 53 55 56 58 59 60 61 62 63 64 66 67 68 69 70 71 72 74 75 77 78 79 80 81 82 83 85 87 88 89 90 93 94 95 96 97 98 99 100 101 104 105 106 107 109 111 112 114 117 118 120 121 122 123 124 125 126 127 128 130 131 132 133 134 135 136 137 138 139 140 141 142 143 145 146 148 149 150 151 152 153 154 155 156 157 158 159 160 161 162 166 167 168 169 170 171 172 174 175 176 178 180 181 182 183 184 186 187 188 190 191 193 194 195 196 197 198 199
3 63 5 6 7 9 10 11 13 14 15 16 17 18 19 21 22 24 25 27 28 29 30 31 32 33 35 36 37 38 41 42 43 44 45 47 48 49 50 52 53 54 55 56 57 59 60 61 62 63 64 66 67 68 69 70 71 72 74 75 76 77 78 79 80 81 82 83 84 85 87 88 89 90 91 92 93 94 95 96 97 98 99 100 101 102 103 104 105 107 108 109 111 113 114 115 116 117 118 119 122 123 124 125 127 128 129 130 132 133 134 135 136 137 138 139 141 144 146 147 148 149 150 151 152 153 154 155 156 158 159 160 161 162 163 165 167 168 169 170 172 173 175 176 177 179 180 181 182 183 185 187 188 189 190 191 193 194 195 196 197 199 200
4 78 5 6 7 8 9 10 13 14 16 17 19 21 22 23 25 26 27 28 30 31 33 34 36 39 42 43 44 45 46 48 51 52 53 55 56 57 58 59 60 61 62 63 64 65 67 68 69 71 73 74 75 77 78 81 82 84 86 87 88 90 91 92 93 94 95 96 97 98 100 101 102 103 104 105 106 107 108 109 110 111 112 114 115 116 117 118 119 120 122 123 124 125 126 127 129 131 132 133 134 135 137 138 139 140 142 143 144 145 146 147 148 150 151 152 154 155 156 157 159 161 162 163 165 167 169 170 171 172 173 174 175 176 177 178 179 180 183 184 185 186 187 189 191 192 193 194 195 196 197 198 199 200
5 80 6 9 10 12 13 14 15 16 17 18 19 20 21 23 24 25 26 27 28 29 30 31 32 33 34 35 37 38 40 41 44 45 47 48 50 51 53 54 55 56 57 58 61 62 64 66 67 68 69 70 71 73 74 75 76 77 78 79 80 81 82 83 84 85 86 87 88 90 91 92 93 94 95 96 97 98 99 100 101 102 103 104 105 106 107 108 109 110 111 114 115 116 117 119 120 121 122 123 124 125 126 127 129 130 131 133 134 135 136 138 140 142 143 144 145 148 149 150 152 153 154 155 156 158 159 160 161 162 163 164 166 167 168 170 171 173 174 175 176 177 178 180 181 182 183 185 187 190 193 194 195 196 198 199
6 57 7 9 10 13 15 16 17 19 20 21 22 23 25 26 28 29 30 32 33 35 36 37 38 39 40 41 45 47 48 49 50 52 53 54 55 56 57 58 59 60 61 62 63 64 65 66 67 68 69 70 71 72 73 74 75 76 77 78 79 82 83 84 85 86 87 88 92 95 96 101 102 103 104 105 106 107 108 109 110 111 112 113 114 115 116 117 118 119 120 121 122 123 125 126 128 129 130 131 132 134 135 136 137 138 139 140 142 143 144 145 147 148 149 151 152 153 154 155 156 157 158 159 160 162 164 165 167 168 170 172 174 175 177 178 179 180 182 183 184 185 186 187 188 189 190 191 192 193 194 195 196 197 198 200
7 25 9 11 13 14 15 16 17 18 20 21 22 23 24 26 27 28 29 30 31 32 33 34 35 36 37 38 39 42 44 46 47 48 49 50 51 52 54 55 56 57 58 59 60 62 64 65 67 69 70 71 73 74 75 76 77 78 79 80 82 83 84 87 88 89 90 91 92 93 94 95 96 98 99 101 104 105 106 107 108 110 112 113 114 115 117 118 119 120 121 122 123 124 125 126 127 128 129 130 132 133 135 136 137 140 141 143 144 145 146 148 149 150 151 152 153 154 155 156 157 160 161 162 163 164 166 167 168 169 170 171 172 173 174 175 176 179 180 181 182 183 184 185 187 188 190 192 193 194 195 196 197 198 199 200
8 40 9 10 12 13 14 15 16 18 19 20 21 22 24 25 26 27 28 29 30 32 33 34 35 37 38 39 41 43 44 45 47 48 50 51 52 53 54 55 56 58 60 62 63 64 66 69 72 73 74 76 78 80 81 82 83 85 86 87 88 89 90 91 93 94 97 100 101 102 104 105 106 107 108 109 111 112 113 114 115 116 117 118 119 120 121 122 123 124 125 126 127 130 131 132 133 135 136 137 138 139 140 141 142 144 146 147 148 149 150 151 153 154 155 156 157 158 160 161 162 165 168 169 170 171 172 174 175 176 177 178 179 183 185 186 188 189 191 192 193 195 196 197 198 199 200
9 47 10 11 13 14 15 16 17 18 19 21 22 23 24 25 26 29 30 31 32 34 36 37 38 39 40 41 42 43 44 46 47 48 50 51 52 54 57 59 60 61 62 63 64 65 66 67 69 70 71 72 73 74 75 76 78 79 80 83 84 86 87 88 89 90 91 92 93 95 96 97 98 99 100 101 103 104 105 106 107 108 110 111 112 114 115 116 117 118 119 120 122 123 124 126 128 129 130 131 132 133 134 135 136 137 139 140 141 142 143 144 146 148 152 153 154 155 157 158 159 160 161 162 164 165 167 168 169 170 171 172 174 178 179 180 181 183 184 185 187 188 189 190 191 192 193 194 195 196 197 198 200
10 76 12 13 14 15 17 18 19 20 21 22 23 24 25 26 27 28 30 32 33 34 35 36 37 38 40 41 42 43 44 45 46 47 48 49 50 51 53 54 55 56 57 58 59 62 63 65 66 67 68 71 72 73 74 75 76 77 78 79 80 81 82 83 84 85 86 87 88 89 90 91 92 93 94 96 97 98 99 100 101 102 103 104 106 107 108 109 110 111 112 113 114 115 116 117 118 119 120 121 122 123 124 125 126 127 128 129 130 131 133 134 136 137 140 141 142 143 147 148 150 151 152 153 154 155 156 157 158 160 161 162 163 165 166 167 168 169 170 173 174 176 178 179 180 181 182 183 184 186 187 188 189 190 191 192 193 194 195 196 198 199
11 65 13 14 15 16 17 18 19 22 23 25 26 27 28 29 30 31 32 33 35 36 38 40 42 43 45 46 47 48 50 51 52 53 54 55 56 57 58 59 60 61 62 63 64 65 66 67 68 69 71 72 73 75 76 77 78 79 81 82 83 84 85 86 90 92 93 94 95 96 98 100 101 102 103 105 106 107 108 110 111 112 113 115 116 117 118 119 122 123 125 126 127 128 130 131 132 133 135 136 137 140 141 142 144 145 146 147 148 149 150 151 152 153 154 155 156 157 158 160 162 163 164 165 166 167 169 170 172 173 174 175 176 178 179 182 183 184 185 186 187 188 189 190 191 192 193 195 197 198 199
12 36 13 14 16 18 19 20 21 22 23 24 25 26 27 28 29 30 31 33 34 36 37 38 40 43 44 45 46 47 48 50 51 52 54 55 56 57 58 59 60 61 62 63 65 66 67 68 69 70 72 73 75 78 79 82 83 84 85 86 87 89 90 91 93 94 95 96 97 98 99 101 102 103 104 105 106 107 108 110 111 112 113 114 115 117 118 119 120 122 123 125 126 127 128 129 130 131 132 134 135 137 138 140 142 143 144 145 146 147 148 149 151 153 154 155 156 158 159 161 162 163 164 165 166 167 168 169 170 172 173 174 177 178 179 180 181 182 183 184 185 186 187 188 190 191 192 193 195 196 197 199 200
13 99 14 15 16 17 19 20 21 22 23 24 26 27 28 29 30 31 32 33 34 35 36 37 38 39 40 41 43 44 45 46 47 50 51 52 53 54 55 57 58 59 60 62 63 64 65 67 68 70 72 73 74 75 77 79 80 81 82 84 85 87 88 89 90 91 92 94 95 96 98 100 101 102 103 104 105 106 107 108 110 111 112 115 117 120 121 123 126 127 128 129 130 131 132 133 134 136 137 138 139 140 141 143 144 145 146 147 149 150 151 152 153 155 156 158 159 160 161 162 163 164 165 167 168 169 170 171 173 174 175 176 178 179 180 181 184 185 187 188 189 191 192 193 194 195 197 199 200
14 22 15 16 17 18 20 21 22 23 24 25 26 27 29 30 31 32 33 34 35 36 37 39 41 42 43 44 45 46 47 48 49 51 52 56 57 58 59 60 61 63 64 65 66 67 68 69 70 71 72 75 76 77 78 79 80 81 83 84 86 87 89 90 91 92 94 95 96 97 98 99 102 103 104 105 107 108 109 110 111 112 113 114 115 116 117 118 119 120 121 122 124 125 126 127 128 129 130 131 132 133 134 135 136 137 138 139 141 142 144 145 146 147 148 149 151 153 154 155 157 158 159 160 161 162 164 165 166 167 169 170 171 172 173 174 175 176 177 178 179 181 182 183 184 185 186 187 188 189 193 194 195 196 197 198 199
15 71 16 18 20 21 24 25 26 27 28 30 31 32 33 34 35 36 37 38 39 40 41 42 43 44 45 46 47 48 50 51 52 54 56 57 58 61 62 63 64 65 66 67 68 69 70 71 72 73 74 75 76 77 79 80 82 84 86 87 88 89 90 91 92 94 95 96 97 98 99 100 101 102 103 104 105 106 107 108 110 111 112 113 114 115 116 119 120 121 122 123 124 125 126 129 130 131 132 133 134 138 139 140 141 142 143 145 146 147 148 149 150 151 153 154 155 156 157 158 159 160 163 164 165 166 167 168 170 172 173 174 176 177 178 181 182 183 186 187 188 189 190 192 194 195 196 197 198 199 200
16 40 18 19 20 21 23 24 25 26 27 28 29 30 31 33 35 36 37 38 41 43 47 49 50 51 52 53 56 57 58 59 60 61 62 63 64 65 67 68 69 71 74 75 76 77 78 79 81 83 84 86 87 88 90 92 93 94 95 96 97 98 100 101 102 103 104 105 106 107 108 110 111 113 114 115 116 117 119 120 121 122 123 124 125 126 127 128 129 130 132 133 134 135 136 137 139 140 141 142 143 145 146 147 148 149 151 152 153 154 155 157 158 159 160 161 162 163 164 165 166 169 170 171 172 173 174 175 176 178 179 180 183 184 186 189 192 195 196 197 198 199 200
17 60 18 19 20 21 22 23 24 25 27 28 29 30 31 34 36 37 38 40 41 42 43 44 47 48 49 50 51 52 54 55 56 57 59 60 61 62 63 64 65 68 69 70 71 72 74 75 76 77 78 79 80 81 82 83 85 87 90 91 93 94 95 97 98 99 100 101 102 103 104 105 106 107 108 110 111 113 114 115 116 117 118 120 123 125 126 127 128 129 131 133 134 135 136 137 138 139 140 141 142 144 145 146 147 148 149 151 152 153 154 155 157 158 160 161 162 163 164 165 166 167 168 170 171 173 174 175 176 177 178 179 181 182 183 184 185 187 188 191 192 193 194 195 196 200
18 91 20 21 22 23 24 25 26 27 28 31 35 36 37 38 40 41 43 44 48 49 50 51 52 53 54 56 58 59 60 61 62 63 64 65 66 67 68 69 70 71 72 73 74 75 76 77 79 81 83 84 85 86 87 88 89 91 92 93 94 95 96 99 100 101 102 103 104 105 107 108 109 110 111 113 114 115 117 118 119 121 123 124 125 126 128 129 130 131 134 135 136 138 140 141 142 144 145 146 147 148 150 151 152 153 154 155 157 158 160 161 162 163 165 167 168 169 170 171 172 173 174 175 176 177 178 181 182 183 184 185 186 187 188 189 190 191 192 194 195 196 197 198 199 200
19 82 20 21 22 23 24 27 28 29 30 31 33 34 36 39 40 42 43 44 45 46 47 48 49 52 53 54 56 57 58 59 60 61 62 63 64 65 67 68 69 70 71 73 74 75 76 77 79 80 81 82 84 85 86 87 89 90 91 92 93 94 95 96 97 98 99 102 103 104 105 106 107 108 109 110 111 113 114 116 117 118 120 121 122 123 125 127 128 129 130 132 133 134 135 139 140 141 142 143 145 146 147 148 149 150 153 154 156 157 158 159 160 161 162 163 164 166 167 169 170 171 172 173 174 175 176 177 178 179 180 181 182 183 185 186 187 188 190 192 193 194 195 196 197 198 200
20 35 21 22 23 24 26 27 28 29 30 31 32 33 34 36 38 39 41 42 43 44 45 46 47 48 51 53 54 55 56 57 58 59 60 61 62 63 64 65 66 67 68 69 70 71 73 75 76 77 78 79 80 81 82 83 84 85 86 87 88 89 90 91 93 94 95 96 97 98 99 101 102 104 107 108 109 110 111 112 113 114 115 116 117 118 119 120 121 122 123 124 125 126 127 128 129 130 132 133 136 137 138 140 141 142 144 147 148 149 150 151 153 154 155 156 159 160 161 164 166 168 169 170 171 172 173 174 175 176 177 178 180 181 182 183 184 185 186 187 188 189 190 192 194 195 196 197 199 200
21 57 22 23 24 26 27 28 29 30 31 32 33 34 35 37 38 39 40 41 42 43 44 45 46 47 48 49 50 51 52 53 55 57 61 66 68 70 71 72 73 74 75 76 77 78 79 80 81 82 84 86 87 88 90 91 92 93 94 95 96 97 98 99 100 101 102 103 104 105 106 107 108 109 110 111 112 113 114 115 116 117 118 120 122 123 124 125 126 127 129 131 132 133 134 135 136 137 139 140 142 143 144 146 148 149 150 152 154 155 157 158 159 160 162 163 164 165 166 169 172 173 174 175 176 177 178 179 181 182 184 185 186 187 188 189 190 191 192 193 194 195 196 197 199 200
22 28 23 24 26 29 32 33 34 35 36 38 39 40 41 42 44 46 47 48 49 51 52 53 54 55 57 58 60 64 65 67 68 71 72 76 77 78 79 80 81 82 83 84 85 86 87 88 89 90 91 92 95 96 97 98 99 101 102 103 105 106 108 109 110 111 112 113 114 116 118 121 122 123 124 126 128 129 132 133 134 136 137 138 139 140 141 142 143 145 146 148 149 152 153 154 155 156 159 160 163 166 167 168 169 170 171 172 173 174 175 176 177 178 179 180 181 182 184 185 186 187 188 189 190 191 192 194 195 196 198 199
23 28 25 28 29 30 31 33 34 35 36 38 39 40 41 43 44 45 46 48 50 51 52 54 55 56 57 58 59 60 61 63 64 68 69 70 71 73 74 75 76 78 79 80 81 84 85 86 87 88 89 90 91 92 93 94 95 96 99 101 102 103 104 105 106 107 108 109 110 111 112 113 114 115 116 117 118 119 120 121 122 123 125 126 127 128 129 130 131 132 133 135 136 137 139 140 141 142 143 144 145 146 148 150 151 152 153 154 155 156 157 158 159 160 161 162 163 164 165 166 167 168 170 171 172 173 174 175 176 177 179 181 182 183 184 185 189 190 192 193 197 198 200
24 22 26 27 28 29 30 31 32 33 34 35 36 39 40 44 45 46 47 48 49 50 51 52 53 56 57 58 59 60 61 63 64 65 66 67 68 69 70 71 72 73 74 75 76 77 78 81 82 83 84 85 86 88 89 90 91 92 94 95 98 99 100 101 102 103 104 105 107 108 109 110 111 112 113 115 116 117 118 120 121 122 123 126 127 128 129 131 132 133 135 136 137 138 139 140 141 142 143 144 145 148 149 150 151 152 153 156 157 158 159 161 164 165 166 167 168 169 171 172 173 174 176 178 179 180 181 182 183 184 185 186 187 188 189 190 191 193 194 195 196 197 198 200
25 27 27 28 29 30 31 32 33 34 36 37 38 39 40 41 42 43 44 45 46 47 48 49 51 52 54 55 56 57 59 60 62 63 64 66 67 68 70 71 72 74 76 79 80 81 82 83 85 86 88 89 90 91 92 93 94 95 96 97 98 99 100 101 102 103 104 105 106 107 108 110 112 113 114 116 119 120 121 122 123 124 125 126 127 129 130 131 132 133 134 135 136 137 139 140 141 142 145 147 148 149 150 151 152 153 154 155 158 159 160 161 162 163 164 165 166 168 169 170 171 172 173 174 175 176 177 180 182 183 184 185 186 188 189 190 192 193 194 195 196 197 198 199
26 22 27 28 29 30 31 34 36 37 38 39 40 41 42 43 44 45 46 47 49 50 51 52 53 57 58 59 60 61 62 63 64 65 66 67 69 70 71 72 74 75 77 79 80 81 82 83 84 85 86 87 88 89 90 92 93 95 96 97 98 100 101 102 103 105 106 107 108 109 110 111 112 113 114 115 116 117 118 121 122 123 124 125 126 127 128 129 130 131 132 133 134 135 137 138 139 140 141 142 143 144 146 148 149 151 152 153 155 156 158 159 160 161 162 163 166 167 170 171 172 173 175 176 177 178 180 181 183 184 185 186 187 190 191 192 193 194 195 196 197 198 199 200
27 48 28 29 30 31 32 33 34 36 37 38 39 40 41 43 44 45 46 48 49 50 52 53 54 55 56 57 59 60 62 63 65 67 68 69 71 72 74 75 77 78 79 80 81 82 83 85 87 89 90 91 93 94 95 96 97 98 99 101 102 103 104 105 106 107 108 109 110 111 112 113 114 115 116 117 118 119 120 121 122 123 124 125 126 127 128 129 130 131 132 133 135 136 137 138 139 140 141 142 144 145 147 148 149 150 151 152 153 154 155 156 157 158 160 161 163 164 165 166 167 169 170 171 172 173 175 176 177 179 180 182 183 184 185 186 187 188 189 190 191 192 193 195 197 198 199
28 93 29 30 31 32 33 34 35 37 38 39 41 42 43 44 45 46 47 48 49 51 52 53 54 55 56 57 58 59 60 62 63 65 66 67 70 71 72 74 76 78 79 80 81 82 83 84 85 86 87 89 90 91 93 94 96 97 99 101 102 104 105 106 107 109 110 112 113 114 115 116 117 119 120 121 122 123 124 125 127 128 130 131 133 135 136 137 138 139 140 142 143 144 145 147 148 149 150 151 152 153 156 157 159 160 161 162 165 166 167 169 170 171 172 173 174 175 176 177 178 180 181 182 183 185 188 189 190 191 192 193 194 195 196
29 57 30 31 34 35 36 40 41 43 44 45 46 47 48 49 50 52 53 54 55 56 58 59 60 61 63 64 66 67 68 69 70 71 73 74 75 76 78 79 80 81 83 84 85 87 88 89 90 91 92 94 95 96 97 98 99 100 101 102 103 104 105 107 108 109 111 112 113 114 115 116 117 118 119 120 121 122 123 124 125 126 127 128 129 130 131 132 133 135 136 137 138 140 141 142 144 145 146 147 148 149 150 151 152 153 155 156 157 158 159 161 162 163 164 165 166 167 168 169 170 171 172 173 174 175 176 177 178 179 181 182 183 184 185 186 187 189 191 192 193 194 196 197 198 199
30 39 31 32 33 34 35 36 38 39 40 41 42 43 44 45 46 47 48 49 50 51 52 53 55 57 59 60 61 64 65 66 67 68 69 71 72 73 74 75 76 77 78 80 81 82 83 84 85 86 87 88 89 93 94 95 97 98 99 100 102 103 104 105 106 107 108 109 110 112 113 114 116 118 119 120 121 122 123 124 125 126 127 128 129 130 131 132 133 134 135 136 139 140 141 143 144 145 146 147 148 149 150 151 152 153 154 155 156 157 158 160 161 163 164 166 168 169 170 173 174 175 176 178 179 180 181 183 184 185 186 187 188 190 192 193 194 197 198 199 200
31 74 32 34 35 36 38 39 42 43 44 46 47 48 49 50 52 56 57 58 59 60 61 62 63 64 65 66 67 69 71 72 73 75 76 78 79 80 81 82 83 85 86 88 89 90 94 95 97 98 100 101 102 104 105 107 109 110 111 112 117 118 122 123 124 126 127 128 129 130 131 133 134 135 136 137 138 139 141 142 144 146 147 148 149 150 151 152 154 155 156 157 158 159 160 161 162 163 164 165 166 167 168 169 170 172 173 174 175 176 177 179 180 182 183 185 186 187 188 189 190 191 192 194 196 197 198 199 200
32 36 33 34 35 36 37 38 41 42 44 45 48 50 51 52 53 55 58 59 62 63 66 67 68 70 71 72 73 75 76 77 78 80 81 82 83 84 85 88 90 91 92 93 94 96 97 98 100 101 102 103 104 105 106 107 108 109 110 111 112 113 114 116 117 118 119 120 121 122 123 124 127 129 130 131 132 133 134 135 136 137 138 139 140 141 143 144 145 146 148 149 151 152 153 154 155 156 157 158 159 160 161 162 163 164 167 168 169 170 171 173 174 176 177 178 180 181 182 183 184 185 186 188 189 190 191 192 193 194 195 196 198 199
33 58 34 35 36 37 38 40 41 43 45 46 47 48 50 51 53 54 55 56 57 58 59 60 63 64 67 69 70 71 72 73 74 76 77 78 79 80 81 82 83 84 85 87 88 90 91 92 93 94 95 96 97 98 99 100 103 104 105 106 107 108 109 110 111 112 113 114 115 116 117 119 120 121 122 123 124 125 126 127 128 129 130 131 133 134 135 136 137 138 139 140 141 142 143 144 145 146 147 148 149 150 151 152 153 154 156 157 158 159 160 161 162 163 164 165 166 167 168 169 170 172 173 174 177 178 179 180 181 182 183 185 186 187 189 193 194 196 197 198 199 200
34 63 36 38 40 41 42 43 44 45 46 47 48 49 50 51 52 53 54 55 58 59 62 65 66 67 68 69 70 71 72 73 75 76 78 79 80 81 82 83 86 88 89 90 91 92 93 94 95 97 99 100 101 102 103 104 105 106 107 109 110 115 116 117 119 121 123 124 125 126 127 129 130 131 132 133 134 135 136 137 138 139 140 141 143 144 145 146 147 148 149 150 151 153 154 155 156 157 158 160 162 163 164 165 168 170 171 172 173 174 175 176 177 179 180 181 182 183 184 186 187 188 189 192 193 194 195 198 200
35 88 36 37 38 39 40 41 42 43 44 45 46 47 48 49 50 51 52 53 54 55 56 57 58 60 61 62 64 65 66 67 68 69 70 72 73 74 75 76 77 78 79 80 81 82 83 84 85 86 87 88 89 90 91 92 93 94 95 96 97 99 100 101 102 103 105 106 107 108 109 110 111 112 114 115 116 117 118 119 122 123 124 125 126 128 129 130 131 132 133 134 135 136 137 138 139 140 141 142 143 144 146 147 148 149 150 151 152 153 154 155 156 157 159 160 161 162 163 165 167 168 169 171 172 173 174 175 177 178 181 182 183 184 185 186 187 190 191 192 193 194 195 196
36 62 37 38 39 40 41 42 43 44 45 46 47 48 50 51 52 53 56 57 58 59 60 61 62 63 64 65 67 69 70 71 72 73 74 75 76 77 78 79 80 81 83 84 85 87 89 90 91 94 95 96 97 98 100 101 102 103 104 105 108 109 110 111 112 113 115 116 117 118 119 121 122 123 124 125 126 128 129 130 131 133 134 135 136 137 138 139 141 142 143 145 146 147 148 149 150 151 153 154 156 157 158 159 160 161 164 165 166 167 168 169 170 173 175 176 177 178 179 180 181 182 183 184 185 186 187 188 189 191 192 193 194 195 196 197 198 199 200
37 93 39 40 41 42 43 44 45 46 47 50 52 53 54 55 56 57 58 59 60 61 62 63 65 66 67 68 69 71 73 74 76 77 78 79 80 81 82 84 85 86 87 89 90 92 93 95 96 97 98 99 100 101 102 103 104 105 106 107 109 110 111 112 113 115 116 117 118 122 123 124 125 126 127 128 129 130 132 133 134 135 136 137 138 139 140 141 142 143 144 145 146 148 150 151 152 153 154 155 157 158 159 160 161 162 163 164 165 166 167 168 169 173 174 177 178 179 180 181 183 184 185 187 188 189 190 192 193 194 195 196 197 198 199 200
38 31 39 40 42 43 45 46 47 48 49 50 53 56 57 58 59 60 61 63 65 66 67 68 69 70 71 72 73 74 75 76 77 78 79 80 82 83 85 86 90 91 93 94 95 96 98 100 101 104 105 107 108 109 110 111 116 117 119 120 121 122 123 125 128 129 130 132 133 134 135 137 138 141 142 143 145 146 147 151 156 157 158 160 161 162 163 164 165 166 167 168 169 170 172 173 175 176 178 179 180 181 182 185 187 189 191 192 193 194 195 198 199
39 82 41 43 45 47 48 49 51 54 55 57 58 59 60 61 63 64 65 66 70 72 73 74 75 76 77 78 79 80 82 83 84 85 86 87 88 89 91 93 95 96 97 98 99 100 103 104 105 108 110 112 113 114 115 116 117 118 119 121 122 123 124 125 126 127 128 129 130 131 132 133 134 135 136 137 138 139 140 141 142 143 144 145 147 149 152 153 154 155 157 158 159 161 162 163 164 166 167 169 170 171 172 174 177 178 179 180 181 182 183 184 185 186 187 188 189 190 191 193 195 197 198 199 200
40 93 41 42 43 44 45 47 48 50 51 53 54 55 56 57 58 59 60 61 63 64 67 68 70 72 73 75 76 77 78 79 80 81 82 83 85 86 88 90 93 94 95 96 97 98 99 100 101 102 103 104 105 106 107 109 110 111 112 116 117 118 119 120 121 122 123 125 126 129 130 131 132 133 134 135 136 137 138 139 140 141 143 144 146 147 148 149 150 152 154 155 156 157 158 161 162 163 164 167 168 169 170 171 172 173 174 175 176 177 179 181 182 183 184 185 186 187 188 189 190 191 192 193 194 195 196 199 200
41 23 42 45 46 47 49 50 51 52 53 54 56 57 58 60 61 62 63 64 70 71 72 73 74 75 76 77 78 79 80 81 82 84 85 86 87 88 90 92 93 94 95 96 97 98 99 100 101 102 103 104 105 106 107 108 109 110 111 113 114 115 117 118 119 120 121 122 123 126 128 129 130 131 133 134 135 137 138 139 140 141 142 143 144 145 146 147 148 150 151 152 153 154 156 157 159 161 162 163 164 165 166 167 168 169 170 171 172 173 174 175 176 177 180 181 183 185 186 187 188 189 190 191 192 195 196 197 198 199 200
42 79 44 46 47 48 49 51 52 53 54 55 56 57 58 59 61 63 64 65 66 67 69 70 71 72 74 75 76 77 79 80 82 83 84 85 86 88 89 90 91 92 93 94 95 96 97 98 99 100 101 102 103 104 105 106 107 108 109 110 111 112 113 114 115 116 118 122 123 124 126 127 128 129 130 131 132 133 134 136 137 139 141 142 143 144 145 146 147 148 149 150 151 152 153 155 157 158 160 161 162 163 164 165 166 167 168 170 172 173 174 175 177 178 181 183 185 186 187 188 189 191 192 193 194 196 197 198 199 200
43 68 44 45 46 47 48 49 50 51 52 53 54 55 56 57 61 62 63 64 65 66 67 68 69 71 72 74 75 76 77 79 80 81 83 84 86 88 89 90 91 92 93 94 95 96 97 98 99 100 101 102 104 105 106 107 108 109 110 112 113 114 115 117 118 119 121 122 123 124 125 126 127 128 129 132 134 135 136 137 138 140 141 142 143 144 145 146 147 148 149 150 154 155 156 157 158 159 160 162 163 164 165 166 167 168 169 171 172 173 174 175 176 177 178 179 181 183 184 185 187 188 189 190 191 192 193 194 195 197 198 200
44 97 45 46 47 48 49 50 51 52 53 54 55 56 57 58 59 60 61 62 63 65 66 67 68 69 72 73 74 76 77 78 80 81 82 83 84 85 87 88 92 93 94 95 96 98 99 100 101 103 105 106 107 108 109 112 114 115 116 117 120 121 122 123 126 127 128 129 130 131 132 133 134 135 136 138 139 140 141 142 143 146 147 148 149 150 151 152 153 154 155 156 157 159 160 162 163 165 166 167 168 169 170 171 173 174 175 176 177 178 179 180 183 185 186 187 188 190 191 194 196 197 199 200
45 37 46 48 49 50 51 52 53 54 55 56 57 58 59 60 61 62 64 65 66 67 69 70 71 72 73 74 75 76 77 78 79 80 81 82 83 84 86 88 90 91 92 93 94 95 96 97 98 99 101 102 105 107 108 109 110 111 112 114 115 116 117 118 119 120 121 122 123 124 125 126 128 129 130 131 132 133 134 135 136 137 139 140 141 143 144 145 147 148 151 152 153 154 155 156 157 158 160 163 164 165 166 167 168 169 170 171 172 173 174 175 176 177 178 179 180 181 182 183 185 186 187 188 190 191 192 193 194 195 196 197 199 200
46 33 47 49 50 51 52 54 56 57 59 60 61 62 63 64 65 66 67 68 70 72 73 75 76 77 78 79 80 82 83 84 85 86 87 88 89 91 92 93 94 96 98 99 100 101 102 103 104 105 106 108 109 111 112 113 114 115 116 117 118 120 122 124 125 126 127 128 129 130 131 132 133 135 136 139 140 142 143 144 145 146 150 151 152 155 156 157 158 159 160 161 162 164 165 166 167 170 171 173 174 176 177 178 179 180 182 183 184 185 186 187 188 190 191 192 193 194 195 197 198 199 200
47 60 48 49 50 51 52 53 54 56 57 59 60 61 66 68 69 70 72 73 74 75 76 77 78 79 80 81 83 84 85 86 87 88 89 90 91 92 93 94 95 96 97 98 99 100 102 103 105 106 108 109 110 111 112 114 116 117 119 121 122 123 126 127 128 129 130 131 132 133 134 135 138 139 140 141 142 143 144 148 149 150 151 152 153 154 155 156 157 158 159 160 161 162 163 164 165 166 167 170 171 172 173 174 175 176 177 178 181 182 183 185 186 187 188 191 192 194 195 196 197 198 199 200
48 47 49 51 52 54 55 56 57 60 61 62 63 64 65 66 67 69 70 71 72 73 76 81 82 83 84 85 86 87 89 90 91 92 94 95 96 98 99 100 101 102 104 106 107 109 110 111 112 113 114 115 116 118 121 122 124 126 127 128 129 130 132 133 134 135 136 137 139 140 141 142 143 145 146 147 148 150 151 152 153 154 155 156 157 158 160 161 162 163 165 166 167 168 169 172 173 174 175 176 177 178 179 180 181 182 184 185 187 188 190 191 192 193 194 195 197 198 199 200
49 74 50 51 52 53 54 55 56 57 60 61 63 64 66 67 68 69 70 71 72 73 74 75 76 77 78 79 81 82 84 85 86 87 88 89 90 91 92 93 94 95 96 97 98 99 100 101 102 103 104 105 106 107 110 111 112 113 114 116 117 118 119 120 121 123 124 125 128 129 130 133 134 135 137 138 139 141 142 143 144 145 146 148 150 151 152 153 154 156 157 158 159 162 163 164 165 166 168 169 170 171 172 173 174 175 176 177 180 181 183 184 185 186 188 189 190 191 192 193 195 197 198 199 200
50 77 51 52 53 54 55 56 57 59 60 61 62 63 64 65 66 67 70 72 73 74 75 76 78 79 80 81 82 83 84 86 87 88 89 91 92 93 94 95 96 97 98 99 100 101 102 103 104 105 106 107 109 110 111 112 114 115 118 119 121 122 123 125 126 128 129 130 131 132 133 134 135 136 139 140 141 142 143 146 148 152 153 154 155 158 161 163 165 166 168 169 170 171 172 173 174 175 177 178 179 180 182 184 186 187 188 189 190 191 192 194 196 197 198 199
51 46 54 55 56 57 58 59 60 62 64 65 67 68 69 70 71 73 77 78 79 80 81 84 85 87 88 89 90 91 92 94 95 96 98 99 100 101 104 105 106 108 112 113 114 115 117 119 120 121 122 123 124 125 128 130 131 132 134 135 136 138 139 141 142 143 145 148 149 150 151 152 153 155 156 157 158 160 161 162 164 165 166 167 169 170 172 173 174 175 176 178 179 180 181 182 183 184 186 187 188 189 190 191 192 194 195 196 198 199 200
52 33 53 54 55 56 58 59 60 62 64 66 67 69 70 71 72 73 74 75 76 77 78 79 81 82 83 84 85 86 87 88 89 90 91 92 93 94 95 96 98 99 100 101 103 104 106 107 108 109 110 111 112 114 115 116 117 118 119 120 122 123 124 125 126 127 128 129 130 131 133 134 135 136 137 139 140 142 143 144 145 146 147 148 149 151 152 153 154 155 156 157 158 159 160 161 162 163 164 165 166 168 169 170 171 172 173 174 175 176 177 179 181 182 183 184 185 186 187 189 190 191 192 193 194 197 198 200
53 40 54 55 56 57 59 60 61 62 63 65 66 67 69 70 71 72 73 74 75 76 78 79 81 82 83 84 85 86 87 88 90 91 92 93 94 95 96 97 98 99 100 101 102 103 104 105 106 107 108 110 111 112 113 114 115 116 117 118 119 122 124 125 126 128 129 130 131 132 133 134 135 136 137 139 141 143 144 145 146 148 150 151 152 154 155 156 157 159 160 162 163 165 166 167 168 169 171 172 173 174 175 176 177 178 180 181 182 183 185 186 188 189 190 192 193 194 196 197 198 199 200
54 55 55 56 57 58 59 60 61 62 63 64 65 66 68 70 71 72 73 74 75 77 78 81 82 84 86 87 88 89 90 91 92 93 94 95 96 97 98 99 100 101 102 103 104 106 109 110 111 112 113 114 115 117 118 119 121 122 123 124 125 126 127 128 129 130 131 132 133 134 135 136 137 138 139 141 142 143 144 145 146 147 149 150 151 153 155 156 157 158 159 160 162 163 164 165 166 167 168 170 171 174 176 177 178 179 180 181 183 184 185 187 189 190 191 192 194 196 197 199 200
55 42 56 57 58 59 60 61 62 63 64 65 66 67 68 70 71 72 73 74 77 79 81 82 83 84 85 86 88 89 90 92 95 96 97 98 99 100 102 105 106 107 108 109 110 111 112 115 118 119 120 121 122 123 124 125 126 129 130 131 133 135 136 138 139 143 144 145 147 149 151 152 153 154 155 156 157 159 160 161 162 163 166 168 169 170 171 172 173 175 176 177 178 179 180 181 182 183 185 187 188 189 190 191 192 194 196 197 198 199 200
56 92 57 59 60 61 62 64 65 67 69 70 72 75 76 77 79 80 81 83 84 85 88 89 90 91 92 93 94 95 97 98 99 100 101 102 103 104 105 106 107 108 110 111 112 113 114 116 117 118 120 121 122 123 124 126 127 130 131 132 133 134 135 136 137 138 141 143 144 145 146 149 150 152 155 156 157 158 160 161 163 164 165 166 167 168 170 171 172 173 175 177 178 179 182 183 184 185 186 187 188 189 192 193 196 197 198 199
57 34 58 59 61 63 64 65 66 67 68 69 70 72 76 77 78 79 80 81 83 84 85 86 87 88 90 91 92 95 96 98 99 100 101 102 105 106 107 109 110 111 112 113 114 115 116 117 118 119 120 122 123 124 125 127 128 130 131 134 135 136 137 138 139 140 141 142 143 145 146 147 148 149 150 151 152 153 154 155 158 159 160 161 162 165 166 167 168 169 171 172 173 176 178 179 180 181 182 183 184 185 186 187 188 189 191 192 193 194 195 196 198 199
58 80 62 63 64 65 66 67 69 70 71 72 73 74 75 79 80 81 82 83 84 85 86 87 88 89 90 91 92 93 94 95 96 98 99 102 103 104 105 107 108 110 111 112 113 114 115 116 117 118 119 120 121 122 124 125 127 128 129 130 131 132 133 134 135 138 139 140 141 142 143 144 145 146 147 148 149 150 151 153 154 155 158 159 160 162 163 164 165 167 169 170 171 172 173 174 176 177 178 179 180 181 182 184 185 186 188 189 190 191 192 193 194 196 197 199 200
59 82 62 63 64 65 66 68 69 71 72 73 74 75 76 78 79 81 82 84 85 86 87 88 89 90 91 92 94 95 96 97 98 100 101 103 104 105 106 107 109 110 111 113 114 115 116 118 119 120 121 122 123 124 126 127 128 129 130 131 132 134 135 137 139 141 142 143 144 145 146 147 149 150 153 154 155 156 157 158 159 160 161 163 164 165 166 167 168 169 170 171 172 173 174 175 177 180 182 183 184 185 186 187 188 189 190 191 192 193 194 195 196 197 199 200
60 32 61 62 63 66 67 68 69 70 71 72 73 74 75 76 78 79 81 82 83 84 85 86 88 89 92 94 95 96 97 98 99 101 102 103 104 105 107 108 110 111 112 113 114 117 118 119 120 121 122 123 124 125 126 128 129 130 131 133 135 136 137 138 139 140 142 144 145 146 147 148 149 150 151 152 153 154 155 156 157 158 159 161 162 163 164 166 167 168 169 170 171 172 173 174 176 177 178 179 180 181 182 183 184 186 188 190 191 192 193 195 196 197 198 199 200
61 55 62 63 65 66 67 68 69 70 71 72 73 74 76 78 79 80 81 82 83 85 87 88 90 91 92 93 95 97 100 101 103 106 107 108 109 110 111 112 113 114 115 116 117 119 120 122 123 124 125 128 130 131 132 133 134 135 136 137 138 139 143 146 147 149 150 151 153 154 155 156 157 158 159 160 161 162 164 165 166 167 169 170 171 172 173 179 180 181 183 184 185 186 187 188 189 192 193 194 195 197 198 199 200
62 69 63 64 65 66 68 69 70 71 72 73 75 78 79 80 81 82 83 84 85 87 88 90 91 92 93 95 96 98 99 100 102 103 104 106 107 108 111 112 113 114 115 116 117 118 119 120 121 122 123 124 125 126 127 128 129 130 132 134 135 136 137 140 141 142 143 144 145 146 147 148 152 153 155 156 157 158 159 160 161 163 164 165 166 167 168 169 170 171 172 173 174 175 176 177 178 179 180 181 182 183 184 185 186 187 188 189 191 192 193 194 195 196 197 198 199 200
63 65 64 65 66 67 68 69 70 76 77 80 81 82 83 85 86 87 89 90 92 93 94 95 97 98 99 100 102 103 105 106 107 108 109 110 111 112 114 115 116 119 120 121 122 123 124 125 126 127 129 130 131 132 134 136 137 140 142 143 144 145 146 147 148 149 150 151 152 153 154 155 156 157 159 160 161 162 163 164 165 166 167 168 169 170 171 172 173 174 175 176 177 178 179 180 181 182 183 184 185 186 187 188 189 191 192 193 194 196 198 199 200
64 20 65 66 67 69 70 71 72 73 75 76 77 78 80 82 86 87 88 89 90 91 92 93 94 96 97 98 100 101 102 105 107 110 111 112 113 114 115 116 117 119 120 121 122 124 125 126 127 129 130 131 132 133 134 136 137 138 140 141 142 143 144 145 146 147 149 152 153 154 155 158 161 163 164 167 170 171 175 177 179 180 181 183 185 188 189 191 192 193 195 197 198 199 200
65 23 66 67 68 70 71 72 75 77 78 79 80 81 83 84 85 86 87 89 90 91 92 95 96 97 98 99 102 103 105 106 108 110 111 112 113 114 116 117 118 123 124 126 127 128 129 130 132 135 136 137 139 140 141 142 143 144 145 147 148 149 150 151 152 154 155 156 157 158 159 160 161 163 165 167 168 170 171 173 175 176 177 178 179 180 182 184 185 186 187 190 193 194 197 199 200
66 53 67 68 71 73 74 77 79 81 84 85 86 87 88 89 90 91 92 93 94 95 97 98 99 100 102 103 104 106 107 108 109 110 111 112 114 115 116 117 118 119 120 122 123 124 125 127 128 130 131 132 133 135 136 137 138 139 140 141 142 143 144 145 146 147 148 152 153 155 156 158 159 160 161 163 164 165 166 167 168 169 170 171 173 174 176 178 179 181 182 183 185 186 187 188 189 190 191 194 195 196 198 199 200
67 59 68 69 70 71 72 73 74 75 76 78 79 80 81 82 83 84 85 87 88 89 92 93 94 95 96 97 98 100 101 102 104 105 106 107 108 109 110 111 112 113 114 115 116 117 119 120 123 124 125 127 128 129 130 131 132 133 134 136 137 139 140 141 142 143 144 145 146 147 148 150 152 153 156 157 158 159 161 162 163 164 165 167 168 169 170 171 172 173 174 177 179 180 181 182 183 184 185 186 187 191 192 194 195 196 197 198 199 200
68 61 69 70 71 72 74 76 77 78 79 82 83 84 85 86 88 89 90 91 92 93 94 95 96 97 98 99 100 101 102 103 104 106 107 109 110 112 113 115 116 117 118 119 120 121 123 125 126 127 129 130 131 132 133 134 135 136 137 138 139 140 141 142 143 144 145 146 147 148 149 150 151 154 155 156 157 158 159 162 163 164 165 167 169 170 171 172 173 174 175 176 177 178 180 181 182 183 184 185 186 187 188 189 190 191 193 195 196 197 198 199 200
69 92 71 72 73 74 75 77 79 80 82 83 84 85 89 91 94 96 97 98 99 100 102 103 104 105 106 107 108 109 110 111 112 114 115 116 117 118 119 120 121 122 123 126 127 128 129 130 131 132 133 134 135 136 137 138 139 140 141 145 146 147 148 150 151 152 154 155 157 158 159 161 162 163 166 167 168 170 171 172 173 174 175 176 178 180 181 182 183 184 187 188 189 190 191 192 193 194 195 196 197 198 199 200
70 39 71 72 74 75 77 78 79 80 81 82 83 86 87 88 89 91 93 94 95 96 97 98 99 100 101 102 103 104 105 106 107 110 111 112 113 116 117 118 119 120 121 122 123 124 125 126 127 128 129 130 131 132 133 136 139 141 143 144 145 146 147 148 149 151 155 156 157 158 159 160 163 165 166 168 169 170 171 172 173 174 176 177 178 179 180 181 182 183 186 187 188 189 190 191 192 193 194 198 199 200
71 76 72 73 74 76 77 78 79 80 81 83 84 85 86 88 90 91 92 93 94 97 98 101 103 104 105 106 107 108 109 110 111 112 114 115 116 118 119 120 121 122 123 124 125 127 128 129 130 131 133 134 135 137 138 139 140 141 142 143 145 146 147 148 150 151 152 155 156 158 159 160 161 162 163 164 165 166 167 168 169 170 172 173 175 176 177 178 179 183 184 185 186 188 189 190 191 192 193 194 195 197 198 199 200
72 59 76 78 80 81 82 83 84 85 86 87 88 89 93 94 95 96 97 98 99 100 101 102 103 104 105 106 108 109 110 111 112 113 114 115 116 117 119 120 122 123 124 125 126 127 129 130 131 132 133 135 137 138 139 141 142 144 145 147 148 149 150 151 152 153 154 155 156 157 159 161 163 164 165 166 168 169 170 172 173 174 175 177 178 179 180 181 182 184 185 186 187 188 189 190 191 192 194 195 196 197 198 200
73 28 75 77 78 79 80 81 82 83 84 87 88 89 90 91 92 93 94 95 96 97 98 99 100 101 102 108 109 110 111 112 113 114 116 117 118 119 121 122 123 124 125 126 128 129 130 132 133 134 135 137 138 139 140 141 143 145 146 147 149 150 151 152 153 154 155 157 158 159 161 163 164 165 166 168 169 170 171 172 173 174 175 176 177 179 180 181 184 185 186 187 188 189 191 192 193 194 195 196 198 199 200
74 35 77 78 80 81 82 84 85 86 87 88 89 90 91 92 93 94 95 96 97 98 99 101 102 103 104 105 106 107 108 109 110 111 112 113 114 115 117 119 120 121 122 123 124 125 126 128 129 130 131 132 133 135 136 137 138 139 141 142 143 144 145 147 148 149 150 151 152 154 155 157 158 160 161 162 163 165 166 167 168 169 170 171 173 175 177 179 180 181 182 184 187 189 190 191 192 193 194 195 196 197 198 199 200
75 86 77 78 79 80 82 84 85 88 89 90 92 93 94 95 96 97 98 99 100 101 102 104 106 107 109 113 115 117 118 119 122 123 124 125 126 128 129 130 131 132 134 135 136 137 138 139 140 141 142 143 145 146 147 148 149 150 152 155 156 157 159 160 161 163 164 165 166 167 168 169 170 171 172 173 175 177 178 179 180 181 183 184 185 186 187 188 190 191 192 193 194 196 197 199 200
76 79 77 79 80 81 82 84 87 88 89 90 92 93 94 95 96 97 98 100 101 102 104 105 108 110 111 112 114 115 116 117 118 119 120 121 123 124 125 126 127 128 129 130 131 132 133 134 135 136 137 139 140 141 142 143 144 145 146 147 148 150 151 152 153 154 155 156 157 158 159 160 161 162 163 164 165 166 168 169 170 171 172 173 174 175 176 178 179 180 181 182 183 184 185 186 187 188 189 190 194 196 198 199 200
77 88 78 79 81 82 83 86 87 88 90 91 92 93 94 97 98 99 100 101 102 103 104 105 106 107 108 109 110 111 113 114 115 116 117 119 120 121 122 123 124 125 126 128 130 131 132 133 134 136 137 138 140 141 142 143 144 145 146 148 149 150 151 152 153 154 155 156 157 158 159 160 161 162 163 164 165 166 167 168 169 170 171 175 176 178 179 180 181 182 184 185 186 187 188 189 191 192 193 194 196 200
78 84 80 81 82 83 84 85 86 87 88 89 90 92 93 96 97 98 99 100 101 102 103 104 105 106 107 108 109 110 112 113 115 117 118 121 122 123 124 125 126 127 129 130 132 133 135 136 137 138 139 140 141 142 144 147 148 149 150 151 152 153 154 155 156 157 159 160 161 163 165 166 167 168 169 170 171 172 173 175 176 177 178 179 180 181 182 183 184 185 186 187 188 189 190 191 193 197 198 199 200
79 96 81 82 83 84 85 86 87 89 90 92 94 95 96 97 98 99 100 101 102 103 104 105 106 107 108 110 112 113 114 115 116 117 118 119 120 121 122 123 124 126 127 128 129 130 132 134 135 137 138 139 140 141 142 143 144 147 148 151 152 153 154 155 156 157 158 159 161 162 163 164 165 168 169 170 173 176 177 178 179 181 182 183 184 185 186 188 189 190 191 192 193 194 195 196 197 198 199
80 69 81 82 83 84 85 86 87 89 90 91 92 93 94 95 96 98 99 100 101 102 104 105 106 107 109 110 112 113 115 116 119 120 121 122 123 124 125 126 127 128 129 130 131 132 134 135 136 137 138 139 140 141 142 143 146 147 148 149 150 151 152 154 155 156 158 159 161 163 165 167 168 169 170 171 172 173 174 175 176 177 180 181 182 183 184 185 186 187 190 191 192 193 194 196 197 198 199 200
81 60 82 83 84 85 86 87 89 90 91 92 93 95 98 99 100 101 103 104 106 107 108 111 112 114 115 116 117 118 121 122 123 125 126 128 129 130 131 132 133 134 135 136 138 139 140 141 142 143 144 145 147 148 149 152 153 154 155 156 157 158 159 160 161 162 164 167 169 170 171 172 174 175 176 177 178 179 182 183 184 185 186 187 189 190 191 192 193 194 195 196 197 198 199 200
82 91 83 86 87 88 90 91 92 93 95 96 97 99 100 105 106 107 108 110 111 112 113 114 116 117 121 123 124 125 126 128 129 130 131 132 133 134 135 136 137 138 139 140 141 142 143 144 145 146 147 149 150 151 152 153 154 155 156 157 158 159 160 161 162 163 164 165 167 170 171 172 175 176 177 179 180 182 183 185 186 187 188 189 190 191 192 193 195 196 197 198 199
83 91 85 87 90 91 92 93 95 96 97 98 99 100 101 102 103 104 105 106 107 109 110 112 113 116 118 122 124 125 126 127 128 129 130 131 134 136 137 138 140 141 143 144 145 146 147 148 149 150 152 153 154 156 158 160 161 162 164 165 166 167 168 170 171 173 174 176 177 178 180 181 182 183 184 185 186 187 189 190 191 192 193 194 195 196 197 198 200
84 100 85 86 87 88 89 90 91 92 93 94 95 96 97 99 101 102 103 104 105 106 107 110 111 112 113 114 115 116 118 119 121 122 127 128 129 131 132 133 135 137 139 140 142 143 144 145 146 147 148 149 150 151 152 154 155 157 158 159 160 163 164 166 167 168 169 170 171 172 173 174 175 176 178 179 181 182 184 185 186 187 189 190 191 192 194 195 196 197 198 199 200
85 22 87 88 91 92 94 95 98 99 100 102 104 105 106 107 108 110 111 112 113 114 116 117 119 120 122 123 124 125 126 127 128 130 131 132 133 134 135 136 137 138 139 140 141 145 146 147 148 149 150 151 153 154 155 157 158 159 161 163 166 167 168 169 170 171 172 173 174 175 176 177 178 179 180 182 183 184 186 188 189 190 192 193 194 195 196 197 198 199 200
86 42 87 88 89 90 91 92 94 95 96 97 98 100 101 102 103 104 105 106 108 109 110 112 113 114 115 117 118 119 120 121 122 124 126 127 128 129 130 131 132 133 134 135 136 137 138 139 140 142 143 144 145 146 147 148 149 150 151 152 153 154 155 157 158 160 161 162 163 164 165 167 168 169 170 171 172 173 175 176 178 180 182 183 184 185 186 187 188 189 190 191 192 193 194 196 200
87 64 88 89 90 91 93 94 95 96 97 98 99 100 101 102 103 104 105 106 107 108 109 110 111 112 113 114 115 116 117 119 120 121 122 123 124 125 128 129 130 131 132 133 138 139 140 141 142 143 144 145 146 147 150 151 152 153 154 155 157 158 159 160 162 163 164 165 166 167 168 170 172 173 174 175 176 177 178 181 182 183 184 185 186 188 190 191 192 194 195 196 197 199 200
88 80 90 91 92 93 95 96 97 98 99 100 102 103 105 106 107 108 109 110 111 112 113 114 115 116 117 118 119 121 122 126 127 128 130 131 132 133 134 135 136 137 138 139 140 142 144 145 146 151 152 153 154 156 157 158 160 161 163 164 165 167 168 169 170 171 172 173 175 176 177 178 179 180 181 182 184 187 188 189 190 191 192 195 196 199
89 72 90 91 92 95 96 97 100 102 103 104 106 107 109 110 111 112 113 114 115 116 118 119 120 121 122 123 124 125 126 127 128 129 130 131 132 133 134 135 136 137 138 139 140 141 142 143 144 145 146 147 149 150 151 152 153 154 155 156 157 158 159 160 161 162 164 166 167 169 170 171 172 174 175 176 177 179 180 181 182 183 186 187 188 189 190 191 192 193 194 195 197 198 199 200
90 57 91 92 93 94 95 96 97 98 100 101 102 103 104 105 106 107 108 109 110 111 112 113 114 115 116 117 118 120 121 123 124 125 126 127 128 129 130 132 134 135 137 138 139 140 141 142 143 144 145 146 147 149 150 151 152 153 155 156 157 158 159 160 161 162 163 164 166 167 168 169 170 171 172 173 174 175 176 177 178 179 180 181 182 184 185 187 188 189 190 191 192 193 194 196 198 199 200
91 87 92 93 94 95 96 97 100 101 102 104 105 106 107 108 109 111 113 114 115 116 117 118 119 120 121 122 123 126 128 130 131 133 134 135 136 138 139 140 142 144 145 146 147 150 151 152 153 154 155 156 157 158 159 160 161 162 163 165 166 168 169 171 172 173 174 175 177 178 179 180 181 182 183 185 187 190 191 193 194 195 196 197 198 199 200
92 69 93 94 95 96 98 99 101 103 105 106 107 108 109 110 111 112 113 114 115 116 117 118 119 120 121 123 124 125 126 127 128 129 130 131 132 133 135 136 137 138 139 140 141 142 143 144 145 146 147 148 149 150 151 153 154 155 157 158 159 161 162 164 165 166 167 168 170 171 172 173 174 175 176 177 178 180 181 182 183 184 187 188 189 190 191 192 193 195 200
93 45 94 95 97 98 99 101 102 103 104 107 109 110 112 113 114 116 118 119 120 122 123 124 125 126 127 128 129 130 131 132 133 134 135 136 137 138 139 140 141 142 144 145 146 147 149 150 151 152 153 154 155 156 157 158 159 160 161 162 163 164 165 166 169 170 171 175 176 178 179 180 181 182 183 184 185 186 188 189 190 192 193 194 195 196 197 198 199 200
94 61 95 96 97 99 100 101 102 103 104 105 107 109 110 111 112 113 114 115 116 117 118 119 120 122 124 125 126 127 129 131 132 133 134 135 136 137 138 139 140 141 142 143 147 148 149 151 152 153 154 155 156 157 158 159 160 161 162 163 164 165 166 167 168 169 170 171 172 173 174 177 179 180 181 182 183 184 185 188 190 191 192 193 195 196 197 198 199 200
95 21 96 97 99 101 103 104 105 106 107 108 109 110 111 113 114 115 116 117 118 119 120 121 122 123 124 125 126 127 128 129 130 131 132 134 136 137 138 139 140 141 143 145 146 147 148 149 151 152 153 154 155 156 157 158 159 160 161 162 163 165 166 167 168 169 170 173 174 175 176 177 178 179 180 181 182 183 185 186 189 190 191 192 195 196 197 198 199 200
96 73 97 98 99 100 101 102 103 104 105 106 107 108 109 110 111 112 113 114 115 116 117 118 122 123 124 125 126 127 129 130 131 133 134 135 136 137 138 139 140 141 142 143 145 147 148 149 150 151 152 155 156 158 159 160 161 162 163 164 166 167 168 170 171 172 173 174 175 176 177 179 180 181 182 183 185 188 191 192 193 195 196 197 198 199 200
97 57 98 99 100 103 104 105 106 107 108 111 112 113 115 116 117 118 119 120 121 122 123 124 125 126 127 128 129 130 131 132 133 134 135 136 137 138 139 141 142 143 144 145 146 147 148 149 150 151 154 157 159 160 161 162 163 164 165 166 167 168 169 170 171 172 174 175 177 178 179 180 181 182 184 185 186 188 189 190 191 192 193 194 195 196 197 199 200
98 77 99 100 101 102 104 105 106 107 108 110 111 113 115 116 117 118 119 120 122 124 126 127 128 129 130 131 135 137 138 139 141 143 144 146 147 148 149 151 152 154 155 156 157 158 159 160 161 164 165 166 167 168 170 171 172 173 174 176 179 180 181 182 183 184 185 186 187 188 189 191 192 193 194 195 197 198 199 200
99 23 100 101 102 103 104 105 106 107 109 110 111 112 113 114 115 116 117 118 119 121 122 123 124 125 127 128 129 131 132 133 134 135 136 138 139 140 142 144 145 146 147 148 151 152 153 154 155 156 157 158 160 162 163 164 165 166 167 168 169 170 172 173 174 175 176 178 180 181 182 183 184 185 187 188 189 190 191 192 193 194 195 196 199 200
100 37 101 102 103 104 105 107 109 110 112 113 114 115 117 118 119 120 121 122 123 125 126 127 128 129 130 131 132 133 134 136 137 140 141 142 143 144 145 146 147 148 149 150 152 153 154 155 156 157 158 159 160 161 162 163 164 165 166 167 168 169 170 171 172 173 174 175 176 177 178 180 181 182 183 185 186 187 188 189 190 191 192 193 195 196 197 198 199 200
101 49 102 103 104 105 106 108 109 110 111 112 113 114 118 119 120 121 122 123 124 125 126 127 128 129 130 131 132 133 134 135 136 137 138 139 143 144 145 146 147 148 152 153 154 155 156 157 159 160 161 163 164 165 167 168 169 170 171 172 173 174 175 179 180 181 182 183 184 185 186 187 188 190 191 192 194 197 198 199
102 97 103 104 106 107 109 110 111 112 114 115 116 117 118 119 120 121 122 123 124 125 126 128 129 130 131 132 133 135 136 138 139 140 141 142 143 145 146 147 148 149 150 151 152 153 154 155 156 157 158 160 162 163 164 165 166 167 169 170 171 173 174 175 176 179 180 181 182 184 185 186 187 188 189 192 193 195 196 197 199 200
103 57 104 106 108 109 110 111 112 113 114 116 117 118 119 120 121 124 125 126 127 128 129 131 132 133 134 136 138 139 140 141 144 145 147 148 149 150 151 152 153 154 155 157 158 161 162 163 164 166 167 168 169 170 171 173 176 177 178 179 180 181 182 184 185 186 187 190 191 193 194 195 197 198 199 200
104 55 105 108 109 110 111 113 114 115 117 119 120 121 122 124 125 126 127 128 129 130 131 132 133 134 136 137 138 139 140 141 142 145 146 147 148 149 150 151 153 154 155 156 157 158 159 161 162 164 165 166 167 168 169 171 172 173 174 175 176 177 178 179 180 182 183 184 185 188 189 190 191 192 193 194 196 197 198 200
105 61 106 107 109 114 115 116 117 118 119 120 121 122 124 125 126 128 129 131 132 133 134 137 139 140 141 142 143 144 145 146 147 149 150 151 152 153 155 156 157 158 160 161 162 163 164 165 166 167 168 169 170 171 172 173 174 175 176 177 178 179 181 182 183 184 185 186 187 188 189 191 192 193 194 195 197 198 199 200
106 50 108 109 110 111 112 114 115 116 118 119 120 121 122 123 124 126 127 129 130 131 132 133 134 136 137 138 139 140 142 143 144 146 147 148 149 150 151 152 153 154 155 156 157 158 159 160 161 162 163 164 167 169 171 172 173 175 177 179 181 182 183 184 185 186 187 188 189 190 191 193 194 195 197 198 199 200
107 72 108 109 110 112 113 115 116 117 118 119 121 123 125 126 128 129 130 131 132 134 135 137 138 140 141 143 144 145 146 147 148 149 150 151 152 153 155 156 157 158 159 160 161 163 164 167 168 171 172 173 174 175 176 177 178 180 182 183 184 186 187 188 189 190 192 193 194 195 197 199 200
108 53 109 110 111 112 113 116 117 118 119 120 121 122 123 124 125 126 127 128 129 131 132 133 135 137 138 140 142 144 146 147 148 149 150 151 152 153 154 155 159 160 161 162 165 166 168 170 171 172 174 175 176 177 178 179 180 181 183 184 185 186 187 188 189 191 193 195 196 197 199 200
109 59 110 111 112 113 115 116 118 119 120 121 122 123 124 125 126 127 128 129 130 131 132 133 134 135 136 137 138 139 140 142 143 144 145 146 147 148 150 151 152 153 154 155 156 158 159 160 161 162 163 164 165 166 167 168 169 170 171 172 173 174 175 176 179 182 184 185 186 187 189 191 192 193 194 195 196 197 198 199 200
110 42 112 114 115 118 120 121 122 123 124 126 128 130 131 132 133 134 135 136 137 138 139 140 141 143 144 145 146 147 148 149 150 152 155 156 157 158 160 161 162 163 164 165 166 167 168 169 170 171 172 173 174 175 177 178 179 180 181 182 183 184 185 186 187 188 189 190 191 192 194 195 197 198 199 200
111 26 113 116 117 118 119 121 123 124 125 126 127 129 130 131 132 134 135 136 137 138 139 143 144 145 146 147 148 149 150 151 152 153 155 156 157 158 160 161 162 165 166 168 169 170 171 172 173 174 175 176 177 178 179 180 181 182 183 184 185 186 187 189 190 191 192 193 196 197 198 199 200
112 99 114 115 116 117 118 119 120 121 122 123 124 125 127 128 129 130 131 132 133 134 135 136 137 138 139 140 141 142 143 145 146 148 149 150 152 153 154 155 156 157 158 159 160 161 162 163 164 165 166 167 169 172 173 174 176 177 178 179 181 182 184 185 186 187 188 190 191 192 193 194 196 197 199 200
113 64 114 115 116 117 118 119 120 121 122 123 124 126 127 128 129 131 132 133 134 135 136 137 140 141 142 143 144 146 147 148 151 152 153 156 157 158 160 162 164 165 171 172 173 174 176 179 180 181 183 184 186 187 188 190 191 192 193 194 195 198 200
114 98 115 116 117 118 119 121 122 123 124 125 126 128 129 132 133 134 136 137 138 140 141 142 143 144 145 146 147 149 151 152 153 155 159 160 161 162 163 164 165 166 167 168 169 170 171 172 175 176 177 178 179 180 181 182 184 185 186 187 188 190 191 192 194 195 196 198 199 200
115 22 116 119 120 122 123 124 125 126 127 129 131 133 134 135 136 138 139 140 141 143 144 145 146 147 148 149 150 152 153 156 157 158 159 160 161 162 163 164 166 167 168 171 172 173 174 175 176 177 178 179 180 181 182 184 185 186 187 188 189 190 191 193 194 195 196 198 199
116 30 117 118 119 120 122 123 124 125 126 127 129 130 131 132 135 136 137 138 139 141 142 143 144 147 148 149 150 152 154 156 157 158 159 161 162 163 164 165 167 169 170 171 172 173 176 177 179 180 182 183 184 185 186 187 191 192 194 196 197 199 200
117 70 118 119 120 121 122 123 124 128 129 130 132 135 137 138 139 140 141 142 143 144 146 147 148 149 151 153 155 156 157 158 159 160 162 164 166 167 168 169 170 171 172 174 175 176 178 180 181 183 184 186 188 189 190 193 194 195 196 200
118 53 119 120 121 122 123 124 125 126 127 128 131 132 133 134 135 136 137 138 139 140 142 143 144 145 146 147 148 149 151 152 153 156 157 158 159 160 161 162 163 164 167 169 170 171 172 173 174 175 176 177 178 179 182 183 185 186 188 190 191 192 193 194 195 196 197 198 199 200
119 83 120 121 122 123 124 125 126 128 130 132 133 134 135 136 137 138 139 141 142 143 144 145 147 148 150 151 152 153 154 155 156 157 158 159 161 162 163 164 165 166 168 169 170 171 172 173 174 175 176 177 178 180 181 182 183 184 185 187 188 189 190 191 192 193 194 195 196 197 199 200
120 34 121 122 123 124 125 126 127 128 129 130 132 133 134 135 136 137 138 139 141 142 143 144 145 146 149 151 152 153 154 155 156 158 159 160 161 162 163 164 165 166 167 168 171 176 178 179 180 181 182 184 185 188 189 190 191 192 193 194 195 197 198 199 200
121 91 122 124 125 127 128 129 130 131 132 133 134 135 137 139 140 141 143 144 145 146 150 151 152 153 154 155 156 157 159 160 161 162 163 165 166 167 168 169 170 171 172 173 174 175 176 177 178 179 180 181 182 186 189 191 192 194 195 196 198 199 200
122 41 123 124 125 126 127 128 129 130 131 133 135 136 137 139 140 143 144 145 147 148 149 150 151 152 153 154 155 157 159 162 163 165 166 167 168 169 170 171 172 173 175 176 177 178 179 181 182 183 184 186 187 188 190 191 193 194 195 196 197 198 199 200
123 60 124 125 126 127 129 131 132 133 134 135 137 138 139 140 141 142 143 144 145 147 148 149 151 152 153 154 155 156 160 161 162 163 164 165 166 168 169 171 172 173 174 175 176 177 178 179 180 181 182 184 185 186 187 188 189 190 192 193 194 195 198 199 200
124 70 125 126 127 128 129 130 131 132 133 134 135 136 139 140 142 143 144 145 147 148 149 150 151 152 154 156 157 159 160 161 162 164 165 166 167 169 170 171 172 173 174 175 176 178 179 180 181 182 184 185 186 187 188 189 190 191 192 193 194 195 196 197 198 199
125 51 126 127 129 130 131 132 135 136 137 138 139 140 141 142 143 144 145 146 147 148 150 151 153 154 155 156 158 159 160 161 163 165 166 167 168 170 171 172 173 175 176 178 179 180 182 184 185 187 188 190 193 197 198 199 200
126 52 127 128 129 132 133 135 136 138 139 140 141 143 144 146 148 149 150 151 152 153 154 155 156 157 158 159 160 161 162 163 164 165 166 167 169 170 171 172 173 174 176 177 178 179 180 181 182 183 184 185 187 188 189 190 191 192 193 194 195 196 197 198 199
127 95 128 129 130 131 132 133 134 136 137 138 140 141 142 143 145 147 148 149 150 151 152 153 155 156 158 159 160 161 162 163 164 166 167 168 169 170 172 173 174 177 178 180 181 182 183 184 185 188 189 190 191 192 193 194 195 196 197 198 199 200
128 80 129 130 131 132 133 135 136 137 138 139 140 141 142 143 144 145 147 148 149 150 151 153 155 156 158 159 161 162 163 164 165 166 168 170 171 172 174 175 177 178 180 181 182 183 186 187 188 191 193 194 195 196 197 198 199 200
129 33 130 131 132 133 134 135 137 138 139 140 141 142 143 144 146 147 148 149 151 152 153 154 155 157 158 159 161 162 164 165 166 167 168 169 170 171 172 173 175 176 178 182 183 184 185 186 187 188 190 191 192 193 194 195 197 198 199 200
130 46 131 132 133 134 135 137 138 140 141 142 143 144 145 146 147 149 150 151 152 153 154 155 156 157 158 159 160 161 162 163 165 166 167 168 170 171 172 173 174 175 176 177 178 179 180 181 182 185 186 188 191 193 194 196 197 198 199 200
131 29 132 133 134 135 136 137 138 139 140 141 142 143 144 145 146 147 148 151 152 155 156 157 158 159 161 162 163 164 165 166 167 168 170 171 173 175 176 177 178 179 180 181 182 183 184 185 186 187 188 189 190 192 193 194 196 197 198 199
132 25 133 134 135 136 137 138 139 140 141 142 143 144 145 146 147 149 150 151 152 153 154 155 156 157 158 159 161 163 164 165 166 167 168 169 171 172 173 174 175 177 178 179 180 181 182 183 185 186 187 188 189 190 191 192 193 194 195 196 197 198 199 200
133 43 134 135 136 137 138 139 140 141 142 143 144 145 146 148 150 151 153 154 155 156 157 158 159 161 163 164 167 169 170 172 174 175 176 177 178 179 181 182 184 185 188 189 191 194 195 196 197 198 199 200
134 74 135 136 137 138 140 141 142 143 144 145 146 147 148 149 150 151 152 153 154 155 156 157 158 159 160 161 162 163 164 165 166 167 170 171 172 173 175 176 177 178 180 181 182 184 185 186 187 188 190 191 192 194 195 196 197 199
135 36 136 137 138 140 141 142 143 144 147 148 149 150 151 152 153 154 155 156 157 158 161 162 163 164 165 167 168 169 170 171 172 173 174 175 176 177 178 179 180 181 183 184 185 187 188 190 191 192 195 196 198 199 200
136 65 137 138 139 140 141 143 145 147 148 149 150 151 152 153 154 157 160 161 162 163 165 166 167 168 169 170 171 174 175 176 177 178 180 182 183 184 185 186 187 189 190 191 192 193 194 195 196 197 199 200
137 24 138 139 141 143 144 146 147 149 151 154 155 156 157 159 160 161 162 163 164 165 166 167 168 169 170 171 172 173 174 175 176 177 178 179 180 181 182 183 184 186 187 188 189 190 192 194 195 196 198 199
138 34 139 140 141 142 143 144 145 146 147 148 149 152 153 154 155 156 157 158 159 160 161 162 164 165 166 167 168 169 170 171 172 174 175 177 178 179 180 182 183 184 185 186 187 188 190 191 192 193 197 198 199 200
139 68 140 143 144 145 147 150 151 152 153 156 157 158 159 160 161 163 164 166 168 170 171 172 173 175 176 177 178 179 180 181 182 183 184 185 186 187 188 189 190 191 192 193 194 195 198 199 200
140 81 141 142 143 144 148 149 150 151 152 154 155 157 158 159 160 161 163 164 165 167 168 169 171 173 174 176 178 180 181 182 183 184 186 187 188 189 190 192 193 194 195 196 197 198 199
141 24 142 143 145 146 147 149 151 152 153 154 155 156 157 158 160 161 162 163 166 167 168 169 170 171 174 177 178 179 180 181 186 187 188 190 192 193 195 196 197 198 199 200
142 32 144 145 148 150 151 152 153 154 155 156 158 159 160 162 163 164 165 167 168 169 172 173 174 175 177 180 181 182 183 184 185 186 187 189 192 193 195 196 197 198 199 200
143 65 144 145 147 149 150 151 152 153 154 157 159 160 161 163 164 165 168 169 170 171 172 173 174 175 176 178 179 180 181 183 184 185 186 187 188 189 190 191 192 193 194 195 196 197 198 199 200
144 78 147 148 149 151 152 155 157 159 160 161 162 163 164 165 166 167 168 169 170 171 172 174 175 177 178 179 180 181 182 183 184 185 189 191 196 197 198 199
145 32 146 148 149 150 151 152 154 155 156 157 158 159 160 162 163 164 165 167 170 171 172 173 174 175 176 177 178 179 181 182 183 184 185 186 187 190 191 192 193 194 195 196 197 198 200
146 33 147 148 150 151 153 154 155 156 157 158 159 160 161 163 168 169 170 171 172 173 174 175 176 177 179 180 181 182 183 184 186 187 190 191 193 194 195 196 197 199
147 51 148 149 151 152 153 155 156 158 159 160 161 162 163 164 165 166 167 168 169 170 171 172 173 174 175 176 177 179 180 181 182 183 184 185 186 187 188 189 191 193 194 196 197 198 199
148 97 149 150 151 152 154 155 156 157 158 159 160 163 166 168 170 171 172 173 174 175 176 178 179 180 181 182 183 184 185 186 187 188 189 190 191 192 193 194 195 196 198 199 200
149 30 151 152 153 156 157 159 161 162 164 165 166 167 168 169 170 171 172 174 175 176 177 178 179 180 181 182 183 185 187 188 189 190 191 192 193 194 195 196 197 198 199 200
150 83 151 152 153 154 155 156 157 158 159 160 161 162 163 164 165 166 168 169 170 171 172 173 177 178 179 180 181 182 184 185 187 188 189 191 192 193 194 195 196 197 198 199 200
151 51 152 153 154 155 156 157 159 160 161 162 163 165 166 167 168 169 170 171 172 175 176 177 178 179 180 181 182 184 185 188 189 191 192 193 195 197 198 199 200
152 39 153 154 155 156 157 158 159 160 161 162 163 165 166 167 168 169 170 171 172 173 176 178 179 180 181 182 184 185 186 189 191 192 193 194 196 197 198 199 200
153 24 154 155 156 157 158 160 161 162 164 165 166 167 168 169 170 171 172 173 174 176 177 178 179 180 181 182 183 188 189 190 192 193 194 197 198 199 200
154 92 155 156 157 159 160 162 163 164 166 167 169 171 172 173 174 175 177 178 179 180 182 183 185 186 187 188 189 190 191 193 194 196 197 198 200
155 84 156 157 158 159 160 161 164 165 166 167 169 170 171 172 173 174 175 177 178 179 180 181 182 183 184 185 187 188 189 190 193 194 195 197 198 199
156 53 157 158 160 161 163 164 166 167 168 169 170 171 172 173 174 175 176 177 179 180 181 182 184 185 186 187 188 189 190 191 192 193 194 196 197 198 199 200
157 35 158 159 160 161 162 164 165 166 167 168 169 170 173 174 175 176 177 178 179 180 183 184 185 188 189 191 192 194 195 196 197 199 200
158 90 159 160 161 162 163 164 166 167 170 172 175 178 179 180 182 184 185 186 187 188 189 190 192 194 195 197 198 199 200
159 77 160 161 162 163 164 165 166 167 169 170 171 172 173 174 175 176 177 178 179 182 183 184 187 188 189 191 192 193 194 195 196 197 198 199 200
160 42 161 162 163 164 167 168 169 170 171 175 176 180 181 182 185 186 187 188 189 190 191 192 193 194 195 197 198 199 200
161 52 162 163 164 165 166 167 168 169 170 171 172 173 174 175 177 178 179 180 181 182 183 184 185 186 187 188 189 190 191 194 195 196 197 198 199
162 82 163 164 165 166 167 168 170 171 172 173 174 176 177 180 182 183 184 185 186 187 188 189 190 192 193 195 197 198 199 200
163 48 164 165 166 168 169 170 171 172 174 178 179 180 181 182 183 184 185 187 189 190 191 192 193 194 195 196 197 198 199 200
164 52 166 170 171 172 173 174 176 179 181 183 186 187 188 189 192 194 196 197 198 199
165 92 166 167 170 171 173 174 175 176 177 178 179 181 182 183 184 185 187 188 189 190 191 192 193 194 195 197 199 200
166 93 167 170 171 172 173 174 175 176 177 180 183 184 185 187 188 190 191 192 193 194 195 196 197 198 199
167 68 168 169 170 171 172 173 174 176 177 178 179 180 181 182 183 184 185 186 187 188 189 190 191 192 194 196 197 199 200
168 28 169 170 173 175 177 178 180 181 182 183 185 186 187 190 191 192 193 194 195 197 198 199 200
169 41 170 173 174 175 176 177 178 180 181 182 183 186 187 188 189 190 191 193 194 195 196 197 199
170 34 171 172 173 174 177 178 179 180 182 183 184 185 186 187 188 189 191 192 193 194 195 196 199 200
171 35 172 173 174 175 176 177 178 179 180 181 182 184 185 186 188 189 190 191 193 194 195 196 197 198 199
172 57 173 174 175 176 177 178 179 180 181 182 185 186 187 188 189 190 191 193 194 195 197 198 199 200
173 79 174 177 178 179 180 181 182 183 184 185 186 187 188 189 192 194 195 196 197 198 199 200
174 28 175 176 177 178 182 183 185 186 189 190 192 193 196 197 198 200
175 65 178 179 180 182 183 184 185 186 187 188 189 192 193 194 197 199 200
176 66 177 178 179 180 181 182 184 186 187 189 190 191 192 193 194 195 196 198 199 200
177 57 178 179 180 181 182 183 184 185 186 187 188 189 190 191 192 193 195 196 197 200
178 48 179 180 181 182 183 184 185 186 188 189 190 191 192 193 198 199 200
179 68 180 181 182 183 184 185 186 187 188 190 192 194 195 196 197 199
180 83 181 182 184 185 187 188 189 190 193 194 195 196 197 198 199
181 94 183 184 185 186 187 188 189 190 192 194 195 196 198 199 200
182 60 183 184 185 188 189 190 191 192 193 194 195 196 197 198 199 200
183 44 184 186 187 188 189 191 192 194 195 196 198 199
184 48 186 187 189 191 192 193 196 197 198 199
185 27 186 188 189 191 192 195 196 197 199 200
186 82 187 188 190 191 192 197 198 200
187 80 189 190 191 192 193 194 196 197 198 199 200
188 30 189 191 193 194 195 196 197 198 200
189 63 190 191 192 193 194 195 196 199 200
190 77 193 195 197 198 199 200
191 45 193 194 195 196 197
192 73 193 194 196 199
193 35 194 195 196 197 198 199 200
194 40 195 196 197 198 199 200
195 53 196 197 198
196 56 197 200
197 78 198 199 200
198 48
199 87
200 75
