200
1 98
2 82
3 79
4 61
5 95
6 88
7 89
8 78
9 60
10 69
11 92
12 61
13 62
14 93
15 83
16 50
17 66
18 80
19 72
20 67
21 87
22 79
23 78
24 53
25 76
26 70
27 52
28 87
29 86
30 79
31 70
32 86
33 51
34 92
35 60
36 100
37 86
38 60
39 74
40 91
41 93
42 94
43 55
44 94
45 77
46 50
47 65
48 84
49 70
50 61
51 77
52 70
53 85
54 79
55 83
56 100
57 78
58 77
59 99
60 91
61 90
62 65
63 84
64 78
65 76
66 72
67 84
68 97
69 58
70 80
71 52
72 74
73 54
74 51
75 54
76 68
77 76
78 87
79 73
80 60
81 92
82 54
83 58
84 57
85 93
86 71
87 100
88 97
89 77
90 96
91 99
92 57
93 67
94 93
95 90
96 92
97 87
98 89
99 69
100 51
101 71
102 77
103 92
104 93
105 66
106 96
107 92
108 89
109 53
110 80
111 84
112 55
113 65
114 65
115 62
116 50
117 52
118 93
119 81
120 93
121 88
122 97
123 57
124 92
125 69
126 69
127 80
128 63
129 89
130 87
131 89
132 60
133 100
134 93
135 83
136 82
137 86
138 62
139 70
140 57
141 69
142 65
143 55
144 64
145 66
146 81
147 88
148 70
149 69
150 86
151 58
152 59
153 62
154 81
155 79
156 92
157 62
158 58
159 74
160 100
161 77
162 98
163 66
164 65
165 82
166 74
167 96
168 95
169 61
170 70
171 96
172 71
173 95
174 85
175 68
176 54
177 58
178 73
179 83
180 80
181 63
182 53
183 90
184 85
185 95
186 85
187 69
188 50
189 76
190 82
191 67
192 75
193 84
194 82
195 77
196 53
197 70
198 77
199 76
200 58
