200
1 80 10 22 34 36 53 74 78 89 92 96 103 106 117 130 131 137 145 146 158 161 164 166 196
2 84 4 27 32 36 45 52 55 79 85 95 98 127 145 155 164 165 168 185
3 63 8 18 28 43 91 93 97 121 135 140 143 157 166 171 179 180 187 191 193
4 71 13 33 67 80 87 95 103 109 118 136 138 140 142 146 157 185 187
5 61 32 74 85 91 98 102 107 113 135 155 157 162 170 173 189 193
6 75 26 43 46 100 107 111 118 140 147 161 162 189 200
7 86 13 15 34 68 85 94 106 114 130 141 147 165 171 173
8 56 14 27 29 38 43 51 54 70 71 76 90 116 139 142 145 150 160 168 171
9 89 14 31 34 57 65 66 67 71 86 90 94 97 99 100 108 119 134 141 142 144 148 173
10 75 23 25 29 37 39 52 64 74 77 93 96 104 123 143 145 150 153 154 170 199 200
11 100 16 23 30 40 41 46 48 58 72 94 108 112 123 127 136 138 143 154 165 166 170 188 198 199
12 58 15 25 26 90 98 103 112 135 151 159 161 173 187
13 55 51 64 75 91 95 101 108 120 124 130 134 150 153
14 95 16 17 22 48 50 57 64 67 76 84 100 128 155 180
15 57 19 24 60 63 69 70 85 86 90 117 134 142 146 150 169 184 191 192 198 199 200
16 83 19 24 47 55 57 59 60 63 78 82 179 180 194
17 82 30 45 47 61 63 65 67 85 94 98 105 111 114 116 119 144 145 149 154 163 183 185 186 187 193
18 89 22 34 43 59 78 92 155 161 165 173 179 181 186 189 190 192
19 88 28 33 38 42 47 52 72 95 96 103 105 110 115 133 144 153 158 159 174 178 185 199
20 100 23 32 41 58 63 77 84 89 100 101 107 113 125 138 149 158 159 165 168 173 179 198 199
21 62 31 40 46 53 68 78 79 90 92 99 104 110 127 141 145 168 179 193
22 85 25 29 46 70 76 83 91 112 114 126 131 177 195 200
23 54 43 45 56 70 71 87 110 122 148 187 193
24 50 34 41 43 73 78 93 94 110 127 134 139 146 166 171 180 183 184 190
25 54 26 39 40 41 44 48 79 85 90 95 99 115 119 123 146 163 173 176 181 196 198
26 92 46 56 60 64 66 81 83 86 94 107 113 115 121 131 154 163 176 181 185 192 194 196
27 98 32 45 52 60 62 108 115 152 158 161 170 175 189 197
28 54 57 58 60 70 71 94 95 103 118 152 161 194
29 53 37 62 69 70 84 97 104 110 118 129 132 147 178 180 191 192 195 199
30 75 36 38 46 49 51 66 72 74 85 90 96 109 116 119 120 122 128 138 142 144 157 171 172 178 182 192 197
31 95 34 38 51 54 60 72 81 95 97 123 140 143 151 158 164 185
32 54 33 44 52 72 73 80 89 92 120 129 130 131 178 186
33 85 36 40 54 64 67 70 73 75 81 113 146 151 158 164 180
34 97 43 44 50 53 59 97 109 116 117 134 152 155 171 176 190
35 76 36 57 79 93 101 122 124 130 154 184 189 199
36 52 44 46 65 78 93 94 95 109 119 124 135 154 161 168 169 175 191 196 198
37 73 47 112 122 128 135 138 143 160 161 164 171 174 182 189 196
38 91 45 53 58 83 98 103 124 146 162 176 179 194
39 77 45 50 52 63 70 83 93 107 112 118 143 160 162
40 92 41 48 49 51 57 77 84 94 100 109 112 116 122 136 138 141 149 150 158 185 192 195 199
41 82 52 71 78 99 117 124 131 133 145 152 155 160 172 174 177 185 187
42 86 50 59 96 100 110 117 127 134 135 140 142 144 157 167 181 186 189 200
43 52 64 79 84 89 130 137 147 151 153 175 191 199
44 86 51 69 75 79 82 98 102 113 120 131 132 144 155 163 180 183 190 200
45 56 57 58 59 73 83 88 89 90 92 96 148 159
46 91 48 58 60 61 71 91 117 126 151 157 160 167 170
47 97 54 69 80 101 120 121 128 138 141 177 191 193
48 91 70 71 86 107 112 148 166 175
49 86 53 55 57 63 66 105 113 119 120 126 130 146 158 169 171 175 188 193 196
50 54 74 76 80 96 99 131 140 146 152 153 187 198
51 95 54 80 89 93 100 120 133 152 153 160 169 171 178 179 180 181 187 197
52 84 55 63 93 128 148 172 175 193
53 58 57 63 68 69 78 86 88 93 96 104 108 114 125 144 146 156 169 173 174 182 197
54 74 82 93 100 141 157 181 185
55 97 73 83 97 113 117 146 161 163 168 173
56 80 57 60 65 67 81 88 89 90 91 110 119 136 138 157 162 169 178 179 184 187 190 192
57 74 59 64 72 74 80 83 96 97 111 117 123 139 143 152 199
58 91 75 80 82 106 107 108 117 142 148 152 159 164 165 186 193
59 78 61 63 103 105 111 124 127 131 144 148 149 184 190
60 67 61 62 84 85 86 95 103 122 134 152 171 173 184 188 190 192 196 200
61 93 64 73 75 117 132 136 143 151 165 171 181 187 195 196
62 77 74 75 96 102 113 116 120 134 136 150 164 166 181 188 198
63 96 81 95 96 112 120 122 148 168 169 177 185 194
64 78 87 93 98 109 150 158 166 171 193 194
65 77 67 109 117 119 120 121 132 136 138 139 145 149 150 160 180 189 197
66 83 79 90 100 101 104 106 108 124 131 137 139 156 163 168 170 179 189
67 50 72 83 86 90 91 92 113 123 132 148 149 150 154 166 171 180
68 85 79 81 82 98 103 105 106 112 114 116 117 124 127 139 157 159 161 164 169 170
69 69 92 95 98 100 137 138 167 172 173 177 181 191 197 198
70 100 74 79 110 119 133 138 141 146 147 149 156 161 163 166 176 187 196 200
71 54 72 79 93 94 98 120 131 147 149 168 171 182 186 196
72 77 75 78 80 100 113 115 116 125 142 146 147 148 158 166 186 196
73 95 78 101 102 103 129 130 136 151 154 160 169 171 178 185 190 199
74 64 80 81 82 99 106 122 135 153 166 167 172 192
75 67 78 82 85 87 88 89 94 118 127 132 140 146 160 170 171 174 175 178 188
76 80 81 95 111 134 163 167 170 173 179 186
77 95 99 116 133 140 146 149 161
78 58 108 113 122 127 146 148 155 166 180 190 198
79 60 81 87 94 95 104 134 157 165 167 176 184
80 96 96 102 106 127 130 135 142 166 180
81 75 87 98 102 111 121 124 128 132 151 152 154 168 169 182 183
82 79 87 88 89 109 112 125 126 140 169 171 177 198
83 67 90 94 112 123 140 145 149 152 153 167 171 173
84 91 92 93 100 107 113 116 123 128 130 134 167 176 187 193 196
85 76 98 107 108 122 132 144 146 153 165 177 180 195
86 76 94 106 107 108 112 115 123 139 140 165 168 169 181
87 65 89 90 97 103 119 125 149 153 158 165 167 182 184
88 68 97 98 100 103 122 126 163 171 177 178 182 190 191 193
89 96 93 137 152 153 158 161 177 178 186 195
90 93 98 104 109 123 128 134 156 157 158 173 174 177 186 188 195 197
91 70 101 105 111 117 124 129 149 170 173 177 192 196
92 78 93 111 114 137 140 153 162 170 195
93 80 98 100 110 115 125 128 136 146 152 173 176 187 188 197 198
94 52 96 97 102 103 115 116 137 144 153 161 179 194 195 199
95 76 106 124 132 145 146 150 152 166 168 188
96 69 99 101 107 117 126 142 149 178 187 189 190
97 52 101 114 119 125 149 166 179 187 194
98 72 99 103 109 110 147 175 188
99 69 109 113 123 129 138 148 152 156 161 174 198
100 87 101 107 143 167 169 172 175 176 178
101 50 120 133 191
102 58 108 112 119 130 132 151 152 171 193 199
103 55 105 119 124 128 146 152 156 159 162 169 186
104 61 105 110 111 126 136 144 152 156 163 175 178 181 183 184
105 51 114 133 147 149 156 171 176 181 183 189 194
106 51 112 118 124 140 144 147 153 162 174 198 200
107 81 112 113 127 133 135 140 142 152 161 163 169 176 185
108 91 110 115 119 133 135 140 175 179 191 193 199
109 82 112 118 127 141 163 168 179 181 182 184 189 192
110 77 121 123 130 133 147 158 165 180 188
111 77 114 130 134 137 138 151 153 160 168 170 186 192 194 200
112 80 115 133 144 145 159 161 169 190
113 66 123 140 142 143 149 155 157 167 173 179 187 188 193 196
114 82 116 125 136 137 146 156 163 167
115 61 121 125 129 132 133 139 142 145 146 151 181 182 189 192 200
116 64 124 132 158 162 171 193
117 98 134 136 139 179
118 55 127 130 132 136 138 151 165 171 175 186 187 199
119 88 128 129 130 132 133 152 153 167 179 196
120 98 130 142 144 194 195 199
121 88 123 134 136 138 142 176 192 199
122 56 152 166 184 185 188 196
123 63 129 130 137 138 140 142 147 152 169 170 172 186 190 194
124 85 131
125 84 140 144 147 161 165 185 188 196
126 57 127 139 140 156 158 162 172 176
127 77 128 137 148 165 168 188 191 195
128 69 134 143 155 156 157 169 182 187
129 95 132 141 148 152 157 168 169 171 185 193
130 73 148 153 169 170
131 63 136 138 143 151 152 156 184 192 194
132 75 136 149 154 160 166 169 177 189 191
133 84 134 141 142 148 180 181 183
134 85 145 148 151 152 155 163 165 166 168 173 178 181 192
135 97 136 165 188 195
136 58 143 145 151 159 170 174 191 194
137 65 138 139 160 168 173 187
138 73 141 142 159 163 167
139 85 158
140 65 150 155 160 191 192 198 200
141 95 149 153 167 168 183 186 189 190
142 82 163 171 175 187
143 100 144 155 174 186 189 195 199
144 97 146 157 171 188 190 195
145 62 158 180 183 186 191 193 198
146 64 162 164 173 175 193
147 86 153 159 170 179 180 185
148 92 150 168 182 196
149 71 157 174 183 185 186 196
150 80 161 174 182 195
151 68 153 159 174 186 191 200
152 70 178 182 190 191
153 57 177 180 187
154 72 157 163 175 176 188
155 97 161 175 185 189 200
156 83 170 172 176 183 195
157 86 184 192 195 196
158 58 162 178 180 185 188 191 193
159 63 199
160 93 183 196
161 76 164 166 175
162 80 170 178 187 188 193 199
163 66 174 177
164 60 169 172 176 179 182 199
165 98 173 183 185 199
166 100 168 180 183
167 70 169 181 195
168 57 171 192
169 87 171 172 180 185 191
170 86 171 177
171 67 176 185
172 93 181 195
173 71 192 193 195
174 69 179
175 57
176 69 180 188 192
177 55 184 194 200
178 60
179 100 181 184 189
180 58 182
181 58 193 194 199 200
182 78 186 191 197
183 86 190 194
184 56
185 50
186 64 188 198 199
187 61
188 58 192 197
189 84 195 197 198
190 79
191 78
192 72 193
193 60
194 66
195 65
196 100
197 87 199
198 87 199
199 94
200 65
