200
1 74 2 3 5 6 7 8 9 10 11 12 13 14 16 17 18 19 20 22 24 25 26 28 29 30 32 35 36 37 38 39 40 41 44 45 46 47 48 49 50 51 53 54 55 56 59 61 63 64 65 66 67 68 70 71 72 74 75 77 78 79 82 83 84 85 86 88 89 92 94 95 97 99 100 101 102 103 104 106 107 110 111 112 113 114 115 116 117 118 119 120 121 122 123 124 125 126 128 129 131 134 135 136 137 138 139 140 141 142 143 144 145 146 147 149 151 152 153 154 155 156 157 158 159 160 163 164 165 166 167 168 169 173 174 175 177 178 179 180 181 183 184 186 188 189 191 192 193 195 198 200
2 82 3 4 6 9 10 11 12 13 14 15 17 19 20 22 23 25 26 27 29 30 32 34 35 36 37 38 39 40 41 42 46 47 48 49 50 51 52 54 56 57 58 59 60 61 62 63 64 65 66 67 68 69 70 72 74 75 76 77 79 80 81 82 83 84 85 86 87 88 89 91 92 93 95 96 97 98 99 100 102 103 104 105 107 108 109 110 112 113 114 115 116 117 118 119 121 122 123 124 125 126 127 128 129 130 131 132 134 135 136 137 138 139 141 142 143 144 145 146 148 150 151 152 153 154 156 157 158 159 160 161 162 163 164 167 170 171 172 173 174 175 176 177 178 179 180 181 182 183 185 186 187 188 189 192 193 194 195 196 197 198 200
3 32 4 5 6 7 8 9 11 12 13 14 15 16 18 19 20 22 23 24 25 26 27 28 29 30 32 33 34 35 36 37 38 39 40 41 42 43 44 45 47 48 49 50 52 56 58 59 60 61 63 64 66 67 69 70 71 73 74 76 77 78 79 80 84 85 86 88 89 91 92 93 94 95 96 97 98 99 100 101 102 104 106 108 109 110 111 112 114 115 117 118 119 120 121 122 123 124 125 126 127 128 129 130 131 132 134 135 136 137 138 139 140 141 142 143 144 145 146 147 149 150 151 152 153 154 156 157 159 160 162 163 164 165 166 167 168 169 170 171 172 173 174 175 177 179 181 182 183 185 186 188 191 192 194 195 196 197 198 200
4 73 5 6 9 10 11 12 13 14 15 16 17 18 19 20 21 23 24 25 26 27 28 29 30 31 34 36 37 38 39 40 41 42 44 45 46 48 49 51 53 54 55 56 57 59 60 61 62 64 65 66 67 68 69 70 71 72 73 74 75 76 78 79 80 81 82 83 85 88 89 90 91 92 93 94 95 97 98 99 100 101 102 103 104 105 106 107 108 109 111 112 113 114 115 116 117 118 120 121 122 123 125 126 127 128 130 132 133 134 135 136 137 138 139 140 141 142 143 144 147 148 149 150 151 152 154 155 156 157 158 160 161 162 163 164 166 167 168 169 170 173 174 175 176 180 181 183 184 186 187 188 189 190 191 192 193 194 195 196 197 198 199 200
5 80 7 8 9 10 11 12 13 14 15 17 18 19 20 22 23 26 27 29 30 31 32 33 34 35 37 38 39 40 43 45 46 48 49 50 51 53 54 56 57 58 59 60 61 62 63 64 65 67 68 69 70 71 72 73 74 75 76 79 80 81 82 83 84 85 86 87 88 89 90 92 93 95 97 98 99 101 102 103 104 105 106 107 108 109 110 111 112 113 114 115 116 117 119 120 121 122 124 125 126 128 129 130 131 132 133 135 136 137 138 139 140 141 142 144 145 146 147 149 154 155 156 157 158 159 160 161 162 163 165 166 167 169 170 171 172 173 174 175 176 177 178 179 180 182 183 184 185 186 188 190 191 192 193 194 195 197 198 199 200
6 60 7 8 9 10 11 12 13 14 15 18 19 21 22 24 27 28 29 30 32 33 34 35 36 37 38 43 44 45 46 47 48 49 52 54 55 56 58 59 60 61 62 63 64 65 66 67 68 69 72 73 74 75 77 78 79 80 81 82 83 84 85 87 88 89 90 91 94 95 96 98 101 102 103 104 105 106 107 108 109 110 111 112 113 114 115 116 117 118 119 121 123 124 125 126 127 128 129 130 131 132 134 135 136 137 138 139 140 143 144 145 146 147 148 149 151 152 153 155 156 157 159 160 161 162 163 164 165 166 169 170 172 173 174 175 176 177 178 180 181 182 185 186 187 188 189 190 192 193 194 196 197 198 199 200
7 29 9 10 11 12 13 14 15 17 18 19 20 22 23 25 26 27 28 31 32 34 35 36 37 38 39 41 43 44 45 46 47 49 51 53 54 55 56 57 59 61 62 63 64 65 66 67 68 69 70 71 72 73 74 76 78 79 80 82 83 84 87 88 89 90 91 92 93 95 98 99 100 101 102 103 104 105 106 107 108 109 110 111 112 113 114 117 118 119 121 122 123 124 126 127 128 129 130 131 132 133 135 136 137 138 140 141 142 143 145 146 147 149 151 153 154 155 156 158 159 160 161 163 164 165 167 168 170 171 172 173 174 175 176 177 178 179 180 181 182 183 184 185 187 188 189 190 191 192 193 195 196 198 200
8 59 10 11 12 13 14 15 17 18 19 20 21 22 23 24 25 26 27 28 29 30 31 32 33 34 37 38 39 40 42 43 44 45 46 47 48 49 50 51 53 55 57 58 59 61 62 64 65 66 67 68 70 71 72 73 74 75 78 79 80 81 82 83 84 85 86 87 89 90 91 92 93 94 95 96 97 98 100 101 102 103 104 105 106 109 110 111 112 113 114 115 116 117 119 120 121 122 123 124 125 127 128 129 130 132 133 135 136 138 139 142 143 144 145 146 148 151 152 153 154 157 158 159 160 161 162 163 164 165 166 169 170 172 173 174 175 176 177 179 180 181 182 184 185 186 188 189 190 192 193 195 197 198 199 200
9 84 10 11 12 13 14 16 17 18 19 20 21 23 24 27 28 29 30 31 32 33 35 36 37 38 40 42 43 44 45 46 47 49 50 51 52 53 54 55 57 58 59 60 61 62 65 66 67 68 69 70 71 72 73 74 75 77 78 79 80 81 83 84 85 86 89 90 92 93 95 96 98 100 101 102 103 104 105 106 108 109 110 111 112 113 114 116 117 118 119 121 122 123 124 125 126 127 128 130 131 133 134 137 138 139 140 142 143 144 145 148 149 151 152 153 154 155 156 157 158 159 160 161 162 163 164 165 166 167 169 171 172 174 176 177 178 179 180 182 183 186 188 189 190 191 192 194 197 199 200
10 84 12 13 14 15 16 17 18 19 20 21 22 23 24 26 28 29 30 31 32 33 34 35 36 38 39 40 43 44 45 46 47 48 49 50 51 52 53 55 56 57 58 59 60 61 63 64 65 68 70 71 72 73 74 75 76 77 78 79 80 81 82 83 84 85 86 88 90 91 92 93 94 95 96 97 100 102 105 107 108 109 110 111 112 113 114 115 116 117 118 119 120 122 123 124 125 127 128 129 130 131 133 134 136 137 138 139 140 141 142 143 144 145 147 148 149 151 152 153 154 155 157 158 160 161 163 164 165 166 168 169 170 171 172 173 174 176 177 178 180 181 183 185 187 188 189 190 191 192 193 194 195 196 197 198 199 200
11 93 12 14 15 16 17 18 20 21 22 23 24 25 26 27 28 30 31 32 33 34 35 36 37 38 39 40 42 43 44 47 48 49 50 51 52 53 54 55 57 58 59 60 61 65 66 67 68 69 70 71 72 73 75 76 77 78 79 80 81 82 83 84 85 86 87 88 89 90 91 92 93 94 95 97 98 100 101 102 103 104 105 106 107 109 111 112 113 114 115 118 119 122 123 124 126 127 128 129 130 132 133 134 135 137 139 140 141 142 143 144 145 147 148 149 150 151 152 153 154 155 156 157 158 159 160 162 163 164 165 167 168 169 170 171 173 174 175 176 177 178 181 182 183 184 185 186 187 188 189 190 191 192 194 195 196 197 198 199 200
12 24 13 14 15 16 17 19 21 22 23 24 25 26 27 29 30 31 32 33 34 35 36 37 38 39 41 43 44 45 46 47 48 49 50 51 55 58 59 61 62 63 64 65 66 67 68 69 71 72 73 74 77 78 79 80 81 82 83 84 85 86 89 90 92 93 94 95 96 97 98 100 101 102 106 107 108 109 110 111 112 114 116 117 118 119 120 121 122 123 124 125 126 127 129 130 131 133 135 138 139 140 141 144 145 146 149 152 153 154 155 156 157 159 160 161 163 164 165 166 167 168 172 174 175 178 179 180 181 182 184 185 186 187 188 189 190 191 192 193 195 196 197 198 200
13 37 14 15 19 20 21 22 23 25 26 27 28 29 30 31 33 34 35 36 37 38 39 40 41 42 43 44 47 48 49 50 51 52 53 54 55 56 57 58 59 60 61 62 63 64 65 66 67 68 69 70 72 74 75 78 79 80 81 82 83 84 85 86 87 89 90 91 93 94 95 96 97 99 100 101 102 103 105 106 108 110 111 113 114 115 116 117 118 119 121 123 124 125 126 127 128 129 130 131 133 134 135 136 137 138 139 140 141 142 143 145 147 148 149 151 153 154 155 156 157 158 160 161 162 165 167 169 170 171 172 176 177 178 179 180 181 182 183 184 185 186 187 188 190 193 195 196 197 199
14 49 16 17 19 20 21 23 24 26 28 30 33 34 35 36 37 38 39 40 41 42 43 44 45 46 47 49 50 51 52 53 55 56 57 58 59 60 61 63 64 65 66 67 70 71 72 73 74 75 76 78 80 82 83 84 85 86 87 88 89 90 91 92 93 94 96 97 98 99 100 101 102 103 105 107 108 109 110 111 112 113 114 115 117 118 119 120 121 123 124 125 128 129 130 131 134 135 136 137 139 140 142 143 144 146 147 149 151 152 153 154 155 156 159 161 163 164 166 167 169 170 171 174 176 177 178 179 180 181 182 183 184 186 187 188 189 190 191 192 193 194 195 196 197 198 199 200
15 45 16 17 18 19 20 22 23 25 27 28 29 30 31 32 34 35 36 37 39 40 41 42 43 44 45 46 47 48 49 51 53 57 58 59 60 61 63 65 66 67 68 71 72 73 74 78 79 81 82 83 84 85 87 88 89 91 92 94 95 96 97 98 99 100 102 105 108 109 110 111 114 115 116 117 119 120 121 122 123 124 125 126 127 128 129 130 131 132 133 134 135 136 137 138 139 140 141 142 143 144 145 146 147 149 150 152 153 154 155 156 158 159 160 161 162 163 164 165 166 167 168 169 170 171 172 175 176 177 178 179 180 182 184 186 188 191 192 193 194 195 198 199 200
16 98 17 18 19 21 22 24 25 26 27 28 30 31 32 33 34 35 36 37 38 39 40 42 44 45 46 47 48 49 50 52 53 54 55 56 57 59 60 61 62 63 64 65 66 68 69 70 71 72 74 75 76 78 81 82 84 85 86 87 89 90 91 92 93 94 95 96 98 100 101 103 104 105 106 108 110 111 112 113 114 115 116 117 118 119 120 122 123 124 126 127 128 129 130 131 134 135 136 137 139 140 142 144 145 147 151 152 153 154 155 156 158 159 160 162 163 164 166 167 168 171 172 173 174 175 176 177 178 179 181 182 183 185 186 187 190 191 193 194 195 196 198 199 200
17 82 18 19 20 21 22 23 24 25 26 27 28 29 31 33 34 36 37 38 39 40 41 42 43 44 46 47 49 50 52 53 54 55 56 57 58 59 60 61 62 63 64 65 66 67 68 69 70 71 73 74 75 76 78 79 80 81 82 83 84 85 86 87 88 89 90 91 92 93 94 95 96 98 99 100 101 102 104 105 106 108 109 110 111 112 113 114 115 116 117 118 119 120 121 122 123 124 125 126 128 129 131 132 133 134 135 136 137 138 139 141 142 143 144 146 147 148 149 150 152 153 154 155 156 157 158 159 160 163 164 165 166 168 171 172 173 174 175 179 180 181 182 183 184 186 187 189 190 191 192 193 194 195 196 197 199 200
18 65 19 21 23 24 25 26 27 28 29 30 31 32 33 36 37 38 39 40 41 42 43 44 45 47 48 49 50 51 52 53 54 56 57 58 60 61 62 63 64 65 66 67 68 69 70 71 72 73 75 76 77 78 79 80 82 84 85 87 88 89 92 93 94 95 96 97 100 101 102 103 104 106 107 108 109 110 111 112 113 114 116 118 119 120 122 123 124 126 127 128 129 130 131 134 135 136 137 138 139 140 141 142 143 145 146 149 150 151 152 153 155 156 158 159 160 161 162 163 166 169 170 171 172 175 177 178 179 180 181 182 183 184 185 186 187 188 189 190 191 192 193 194 195 196 197 198 199
19 67 21 22 23 24 25 26 27 29 30 31 32 33 34 36 37 38 40 41 43 44 45 46 49 50 51 52 53 54 55 56 58 59 60 64 65 66 67 68 69 71 73 75 76 77 78 79 80 81 82 83 84 86 87 88 89 90 91 92 93 98 99 100 101 102 103 104 105 106 108 109 110 111 112 114 115 117 118 119 120 121 122 123 124 125 126 128 129 131 132 133 134 135 136 138 139 140 141 143 144 145 147 148 149 151 152 153 154 156 157 158 159 160 162 163 164 165 166 167 168 169 170 171 172 174 175 176 177 178 179 180 181 182 183 186 188 189 190 191 192 193 194 195 197 200
20 89 21 22 23 24 25 26 27 29 32 34 35 36 38 39 40 41 42 43 44 45 46 49 50 51 52 53 54 55 56 57 58 60 61 62 63 64 65 66 67 68 69 70 71 72 73 74 76 77 78 79 80 81 82 83 85 86 89 91 92 93 94 95 96 97 99 100 101 102 103 104 105 106 107 109 110 111 112 114 115 116 118 119 121 122 123 124 125 126 127 129 130 132 134 135 136 138 139 140 142 143 145 146 151 153 154 155 157 159 160 161 164 165 166 167 169 170 171 172 173 174 175 176 177 179 180 181 182 183 185 186 187 188 189 191 192 193 194 195 196 197 198 199 200
21 24 22 23 24 25 27 28 29 30 31 32 33 35 36 37 38 39 40 41 43 46 47 51 52 53 54 57 58 59 60 61 62 63 64 65 66 69 70 71 72 73 74 75 79 80 81 82 85 86 87 88 90 92 93 94 95 96 97 98 99 101 102 103 104 106 108 109 110 111 112 113 115 116 118 119 121 122 123 125 126 127 128 129 130 132 133 134 135 136 137 138 140 142 145 146 147 148 150 151 152 155 157 158 160 161 162 163 165 166 167 168 169 170 171 172 173 174 175 176 177 178 179 180 181 182 183 185 186 188 189 190 191 192 193 194 195 196 197 198 199 200
22 88 23 24 25 26 27 29 30 31 34 36 37 41 43 44 46 47 48 49 50 51 52 55 56 57 58 59 60 61 62 63 64 66 67 68 69 71 72 75 76 77 78 80 81 82 83 84 86 87 88 89 92 93 94 95 97 98 99 101 102 104 106 107 108 109 110 111 112 113 114 115 116 119 121 122 123 124 126 127 128 129 131 132 133 135 136 138 139 140 141 143 144 145 147 148 150 151 152 153 154 155 156 157 160 161 162 163 165 167 169 170 171 172 174 175 176 177 178 179 182 183 184 185 186 188 189 190 191 192 193 196 197 199 200
23 56 24 25 27 28 29 30 31 32 33 34 35 36 37 38 40 43 44 45 46 47 49 50 51 52 53 54 57 58 59 60 61 62 63 64 65 68 69 70 71 72 73 74 75 76 77 78 79 80 82 83 84 87 89 90 91 92 93 94 95 96 97 99 100 101 102 103 104 105 106 107 108 109 110 111 113 114 116 117 119 120 121 123 124 125 127 129 131 132 133 135 136 137 139 140 141 143 144 146 147 148 149 150 151 152 153 154 155 156 157 158 163 164 165 166 167 168 169 170 172 174 175 176 177 178 179 180 181 182 183 184 185 186 187 188 189 190 191 192 193 194 195 197 198 199 200
24 89 25 27 28 29 31 32 33 35 36 37 38 39 40 41 43 44 46 47 48 49 50 51 52 54 55 56 57 58 60 61 62 63 65 66 67 68 69 70 71 72 73 74 75 77 78 79 80 81 83 84 86 87 88 89 90 91 92 94 97 98 99 100 101 102 103 105 107 108 109 110 111 112 114 115 117 118 119 120 121 122 123 124 125 126 127 128 129 130 131 132 133 134 135 136 137 138 139 141 142 144 145 146 147 148 149 150 151 152 154 155 156 157 158 159 160 161 162 165 166 167 168 169 170 171 172 173 175 176 177 178 179 180 181 182 183 185 186 187 188 189 190 191 192 193 194 195 196 197 198 199 200
25 25 26 27 28 29 30 31 32 33 34 35 36 37 40 41 42 43 44 45 46 48 49 50 51 52 53 54 57 58 59 60 61 63 64 65 66 67 68 70 71 72 73 74 75 76 77 78 80 81 82 83 85 86 87 88 89 90 91 92 95 96 97 98 99 100 101 102 104 106 107 108 109 110 111 112 113 114 115 117 118 119 120 121 122 123 124 125 126 128 130 131 132 134 135 136 137 142 144 146 148 149 150 151 152 153 154 155 157 158 159 160 161 164 165 166 167 168 169 170 172 174 175 176 179 181 182 184 185 186 187 188 189 190 191 192 194 196 197 198 199 200
26 52 27 28 29 30 31 32 33 34 35 38 40 41 43 44 45 46 47 48 49 50 52 53 54 55 56 57 58 60 62 63 64 65 66 68 69 70 71 72 73 75 76 77 78 79 81 82 83 84 85 87 88 89 90 92 93 94 96 97 98 100 101 102 104 105 106 107 108 109 110 111 112 113 115 116 117 118 119 120 121 123 124 125 127 128 130 131 132 133 134 135 136 138 139 140 141 142 143 144 145 146 147 148 149 150 151 152 153 155 156 157 158 159 160 161 162 163 164 165 166 167 169 170 171 172 173 174 175 176 178 180 181 182 183 185 186 187 188 189 190 191 192 193 196 198 199
27 34 28 29 30 31 32 33 34 35 36 37 40 41 42 43 44 45 46 47 50 51 52 53 54 55 56 58 59 60 61 62 64 65 66 67 68 69 71 72 73 74 76 77 78 79 81 82 83 84 85 87 88 90 91 92 93 94 95 96 98 99 101 103 105 106 109 110 111 112 114 115 116 117 118 119 122 124 125 126 127 128 129 132 133 134 135 136 137 139 140 141 143 146 147 148 149 150 151 152 153 154 155 156 157 159 160 161 163 166 168 169 170 171 172 173 175 176 178 179 180 181 182 183 184 187 188 191 193 194 195 196 197 199 200
28 33 29 31 32 33 34 36 37 38 39 40 42 43 44 45 47 48 49 51 52 54 56 58 59 60 61 62 63 64 65 66 69 70 72 73 74 75 76 77 78 79 80 81 83 84 87 88 90 91 92 93 94 96 100 102 104 105 106 107 108 109 110 111 112 113 118 119 120 121 122 123 125 126 128 129 130 131 132 133 134 135 138 139 140 141 142 143 144 145 146 147 148 149 150 151 152 153 155 156 157 158 159 160 161 163 164 165 166 167 169 170 171 172 173 176 177 178 179 180 181 182 183 184 185 186 187 188 189 190 192 193 194 195 196 199 200
29 82 30 31 32 33 34 35 36 38 39 40 41 42 43 45 46 47 49 50 51 53 54 55 56 57 59 60 61 62 63 64 65 68 69 70 71 72 73 74 75 76 77 80 82 83 84 86 87 88 89 90 91 92 93 94 95 96 99 100 101 102 103 106 108 109 110 111 113 114 117 118 119 120 121 122 123 124 125 126 127 128 132 133 135 136 137 138 139 140 141 143 144 145 146 147 148 149 150 152 154 155 157 158 159 160 161 162 163 164 166 167 168 169 170 172 173 175 177 178 179 180 181 182 183 185 186 187 188 189 190 191 192 193 196 197 198 199 200
30 38 31 34 35 36 37 38 39 40 41 42 43 44 46 48 49 50 53 54 55 57 58 59 60 61 63 64 65 66 67 68 69 70 71 72 73 74 75 76 77 78 79 80 81 82 83 84 85 86 87 88 89 90 92 94 96 98 99 100 101 103 104 105 106 107 108 109 110 112 113 114 117 119 120 122 125 126 127 128 129 130 132 133 134 135 136 137 138 139 140 141 142 143 144 146 147 148 149 151 152 153 154 155 156 157 158 159 161 162 163 164 165 166 167 168 169 170 171 172 173 174 175 176 178 179 181 182 183 184 185 186 187 188 189 191 194 195 197 198 199
31 59 32 33 34 36 37 38 39 40 41 43 44 45 46 47 49 51 52 53 54 55 56 57 58 60 61 63 64 65 66 70 71 72 73 74 75 76 78 79 80 82 83 86 87 88 89 91 92 93 94 95 96 98 99 100 101 102 103 104 105 106 107 108 109 110 111 112 113 114 115 116 117 118 119 121 122 123 124 128 129 130 131 132 133 134 135 136 140 142 144 145 146 147 148 150 151 152 153 154 157 159 160 161 162 163 164 167 168 171 172 174 175 176 177 178 180 181 182 183 184 186 187 188 189 190 191 192 193 194 196 198 199 200
32 89 33 35 37 38 40 41 42 43 44 46 48 49 50 51 54 55 56 58 59 60 61 62 63 64 65 66 67 68 70 71 73 74 75 77 78 79 80 81 82 83 84 85 87 88 91 92 94 95 96 97 98 100 101 102 103 104 105 106 109 111 112 113 115 117 118 119 120 121 122 123 124 125 126 128 129 130 131 132 134 136 138 140 141 143 145 146 147 148 149 150 151 152 153 154 155 156 157 158 159 160 161 162 164 165 166 167 168 169 170 171 172 173 174 175 177 178 179 180 184 185 186 187 188 189 191 192 194 195 197 198 199 200
33 72 34 35 36 37 38 39 40 41 42 43 44 45 46 47 48 49 50 51 53 55 56 57 60 61 62 63 64 65 66 68 69 70 71 72 73 75 77 78 80 81 83 86 87 88 89 90 92 93 94 95 96 97 98 100 101 104 105 106 107 109 110 111 112 113 115 117 118 119 120 121 122 123 124 125 126 127 128 129 130 131 132 133 134 136 137 138 139 140 141 142 144 145 146 147 150 151 152 153 154 155 156 157 158 159 160 161 162 163 164 165 166 167 168 169 170 171 174 175 177 179 180 181 182 183 184 185 186 187 188 189 190 191 192 194 197 198 199
34 31 35 36 37 38 40 41 42 43 44 45 46 47 48 49 50 51 53 54 55 56 57 58 59 60 61 62 63 64 65 66 67 69 70 71 72 73 75 76 78 80 81 82 83 84 85 86 87 88 89 91 93 94 95 96 97 98 99 100 102 103 104 105 106 107 108 109 110 111 112 115 116 117 118 119 120 123 125 126 127 128 129 130 133 134 135 136 137 138 139 140 141 143 145 146 147 148 150 151 153 155 156 157 158 159 160 161 163 164 166 167 168 169 170 171 172 174 175 176 177 179 180 181 184 185 186 187 188 189 190 191 192 193 195 196 197 198 199 200
35 82 36 39 40 41 42 43 45 46 47 48 49 50 52 54 55 56 57 58 59 60 62 65 66 67 68 69 70 71 73 74 75 76 79 80 81 82 83 84 85 87 88 89 90 91 92 93 94 95 96 97 98 99 101 102 103 104 106 107 108 109 110 112 113 114 115 116 117 118 119 120 121 122 124 125 126 127 129 131 132 134 135 138 139 140 141 142 143 145 146 147 149 151 153 154 155 156 158 160 161 162 166 167 168 169 171 173 174 175 177 178 179 180 181 182 183 184 185 186 187 189 190 191 192 193 194 195 196 197 198 199 200
36 92 37 38 39 40 42 43 44 45 47 48 49 50 51 52 53 54 55 57 58 59 60 61 62 64 65 66 67 68 69 70 72 73 74 76 78 79 80 81 82 84 85 86 88 89 90 93 95 96 97 100 101 102 104 105 106 107 108 109 110 111 112 113 114 116 117 118 119 120 121 122 123 125 126 127 128 129 131 133 135 136 137 138 139 140 141 142 143 145 147 148 149 150 152 153 154 155 157 158 159 160 161 162 163 164 165 166 167 168 169 172 174 175 177 178 179 181 182 184 186 187 188 189 190 191 192 193 194 195 197 199 200
37 96 38 39 40 42 43 44 45 46 47 48 49 50 51 52 53 54 55 56 57 58 59 60 61 62 63 66 67 69 70 71 72 73 75 76 77 78 79 80 81 82 83 84 85 86 88 89 90 91 92 95 96 97 98 99 100 101 102 103 104 105 106 107 110 111 113 114 116 118 119 121 123 124 125 126 127 128 129 131 132 133 134 135 136 137 138 139 140 141 142 143 144 145 147 148 150 151 152 153 155 156 158 159 160 161 163 164 165 166 167 171 173 174 177 178 179 180 181 182 183 184 185 186 187 188 189 190 191 193 194 195 196 197 198 199 200
38 70 41 43 44 45 46 47 48 49 50 51 52 53 54 55 56 57 58 59 60 61 62 63 64 66 67 68 69 70 71 73 74 75 76 77 78 80 81 82 83 84 85 86 87 88 89 90 91 92 94 95 96 97 98 100 101 102 103 104 105 107 108 109 110 111 112 113 114 115 116 117 119 120 121 122 123 124 125 128 129 130 131 132 133 134 135 137 140 141 142 143 144 145 146 147 148 149 150 151 152 153 154 155 156 157 158 159 160 162 163 164 165 166 167 168 169 170 171 173 174 175 176 177 179 182 183 184 185 186 187 188 189 190 191 192 193 195 196 197 199 200
39 62 41 42 43 45 46 47 48 50 51 52 53 54 56 57 59 60 61 62 63 64 66 67 68 69 70 71 72 73 74 75 77 78 79 80 81 82 85 86 88 89 90 91 92 93 95 97 98 100 102 103 105 106 107 110 111 112 113 114 115 116 117 118 119 120 121 122 123 124 125 126 127 128 129 130 131 134 136 137 138 139 140 141 142 143 144 145 146 148 149 150 151 152 153 154 155 156 157 158 159 160 162 163 164 166 168 171 172 173 176 177 178 179 180 181 182 183 184 185 186 187 188 190 191 192 193 194 196 197 198 199 200
40 57 41 42 43 44 46 48 49 50 51 52 54 56 57 58 59 60 61 62 63 64 65 66 67 70 71 72 74 75 76 77 78 79 80 81 82 84 85 86 87 88 89 90 91 92 94 95 97 98 99 100 101 102 103 106 107 109 111 112 113 115 116 118 121 123 124 125 126 127 128 129 130 132 133 135 136 137 139 140 141 146 147 148 149 151 152 153 155 156 157 158 159 160 161 162 164 165 166 167 168 169 170 171 172 173 174 176 177 178 180 181 182 183 184 186 187 189 191 192 193 194 195 196 197 198 199 200
41 77 42 44 45 46 47 48 50 51 52 53 55 56 57 58 59 60 61 62 63 64 65 68 69 70 72 73 74 75 76 78 79 80 81 83 84 85 86 87 88 90 91 93 95 96 97 98 99 100 101 103 104 105 108 109 110 111 112 113 115 116 117 119 120 121 122 123 124 125 126 127 130 131 132 133 134 135 136 137 138 139 140 142 144 146 147 150 151 152 153 156 157 158 160 161 162 163 164 166 168 169 170 171 173 174 175 176 177 178 180 181 182 183 184 185 186 187 189 192 193 194 195 196 197 199 200
42 36 43 45 46 47 48 49 51 52 53 54 55 56 57 58 59 60 61 65 66 67 68 69 71 72 73 74 75 76 77 78 79 80 82 83 84 85 86 87 88 89 90 91 92 93 95 96 98 99 100 101 102 103 105 107 108 109 110 111 112 113 114 115 116 117 119 120 121 122 123 125 126 128 129 131 133 134 135 136 137 138 139 140 141 142 143 144 145 146 147 148 149 150 152 153 154 155 157 158 159 161 163 164 165 166 167 168 169 170 171 172 173 174 175 176 177 179 180 181 182 184 185 186 187 188 189 190 191 192 193 195 197 198 199 200
43 49 44 45 47 48 49 50 51 52 53 54 55 56 57 58 59 60 61 62 63 64 67 69 70 71 72 73 74 75 77 78 79 81 82 83 84 85 87 88 89 90 91 92 93 94 95 96 97 98 99 100 101 102 103 106 107 108 109 110 111 112 113 114 116 117 118 119 120 121 122 124 125 126 127 128 129 130 131 132 133 134 135 136 137 138 139 140 141 142 143 144 146 147 148 149 151 153 154 155 157 158 159 160 161 163 164 165 166 167 168 169 170 171 172 173 174 176 179 181 182 183 184 186 187 188 189 190 191 192 194 196 197 198 199 200
44 55 45 47 48 50 53 54 56 57 58 59 61 63 65 66 67 68 71 72 74 75 77 78 80 81 83 84 86 87 88 89 90 92 93 94 96 97 98 100 101 103 104 105 106 107 108 109 110 112 113 114 115 117 118 121 122 123 124 126 128 129 130 131 133 134 136 138 139 140 142 143 144 145 146 147 148 149 150 152 154 155 156 158 159 160 161 162 163 164 165 166 167 168 169 171 172 173 174 175 176 177 179 180 181 182 183 186 187 188 189 190 191 192 194 195 197 198 199 200
45 56 47 49 51 52 53 55 56 57 58 59 60 61 63 64 65 66 67 69 70 71 72 73 74 75 76 77 78 79 81 82 83 84 85 86 87 88 89 91 92 93 94 95 96 97 98 99 101 103 104 105 106 107 108 109 111 112 113 114 116 118 119 120 121 122 123 125 126 127 129 130 132 135 136 137 138 139 140 141 143 144 145 146 147 149 150 151 152 153 154 156 158 159 160 161 162 163 164 166 167 168 169 170 171 172 173 174 175 176 177 179 180 181 182 183 184 185 186 188 189 190 191 192 193 194 195 196 197 199 200
46 46 47 48 49 50 51 52 55 58 59 60 61 62 63 64 65 66 68 70 72 73 74 75 76 77 79 80 81 82 84 85 86 87 88 89 90 91 92 94 95 96 97 98 100 101 103 104 105 106 107 108 109 111 112 113 114 115 116 117 118 119 120 121 123 124 125 127 128 129 130 131 133 134 135 136 137 138 139 140 141 142 144 145 146 148 149 150 152 153 156 157 158 159 160 161 162 163 164 165 166 167 170 171 173 174 175 176 177 178 179 180 181 182 183 184 185 186 187 188 189 190 191 192 193 194 195 196 197 199
47 70 48 49 50 51 52 54 55 56 57 58 59 60 61 62 63 64 65 66 70 71 72 73 78 79 80 81 82 83 84 85 86 87 88 89 90 91 94 96 97 98 99 100 101 102 103 104 105 106 109 110 111 113 115 116 117 118 119 120 124 126 127 128 129 130 131 132 133 134 135 136 137 141 142 143 144 145 148 149 150 151 152 153 155 156 157 158 159 160 161 162 163 164 165 166 168 169 170 171 172 173 174 175 176 178 179 180 181 183 185 186 187 190 191 192 193 194 195 196 198 199 200
48 53 49 50 51 52 53 54 55 56 58 59 60 61 62 63 64 65 66 68 69 71 72 73 74 75 77 78 79 80 81 82 83 84 85 86 87 88 89 90 91 92 93 96 97 98 100 101 102 104 105 107 108 109 110 113 115 116 119 120 121 124 125 126 127 129 131 132 133 134 135 136 137 138 139 140 141 143 144 145 146 147 148 149 150 151 152 153 154 155 156 157 158 159 160 161 164 165 166 167 168 170 171 172 173 177 178 179 180 181 183 184 185 187 188 189 190 192 193 195 196 199
49 49 50 51 52 53 55 56 57 58 60 61 62 63 64 65 66 68 70 71 73 74 75 76 77 79 80 82 83 84 85 86 87 88 89 90 91 92 93 94 95 96 98 99 100 101 104 106 107 108 109 110 112 113 114 116 118 119 120 121 122 123 124 125 126 127 128 129 130 131 133 134 136 137 139 140 141 142 143 145 146 147 148 150 151 152 153 154 155 156 157 158 159 160 163 165 166 167 168 169 170 171 173 177 178 179 181 182 183 184 185 186 187 189 190 191 192 194 196 197 198 199
50 40 52 53 55 57 58 59 61 62 63 64 65 67 68 69 70 71 72 74 75 76 77 78 79 80 81 82 83 84 85 86 87 89 90 91 92 93 94 95 96 97 98 99 100 101 102 103 105 106 108 110 111 112 113 114 115 116 117 118 120 121 122 123 124 125 126 127 128 129 132 134 136 137 138 139 140 141 142 143 145 146 147 148 151 152 154 156 157 158 159 160 161 164 166 167 168 169 170 171 172 173 174 175 177 178 179 180 181 182 183 184 189 190 191 192 193 194 195 197 199 200
51 82 52 54 55 56 57 58 59 60 61 62 63 64 65 66 69 70 71 73 74 75 76 78 79 80 81 82 83 84 85 86 87 88 89 90 91 92 94 96 97 98 100 102 104 105 106 107 108 109 111 113 114 115 116 117 118 119 120 121 122 123 125 126 128 129 130 132 134 135 136 137 138 139 140 141 143 144 145 146 147 148 149 150 151 152 153 154 155 156 157 158 159 160 161 162 163 164 166 167 168 169 170 171 172 173 175 176 177 180 181 182 184 186 188 189 190 191 192 193 195 196 197 199
52 86 53 54 55 56 57 58 59 61 62 63 64 65 66 67 70 71 73 74 75 76 77 78 79 81 82 83 84 85 86 90 91 92 93 94 95 96 97 99 101 102 104 105 106 108 109 110 111 112 114 115 116 117 118 119 120 121 122 123 125 126 127 128 130 131 132 133 134 135 136 137 138 139 140 141 142 143 144 145 147 148 150 151 152 153 154 155 156 157 158 159 160 161 162 163 166 167 168 169 170 171 172 173 174 175 177 178 179 180 181 182 183 184 185 186 188 190 191 192 193 194 195 196 199 200
53 87 54 56 57 59 60 61 63 64 65 67 68 69 70 71 72 73 74 75 79 81 82 83 84 87 88 89 90 92 93 94 95 96 97 98 99 100 101 104 105 106 108 109 110 111 112 113 114 116 117 121 122 123 124 126 127 128 130 131 132 136 137 138 139 140 141 143 144 145 146 147 148 150 151 153 154 157 159 161 163 164 165 166 167 168 169 170 171 172 173 174 175 176 177 178 179 182 183 185 187 188 189 190 191 192 194 195 196 197 198 199 200
54 95 55 56 57 58 59 60 63 64 65 67 68 71 72 73 74 75 76 77 78 80 81 82 84 85 86 87 88 89 90 92 93 94 95 96 98 99 101 103 104 105 106 107 108 109 110 111 112 113 114 116 118 119 122 123 124 125 126 127 128 129 130 132 133 134 135 136 138 140 141 142 143 144 148 149 151 152 153 154 155 156 157 158 159 160 161 164 165 167 168 169 171 172 173 174 178 179 180 181 182 183 185 186 187 188 189 190 191 192 193 194 198 199
55 83 56 57 58 59 60 62 63 64 65 67 68 69 71 73 75 76 77 78 79 80 83 84 87 88 89 90 91 92 93 94 95 96 97 98 99 100 101 104 105 106 107 108 109 110 111 112 114 115 116 117 118 119 120 121 122 123 124 125 126 127 128 129 132 133 135 136 137 138 139 141 142 143 144 145 146 147 148 149 150 151 152 153 154 155 156 158 159 162 163 165 166 167 168 169 170 171 172 173 174 175 176 177 178 179 180 183 184 185 186 187 189 190 191 192 193 197 198 199 200
56 75 57 59 60 61 62 63 64 65 66 67 68 70 71 72 73 74 75 76 77 80 81 82 83 84 86 87 88 89 90 91 93 95 96 97 99 100 101 102 103 104 105 107 108 110 113 114 115 116 117 119 120 121 123 124 126 129 130 131 132 134 135 137 138 139 141 143 144 145 146 148 149 152 154 155 156 158 160 161 162 163 164 165 166 167 168 169 170 171 172 173 174 175 176 178 179 181 182 183 184 185 186 187 188 189 190 192 193 194 195 196 200
57 66 58 60 61 62 64 65 66 68 69 70 72 73 74 75 77 78 79 81 88 89 90 91 92 93 94 96 97 98 99 100 101 102 103 104 105 106 107 108 109 110 111 112 113 114 115 117 118 119 120 121 122 123 124 125 126 127 128 130 133 134 135 136 138 139 141 143 144 145 147 148 149 150 151 152 154 155 156 157 158 159 160 161 162 163 164 165 166 167 168 169 171 173 174 175 176 177 178 179 180 181 182 183 184 185 186 187 188 189 192 194 195 196 197 198 199 200
58 66 59 60 61 66 67 68 70 72 73 74 75 77 78 79 80 85 86 87 88 89 90 92 93 95 96 97 98 99 101 102 103 104 105 106 108 110 111 112 113 114 116 117 118 119 120 121 122 123 124 125 127 128 131 132 134 135 136 137 139 140 141 142 144 145 146 147 148 149 150 152 153 155 156 157 158 159 160 161 162 163 164 166 167 168 170 171 172 173 174 175 176 177 178 179 181 182 185 186 187 189 190 191 192 193 194 197 198 199
59 72 60 61 62 63 64 65 66 67 68 69 70 71 73 75 76 78 79 80 81 82 83 85 86 87 89 90 91 93 94 95 96 97 98 99 100 101 102 103 104 105 106 107 108 109 110 111 112 113 114 115 116 117 118 119 120 122 123 124 126 128 130 131 132 133 134 135 136 137 138 139 140 141 142 143 144 145 146 148 149 150 151 152 154 155 156 157 158 159 160 162 163 167 168 169 170 171 172 173 174 175 176 178 179 180 181 182 183 184 185 186 188 191 194 195 196 197 198 199
60 67 61 62 63 64 67 68 69 70 72 74 76 77 78 79 80 81 82 83 84 85 86 89 90 91 92 93 94 95 96 98 99 100 102 104 106 107 108 109 110 113 116 117 118 119 120 123 125 126 127 128 129 131 132 133 134 135 136 138 139 141 142 144 145 146 148 149 150 151 153 154 155 156 157 158 159 160 161 162 163 164 165 166 167 168 169 173 174 175 176 177 178 180 181 182 183 185 186 187 188 189 190 191 192 193 194 195 196 197 198 199 200
61 76 62 64 66 67 69 70 71 72 73 74 75 77 78 79 80 81 83 85 89 91 92 93 94 96 97 98 99 100 101 102 103 104 105 106 107 108 109 110 111 113 114 115 116 117 118 119 120 122 123 125 126 127 130 131 132 133 134 135 136 137 138 139 140 141 142 143 144 145 146 148 149 150 151 152 153 154 155 156 157 159 160 162 163 165 166 167 168 169 170 171 172 173 174 175 177 178 179 180 181 182 183 184 186 187 188 190 191 192 193 194 195 196 197 198 200
62 84 64 65 66 67 68 69 70 71 72 73 74 75 76 77 78 81 82 83 84 86 87 88 89 90 91 92 93 94 97 98 99 100 102 103 104 105 106 107 108 109 110 111 112 113 114 118 119 120 121 123 124 128 129 130 131 132 133 134 135 138 139 140 141 143 144 146 147 148 149 150 151 152 153 154 155 156 157 158 159 160 161 162 164 165 166 167 168 169 171 172 173 174 175 176 177 178 179 180 181 182 183 184 185 186 187 188 189 191 192 193 194 195 196 197 198 200
63 26 64 65 66 67 68 69 70 71 72 73 74 76 77 78 79 80 81 82 83 84 85 86 87 88 89 90 91 92 94 95 96 97 98 99 100 101 103 104 105 106 109 111 112 113 115 116 117 118 119 122 123 124 125 127 128 129 130 131 132 134 135 136 137 138 139 141 142 143 144 145 146 148 151 152 153 154 155 156 157 158 159 160 162 163 164 165 166 167 168 170 171 172 173 175 176 177 179 180 181 182 183 185 186 187 189 190 191 192 193 194 195 196 197 198 199 200
64 36 65 67 68 69 70 72 73 74 75 76 77 78 79 80 81 82 83 84 85 86 87 88 89 90 91 92 97 98 99 100 101 102 103 104 105 106 107 108 109 110 111 112 114 115 116 117 118 119 120 121 122 123 124 126 127 128 130 132 133 134 135 136 137 139 140 141 142 143 144 145 146 148 149 150 152 153 154 155 157 158 159 160 161 162 163 164 166 167 168 169 170 171 172 173 175 176 177 178 179 180 182 183 184 185 186 187 188 189 190 191 192 194 195 196 197 198 199 200
65 35 66 67 68 69 70 71 74 75 76 77 78 80 81 83 84 85 86 87 88 89 91 92 93 94 95 96 97 98 99 100 101 102 104 105 107 108 109 111 112 113 114 115 116 117 118 120 121 122 123 124 125 126 127 128 129 130 131 133 134 135 137 138 139 140 142 144 145 146 147 148 149 151 152 153 154 155 156 157 158 159 160 161 162 163 164 165 166 167 168 169 171 172 173 174 175 176 177 179 181 182 183 184 185 186 187 188 189 190 191 192 193 194 195 196 197 198 199 200
66 95 67 68 70 73 74 75 76 77 78 79 80 82 83 84 85 86 87 88 89 90 91 92 96 97 99 100 101 102 103 104 106 108 109 110 111 112 113 115 116 117 120 121 122 123 124 125 129 130 131 132 134 135 137 138 141 142 143 144 145 147 148 149 150 151 152 153 154 155 156 158 159 161 162 164 166 167 168 169 170 171 172 173 175 176 177 180 181 182 183 184 185 187 188 189 190 191 192 193 194 195 196 198 199 200
67 79 69 71 72 73 74 75 76 77 81 82 83 85 86 87 88 89 90 91 92 95 96 97 98 99 100 102 103 104 106 107 108 109 110 111 112 114 115 116 117 120 122 123 124 125 126 127 128 131 133 134 135 137 138 139 141 142 143 144 145 146 147 148 150 152 154 155 156 157 159 161 163 164 166 167 169 170 171 172 173 174 175 177 178 179 180 184 186 187 188 189 190 191 193 194 195 196 198 199 200
68 41 69 70 71 72 73 74 75 77 78 79 80 82 84 85 86 87 88 89 90 91 93 94 95 96 99 100 102 103 104 105 106 107 108 109 110 111 112 114 115 116 117 119 120 121 122 123 124 125 126 127 128 129 130 131 133 134 135 136 137 138 139 140 141 143 144 146 147 148 150 151 152 153 154 155 156 157 158 159 160 161 162 163 164 165 166 168 169 170 171 172 173 174 175 177 178 179 180 181 182 183 185 186 187 188 189 190 191 192 194 195 196 198 199 200
69 45 70 71 74 75 76 78 80 81 82 84 85 86 88 89 90 92 93 94 97 98 99 100 102 103 104 105 106 107 108 109 110 111 112 113 115 116 117 118 119 120 121 123 124 125 126 127 128 130 132 133 134 135 136 137 138 139 140 141 142 143 144 145 147 149 151 152 153 154 155 160 161 162 163 164 167 169 170 172 173 174 176 177 178 179 180 181 182 183 184 185 187 188 189 190 193 194 195 197 198 200
70 57 71 72 73 75 76 78 80 81 82 84 85 86 88 90 91 93 94 95 96 97 99 100 101 104 105 106 107 108 109 110 111 112 113 114 115 116 117 118 119 120 121 123 124 125 126 127 128 129 130 131 133 134 135 136 137 138 139 140 144 145 147 148 150 151 152 155 157 158 159 160 161 162 163 164 166 167 168 169 170 171 172 173 174 175 176 177 179 180 181 182 183 184 185 187 188 189 190 191 192 193 194 195 196 197 198 199 200
71 93 72 73 75 78 80 81 82 83 84 85 86 87 88 89 90 92 93 94 95 98 99 100 101 102 103 104 105 106 108 109 110 111 112 113 114 115 116 117 119 120 121 122 123 125 126 127 128 129 130 131 132 133 134 137 138 139 140 141 142 146 147 148 149 151 153 154 155 156 157 158 159 160 162 163 164 165 166 169 170 171 173 175 176 177 178 180 181 184 186 187 188 189 190 191 192 193 194 195 196 198 199 200
72 26 73 74 75 76 77 78 79 81 82 83 84 85 86 88 89 90 91 92 93 95 96 97 98 99 100 102 103 106 107 108 110 112 114 115 116 117 118 119 120 122 124 125 126 127 128 129 130 131 135 136 138 139 140 141 142 143 144 145 148 149 150 151 152 153 155 156 157 159 160 161 162 163 164 167 168 169 170 171 172 175 177 178 179 180 181 182 183 184 185 187 188 189 190 191 193 194 195 196 198 199 200
73 24 75 76 78 79 80 81 83 84 85 88 90 92 93 94 95 96 98 99 100 101 102 103 104 106 107 109 110 111 112 114 115 116 117 118 120 122 123 124 126 129 130 131 132 133 134 135 136 137 138 139 141 142 143 145 147 149 150 151 152 153 155 156 157 158 159 161 162 163 164 166 167 168 169 170 171 172 174 175 176 177 178 179 180 181 182 183 184 186 187 188 189 190 191 192 193 194 195 196 197 198
74 39 75 76 78 79 80 81 82 83 85 86 88 89 90 91 92 93 95 96 97 99 100 101 102 103 104 105 106 108 109 110 111 112 113 115 116 117 118 119 120 121 122 125 126 127 128 129 130 131 132 133 134 136 137 138 139 140 141 142 143 144 145 146 149 150 151 152 154 155 157 159 161 162 163 164 165 166 167 168 169 170 171 172 174 175 178 179 180 181 182 183 184 185 186 187 188 189 190 191 193 194 195 196 198 199 200
75 27 76 78 79 81 82 83 84 85 86 87 88 89 90 91 92 95 96 97 98 99 101 102 104 105 106 108 111 112 113 114 115 116 117 118 119 120 121 122 123 124 125 126 128 129 130 134 135 136 137 138 139 140 141 142 146 147 148 149 151 152 155 156 157 158 159 160 161 162 163 164 165 166 168 169 170 171 172 173 174 176 179 180 181 182 185 186 187 188 189 190 194 195 196 197 198 199 200
76 58 77 78 79 80 81 83 85 86 87 88 89 90 92 94 95 96 98 99 100 101 102 103 104 105 106 107 109 110 111 112 113 114 115 116 118 120 121 122 123 125 126 127 129 130 131 132 133 134 135 136 138 140 142 143 144 145 146 147 150 151 153 154 157 158 160 162 163 164 165 166 167 168 169 170 171 173 174 175 176 177 179 180 181 182 183 184 186 187 189 190 193 194 195 197 198 199 200
77 49 78 79 80 81 83 84 85 87 88 89 90 91 93 94 97 99 100 101 103 105 106 108 110 112 113 114 115 116 117 118 120 121 122 123 124 125 128 130 132 133 134 135 136 137 138 139 141 145 146 147 148 149 150 151 152 153 155 156 157 161 162 163 164 165 167 168 171 172 173 174 175 176 178 179 180 181 182 183 185 187 188 190 191 192 193 194 195 196 199 200
78 53 79 80 82 84 86 88 89 90 91 92 94 95 96 97 98 100 101 102 103 104 106 107 110 111 112 114 115 116 117 118 119 121 123 125 126 127 128 129 130 131 132 133 135 136 137 138 140 142 143 144 145 146 147 148 151 152 153 154 156 157 158 159 160 162 163 165 166 168 169 170 173 174 175 176 177 178 179 180 181 184 185 186 189 190 192 194 195 196 197 198 199
79 45 80 81 82 83 84 85 86 87 89 90 91 92 95 98 99 100 101 102 103 105 106 108 109 110 111 112 113 114 115 116 117 118 119 120 121 122 123 124 125 127 129 131 132 133 134 136 137 138 139 140 141 142 143 144 145 146 147 148 150 151 153 155 157 158 159 161 162 165 166 167 168 169 170 171 175 176 177 179 180 181 182 183 184 185 188 189 190 191 192 193 194 195 196 197 199 200
80 63 82 83 84 85 86 87 90 91 94 97 99 100 101 102 103 104 105 106 107 108 109 110 111 113 114 115 116 117 118 120 122 123 124 125 126 128 129 130 131 132 133 134 135 136 137 139 140 142 143 144 145 146 148 149 150 151 152 154 155 156 157 158 160 161 162 163 164 165 166 167 168 169 170 171 173 175 176 177 178 179 180 183 184 185 186 187 188 189 190 191 193 194 195 196 198 199 200
81 43 85 86 91 92 93 94 96 97 99 100 101 102 105 107 108 109 110 111 112 113 114 115 117 118 120 121 122 123 124 125 126 128 130 131 132 133 135 136 137 138 139 140 141 142 143 144 146 147 149 150 151 153 154 155 157 158 159 160 161 162 164 168 172 173 174 175 176 178 179 180 181 182 183 184 185 186 187 189 190 191 192 193 195 196 198 199 200
82 72 84 86 88 90 91 92 93 95 97 98 99 100 101 102 103 104 105 106 107 108 109 110 111 112 113 114 115 116 117 119 120 121 122 124 125 126 127 128 129 130 131 133 134 135 137 138 139 140 141 142 143 144 145 146 147 148 149 151 152 153 154 155 156 157 158 159 160 162 163 164 165 166 168 169 170 171 172 173 174 175 176 178 179 180 181 182 183 184 186 187 188 189 190 191 192 195 196 197 198 199 200
83 67 84 86 87 88 89 90 91 92 93 94 95 96 98 99 100 101 102 103 104 105 106 107 108 109 110 111 112 113 116 117 118 121 122 123 125 126 127 130 131 133 134 135 136 137 139 140 141 142 145 147 148 150 151 152 153 154 155 156 157 158 159 161 162 163 165 166 167 168 169 170 171 172 173 174 175 176 178 179 180 182 183 184 185 187 188 190 191 196 197 198 199 200
84 72 85 86 87 88 89 90 91 93 95 96 97 98 99 100 101 102 103 104 105 106 107 108 109 110 112 114 115 116 117 118 119 120 123 124 125 126 127 128 129 130 131 132 133 134 135 136 137 138 139 140 141 142 143 144 145 146 150 151 152 153 155 156 157 159 160 161 164 165 168 169 170 171 172 173 174 175 176 177 178 179 180 183 184 185 186 187 188 189 191 192 193 194 195 197 198 199 200
85 77 86 87 88 89 90 92 94 95 96 97 98 99 100 101 102 103 104 106 107 108 109 110 111 112 113 114 117 118 119 123 124 125 126 129 130 131 133 134 135 136 137 138 139 140 141 142 143 144 145 148 149 150 151 152 153 154 155 156 157 159 160 161 162 163 165 166 167 168 170 171 172 173 174 175 178 179 180 181 182 183 185 186 187 190 191 192 193 194 195 196 197 198 199 200
86 70 87 88 89 90 91 94 95 96 98 100 101 102 103 106 108 109 110 112 114 115 118 119 121 122 123 124 126 127 128 130 131 132 133 134 136 137 139 141 143 144 146 148 149 150 151 152 153 154 155 156 157 158 159 160 161 162 163 164 165 166 167 168 169 170 171 173 174 175 176 177 179 181 183 184 185 186 187 190 191 192 193 195 196 197 198 200
87 62 89 90 91 92 93 94 95 96 98 99 100 101 102 103 104 105 106 107 110 111 112 113 115 116 118 119 120 121 122 123 125 126 128 129 130 131 132 133 134 135 136 137 138 139 140 141 142 143 145 147 148 150 151 152 153 155 157 158 159 160 161 162 163 164 165 166 167 168 169 170 171 172 174 175 176 178 179 183 184 185 186 187 188 189 190 191 192 193 194 195 196 197 198 199 200
88 57 89 90 91 92 94 95 96 97 98 99 100 101 102 103 104 105 106 107 108 109 110 111 112 113 114 115 116 117 118 121 122 123 124 125 126 128 129 130 131 132 133 134 135 137 138 139 140 143 144 145 147 148 149 150 151 153 154 155 156 157 158 159 160 161 162 164 165 166 167 169 170 171 172 173 174 175 176 177 178 180 181 182 183 184 186 187 188 189 191 193 194 195 196 197 198 199 200
89 77 91 92 93 94 95 96 98 99 100 101 102 103 104 106 107 108 109 110 111 113 114 115 116 117 118 119 120 121 122 124 125 126 128 129 130 131 132 133 134 135 136 137 138 139 142 143 144 145 146 147 150 151 152 153 154 155 156 159 160 161 162 163 164 165 166 167 168 169 170 172 173 174 175 177 179 181 182 183 184 185 186 187 188 190 191 192 194 196 197 198 199 200
90 54 93 94 96 97 99 101 102 103 104 105 106 107 108 109 110 111 112 113 114 115 116 117 118 119 120 121 122 123 127 128 129 131 132 133 134 135 136 139 140 142 143 144 145 146 147 148 150 151 152 153 154 155 156 157 158 159 160 161 164 165 167 171 172 174 176 177 178 179 180 181 183 184 185 187 188 189 190 191 192 193 194 195 196 197 199 200
91 50 92 93 94 95 96 97 100 102 103 104 105 106 107 108 109 110 112 113 114 115 116 117 118 119 120 121 125 126 127 128 129 130 131 132 134 135 136 137 139 140 142 144 145 146 147 148 149 150 151 152 153 154 155 156 157 159 160 162 163 165 166 167 168 171 173 174 175 176 177 178 179 180 181 182 183 184 185 186 188 189 190 193 194 195 196 198 199 200
92 46 93 94 96 98 100 101 102 104 105 106 107 108 109 110 111 112 113 114 115 116 117 118 119 120 121 122 123 124 125 126 127 128 130 131 132 133 134 135 136 137 139 140 141 142 145 146 147 148 149 150 151 152 153 154 155 156 157 158 161 162 163 164 165 166 167 168 169 170 171 172 173 174 176 177 178 182 184 185 186 187 188 190 191 192 194 195 196 197 198 199 200
93 53 94 95 96 97 98 100 102 103 104 105 106 107 108 109 110 113 114 115 116 119 120 123 124 125 126 127 128 129 131 132 133 135 136 137 138 139 141 143 144 145 146 147 148 149 151 152 153 154 155 156 158 159 160 161 162 163 164 165 166 168 169 170 172 173 174 175 176 177 178 179 180 181 182 183 184 185 186 187 189 190 191 192 194 196 197 200
94 76 95 97 98 99 101 102 103 105 106 109 110 111 112 113 114 115 116 117 118 119 120 122 123 124 126 127 128 129 130 131 132 133 134 135 136 137 141 142 143 144 145 146 147 148 149 150 151 153 154 156 157 158 159 160 161 162 163 164 165 166 167 169 170 173 174 175 176 177 178 179 180 181 183 184 185 186 187 189 190 191 192 194 195 196 197 198 199 200
95 60 97 99 100 101 102 103 106 107 108 109 110 111 112 113 114 116 119 120 121 122 123 124 126 127 128 130 131 132 133 136 137 138 139 140 141 142 143 145 146 147 148 149 150 151 152 153 154 156 157 159 160 162 164 165 166 167 168 169 170 171 172 173 174 175 177 179 180 181 182 183 185 187 188 189 190 192 193 194 195 196 197 199 200
96 63 97 98 99 100 101 102 103 104 107 110 111 112 113 115 116 117 118 119 120 121 122 123 124 126 127 128 129 130 131 132 133 134 135 136 137 138 139 140 142 143 144 147 148 149 150 151 152 153 154 155 156 157 158 159 160 162 164 165 166 168 169 170 171 174 175 176 178 179 180 181 182 183 185 186 187 188 189 190 192 193 195 197 198 199 200
97 44 98 99 100 101 103 104 106 107 108 109 110 111 112 116 118 120 121 122 123 124 125 126 127 128 131 132 133 134 135 136 138 139 140 141 142 143 144 145 146 148 149 150 151 152 153 154 155 156 157 158 160 162 163 164 165 168 169 170 171 173 176 178 180 181 183 184 185 186 188 190 191 192 193 194 195 197 198 199 200
98 50 99 100 101 102 104 105 107 108 109 110 111 113 114 115 117 118 119 122 123 124 125 126 127 129 130 131 132 133 134 136 138 139 140 141 142 143 144 146 147 148 149 150 151 153 154 155 156 158 159 161 162 163 164 165 166 167 168 169 170 171 172 173 174 175 176 177 178 179 180 181 182 184 185 186 188 189 190 191 192 193 194 195 196 197 198 199 200
99 70 100 103 104 105 106 107 108 111 112 113 114 116 117 119 120 121 122 123 125 126 127 128 129 131 132 133 134 135 136 137 138 141 142 143 144 145 148 149 150 151 152 153 154 155 156 157 159 160 161 162 163 164 165 166 167 168 169 170 171 172 174 175 176 177 178 180 183 184 185 186 188 189 191 192 194 196 197 199 200
100 37 101 102 103 104 105 106 107 108 110 111 112 113 115 116 119 120 122 123 124 125 126 128 129 130 131 132 134 137 138 139 141 142 143 144 145 146 148 151 153 154 156 157 158 159 160 161 162 163 164 167 168 169 170 171 172 173 174 175 176 177 178 179 181 182 183 184 185 186 187 188 190 191 192 194 196 197 198
101 81 103 104 105 106 107 109 110 111 113 115 117 118 121 122 123 124 125 126 127 128 129 130 131 132 133 134 136 137 138 139 140 141 143 144 145 146 148 149 150 151 152 154 155 156 157 160 162 163 164 165 167 168 170 171 172 173 175 176 178 179 180 182 183 184 185 186 187 188 189 190 191 193 194 198 199
102 70 104 105 107 108 110 111 112 113 114 116 117 118 119 120 121 123 124 127 129 131 132 135 136 138 139 140 142 143 144 145 146 147 149 150 151 152 155 156 157 158 159 160 161 162 163 164 165 166 167 168 171 174 175 176 177 178 179 181 182 183 184 185 186 188 189 190 191 192 194 195 196 198 199
103 82 104 105 106 108 109 110 111 112 113 114 115 116 117 119 120 121 123 124 125 126 127 128 129 130 131 132 136 137 138 140 141 142 143 144 145 146 147 148 149 151 152 153 156 157 158 161 162 163 165 166 168 169 170 171 173 174 175 177 178 179 180 181 183 185 186 187 189 190 191 192 193 194 195 196 198 199 200
104 24 105 107 108 109 110 111 112 113 115 117 118 119 121 122 123 124 125 126 128 129 130 131 132 133 134 136 137 138 139 140 141 142 145 146 147 148 150 151 152 153 154 156 157 158 159 160 162 163 164 165 166 167 168 170 172 173 175 178 179 180 181 182 183 185 187 188 190 191 192 193 194 196 197 198 199 200
105 94 106 107 109 110 111 112 113 114 115 116 117 119 120 121 122 123 124 125 126 127 128 129 131 132 133 134 135 136 137 138 140 141 142 143 144 145 146 147 148 149 151 152 153 154 155 156 157 158 159 160 161 162 163 164 166 167 169 170 171 172 173 174 175 177 178 179 181 183 185 186 187 188 189 190 193 194 195 196 198 199 200
106 94 107 108 109 111 112 114 115 116 117 119 120 121 123 125 127 129 130 131 132 133 134 135 137 139 141 142 144 145 146 147 148 149 150 151 153 154 155 156 157 159 160 161 164 165 166 167 168 169 170 171 172 175 176 178 181 182 183 184 185 187 188 191 192 193 194 195 196 197 198 199 200
107 46 108 110 112 113 114 115 116 117 118 119 120 121 122 123 124 125 126 127 128 129 130 131 132 133 134 135 136 137 138 139 140 141 142 143 144 145 147 148 149 150 151 152 153 154 157 158 159 161 163 164 165 166 167 168 171 172 173 174 175 176 177 178 179 180 182 185 186 187 188 189 190 191 192 193 196 197 198 200
108 79 109 110 111 112 114 115 116 117 118 119 121 122 124 125 126 127 129 130 131 132 133 135 137 138 139 140 141 142 143 144 145 146 147 148 149 150 151 153 155 156 157 158 159 161 162 163 165 166 167 168 172 174 175 176 177 178 179 181 183 184 186 187 188 190 191 192 195 196 197 199 200
109 61 110 111 113 114 115 116 117 118 119 120 121 122 123 124 125 126 127 128 129 130 131 132 133 134 135 136 137 138 139 140 144 145 146 147 148 149 150 152 153 154 155 156 158 159 161 162 163 164 165 166 167 168 169 171 173 174 175 176 177 178 179 180 181 182 183 184 185 186 187 189 190 192 193 194 195 196 197 198 199 200
110 27 111 112 114 115 117 118 119 120 122 123 124 126 127 128 129 131 132 133 134 135 136 137 138 139 143 144 145 146 147 148 150 151 152 153 155 156 157 158 161 162 163 164 165 166 167 168 169 170 171 172 173 174 175 176 177 178 179 180 181 182 183 184 185 186 187 188 189 190 191 192 193 194 195 196 198 199 200
111 33 113 115 116 117 118 119 121 122 123 124 125 126 127 129 131 132 134 135 136 137 138 139 140 141 145 146 147 148 149 150 152 153 154 155 156 157 158 159 161 162 163 164 165 166 168 169 170 171 172 173 175 176 177 178 179 181 184 185 186 187 188 189 191 192 193 194 195 196 197 198
112 44 113 114 115 116 117 118 119 120 121 122 123 124 125 126 127 128 129 130 131 132 134 136 137 138 140 141 143 144 145 146 147 148 149 150 151 152 153 154 155 157 159 160 161 162 163 164 165 166 167 169 171 172 173 174 177 178 180 182 183 187 188 189 190 192 193 194 195 196 197 199 200
113 99 114 115 116 117 118 119 120 121 122 124 125 126 127 128 129 130 131 132 133 135 136 138 140 142 143 144 145 146 147 148 149 150 151 152 153 155 156 157 158 159 160 161 162 163 165 167 168 169 170 171 172 174 175 176 177 179 180 181 182 184 185 186 187 188 189 190 191 192 193 194 197 198 199 200
114 83 115 116 117 119 122 123 124 125 126 127 129 130 132 133 134 136 137 138 139 143 146 147 148 149 150 151 152 153 154 155 158 160 161 164 165 166 167 168 169 171 172 173 174 175 177 178 179 180 181 182 183 184 186 187 188 189 190 193 194 195 196 197 198 199
115 32 116 118 119 120 122 123 124 125 126 128 131 132 133 134 135 136 137 138 139 141 142 143 144 146 147 148 149 150 152 153 154 156 158 159 160 161 162 163 164 165 166 167 168 169 170 172 173 174 176 177 178 180 181 182 183 184 185 186 188 190 192 193 194 195 196 197 199 200
116 39 117 118 119 120 122 123 126 127 128 129 130 131 133 135 136 137 138 140 141 142 143 144 145 146 147 148 149 150 151 152 153 154 155 158 159 160 161 163 164 166 168 169 170 171 173 174 176 177 178 179 180 181 182 184 185 187 188 189 190 191 192 193 195 196 197 199 200
117 37 123 124 125 126 129 130 131 132 133 134 135 136 138 139 140 141 142 143 144 146 147 148 149 153 154 155 157 158 161 162 163 164 165 166 167 169 170 171 172 174 176 177 178 179 180 181 183 184 185 186 187 188 189 190 191 192 193 195 197 198 199
118 69 119 120 121 122 123 124 127 128 130 131 132 133 134 135 136 139 140 141 143 145 146 147 148 149 150 151 152 153 154 156 157 158 159 160 161 162 163 164 165 166 167 168 169 170 171 172 173 174 175 176 178 179 180 181 182 183 184 185 186 187 188 189 190 191 192 193 194 195 196 198 199
119 96 120 122 123 124 125 126 128 129 130 131 133 134 135 137 139 141 142 143 144 145 146 148 149 150 151 152 153 154 155 156 157 158 159 160 161 163 165 166 167 168 169 170 172 173 174 175 176 177 178 179 181 183 184 185 186 187 188 189 190 191 192 193 194 195 196 197 198 199 200
120 69 121 124 125 126 127 128 129 130 131 132 133 134 138 139 140 141 142 143 144 145 146 148 149 150 151 154 155 156 157 158 159 160 161 162 163 164 165 166 168 169 170 171 172 174 177 178 179 180 181 182 183 184 185 188 189 191 192 193 194 196 197 198 199
121 56 122 123 124 125 126 127 129 130 131 134 135 137 138 140 141 142 144 145 146 147 148 149 150 151 153 154 155 157 158 159 160 161 162 163 164 165 166 167 168 169 170 171 172 173 174 175 176 177 178 179 180 181 182 183 184 185 186 189 190 191 193 194 196 197 198 199
122 43 123 124 125 126 127 129 130 131 132 133 134 135 136 137 138 139 140 141 142 145 147 148 149 150 152 153 154 155 156 159 160 161 162 164 165 166 167 169 170 171 173 174 175 176 177 178 179 180 181 182 183 184 185 186 187 188 190 192 193 194 195 196 197 198 199 200
123 68 124 125 126 127 128 129 130 131 132 133 134 136 138 139 140 141 142 143 145 146 147 151 153 154 155 156 157 159 161 163 164 165 166 167 168 169 170 172 173 174 175 176 177 179 180 181 182 183 185 186 187 189 191 195 196 197 199 200
124 92 125 127 128 129 131 132 133 134 135 136 137 138 139 140 141 142 143 144 145 146 148 149 150 151 152 153 154 155 157 158 159 160 161 162 163 164 165 166 168 169 171 172 173 174 175 176 177 178 179 180 181 182 183 184 185 186 187 188 189 190 191 192 193 194 196 197 199 200
125 73 127 129 131 132 133 134 135 136 137 138 139 141 142 143 146 147 148 149 150 151 152 153 154 155 156 157 158 159 160 161 162 163 164 165 166 167 168 169 170 171 172 174 175 176 177 180 181 182 183 186 188 189 190 191 192 193 194 195 196 197 198 199
126 21 127 128 129 131 132 133 135 138 139 140 141 142 143 144 145 146 147 148 149 151 152 153 155 156 157 158 159 160 161 162 163 164 165 166 168 169 170 171 172 174 175 176 177 178 180 181 182 183 184 186 187 189 190 191 193 194 195 196 197 198 199 200
127 84 128 129 131 132 133 134 137 138 139 140 141 142 143 144 145 146 147 148 149 150 151 152 153 154 155 157 158 159 160 162 163 164 165 166 167 168 169 170 171 172 173 174 175 176 178 179 180 181 183 184 186 187 188 189 190 191 192 193 194 195 197
128 20 129 130 131 132 133 134 135 137 138 139 140 141 143 144 145 146 147 148 149 150 152 153 154 155 156 158 160 161 162 163 164 165 167 168 169 170 171 172 173 174 175 176 179 180 181 182 183 184 185 186 187 188 190 191 192 194 195 196 198 199 200
129 84 130 132 133 134 135 136 137 138 140 141 142 143 144 145 146 147 150 151 152 153 154 155 156 157 158 159 160 161 162 164 165 166 168 169 170 171 172 173 174 175 177 178 179 180 181 182 183 184 185 186 188 189 190 191 192 193 195 196 197 198 199 200
130 46 131 132 133 137 138 139 140 141 142 143 144 145 147 149 150 151 152 154 155 157 158 161 162 164 166 167 168 170 172 175 176 178 181 182 183 185 186 187 188 189 190 191 192 195 196 197 198 199 200
131 27 132 133 134 135 136 137 139 141 143 144 145 147 149 150 151 152 153 154 156 157 158 160 161 162 163 164 165 166 167 169 170 172 173 174 175 177 178 179 180 181 182 183 185 187 188 190 191 192 193 194 195 196 198 200
132 28 133 134 136 137 138 139 141 144 145 146 148 150 151 152 153 154 155 157 158 159 160 161 162 163 165 167 169 171 172 173 175 176 177 178 180 182 183 184 185 186 187 189 190 192 193 194 195 196 197 198 199 200
133 57 134 135 137 139 140 141 142 143 145 146 147 148 149 150 151 152 154 155 156 157 158 159 161 162 163 164 165 166 167 169 172 173 174 175 177 178 179 180 182 183 184 186 188 189 190 191 194 195 197 199
134 86 135 136 137 139 140 141 142 143 144 145 146 147 148 150 151 152 153 154 157 158 159 160 161 162 163 164 165 166 168 169 170 172 173 175 177 178 179 180 181 182 183 185 186 188 189 191 192 194 195 196 197 198 199 200
135 31 136 139 140 142 143 144 145 146 147 148 149 152 153 154 155 156 157 158 160 161 162 163 165 166 168 169 170 171 174 175 177 178 179 181 182 183 184 185 186 187 188 189 190 191 192 193 194 197 199 200
136 62 137 138 139 140 142 143 145 147 148 149 150 152 154 155 156 157 158 160 162 163 164 165 166 167 168 169 172 173 174 176 177 178 180 181 183 184 185 188 189 190 191 192 193 194 196 197 200
137 32 138 139 140 142 143 144 146 147 148 149 150 151 152 153 154 155 156 157 158 159 160 162 163 164 165 166 167 168 171 172 173 174 175 176 177 178 181 183 184 185 187 188 190 191 192 193 194 195 196 197 199 200
138 94 139 140 142 143 144 146 147 148 149 150 151 152 154 155 156 157 158 159 161 162 163 165 166 167 168 170 171 174 175 176 177 178 179 180 181 182 183 184 186 187 188 189 190 191 192 193 195 199 200
139 44 141 142 143 144 145 146 147 148 149 150 151 152 153 155 157 158 159 160 161 162 163 165 166 167 168 169 170 173 175 176 177 180 181 182 183 185 186 188 189 190 191 192 194 195 196 199 200
140 73 141 142 143 144 145 146 148 149 150 151 152 153 154 155 157 158 159 160 161 163 164 167 168 169 170 171 172 174 175 176 177 179 180 181 183 184 185 186 187 188 189 190 192 193 194 195 196 197 198 199 200
141 83 144 145 146 147 148 151 152 153 155 156 157 159 160 161 163 165 166 168 171 175 176 177 178 179 181 182 183 184 185 186 187 188 189 190 191 192 193 195 197 200
142 22 143 144 146 147 148 149 150 151 152 153 154 155 157 159 160 161 162 163 164 165 168 170 172 173 174 175 176 177 178 179 180 181 182 183 184 185 186 187 191 192 193 194 195 196 197 198 199 200
143 58 144 145 146 147 148 149 150 151 152 153 154 155 156 157 158 159 160 161 162 163 164 165 167 168 169 171 173 174 175 176 178 180 181 183 184 185 186 187 188 189 190 191 193 195 196 197 198 199 200
144 24 145 146 147 148 149 151 152 153 155 156 158 159 160 161 162 163 164 165 166 167 169 170 171 172 173 176 177 178 179 180 181 182 183 184 185 186 187 188 190 191 193 195 197 198 199
145 68 146 147 148 149 150 151 152 153 154 156 157 158 160 161 162 166 167 168 169 170 171 172 173 174 175 176 178 179 180 182 183 184 185 186 187 189 190 192 193 195 196 197 199 200
146 50 147 148 149 150 151 152 153 154 155 156 157 158 159 160 163 164 166 167 168 169 170 171 173 176 177 179 180 183 184 185 186 187 188 190 191 192 194 195 196 197 198 199 200
147 69 148 150 151 152 154 155 156 158 159 161 163 164 166 167 168 170 171 172 173 175 176 178 179 180 181 183 184 185 186 187 189 190 191 192 194 196 197 198 199 200
148 54 149 150 151 152 154 155 157 158 160 161 163 164 165 166 167 168 169 170 171 172 173 174 176 177 178 180 181 183 184 185 186 187 189 190 191 192 193 194 195 197 198 199
149 32 150 151 152 153 154 155 156 157 158 159 161 162 163 164 165 167 168 169 170 171 173 174 175 177 178 181 184 185 188 189 190 192 194 195 196 197 198 199 200
150 75 151 153 154 155 156 157 158 159 160 161 162 163 164 165 166 168 170 171 172 173 174 175 176 177 178 180 181 182 183 184 185 186 187 188 189 190 191 193 194 195 196 197 198 199 200
151 89 152 153 154 155 156 157 158 159 160 162 163 164 165 166 167 168 169 171 172 173 174 176 177 179 180 181 182 183 184 185 186 188 190 191 193 194 195 196 197 198 199 200
152 98 153 154 155 156 157 158 159 160 161 162 164 165 166 167 168 169 171 172 173 174 175 176 177 178 179 180 182 183 184 185 186 187 188 189 190 191 192 193 194 195 197 198 200
153 63 154 155 156 159 160 163 164 165 166 167 168 169 171 172 173 174 175 176 177 178 179 180 182 183 185 186 187 189 190 191 192 193 194 195 196 198 200
154 33 155 156 157 158 159 160 166 168 169 170 171 173 175 176 178 179 181 182 183 184 185 186 187 189 190 191 192 193 194 195 196 198 199 200
155 69 157 158 160 162 163 165 168 169 170 171 172 173 174 175 177 178 179 180 181 183 185 188 189 190 191 192 193 195 196 197 198 199
156 77 157 158 160 161 162 165 167 168 169 170 171 172 173 174 176 177 178 179 181 182 183 184 185 187 188 189 190 191 192 193 195 196 197 198 199 200
157 54 158 159 160 163 165 166 167 168 169 170 171 172 173 174 175 176 178 179 180 182 185 187 188 189 192 193 194 195 197 198 200
158 97 159 161 162 163 165 166 167 169 170 171 172 175 176 177 178 179 180 181 182 183 186 187 188 189 190 191 192 193 194 195 196 197 200
159 61 160 162 163 166 167 170 171 172 173 174 175 176 177 178 179 181 182 184 185 186 187 188 189 191 192 193 194 195 196 197 198 199 200
160 34 161 162 163 164 165 167 168 169 170 172 173 174 175 176 177 179 180 181 182 184 185 186 188 189 190 191 192 193 194 196 197 198 199 200
161 38 162 164 165 166 167 168 169 170 171 173 174 175 176 177 178 179 180 181 184 185 187 188 189 190 191 192 193 194 195 197 198 199 200
162 46 165 166 167 168 169 170 171 172 174 175 176 177 178 179 180 181 182 183 184 185 186 187 188 190 191 194 195 196 197 198 199 200
163 83 165 167 169 170 171 172 173 174 175 177 178 179 180 182 183 184 185 186 187 188 189 190 191 192 193 195 196 197 198
164 36 165 167 168 169 170 171 172 173 175 176 177 178 179 183 184 185 189 190 191 193 194 195 196 198 199 200
165 89 166 167 168 169 170 171 173 176 178 179 180 181 183 184 185 187 188 189 190 191 192 193 195 196 198 199 200
166 97 167 168 169 170 171 172 173 174 175 176 177 178 179 180 182 183 185 186 189 190 191 192 193 194 195 196 197 198 199 200
167 69 168 169 171 172 173 174 175 177 178 180 181 182 184 186 188 189 190 192 193 194 195 196 197 198 199 200
168 21 169 170 171 173 174 176 177 178 179 180 181 182 183 184 185 186 187 188 189 191 192 193 194 195 197 198 200
169 53 170 171 173 174 175 176 177 178 179 181 182 183 186 187 188 191 192 194 195 196 197 198 199
170 63 171 172 173 174 175 176 177 179 181 182 183 184 185 186 187 190 191 193 194 195 196 197 198 199 200
171 48 173 174 176 177 178 180 181 182 184 185 186 187 190 191 192 193 194 195 196 197 199 200
172 71 175 177 179 180 181 182 183 185 186 187 188 189 190 191 192 193 195 196 197 198 199
173 45 174 176 177 178 179 180 181 182 183 184 185 186 187 188 190 193 194 196 197 200
174 21 175 176 177 178 179 181 182 183 184 185 187 188 190 191 192 193 196 197 198 199 200
175 25 176 179 180 181 182 183 184 185 186 187 191 192 193 194 195 196 198 199 200
176 66 177 178 179 181 182 183 184 185 186 188 189 190 191 194 195 197 198 199 200
177 29 179 180 181 184 185 186 187 188 190 191 192 193 194 195 196 198 199 200
178 82 179 180 181 182 183 184 186 187 188 189 190 191 195 197 198 199 200
179 31 180 181 182 183 184 185 186 188 190 191 192 193 194 195 197 198
180 94 181 182 183 184 185 186 187 189 190 192 193 194 195 196
181 70 182 183 184 185 186 187 188 189 190 192 194 196 197 198 199
182 86 183 184 185 186 187 188 190 191 192 193 194 195 196 198 199
183 68 184 185 186 187 188 189 190 191 193 196 197 200
184 82 185 186 187 191 192 193 195 196 197 198 199 200
185 61 187 188 189 190 191 192 195 196 197 198 199
186 77 187 188 189 190 191 193 195 196 197 198 199 200
187 76 188 191 193 194 195 196 197 198 199 200
188 27 189 190 191 192 193 194 195 196 197 198
189 21 192 194 195 196 197 198 199
190 95 191 192 193 194 195 196 197 198 199 200
191 81 192 193 194 195 196 197 200
192 21 193 194 195 196 197 198 199
193 97 194 195 197 198 199 200
194 66 196 197 198 200
195 51 196 198 200
196 75 198 199 200
197 75 198 199 200
198 25 199 200
199 42 200
200 59
