200
1 79
2 71
3 51
4 50
5 69
6 100
7 78
8 61
9 77
10 96
11 88
12 66
13 50
14 70
15 63
16 87
17 67
18 73
19 86
20 63
21 86
22 65
23 73
24 66
25 61
26 70
27 86
28 98
29 90
30 97
31 59
32 96
33 67
34 71
35 63
36 74
37 61
38 77
39 96
40 66
41 92
42 70
43 86
44 68
45 63
46 87
47 85
48 78
49 97
50 54
51 83
52 87
53 57
54 68
55 83
56 83
57 63
58 58
59 65
60 97
61 95
62 95
63 71
64 66
65 60
66 59
67 50
68 98
69 64
70 85
71 86
72 50
73 70
74 97
75 99
76 69
77 100
78 87
79 55
80 89
81 75
82 77
83 53
84 99
85 85
86 95
87 94
88 79
89 88
90 57
91 86
92 96
93 73
94 53
95 53
96 73
97 54
98 61
99 98
100 83
101 60
102 88
103 73
104 56
105 50
106 76
107 82
108 69
109 64
110 64
111 98
112 58
113 90
114 82
115 84
116 55
117 58
118 88
119 93
120 56
121 89
122 61
123 78
124 69
125 63
126 73
127 66
128 94
129 83
130 86
131 92
132 84
133 98
134 55
135 57
136 95
137 56
138 96
139 88
140 67
141 77
142 74
143 63
144 50
145 73
146 97
147 59
148 60
149 82
150 96
151 91
152 87
153 62
154 98
155 72
156 87
157 66
158 60
159 50
160 74
161 70
162 76
163 68
164 51
165 85
166 66
167 65
168 50
169 53
170 74
171 75
172 56
173 72
174 78
175 79
176 94
177 91
178 78
179 69
180 60
181 75
182 78
183 80
184 64
185 94
186 77
187 51
188 65
189 99
190 83
191 71
192 79
193 79
194 54
195 68
196 81
197 50
198 57
199 100
200 75
