200
1 77 2 5 11 21 26 31 32 34 35 38 44 45 47 51 52 54 62 69 70 73 74 77 79 81 91 92 106 108 111 114 123 126 139 145 156 160 162 163 166 169 170 172 175 177 179 187
2 20 4 5 7 12 16 21 24 25 32 33 42 46 53 55 58 60 74 75 82 96 98 105 114 115 117 118 125 134 136 138 139 164 165 167 170 172 181 184 185 189 191 200
3 36 21 38 43 51 53 57 61 63 66 67 84 93 98 100 106 107 108 122 128 135 139 166 170 173 180 189 193 194 196 200
4 22 10 13 19 20 22 30 39 40 41 42 48 50 56 67 68 69 78 79 80 82 86 87 97 98 99 111 116 119 124 138 141 142 150 153 155 157 164 172 174 178 185 186 195 197
5 95 15 20 29 30 32 41 49 56 58 70 72 73 75 88 105 108 110 113 127 130 133 139 141 151 162 167 176 184 186 187 194
6 73 7 10 23 24 30 31 34 38 39 42 52 53 57 67 68 81 87 88 98 134 135 138 144 155 158 162 163 168 173 175 176 178 179 188 189 190 191 192 194
7 95 12 16 19 23 26 37 41 50 57 59 71 73 78 81 84 85 86 92 94 107 118 131 132 139 146 149 158 163 167 179 183 184 190 195 199
8 100 17 18 20 23 25 29 31 36 37 38 40 42 45 48 51 56 57 62 67 72 76 84 85 90 92 97 98 100 103 104 107 115 119 130 137 142 148 150 152 154 159 165 175 181 183 187 200
9 91 16 18 24 27 30 33 55 63 69 74 77 89 94 102 106 116 122 130 134 136 138 161 163 166 167 168 171 173 174 178 180 181 182 185 186 191 198
10 55 12 14 21 34 46 53 55 57 66 84 85 87 88 95 117 127 129 132 140 143 148 149 165 174 175 177 180 188 189 192 194
11 50 13 16 22 25 26 50 56 58 60 71 72 73 74 78 79 80 85 90 94 95 96 102 110 111 120 121 124 133 136 140 145 146 149 151 152 158 161 173 180
12 62 21 23 33 39 41 43 45 57 59 63 70 74 79 86 87 91 93 97 98 101 103 106 112 124 134 138 144 145 155 160 165 166 173 174 175 177 178 183 199 200
13 44 18 19 21 25 26 27 28 29 32 34 36 38 43 45 57 64 66 71 84 85 92 103 104 107 108 109 110 114 115 130 138 145 152 156 160 163 166 168 181 189 194 195
14 52 16 17 27 33 35 37 40 43 48 50 54 56 63 67 68 69 71 82 84 89 97 112 117 118 123 129 132 133 136 137 138 140 151 155 165 167 174 182 183 186 187 192 199 200
15 96 23 25 39 43 53 62 71 76 89 93 95 100 110 112 113 115 116 122 134 139 140 141 146 151 155 169 175 182 187 188 190 191 193 200
16 99 17 18 25 32 35 36 38 45 52 53 55 70 73 75 82 86 88 104 112 120 125 128 133 134 135 142 146 152 158 164 167 172 176 193
17 82 30 40 45 46 47 48 55 56 61 70 75 79 89 92 93 102 104 108 110 118 138 144 146 147 150 151 153 169
18 54 20 27 30 34 37 38 39 40 53 58 60 65 70 76 77 86 91 92 94 99 103 109 113 118 123 124 125 126 129 133 135 146 147 156 158 174 175 176 178 185 186 189 191 194
19 75 22 26 28 30 31 32 41 48 52 61 65 72 75 83 86 91 103 115 118 119 122 124 125 133 134 136 137 139 142 143 148 150 151 152 163 170 171 173 176 185 186 188 195 196
20 81 22 24 27 31 38 40 48 50 52 57 59 69 73 77 80 85 89 92 93 102 119 127 136 137 139 158 162 165 166 176 179 181
21 24 23 27 28 31 36 38 42 43 50 54 57 67 73 100 106 118 119 125 127 143 147 148 149 161 164 166 172 173 176 180 184 189
22 86 25 32 41 45 54 61 67 68 73 75 76 80 81 91 97 99 109 115 117 118 124 126 128 130 133 135 142 144 147 152 156 164 177 187 200
23 61 24 28 31 32 42 45 46 49 52 57 60 65 69 74 79 80 83 87 88 97 102 103 118 122 136 140 145 157 160 163 165 167 174 181 189 196
24 32 26 27 29 34 35 41 42 48 53 58 62 68 79 94 98 111 117 127 130 136 141 148 151 155 172 173 183 187 192 198
25 80 30 34 36 37 45 62 68 70 73 82 85 89 94 107 115 120 122 125 134 135 137 140 153 164 176 181 184 198
26 92 35 37 41 42 53 55 56 57 62 65 67 72 75 76 77 84 85 89 92 95 96 109 111 115 120 125 134 138 147 148 149 150 169 179 192 198
27 66 29 30 32 34 38 39 41 52 58 63 64 76 78 81 85 91 104 105 113 115 121 123 127 138 139 144 157 168 170 171 173 174 196
28 84 33 34 35 36 37 42 43 48 49 57 62 66 74 76 83 84 97 103 106 109 110 119 120 121 128 131 135 140 143 149 152 153 156 157 165 197
29 99 31 36 37 57 74 84 89 90 91 95 96 100 102 105 117 118 120 128 130 131 137 141 142 143 144 150 155 157 173 174 179 181 183 185 194 196 199
30 65 35 44 47 52 59 63 73 74 76 87 99 104 109 122 128 140 144 151 155 156 189 192 193 199 200
31 77 37 44 46 54 58 59 60 69 78 80 81 87 89 92 95 100 103 105 108 111 112 113 118 125 134 136 140 143 144 146 147 153 154 157 159 169 172 176 183 190 191 197 200
32 29 40 50 51 53 55 56 67 83 98 101 103 126 129 132 136 146 148 154 159 169 175 184 186 196 200
33 42 36 39 40 52 57 64 68 69 73 74 81 85 86 105 112 113 117 119 120 132 135 144 146 155 166 168 170 171 173 178 185 191 194
34 53 37 43 45 48 53 56 57 64 69 87 91 93 99 106 107 112 121 124 128 134 136 142 153 155 158 166 168 170 172 186 187 188 189 192 193 195 199
35 38 39 40 44 63 64 66 88 99 103 105 107 109 114 118 131 133 141 146 155 159 162 169 175 177 182 190 194
36 58 43 47 56 60 67 81 85 88 92 93 95 107 114 116 121 122 131 137 152 153 154 161 166 167 173 179 183 186 188 189 199
37 36 55 64 68 72 73 79 80 82 87 95 117 122 125 129 133 140 146 148 154 157 165 170 171 177 184 185 189 190 193
38 49 49 53 54 58 60 66 68 83 98 105 108 115 117 119 129 132 134 136 140 145 146 150 152 156 159 161 169 176 177 179 180 185 193 194
39 25 40 42 46 47 53 55 63 66 73 75 79 83 89 100 106 110 112 121 128 133 138 143 144 145 151 153 158 161 166 172 177 179 180 186 190 191 193 195 200
40 47 50 51 52 54 56 58 68 75 77 79 83 91 96 98 101 104 116 126 132 134 136 145 148 152 155 158 161 162 163 167 169 173 181 187 188 197
41 97 45 46 47 59 68 73 76 78 80 81 90 92 95 99 100 103 113 123 124 125 136 138 155 161 162 170 194
42 55 55 63 66 67 68 75 80 87 92 102 111 117 123 128 134 138 155 156 161 166 168 170 171 173 184 188 194 200
43 77 44 47 54 55 60 61 71 79 84 86 93 96 108 111 123 130 144 147 148 151 153 175 196
44 39 46 47 48 49 50 59 68 71 75 76 78 84 86 103 111 116 118 123 127 129 136 137 139 141 147 148 150 152 153 156 164 168 174 181 191 194 195 196 197
45 74 50 57 63 81 83 86 98 104 108 119 122 126 130 131 137 138 139 140 143 144 145 146 156 159 161 169 178 180 182 190 194 199 200
46 69 47 48 50 56 60 70 75 82 83 84 88 90 104 107 124 126 133 138 146 147 149 160 169 174 182 185 187 193 196 197 198
47 73 50 58 61 71 81 84 87 93 100 105 106 111 114 120 123 127 136 140 144 147 151 154 160 163 175 177 187 197 200
48 84 51 61 71 75 76 84 87 93 94 98 99 100 103 105 106 117 122 129 132 136 142 149 150 161 169 172 178 180 185 186 189 197 199
49 54 50 57 58 68 76 79 97 100 111 113 116 118 136 158 165 166 168 175 176 178 179 183 184 185 186 189 194 199 200
50 46 57 59 63 76 94 95 108 109 118 129 133 136 143 154 156 168 169 176 184 190 194 198
51 26 54 64 65 66 70 77 82 86 92 94 95 96 97 102 110 111 115 121 124 132 133 135 137 146 150 160 167 168 171 172 184 189 195
52 68 54 55 63 69 73 74 75 84 86 95 99 100 108 109 118 121 124 127 131 132 136 143 148 154 156 163 168 174 177 184
53 77 70 71 79 82 86 88 89 91 93 94 98 102 106 117 123 130 134 141 143 145 147 151 153 156 158 164 167 174 176 199 200
54 74 55 60 71 75 76 83 86 90 105 110 111 122 126 137 139 141 143 145 149 153 155 157 163 177 189 198
55 43 56 61 62 64 80 81 83 85 89 91 93 94 95 100 110 111 123 127 128 136 141 145 146 160 162 169 181 192 195
56 39 65 68 72 76 77 83 84 87 93 94 95 96 100 102 111 115 117 120 122 136 143 145 151 152 162 173 176 186
57 64 59 65 68 76 78 81 86 91 92 97 110 133 137 138 149 153 160 162 168 176 178 181 184 185 192 198
58 88 63 65 67 69 74 76 85 88 89 92 96 99 116 118 121 123 130 132 134 136 137 140 145 152 153 154 161 167 173 174 177 180 183 193 200
59 77 69 71 72 78 79 82 89 100 101 102 108 109 111 113 117 121 125 128 131 135 142 144 148 149 150 153 154 156 159 162 165 167 168 169 176 178 179 186 192 197
60 39 65 69 83 84 91 92 96 111 113 115 124 125 126 127 134 138 140 142 143 154 160 163 164 168 171 175 178 181 183 189 190 192 195 196
61 82 68 72 74 79 86 92 95 100 105 108 110 113 114 115 126 128 129 146 148 151 152 154 156 163 164 166 174 179 193 195
62 79 64 68 73 78 88 89 94 103 104 114 126 133 137 151 156 162 171 174 177 180 182 185 187 194 200
63 97 64 67 73 76 81 85 98 103 112 121 141 145 147 152 154 155 156 164 178 194
64 33 66 69 70 74 82 87 88 96 99 102 105 113 123 127 131 136 146 148 152 155 157 165 168 170 171 172 180 181 184 196
65 79 75 82 86 97 100 101 103 104 106 108 111 114 115 119 123 124 128 129 135 137 138 141 144 146 157 159 165 166 176 181 183 187 190 193 198 200
66 52 69 77 79 81 87 89 96 107 110 113 114 115 120 123 125 129 131 138 143 145 147 165 177 184 187 191 192 193 194 199
67 79 70 74 78 88 89 92 103 104 107 109 110 111 119 121 127 130 131 144 156 158 160 162 172 177 179 187
68 81 78 90 96 99 104 107 125 126 129 139 153 154 164 165 170 173 193 194 196 200
69 36 70 76 77 85 95 97 99 105 112 116 125 130 135 136 137 138 139 145 150 151 153 167 170 174 192 195 196 197
70 45 72 80 81 87 93 97 98 99 103 104 110 120 123 124 130 133 134 138 143 148 152 157 164 173 179 181 182 183 191 196 200
71 39 82 83 88 92 96 104 111 119 125 127 128 136 145 148 149 152 154 157 164 170 179 181 194 197 198
72 42 73 74 75 83 84 86 90 97 110 114 115 118 121 130 146 173 180 185 188 193
73 40 75 78 96 100 105 107 111 113 114 122 128 129 133 141 142 156 159 162 163 166 169 172 173 174 176 178 183 185 186 192 198
74 90 76 79 95 100 102 104 108 111 113 119 121 122 129 131 137 144 146 165 182 184 189 193 200
75 65 85 87 106 111 116 119 127 142 145 146 147 150 155 156 163 168 171 174 176 183 187 194
76 98 84 89 91 94 102 104 120 122 126 127 131 145 157 162 163 168 172 180 181 189
77 40 79 86 93 96 99 100 105 126 128 137 138 144 152 162 163 168 174 181 194 196
78 52 79 82 83 90 92 95 101 111 113 117 124 128 150 157 158 161 166 171 180 182 191
79 100 80 88 97 100 117 121 123 127 132 135 140 141 143 148 150 156 158 160 168 171 179 180 187 198
80 78 81 84 85 87 95 104 106 120 126 129 134 139 140 142 143 153 155 157 162 166 167 175 177 178 180 192 195 200
81 82 82 85 86 87 88 89 94 97 100 104 110 115 121 126 135 138 140 141 148 151 157 159 170 171 174 176 195 197
82 98 83 85 90 94 95 96 112 116 121 131 135 143 146 163 164 165 173 179 183 186 191 194 196 197
83 67 90 91 93 96 101 126 127 138 141 146 148 153 154 155 157 158 159 166 169 170 171 173 174 196 198 199 200
84 97 90 95 98 100 117 118 128 144 152 153 154 156 161 162 166 170 175 177 178 182 183 184 186 196 200
85 33 94 95 97 99 102 104 106 111 114 116 122 138 140 143 146 149 155 165 175 181 189 192 198
86 34 91 94 95 100 105 108 110 111 114 115 122 124 135 137 141 146 153 154 159 161 166 169 173 175 180 184 193 195 196
87 21 91 92 94 103 104 120 122 131 133 137 141 146 151 158 165 171 173 174 184 185 192 194
88 85 90 93 95 96 97 99 101 102 132 145 153 160 170 172 181 186 189 191 193 195
89 24 94 99 108 112 113 116 120 123 126 127 131 137 142 152 154 160 164 167 175 177 179 183 189 196 197
90 51 100 116 118 128 134 136 138 141 146 160 161 162 163 170 175 188 196 197 198 199
91 97 94 95 97 98 99 103 104 107 108 118 126 127 138 139 140 141 142 143 145 150 153 156 163 166 170 177 180 185 187 192 196 197 199 200
92 65 95 99 101 103 107 111 112 119 120 122 123 124 125 127 129 135 139 147 159 164 165 167 171 176 181 182 184 185 186
93 45 95 109 112 134 135 139 144 149 165 166 178 182 184 190 194 195
94 56 96 98 100 109 111 116 121 133 140 143 148 157 173 175 190 194 199
95 100 98 103 108 111 112 122 128 136 148 152 154 156 165 170 173 184 185 188 189 193 196
96 55 99 110 114 121 125 126 149 150 158 161 167 169 171 184 189 190 196
97 74 101 107 117 119 120 124 131 133 134 135 139 142 158 161 177 182 185 192 200
98 58 103 106 113 114 124 125 126 128 134 136 162 163 168 172 177 182 183 184 185 190 192 193 195 196 197
99 62 102 110 114 118 124 126 132 139 141 148 154 159 160 167 176 187 192 199
100 76 105 109 112 117 118 122 133 135 137 155 160 166 167 173 186 187 192 199
101 71 104 117 125 128 143 144 156 157 159 162 164 165 167 175 180 193
102 69 117 119 133 134 137 139 151 153 156 159 160 165 171 177 179 183 185 187 188
103 52 104 113 117 118 123 124 139 140 142 143 148 154 159 161 163 166 169 171 174 177 179 182 187 188 189 190 192 194 198 200
104 34 107 110 116 117 118 122 129 133 136 144 150 152 166 169 170 178 180 184 194 199
105 93 106 109 111 112 134 136 137 141 146 176 178 184 194 198 200
106 60 109 112 123 125 134 137 138 139 142 151 152 159 164 170 178 184 185 192
107 91 115 119 124 125 137 145 147 150 157 158 160 165 169 171 183 184 191 195 196
108 33 118 121 124 140 141 142 144 146 160 165 166 168 170 174 176 181 183 190 192 200
109 98 114 115 117 123 131 134 135 139 147 158 159 164 172 181 187 194 197
110 41 112 113 114 116 117 123 126 128 134 147 155 156 166 177 180 186 194 198
111 74 118 120 121 133 138 140 147 156 157 168 183 186 187 197
112 89 114 118 119 125 128 134 136 139 140 148 160 163 167 169 182 186 187 190 196 198
113 86 117 118 137 141 145 148 158 159 162 172 180 181 185 188 198 199
114 74 117 120 123 127 130 131 132 136 137 149 152 157 158 159 167 182 197
115 64 116 119 122 125 126 129 133 136 139 141 147 151 153 159 164 169 170 172 177 184 190 191 192 195
116 29 119 132 133 135 139 150 154 160 162 164 166 167 168 179 183 186 189 194
117 82 118 127 137 143 144 146 148 156 158 164 169 173 188 192
118 61 119 128 131 141 148 151 154 155 157 167 171 184 188 193 197 200
119 54 122 139 143 147 153 154 155 156 159 161 167 173 175 176 186 187 189 192 196
120 93 123 135 140 146 148 150 158 159 170 171 186 192 197
121 44 134 137 138 148 149 151 156 158 163 165 167 173 176 179 197 199
122 72 129 135 142 146 153 154 164 166 168 176 177 179 188 190 191 194
123 41 125 129 132 138 139 145 149 152 156 163 165 166 169 173 178 179 183 194 195 198 200
124 32 134 135 138 144 149 155 158 159 161 172 177 178 188 190 192 194 195 196 198 199 200
125 75 129 131 133 135 136 140 143 154 155 163 176 180 187 192 194 195 196 199
126 86 128 132 133 136 141 145 149 163 164 165 173 174 181 195 196
127 86 129 132 138 140 144 146 147 148 149 156 160 163 178 180 182 190 191 197
128 39 131 137 141 143 145 152 155 160 167 168 175 180 183 199 200
129 56 136 144 146 149 157 160 162 163 166 167 171 178 182 183 188 189 196 199
130 80 133 135 146 150 155 158 160 166 167 170 176 187 188 191 197 200
131 54 142 152 164 167 170 172 177 184 187 194
132 25 139 144 145 153 157 163 165 169 179 181 183 186 187 188 189 192 194
133 60 136 138 140 148 152 160 171 172 173 177 187 192 193 200
134 60 135 146 149 155 158 160 164 171 183 184 187 189 191 192 199
135 23 138 141 142 143 148 155 156 163 186
136 83 137 139 142 149 156 159 162 165 184 186 199 200
137 92 143 144 147 148 169 170 180 187 198 199
138 81 148 149 168 172 175 181 185 187 190 194 197 200
139 70 143 144 151 161 163 166 172 178 180 182 184 187 189 193
140 33 141 150 155 159 176 188 191 197
141 21 148 158 175 177 185 188 189 191 197 200
142 91 144 147 151 152 156 157 164 180 186
143 96 146 148 153 155 157 158 161 170 174 182 184 187 191 193 196
144 75 146 147 153 154 157 158 162 164 181 183 192 193 194 199
145 45 162 165 166 170 173 174 178 182 183 189 191 196 198
146 52 148 149 150 161 165 166 167 168 171 174 175 176 190 191 192 200
147 44 153 154 156 159 161 165 168 170 178 185 189 193 197 198
148 42 153 165 181 189 190 197
149 32 158 161 165 169 172 175 177 178 181 184 189 191 199
150 20 151 160 163 180 181 186 190 191 192 193 197
151 81 156 162 163 183 184 198 200
152 21 158 159 161 162 164 167 173 176 184 193 195 197
153 30 155 162 167 168 172 174 175 176 182 183 185 191
154 49 158 160 162 163 167 168 176 178 181 186 191 192 194 196
155 70 173 178 179 192 195
156 45 165 169 171 179 180 188 195 199 200
157 36 168 171 172 174 177 183 186 196 197 200
158 26 161 166 169 180 183 189 200
159 95 161 165 167 175 177 179 187 188 190
160 40 165 171 179 185 186 190 192 195 196
161 38 163 175 188 191 196 198
162 22 167 170 173 174 175 186 187 188 190 192 194 195
163 45 169 170 173 193 199
164 60 166 167 170 189 194
165 27 171 172 195
166 52 168 171 175 178 190 199 200
167 35 182 183 191
168 44 170 175 176 179 180 182 185 187 188 189 198 199
169 92 184 185
170 79 176 184 185 195 197
171 82 176 179 195 198
172 39 173 174 178 183 190 192 198 199
173 89 175 178 180 184 189 191 192 193
174 24 182 184 186 188 190
175 69 185 187 188 190 198
176 29 191
177 84 178 183 188 191 196 197
178 83 179 190 192 193 199
179 38 180 181 188
180 66 186 197 199
181 41 183 198
182 31 184 185 193 198
183 85 186 187 200
184 21 189 198 199
185 31 188 189 197
186 98 190 196
187 22 191 193 195
188 42 195 200
189 60 192 193 197
190 70 193 195 196 197 200
191 51 194 196
192 69 199 200
193 96 197
194 81 200
195 26 197
196 67
197 97 198
198 90
199 53
200 43
