200
1 74 4 21 31 45 55 65 121 125 128 133 146 148 155 159 164 165 167 185 196
2 82 7 14 27 32 39 45 56 59 66 69 91 92 97 105 114 130 136 144 164 196
3 32 18 34 55 90 103 110 120 127 132 151 157 166 192
4 73 10 27 28 33 40 43 46 51 55 56 64 71 79 88 93 101 123 128 133 149 153 160 180 199
5 80 33 50 51 63 65 73 81 85 91 107 115 123 151 153 155 159 164 173 183 184 189 196
6 60 7 31 35 43 57 85 91 92 96 103 109 120 123 178 187 189 190 198
7 29 42 47 50 69 82 83 94 98 101 105 115 117 119 125 143 147 154 193 200
8 59 10 25 26 28 29 41 74 81 87 106 110 117 134 138 159 181 196 197
9 84 38 60 68 74 77 88 120 126 149 150 155 160 174 180 186 191
10 84 11 12 21 23 28 47 49 73 75 95 97 135 147 156 170 178
11 93 19 38 65 67 74 82 99 118 130 132 140 151 162 178 180 200
12 24 18 23 28 30 37 45 57 62 87 112 115 122 127 128 132 163 165 176
13 37 41 42 53 67 78 87 93 106 114 133 139 140 153 163
14 49 32 38 40 66 68 76 79 89 92 93 95 114 116 128 140 167 173 180 193
15 45 30 41 42 50 68 97 105 136 143 160 172 173 179 181 193
16 98 25 30 32 43 51 53 63 68 69 75 115 130 136 144 145 161 169 185 186 196
17 82 58 60 65 89 100 101 104 106 110 111 118 119 124 129 133 141 148 152 160 162 171
18 65 26 34 35 36 47 54 76 83 89 105 115 120 133 144 162 181
19 67 34 40 57 60 62 87 93 113 114 125 131 134 137 148 153 173 181
20 89 29 37 41 46 50 54 66 100 104 106 120 121 126 127 138 140 169 175 177 179 180 194 199
21 24 22 27 46 49 65 68 69 79 81 87 91 92 93 94 103 108 117 124 128 132 158 162 171 172 179 181 197 198
22 88 25 33 46 66 67 72 74 79 98 102 103 122 124 125 132 144 153 164 171 179 189 190
23 56 52 54 56 62 65 67 73 82 87 96 127 151 161 164 166
24 89 46 59 77 81 87 103 104 105 108 113 117 124 132 151 154 155 162 169 172 178 191
25 25 34 40 41 50 52 55 58 87 92 97 102 118 145 156 162 172 176 186 197
26 52 29 74 97 106 118 119 124 130 137 144 182
27 34 49 58 77 100 101 113 120 121 125 147 150 151
28 33 35 46 52 68 83 91 93 99 100 106 137 139 144 154 158 182 191 192 199
29 82 33 52 69 75 78 79 96 102 105 115 126 132 156 165 174 177 179 187
30 38 36 40 50 51 63 65 68 90 93 96 106 110 134 161 180 184 188
31 59 37 38 43 69 73 76 77 91 105 106 108 109 111 112 122 129 131 144 148 157 159 160 181
32 89 36 48 51 59 71 77 96 101 104 107 109 140 142 148 160 179 188 198 200
33 72 37 38 50 67 77 90 103 107 111 112 116 120 131 132 134 138 150 155 165 174
34 31 41 43 54 68 69 81 134 177 200
35 82 37 50 51 55 70 122 153 157 177 192 199
36 92 37 42 56 79 109 110 115 118 120 136 180 188 195 196
37 96 40 43 56 64 72 84 86 92 102 108 112 116 121 145 146 180 193
38 70 40 41 46 51 62 71 104 109 143 170 174 175 185
39 62 44 46 82 90 95 97 110 111 114 115 120 152 156 162 165 167 193
40 57 56 59 76 85 93 106 113 135 141 151 153 169 173 176 190
41 77 47 51 61 67 68 73 75 87 92 98 109 166 186 190
42 36 70 91 95 102 107 109 110 118 121 143 174
43 49 45 58 59 61 63 92 107 108 116 119 123 130 134 135 138 139 157 172 178 188 196
44 55 53 54 55 59 66 76 80 99 101 104 107 135 136 156 159 160 164 169 183 200
45 56 47 48 59 60 61 63 70 74 94 101 115 117 132 135 154 159 196
46 46 50 69 73 79 99 107 132 153 160 170 172 182 192
47 70 55 56 70 87 117 119 123 140 145 149 156 162 174
48 53 55 60 63 84 92 98 106 109 116 117 127 132 146 151 158 166
49 49 52 72 74 93 121 122 126 135 156 165 175 196 198
50 40 65 78 79 80 89 118 138 153 157 166 168 175 176 184 185 194
51 82 56 59 64 71 88 106 115 116 139 141 152 165 176 198
52 86 75 78 80 92 93 111 151 163 168 172 175
53 87 68 73 79 89 91 100 123 124 128 136 140 147 159 170 178 182 184 186
54 95 55 80 84 88 91 95 100 115 151 164 182 183 186 187 197
55 83 76 96 103 108 127 131 137 151 160 176 178 181
56 75 73 75 77 86 100 109 121 130 135 178 184
57 66 89 98 108 120 126 127 129 140 141 151 164 166 173 174 179
58 66 74 76 78 92 132 139 153 169 174 184
59 72 60 63 78 100 108 123 139 145 148 173 181 200
60 67 61 74 84 89 95 99 101 120 132 143 144 162 163 186 191 194
61 76 62 63 68 72 76 82 84 88 117 122 123 129 136 186 190 193 194 195 198 200
62 84 70 81 85 91 95 98 126 134 136 149 152 153 157 163 170 173 181 199
63 26 73 87 91 93 97 130 146 164 168 179 181 187
64 36 66 72 76 96 101 104 114 129 130 146 156 181 193
65 35 66 70 92 93 98 99 129 154 161 173 181 187 189 191 199
66 95 76 80 87 88 100 106 153 158 169 170 182 190 192
67 79 77 84 85 101 102 119 128 130 139 146 151 165 178
68 41 72 81 84 85 98 99 104 123 124 125 128 132 135 141 145 156 159 161 178 188 190
69 45 71 72 73 76 77 115 118 154 178 190
70 57 74 76 77 86 111 134 137 140 161 166 168 170 182 189 194
71 93 72 84 99 109 111 130 144 166 172 178 179
72 26 80 83 84 95 110 121 123 142 146 180 196
73 24 75 82 93 94 95 102 123 145 150 178 194 200
74 39 80 97 98 106 108 134 164 176 194 200
75 27 85 95 100 101 108 112 113 114 117 127 142 154 166 180
76 58 87 100 103 119 130 134 140 149 157 159 167 169 171 177 183 190 191 194
77 49 79 101 133 151 166 170 189 190
78 53 81 102 113 120 125 147 161 166 173 179 181 199
79 45 103 115 116 141 148 167 183 191 194
80 63 124 138 155 163 166 169 172 174 182
81 43 111 113 130 148 157 181 195 197
82 72 93 95 101 104 106 109 112 115 117 127 128 136 138 158 161 166 187 192 193 198
83 67 85 88 95 123 124 125 129 136 137 142 145 158 167 178 192 198
84 72 96 113 121 151 165 182 183 188 189
85 77 88 99 100 115 122 127 129 141 154 156 170 183 184 185
86 70 89 92 123 142 145 168 171 178
87 62 93 104 116 121 125 138 147 151 153 170 184
88 57 99 123 134 138 167 175 185
89 77 100 101 105 113 123 129 134 140 141 142 149 151 163 169 174 182 185 187
90 54 95 105 114 118 125 127 149 161 177 187 190 198
91 50 105 108 112 162 170 172 178 180 183 188 191 194
92 46 100 119 120 133 136 145 156 163 172 178 183 184
93 53 116 134 139 142 159 167 178 180 193 195 200
94 76 117 128 156 172 180 184 190
95 60 114 137 144
96 63 103 104 107 118 124 132 147 157 167 168 175 180 187 196
97 44 101 119 125 133 168 171 174 178 182 186 190 194 195
98 50 119 120 121 125 128 131 148 152 160 175 196 200
99 70 112 117 125 137 148 155 161 177 181 198
100 37 107 113 115 143 163 174 182 198 199
101 81 137 149 151 163 164 167 168
102 70 103 104 127 129 130 147 184 186 200
103 82 110 115 118 131 142 155 169 173 176 182 195
104 24 111 123 124 139 143 152 157 158 182 184 186 194
105 94 106 124 135 141 163 195
106 94 115 119 128 143 144 168 171 175 183 187 190 193 198
107 46 108 111 136 143 147 150 168 193
108 79 111 158 160 185 191 199
109 61 117 126 157 197
110 27 114 135 138 145 153 155 159 162 168 171 173 177 198
111 33 130 131 135 136 140 146 150 172 174 189 192 200
112 44 117 142 144 170 181 190 195
113 99 114 137 151 152 157 169 182 187
114 83 127 129 136 156 166 171 172 175 179 192
115 32 120 122 127 132 137 141 142 156 157 164
116 39 124 130 153 169 184 198
117 37 129 134 135 136 165 178 183 189 192 196 197
118 69 123 136 144 155 156 158 166 168 171 192
119 96 125 128 147 148 150 155 184 191 196 199
120 69 121 138 139 149 168 185 188
121 56 129 138 156 166 175 196
122 43 128 147 172
123 68 124 134 144 152 163 165 180 184 189 200
124 92 143 145 146 149 150 151 171
125 73 150 162 187 200
126 21 128 134 141 143 158 165 177 184
127 84 180
128 20 142 161 181 184 189 192
129 84 157 160 191 200
130 46 134 146 151 158 169 176 189
131 27 157 165 197
132 28 136 139 144 152 183 193 197 198
133 57 170 178 196 200
134 86 142 157 165 172 190
135 31 136 141 169 177 197
136 62 154 162 172 199
137 32 144 145 148 152 158 172 183 192 197
138 94 141 178 180
139 44 151 153 157 162 165 175
140 73 155 173
141 83 165 185 190
142 22 157 178 183 196
143 58 146 148 152 154 162 167 177
144 24 155 167 192
145 68 149 164 174 182 200
146 50 148 152 165 174 175 177 179 183 184 191 196
147 69 157 162 165 169 170 171 181
148 54 161 176 192 194
149 32 153 163 175 176 178 191 193
150 75 168 173 185 195
151 89 184 188 190 195
152 98 161 164 178 183 192 194
153 63 154 185 197
154 33 160 176 181 193 198 200
155 69 158 160 165 167 173 177 187
156 77
157 54 167 169 174 179 190 192
158 97 163 178 179
159 61 160 165 167 182 192 194
160 34 165 170 173 181
161 38 164 169 170 172 175 179 191 192 196
162 46 164 174 188
163 83 165 170 178 182 188 192
164 36 165 173
165 89 173 197 199
166 97 174 177
167 69 170 171 178 182 188 193 197
168 21 173 176
169 53 172 176 197 198
170 63 177 191 197 199
171 48 175 177 181 189 191 196
172 71
173 45 183 198
174 21 177 180 184
175 25 186 188 199
176 66 179 197
177 29 178 196 199
178 82 179 183 186 195 196
179 31 182
180 94 181 187 192
181 70 185 189 197
182 86
183 68
184 82
185 61
186 77 200
187 76 188
188 27
189 21
190 95
191 81 193
192 21 199
193 97
194 66
195 51 200
196 75
197 75
198 25 199
199 42
200 59
