200
1 86 2 4 7 8 9 10 11 12 13 16 17 20 21 22 24 25 26 27 28 31 32 33 34 35 36 37 38 40 42 45 46 47 48 50 51 53 54 56 58 60 61 62 63 64 66 68 72 73 74 75 76 77 78 79 80 82 85 86 87 88 89 91 92 94 95 96 97 98 99 100 101 102 104 105 106 107 108 109 110 111 115 117 119 120 121 122 123 124 125 127 129 130 131 133 135 136 137 138 139 140 141 142 143 144 145 146 147 148 149 150 151 153 154 156 157 158 159 160 161 162 163 164 165 166 167 168 169 172 173 174 175 176 179 181 183 184 185 186 187 188 189 190 191 193 194 196 198 199 200
2 65 4 6 7 8 9 11 13 15 17 19 20 22 24 25 27 28 29 30 32 33 34 35 36 39 40 42 44 45 47 48 49 50 51 52 53 54 56 57 58 60 62 63 64 65 66 68 71 73 74 76 78 79 80 81 82 83 84 85 86 87 88 90 92 93 94 95 96 97 99 101 102 105 108 110 111 113 115 119 120 121 122 123 124 125 126 127 128 130 131 133 134 135 138 141 142 143 144 146 147 148 149 150 151 152 153 154 156 157 160 161 162 163 165 166 167 168 169 170 172 173 175 176 177 179 180 182 183 184 185 186 188 189 190 191 194 196 197 200
3 89 4 5 6 7 9 10 11 12 17 18 19 20 21 23 25 26 28 30 32 33 34 37 38 39 40 41 43 44 45 48 49 51 52 53 55 56 57 58 59 60 61 63 64 65 66 67 68 70 72 73 75 77 79 80 81 82 83 84 85 86 87 88 89 90 91 92 93 95 96 97 99 100 101 102 104 105 106 108 111 114 115 117 118 119 121 122 123 124 125 126 127 128 129 131 132 134 135 138 139 141 142 146 148 149 150 151 152 153 156 157 158 159 160 163 164 165 166 168 169 170 171 172 173 175 176 177 179 180 181 182 183 188 192 193 194 195 196 198 199
4 54 5 6 7 8 10 11 12 13 14 16 17 19 20 21 22 24 25 26 28 29 31 32 34 35 36 37 38 40 42 43 46 47 48 49 50 51 52 53 55 56 57 58 59 60 61 62 63 64 65 66 67 68 70 72 74 76 77 78 79 80 81 87 88 89 91 92 94 96 97 99 103 105 106 108 109 111 112 114 115 116 117 118 121 122 123 124 126 127 128 131 132 133 134 136 139 140 141 142 144 145 146 147 148 149 150 151 152 153 154 155 157 158 162 163 164 165 166 169 170 171 172 173 174 175 176 178 179 181 183 185 186 188 189 190 192 193 194 196 198 199 200
5 97 6 7 9 10 11 12 13 17 19 20 22 23 24 25 26 28 29 30 31 32 33 34 36 37 38 40 41 42 43 45 46 48 49 50 51 52 53 54 55 59 60 62 63 64 65 68 69 71 72 73 74 75 76 78 80 81 82 83 84 87 89 90 91 92 93 94 95 96 97 98 102 103 104 105 106 107 109 111 114 115 116 117 119 120 121 122 125 127 130 131 132 133 134 135 138 140 141 143 144 145 148 149 150 151 152 154 155 157 160 162 163 164 166 167 168 169 170 171 174 175 176 177 180 181 182 184 185 186 187 189 193 194 195 196 197 199 200
6 60 8 9 10 11 13 14 15 16 17 19 20 21 22 23 26 27 29 31 32 33 34 35 36 37 38 39 40 41 42 43 46 47 48 49 50 51 53 55 56 57 60 61 63 64 65 66 67 69 71 72 73 75 77 78 79 81 82 83 84 85 86 87 89 90 91 92 94 95 96 97 98 99 100 101 102 104 106 108 109 114 118 120 122 124 125 126 127 128 130 131 132 133 134 135 136 137 139 140 142 143 145 146 147 148 149 150 151 152 153 155 156 158 159 160 162 163 165 166 167 168 169 172 173 174 176 177 180 182 183 185 187 188 189 190 191 192 193 194 195 197 198 199 200
7 100 8 9 10 12 13 16 18 19 20 21 22 23 25 27 29 30 31 32 35 36 37 38 40 41 42 44 45 47 48 50 51 52 54 55 56 62 63 64 65 66 67 69 70 71 73 74 75 76 78 80 81 83 90 91 93 94 95 96 97 98 99 100 101 103 104 105 106 107 108 109 110 111 112 114 115 117 118 120 121 124 125 126 127 129 130 132 133 135 136 139 140 144 145 146 148 149 155 156 158 159 161 162 163 165 167 174 175 176 177 178 179 180 181 182 183 187 188 189 191 193 194 195 197 198 199 200
8 75 9 10 12 15 16 17 20 22 23 25 26 27 28 29 30 31 32 35 36 37 38 39 40 43 45 46 48 50 51 52 54 55 56 58 59 60 61 62 65 66 67 68 69 70 73 74 75 78 79 81 82 83 84 85 87 88 89 91 95 96 97 98 99 101 103 104 105 107 108 109 111 112 113 114 115 116 117 120 121 122 124 125 126 128 130 133 134 135 136 137 139 142 144 146 147 149 150 152 154 155 156 157 158 159 160 161 162 163 164 165 167 170 172 173 175 176 178 179 181 182 184 185 186 187 188 190 192 193 195 199 200
9 100 11 12 13 14 15 17 18 19 20 23 24 25 26 29 30 31 32 33 34 35 36 40 41 42 44 45 46 47 48 49 52 54 55 57 58 59 61 62 63 64 65 66 67 68 72 73 74 75 76 77 82 85 86 87 88 90 92 94 95 97 98 100 101 102 103 104 105 107 109 111 113 114 116 117 118 120 121 122 123 124 125 126 128 129 131 132 133 134 136 138 140 145 148 149 150 155 156 157 159 161 162 163 164 165 170 171 173 174 175 176 177 179 180 181 182 184 185 188 189 190 191 192 193 194 195 196 198 199
10 99 11 12 13 17 18 19 20 23 24 25 26 27 28 29 30 33 34 36 37 38 39 41 42 43 44 48 49 50 51 54 56 57 58 60 62 63 64 65 68 69 70 71 72 73 74 75 77 78 79 82 83 84 85 86 88 89 90 91 92 94 97 98 99 100 101 103 104 107 108 109 110 111 113 114 115 117 118 119 120 123 124 126 127 128 129 131 132 133 134 136 137 138 140 141 142 143 144 145 146 148 149 150 151 152 153 155 156 157 158 159 160 161 162 163 165 167 168 170 173 174 176 177 179 180 181 182 183 186 188 190 191 193 194 197 199 200
11 82 12 14 16 19 20 21 22 23 24 26 27 28 29 30 32 33 34 35 36 37 38 39 40 41 42 43 45 46 48 51 52 57 58 59 60 62 64 65 67 68 69 71 72 73 76 77 78 79 81 82 84 85 86 88 89 93 94 95 96 97 98 99 100 102 103 104 105 106 108 109 112 114 116 117 118 119 120 122 123 124 125 126 127 128 130 131 132 135 136 137 138 140 141 142 143 145 147 148 149 151 154 160 161 162 163 165 166 168 170 171 172 173 175 176 177 178 180 181 182 183 184 187 188 189 190 191 192 193 194 195 196 197 198 199 200
12 77 13 15 16 17 18 19 20 21 25 26 27 28 34 35 36 37 40 41 42 43 44 46 47 48 49 51 52 56 57 58 61 62 64 65 70 73 75 76 77 79 81 83 84 85 86 89 90 91 92 93 94 95 96 97 101 102 103 104 106 108 109 110 113 115 116 119 121 122 123 126 127 128 129 131 132 134 135 137 139 140 141 143 144 147 149 152 153 155 158 159 161 162 164 165 166 167 168 171 173 174 175 176 177 178 179 180 185 187 189 191 193 195 197 198 200
13 82 14 15 16 17 21 23 24 27 30 31 32 33 35 36 37 38 39 40 45 46 48 49 50 52 54 55 56 57 58 59 60 61 63 66 67 68 69 70 72 73 74 75 76 77 78 81 82 83 84 86 87 89 91 92 93 94 95 97 98 99 100 103 104 105 106 108 109 110 113 116 117 119 120 121 122 124 126 127 128 129 131 133 134 137 139 141 144 145 146 147 149 152 154 157 158 159 160 161 162 165 166 170 172 173 174 175 176 177 179 180 181 182 184 185 189 190 191 192 193 196 198 199 200
14 82 17 19 21 23 25 27 28 30 33 34 35 36 37 38 39 40 41 43 45 46 47 49 50 51 53 54 55 58 60 61 64 67 68 69 71 72 73 75 76 77 79 80 81 82 83 84 85 86 87 90 91 92 93 96 97 98 99 100 101 102 105 109 111 112 114 115 116 117 119 120 121 122 123 124 125 126 128 130 132 133 134 135 136 137 138 140 141 142 143 145 146 148 149 151 152 154 155 156 157 158 159 160 163 165 167 169 170 171 173 175 176 177 178 180 181 182 183 184 185 186 188 189 190 191 192 193 195 196 197 198 199 200
15 52 16 18 19 20 21 22 23 25 26 28 29 30 32 33 35 37 38 39 41 42 44 45 46 49 54 57 58 59 60 61 62 63 64 67 72 74 76 78 79 82 83 85 88 89 92 95 96 97 98 99 100 101 102 103 105 106 107 108 109 110 111 113 115 116 117 118 121 122 123 124 125 127 128 129 130 131 132 133 134 135 136 137 138 139 140 142 143 144 145 147 148 149 150 151 153 154 155 157 158 161 162 165 166 167 168 169 170 172 173 174 175 176 177 178 179 182 183 184 185 186 189 191 193 196 197 199 200
16 55 17 18 19 20 21 22 23 24 27 29 32 33 34 35 36 38 39 41 43 44 45 46 49 50 52 53 54 55 56 58 59 60 61 62 66 68 69 72 73 74 77 79 80 81 82 83 84 86 87 88 89 92 93 94 96 98 99 100 101 103 104 105 109 110 112 113 114 116 117 119 120 121 122 125 128 131 132 133 135 138 139 140 142 143 144 145 146 148 149 150 151 152 153 154 155 157 158 159 160 161 162 163 164 169 171 173 175 178 179 181 182 183 185 186 188 189 190 191 192 193 194 195 196 197 198 200
17 100 21 22 23 24 25 26 27 28 30 31 33 34 35 36 37 38 39 40 42 43 46 50 51 52 53 54 56 57 58 59 60 61 62 63 64 66 67 69 70 71 74 76 77 80 82 83 85 87 88 90 91 92 96 97 99 100 101 102 105 107 109 110 111 112 113 114 115 120 125 126 127 128 129 130 131 133 134 136 137 138 139 140 141 142 143 144 145 146 147 148 151 153 154 155 156 157 158 159 160 162 163 164 166 169 170 171 174 175 176 177 178 179 180 181 183 186 187 191 192 196 197 200
18 52 19 20 21 22 23 26 28 30 31 32 33 34 37 39 41 44 45 46 48 49 50 53 54 55 56 58 60 61 62 64 67 69 71 72 73 74 75 79 82 83 85 86 87 88 89 90 91 92 94 95 96 99 102 103 105 106 107 108 109 110 111 112 118 120 122 123 125 126 128 131 132 133 135 136 137 138 140 141 142 143 144 145 148 149 150 151 152 153 154 155 156 157 158 159 160 161 164 165 166 167 168 169 170 171 175 176 177 178 179 180 182 184 185 186 187 188 189 190 192 193 194 195 196 197 198 199 200
19 96 20 23 24 25 26 27 28 31 32 33 34 35 36 37 39 41 42 44 45 46 47 48 49 50 52 53 54 55 57 58 59 60 61 64 66 67 68 70 71 72 74 75 76 77 78 79 80 81 84 85 87 88 89 90 91 92 93 94 95 97 98 99 100 101 104 106 108 109 110 112 113 114 117 118 119 120 121 122 123 125 126 127 129 130 135 136 137 138 139 140 142 144 145 147 149 152 153 155 157 159 160 161 163 165 166 167 168 169 170 171 172 173 174 175 177 180 181 182 183 184 186 187 188 189 190 191 194 195 199 200
20 73 22 23 25 26 28 29 30 31 32 33 34 35 36 37 38 43 46 47 49 51 52 53 54 56 57 59 62 63 64 66 67 68 69 71 72 73 74 78 79 81 82 83 84 85 88 93 94 95 98 100 102 103 104 106 108 109 111 112 113 114 115 116 118 119 121 122 124 126 128 129 130 132 135 137 138 139 140 142 143 144 145 148 149 150 151 152 153 154 155 156 158 159 160 161 164 165 166 167 168 169 170 171 173 175 176 177 179 181 182 183 184 185 186 187 188 189 191 193 194 195 196 197 199
21 96 24 26 29 30 31 32 34 35 36 37 40 41 42 44 45 46 47 48 49 50 51 52 53 54 56 57 60 61 62 63 64 65 66 67 68 71 72 73 74 76 77 78 79 80 81 82 83 85 86 87 88 89 90 91 92 94 95 96 98 99 101 102 104 105 106 109 111 113 114 115 116 117 118 120 121 122 124 127 128 131 134 136 137 138 139 141 142 143 145 147 148 149 150 151 155 156 157 162 163 164 165 166 167 169 170 171 174 176 177 178 179 180 182 183 186 187 188 189 190 191 192 193 194 195 196 197 198 200
22 54 23 24 25 26 27 30 31 33 34 36 38 39 40 43 48 50 51 52 53 54 55 56 58 60 61 62 63 65 66 67 68 69 70 71 72 74 75 77 79 80 81 82 86 87 88 89 90 91 92 94 95 97 98 99 100 101 103 104 106 107 108 109 110 111 112 113 115 117 118 119 120 121 122 124 125 130 132 133 135 136 138 139 140 143 147 150 151 153 159 160 161 162 163 164 166 167 171 173 175 176 178 179 181 183 184 186 187 188 189 190 191 192 194 195 196 197 198 200
23 57 24 25 26 28 29 30 33 35 36 37 38 39 40 41 42 44 45 46 47 48 49 50 51 52 53 54 55 56 59 60 61 63 64 65 67 68 70 71 72 73 74 75 76 78 79 82 83 84 85 86 88 89 90 91 92 93 94 97 98 99 101 102 103 104 105 107 108 109 110 111 113 114 115 118 120 123 129 130 131 132 133 134 135 138 139 143 146 148 149 150 153 154 155 157 158 160 161 162 163 164 166 167 169 171 172 174 175 176 177 179 180 181 183 184 185 186 188 189 191 193 194 196 197 199
24 55 25 27 29 32 33 34 37 39 42 43 44 45 46 47 48 52 53 55 56 57 58 59 60 62 63 64 67 68 69 70 71 72 73 75 77 79 81 82 84 85 86 89 90 92 94 96 97 98 99 100 101 102 103 106 107 108 109 110 111 112 114 115 116 117 119 120 121 122 123 124 125 126 130 131 137 138 139 141 144 145 146 147 148 150 151 152 154 155 156 157 158 159 162 164 165 166 168 170 171 174 175 176 180 181 182 183 185 187 188 189 190 191 193 194 195 198 199 200
25 72 27 31 33 34 36 38 39 41 42 43 45 46 47 48 52 53 56 58 59 60 61 62 63 65 66 69 70 72 73 74 78 80 81 82 85 86 89 90 91 92 93 94 95 96 97 100 101 104 106 107 108 109 110 111 113 115 116 117 118 120 121 124 125 126 130 131 133 134 135 136 137 138 139 140 141 142 143 146 147 148 149 150 151 153 154 155 158 159 161 162 163 164 165 166 168 169 170 171 172 173 175 176 180 181 182 183 185 186 188 189 192 193 194 195 197 198 199 200
26 68 28 30 31 34 35 37 39 40 42 43 45 46 48 49 51 52 53 54 55 60 61 62 63 66 67 68 70 71 72 73 75 80 81 82 83 84 86 87 90 91 92 94 97 98 100 101 103 104 105 107 110 111 112 113 114 115 116 118 119 120 121 122 123 125 126 128 129 130 131 132 133 134 135 136 137 139 140 141 142 144 145 148 149 151 153 156 157 158 160 161 162 163 164 165 167 168 169 171 172 173 175 177 178 180 182 183 184 185 186 187 188 189 190 191 192 193 194 196 198 199 200
27 78 28 29 30 31 32 33 34 38 40 41 42 44 46 47 48 49 51 53 56 57 59 60 64 65 66 67 68 71 72 73 74 75 77 79 81 83 84 85 86 87 90 93 94 95 97 98 99 100 101 102 103 104 107 108 109 110 114 115 116 119 120 121 122 123 124 128 129 130 131 133 134 136 137 138 140 141 144 145 146 147 148 149 151 152 154 155 156 157 158 159 160 161 162 163 164 165 166 167 168 170 173 174 175 176 177 179 180 182 183 184 186 187 189 190 192 193 195 196 197 198 200
28 80 29 31 32 33 35 36 37 40 42 43 47 48 49 50 52 53 54 56 57 58 59 61 63 64 65 66 67 68 69 72 74 77 78 79 80 82 83 84 85 86 89 91 92 94 95 96 98 100 101 102 103 104 105 106 109 110 112 113 114 116 117 119 120 123 126 127 129 130 134 136 137 141 142 143 144 145 146 147 148 149 150 151 153 154 155 156 157 159 162 163 165 166 168 169 170 173 174 176 177 178 179 180 181 183 184 187 188 189 190 191 192 193 194 195 196 197 198 199
29 88 34 35 37 38 40 41 42 43 44 47 48 49 50 51 52 53 54 56 57 58 60 61 64 65 66 68 69 71 72 73 74 77 78 79 81 82 83 84 85 87 88 89 90 91 92 93 94 95 96 98 99 100 101 104 106 107 109 111 112 113 114 115 116 117 118 119 120 122 123 124 125 127 128 129 131 132 133 134 135 136 140 141 142 143 144 146 147 148 149 152 154 155 156 158 159 160 162 163 164 165 168 169 171 173 174 175 176 177 178 179 180 182 183 184 185 186 187 188 189 190 191 192 193 194 195 196 200
30 85 31 32 34 36 37 38 39 40 41 42 44 45 47 48 49 50 51 53 56 58 59 61 62 63 64 66 68 69 70 71 73 74 78 79 80 81 85 86 88 89 90 91 92 94 95 96 97 98 99 100 101 104 105 106 107 108 109 110 111 112 113 114 115 116 119 120 121 123 124 125 126 127 128 129 131 132 133 134 135 136 138 139 140 141 142 143 145 146 148 151 153 154 155 157 158 159 160 162 164 165 166 167 169 170 171 172 173 175 177 178 179 180 181 182 184 185 186 188 189 190 191 192 194 197 198 199
31 55 32 33 34 35 37 38 39 41 43 45 46 47 48 51 52 53 55 56 58 59 60 61 62 65 66 68 69 71 72 73 75 76 77 78 79 80 81 82 83 84 85 86 87 88 91 93 94 95 96 100 102 103 104 107 109 111 113 114 116 117 119 120 121 123 124 125 126 127 128 129 130 131 132 134 135 137 138 139 140 141 142 145 146 148 149 150 151 152 153 154 155 157 158 159 160 161 162 164 166 167 169 170 171 172 173 175 177 178 179 180 181 183 184 185 186 189 190 191 192 193 196 197 199 200
32 58 33 35 36 38 40 41 42 43 44 45 46 49 50 52 54 56 57 58 60 61 63 64 66 67 69 70 71 72 75 77 78 79 80 81 83 85 86 88 89 91 93 94 95 96 98 99 103 104 105 106 108 109 111 112 113 114 115 117 118 119 121 122 124 126 128 129 130 133 134 135 136 137 138 139 140 142 143 144 145 146 147 148 150 151 152 153 154 155 156 158 159 161 163 164 165 166 167 169 170 171 174 178 179 181 183 184 185 186 187 189 190 191 192 193 194 195 196 197 198 199 200
33 100 34 36 37 38 39 40 41 42 43 44 49 50 51 52 53 54 55 56 57 58 60 61 62 65 66 67 69 70 71 73 74 77 78 79 80 81 83 84 85 87 88 89 90 91 92 96 97 98 103 104 106 109 110 111 112 113 114 115 116 117 118 119 120 121 122 123 124 126 128 129 130 132 133 134 135 136 137 142 143 144 145 147 148 149 151 152 153 154 155 156 157 158 159 160 161 162 163 165 168 169 170 172 174 175 177 179 181 182 183 184 187 191 194 197 198 199 200
34 70 36 39 40 41 42 43 44 46 47 48 49 50 51 52 53 54 55 56 57 58 59 60 61 62 63 64 68 69 71 74 75 76 77 78 79 80 81 82 83 84 85 86 89 90 92 93 94 95 96 97 99 100 101 102 103 104 106 107 108 109 110 111 112 113 116 117 118 120 121 122 123 124 126 127 129 131 132 133 134 135 136 137 138 139 141 142 143 144 145 147 148 149 150 152 153 154 155 156 157 158 159 160 162 163 165 166 167 169 170 171 173 174 176 178 179 180 181 182 183 184 185 187 188 189 190 192 194 195 196 197 198 200
35 63 36 37 38 39 41 43 44 45 46 48 50 51 52 54 56 57 58 59 60 61 62 63 65 66 67 68 70 71 72 73 75 76 77 78 79 80 82 83 84 85 86 87 88 89 90 91 92 94 96 97 100 101 102 103 104 105 106 107 108 109 110 112 113 114 115 116 117 120 121 123 124 125 126 127 129 131 132 133 136 138 140 141 144 145 149 150 152 153 157 158 160 161 162 163 164 166 167 168 169 170 172 173 176 177 180 181 183 184 186 188 189 190 192 193 194 195 196 199 200
36 75 37 38 39 43 44 45 47 49 50 51 52 53 54 55 57 58 59 60 61 62 63 65 66 68 70 72 73 75 76 77 79 80 81 82 83 84 85 86 87 88 89 90 91 92 93 94 96 99 100 101 102 103 104 105 106 107 109 110 112 113 114 115 116 117 118 119 120 121 122 123 124 128 129 130 131 132 134 135 136 137 138 139 140 142 143 144 145 147 148 149 150 151 152 153 154 156 157 159 160 161 162 163 164 165 169 172 173 174 176 180 183 184 185 186 187 189 190 191 193 194 196 197 198 200
37 69 38 39 40 42 43 44 45 46 47 48 49 50 51 52 53 54 55 56 57 58 59 61 63 64 65 67 69 70 72 75 77 80 81 82 84 87 89 90 91 92 93 96 97 98 99 100 103 105 106 107 108 110 111 112 113 115 116 117 118 119 120 121 122 123 127 129 131 132 133 134 135 136 137 138 139 140 141 142 143 145 146 147 149 150 152 153 154 156 157 158 161 162 166 167 169 170 173 174 175 176 178 179 180 181 182 183 184 186 187 188 189 190 192 193 194 195 200
38 65 40 41 42 44 46 47 48 49 51 53 54 55 56 58 59 61 62 64 65 66 67 69 71 72 73 75 77 78 79 80 81 84 85 88 89 90 91 92 93 95 96 97 99 102 103 104 105 106 107 108 109 110 111 112 113 117 118 119 120 121 122 126 127 129 130 131 133 134 135 137 139 140 141 142 143 144 145 146 147 148 149 150 151 154 158 159 160 161 162 163 164 165 166 168 170 171 172 173 174 175 179 180 181 182 184 187 188 189 191 193 194 195 199 200
39 64 40 42 43 44 45 46 47 48 49 51 52 53 54 56 58 60 61 62 64 65 66 68 69 70 72 73 74 75 76 77 80 82 83 84 86 87 88 89 90 91 92 93 96 97 98 99 100 101 102 103 104 105 106 107 108 109 110 111 112 113 114 116 117 118 119 120 121 122 123 124 126 129 132 133 134 135 136 137 138 141 143 144 145 146 147 148 149 153 154 155 156 157 158 159 160 162 163 164 165 167 169 172 174 176 177 178 180 181 182 185 186 188 189 190 191 192 193 195 196 197 198 199 200
40 72 42 45 46 47 48 49 50 52 53 54 55 56 57 58 59 61 62 63 64 66 69 70 71 72 73 74 75 76 78 80 82 83 84 85 86 87 88 89 94 95 96 102 103 104 106 107 109 111 112 114 115 119 120 121 122 126 129 130 131 132 134 136 137 139 142 143 144 145 148 151 152 153 155 156 158 159 160 161 162 164 165 166 168 170 171 172 174 177 178 181 182 183 184 187 188 189 190 193 194 196 197 198 199 200
41 60 42 43 45 46 47 49 51 52 53 54 55 56 57 58 59 60 62 63 65 66 67 70 71 74 75 76 77 78 79 80 81 83 84 85 86 88 89 90 91 92 93 97 100 102 103 104 106 107 108 109 111 112 113 114 118 120 121 126 127 129 130 131 132 133 134 135 136 137 138 140 141 142 143 144 146 150 151 153 154 155 158 159 161 162 163 164 166 167 169 170 172 173 175 176 177 178 180 181 182 183 185 186 187 189 191 192 193 195 196 197 198 199 200
42 90 45 46 47 48 49 50 51 52 53 54 55 56 57 58 60 61 63 65 69 70 72 73 74 75 77 78 80 82 83 84 87 88 89 91 92 93 94 95 96 97 98 100 101 102 103 105 106 107 108 109 111 113 114 115 117 118 119 120 121 122 123 124 125 126 127 128 131 132 133 134 135 137 138 140 141 143 144 145 146 147 148 149 150 152 153 155 157 162 163 164 165 167 169 170 172 173 179 182 183 189 191 192 193 194 197 198
43 92 45 46 47 49 50 51 52 53 55 57 60 62 65 66 67 68 69 71 72 74 75 76 77 78 79 80 82 84 87 89 90 91 92 93 94 95 97 98 99 100 103 104 105 106 109 110 112 113 115 116 118 120 121 122 123 126 127 128 129 131 132 135 136 137 138 139 140 141 142 144 145 146 147 148 149 150 151 152 153 157 158 159 160 161 162 163 165 167 168 169 170 171 172 174 175 176 177 178 181 182 185 186 187 188 191 193 195 198 199 200
44 85 45 46 47 50 53 54 57 58 59 60 61 64 65 66 67 68 70 71 72 74 76 77 78 79 82 83 85 86 87 88 89 92 94 95 96 99 100 102 103 105 106 107 109 112 114 115 116 117 118 119 122 125 126 127 128 129 130 132 134 135 136 137 138 140 141 142 143 144 146 148 150 151 152 153 154 155 156 157 159 160 161 162 163 164 165 166 167 168 171 172 173 174 175 176 177 179 182 184 185 186 187 188 189 190 191 194 195 196 197 199 200
45 89 47 48 51 52 54 55 56 58 59 60 61 62 63 64 65 66 67 68 69 71 72 73 74 75 76 77 78 80 81 83 84 86 87 88 89 90 92 93 95 97 99 100 101 103 105 106 108 109 110 111 113 115 116 117 118 120 122 123 124 125 126 127 128 129 130 131 132 135 136 137 138 139 141 143 144 148 149 150 152 153 154 156 157 158 159 161 162 163 169 170 171 172 173 174 175 176 177 178 179 183 184 185 186 187 189 191 192 193 194 196 198 199 200
46 67 48 49 51 52 53 55 56 57 58 59 60 62 63 64 65 67 68 69 72 73 77 78 79 81 83 84 85 87 88 91 93 94 96 97 98 99 101 102 103 107 108 111 112 115 116 118 119 121 122 123 125 127 128 130 136 138 139 141 142 145 146 147 149 150 151 152 154 155 156 157 158 159 160 161 162 163 164 165 168 169 170 171 172 173 175 176 178 179 180 182 183 184 185 186 187 188 189 190 191 192 193 194 195 197 198 199 200
47 96 48 49 51 54 55 56 58 59 60 61 62 63 64 66 67 68 69 70 72 74 75 76 77 78 80 81 82 83 84 85 86 87 88 90 91 92 94 96 97 98 99 100 101 102 103 104 105 106 107 108 109 110 112 113 115 116 117 118 119 121 122 123 124 125 126 128 129 130 131 134 135 137 140 144 147 148 150 151 152 155 159 160 161 162 165 167 170 171 173 174 175 177 178 180 184 185 186 187 189 190 191 192 194 196 197 198 199 200
48 82 49 50 51 52 54 55 56 57 60 61 62 64 66 67 68 69 72 73 76 77 78 79 80 81 82 83 84 85 88 90 91 92 94 95 96 98 102 103 104 105 106 107 109 110 112 113 114 115 116 117 118 119 120 121 123 124 125 126 128 130 131 132 133 134 135 137 138 140 141 142 145 146 147 148 150 151 152 153 155 156 157 161 162 164 168 169 170 171 172 173 174 175 177 179 180 182 183 184 185 189 190 191 192 193 194 196 197 198 199 200
49 98 54 55 56 57 59 60 63 64 65 66 67 69 70 72 73 76 77 78 79 80 81 84 85 88 89 90 91 92 93 94 95 96 97 100 101 103 104 106 107 109 110 111 112 115 116 118 120 123 125 126 127 128 133 134 136 137 138 140 144 145 146 148 150 152 153 155 156 157 158 160 161 163 164 166 167 169 170 171 172 173 175 176 177 178 179 181 183 185 186 187 190 192 193 195 196 197 198 200
50 79 52 54 55 56 57 59 60 63 64 65 67 68 69 71 72 73 74 76 78 79 80 81 82 83 84 85 87 88 89 91 92 96 97 100 102 104 106 108 109 110 111 112 113 114 115 116 117 118 119 120 123 125 129 132 133 135 137 139 140 141 143 144 145 146 147 150 151 152 153 154 155 156 157 160 161 162 163 164 165 166 167 168 170 172 173 174 175 176 177 178 179 180 181 183 184 186 187 188 192 193 197 198 200
51 76 52 53 54 55 56 57 58 59 60 61 62 64 66 68 69 70 72 73 75 76 80 82 83 85 86 87 89 90 91 92 94 95 96 97 101 102 103 105 108 109 110 111 113 114 115 116 121 122 123 126 127 130 132 133 138 139 141 142 144 145 146 147 148 149 150 151 153 154 155 156 158 162 163 164 166 167 169 170 171 173 175 176 179 182 183 184 185 187 191 192 193 196 198 200
52 65 53 56 58 63 64 65 67 68 69 70 71 72 73 74 75 76 77 78 79 81 84 85 88 89 91 92 93 94 95 96 98 99 100 103 104 106 107 114 115 116 117 118 119 123 124 125 127 129 130 131 132 133 135 136 137 138 139 140 141 143 145 146 147 150 151 152 153 154 155 157 158 159 160 161 162 163 164 166 167 168 171 174 175 176 180 181 182 183 185 186 187 188 189 190 191 192 193 194 195 196 197 198
53 84 55 61 62 65 66 67 69 70 71 73 75 76 78 79 80 81 82 85 86 87 88 89 90 91 92 93 95 96 97 98 99 100 101 104 106 107 109 110 111 112 113 115 116 117 118 119 121 122 124 125 126 127 129 131 132 133 134 136 139 140 142 144 145 146 147 148 149 150 152 154 156 157 158 160 161 164 165 167 168 169 172 174 175 176 179 180 181 182 184 185 187 188 190 191 192 193 195 196 198 200
54 67 55 56 57 58 59 61 62 66 67 68 69 70 72 74 75 76 78 82 84 85 88 89 90 92 96 97 99 101 102 103 104 105 108 109 110 111 112 113 114 115 116 117 118 119 120 121 123 126 127 131 132 133 134 136 137 139 140 141 142 143 145 148 150 152 154 155 156 159 160 161 162 163 164 165 166 167 168 170 173 174 177 178 179 181 182 184 185 186 188 190 191 192 193 195 196 197
55 83 56 57 58 59 61 62 63 66 67 68 69 71 73 75 77 78 79 81 83 84 86 87 88 89 90 92 93 94 95 96 97 98 99 101 102 103 104 105 107 109 110 111 114 116 117 119 120 122 124 125 126 128 129 130 131 135 136 137 138 139 141 142 143 144 146 147 148 150 151 153 154 155 156 157 159 160 161 162 164 165 166 168 169 170 172 173 174 175 176 177 178 179 180 181 182 183 184 185 186 187 189 190 191 192 193 195 197 198 200
56 69 57 58 59 61 62 63 67 68 69 72 73 75 76 78 79 80 81 82 83 84 85 86 87 88 89 91 92 96 97 99 100 101 102 103 104 105 106 107 109 110 111 112 114 115 117 118 119 121 122 123 127 128 129 130 132 133 135 137 138 139 143 145 146 147 148 149 150 151 153 154 156 159 160 162 164 165 166 167 168 169 172 173 177 178 179 180 181 182 186 187 188 189 190 191 193 194 196 197 198 199 200
57 86 59 60 61 62 63 66 67 69 70 71 72 73 74 75 77 78 79 80 81 82 83 84 85 86 87 90 91 92 93 95 96 97 99 100 101 102 103 105 106 107 110 111 112 114 115 116 119 121 123 124 125 126 128 129 131 132 134 136 137 138 139 140 141 142 143 144 145 146 147 148 150 151 152 153 154 155 156 157 158 159 160 161 163 164 166 167 168 169 172 174 177 180 181 182 183 184 185 186 187 188 189 190 191 192 194 196 197 198 199
58 98 59 60 61 63 64 66 67 69 70 73 75 76 77 78 81 85 86 89 90 93 96 97 98 99 103 105 106 107 109 110 112 113 115 116 117 120 121 122 123 124 126 127 128 129 130 131 132 133 134 136 137 138 139 140 141 142 144 145 146 148 150 151 152 153 154 155 158 159 160 161 162 167 168 169 170 173 174 176 177 178 179 180 181 183 184 185 188 191 192 193 194 195 196 197 198 199 200
59 82 61 62 66 67 69 70 71 72 75 76 77 78 79 81 84 85 86 87 88 89 90 92 93 94 95 96 97 98 99 101 103 105 107 110 111 112 115 116 117 118 120 121 122 123 125 126 127 129 130 131 132 133 134 135 139 140 141 142 144 145 146 149 150 151 152 154 155 156 159 160 161 162 164 165 166 168 169 170 172 173 174 175 176 177 178 182 183 184 185 186 188 190 191 192 193 194 195 196 197 199 200
60 73 61 63 64 66 67 71 73 75 76 77 78 79 80 81 82 83 84 85 86 87 88 89 90 91 92 94 96 97 98 99 100 103 104 105 106 107 108 109 111 112 113 114 115 116 117 118 119 120 121 122 123 124 125 126 128 130 131 134 136 137 140 141 142 143 144 145 146 147 150 152 153 155 156 157 160 161 164 166 168 169 170 171 172 173 174 175 176 177 178 179 180 182 183 184 185 187 189 190 191 193 194 196 200
61 68 62 63 64 65 66 70 72 73 74 75 76 78 79 80 81 84 85 86 88 90 91 93 95 96 97 98 99 100 102 104 105 107 108 109 112 113 114 115 116 117 121 122 123 124 127 128 129 130 131 135 136 137 138 141 144 145 146 147 148 149 150 152 154 155 156 157 158 159 161 162 164 166 168 169 170 172 173 174 176 177 179 180 181 183 185 186 187 188 189 190 192 193 194 195 196 197 199
62 50 66 67 68 69 71 72 73 74 76 78 79 81 82 83 84 85 86 88 89 90 92 94 96 98 100 102 103 104 106 107 109 110 111 112 114 115 116 117 119 120 121 122 124 125 126 127 129 131 132 133 135 136 138 140 142 144 145 148 150 151 153 154 157 158 159 160 161 162 166 167 169 171 172 173 174 175 176 177 179 180 182 183 186 187 188 189 190 193 194 195 196 197 200
63 54 64 66 67 68 72 73 74 75 77 78 79 80 82 84 86 87 88 89 90 93 94 95 96 97 98 100 101 102 103 104 105 106 107 108 109 111 112 116 117 120 122 123 124 126 127 128 129 131 132 133 134 135 136 137 138 139 140 141 142 147 148 150 151 152 153 156 157 158 159 160 161 163 166 168 169 170 171 172 173 174 176 177 178 179 180 181 182 183 184 191 192 193 194 195 198 199 200
64 74 66 69 71 73 74 75 76 77 78 81 82 83 85 86 87 88 89 92 95 96 97 98 99 101 103 104 105 106 108 109 110 111 112 113 114 115 116 119 121 122 123 124 125 126 127 128 129 130 131 132 135 136 138 139 140 141 143 144 145 146 147 152 154 156 160 161 162 164 170 171 172 173 174 176 177 179 180 181 182 184 185 186 187 189 190 191 192 194 195 198 199 200
65 56 66 67 68 69 71 73 74 75 77 80 81 82 85 86 87 88 89 90 91 93 94 95 96 98 101 102 105 108 109 110 111 112 113 114 115 120 121 123 125 127 128 129 130 131 132 133 135 136 138 139 140 141 144 145 146 147 150 151 155 157 158 160 161 162 163 164 165 166 167 168 171 172 173 175 177 179 180 181 182 183 184 185 189 191 193 194 195 198 199 200
66 90 68 71 72 73 75 76 77 80 81 82 83 84 85 88 90 91 93 95 96 97 98 100 102 103 104 105 106 108 109 110 111 112 113 114 117 120 121 127 128 129 130 131 134 135 136 137 138 140 141 143 144 145 146 147 149 150 152 154 155 157 158 162 163 167 168 170 172 175 176 177 178 180 182 185 187 188 189 191 192 195 196 197 198 200
67 62 68 71 72 73 74 76 77 78 79 81 82 83 84 86 93 94 95 96 97 98 101 102 103 105 106 108 109 112 113 114 115 116 118 120 121 122 123 125 126 127 128 129 130 131 132 133 134 135 137 138 140 141 142 145 146 147 148 149 150 151 152 154 155 156 157 158 161 163 165 168 169 170 171 172 173 174 175 176 178 179 180 182 183 184 185 186 187 188 189 190 191 193 195 196 197 198 200
68 65 69 70 71 72 74 77 78 79 81 83 85 87 89 90 92 93 94 95 96 97 99 101 103 105 106 109 110 112 116 117 118 119 120 121 123 124 125 126 127 128 129 130 131 135 136 137 139 140 141 142 145 146 147 149 150 151 152 153 154 155 156 157 158 159 160 161 162 163 164 165 166 167 168 169 170 171 173 174 175 176 177 180 181 183 187 189 191 192 193 195 196 197 198 200
69 98 70 71 72 74 76 77 78 79 81 82 84 85 86 87 88 89 90 91 92 93 94 95 96 97 98 100 103 104 105 106 107 108 109 110 111 112 115 116 117 118 119 121 122 123 124 125 126 127 128 129 132 133 134 136 137 138 140 142 144 145 146 147 148 149 150 151 152 154 156 157 158 161 162 163 164 166 167 168 169 170 172 173 174 176 177 178 180 181 182 184 185 186 187 189 191 192 195 199
70 51 71 72 73 75 78 79 80 82 83 84 85 86 91 95 98 99 100 101 103 104 105 107 108 109 110 111 114 115 116 117 118 119 120 121 122 123 124 127 128 129 130 132 134 135 137 138 139 140 142 143 144 145 146 147 148 149 150 151 152 155 156 158 159 161 162 163 164 166 167 168 169 170 171 173 174 175 176 177 178 179 182 183 184 185 188 189 191 193 194 196 197 198 199 200
71 78 72 74 76 77 78 79 80 81 82 83 84 85 86 87 88 89 91 93 96 97 99 101 102 104 105 106 107 109 110 111 112 113 114 115 117 120 121 122 123 124 126 127 128 129 130 131 132 133 134 136 137 138 141 143 144 145 146 147 148 149 150 151 152 153 155 156 157 158 159 160 162 163 164 165 168 169 171 173 174 175 178 181 184 186 187 189 191 192 193 194 195 196 197 198 199
72 85 73 74 75 76 77 78 79 80 81 82 85 86 87 88 89 90 92 93 94 95 96 98 99 100 101 102 103 104 105 106 108 113 115 117 118 119 120 122 124 127 129 130 131 132 133 135 136 137 138 140 141 143 144 145 146 148 153 154 157 158 160 161 162 163 164 165 166 167 168 169 170 172 173 174 177 180 181 182 183 184 186 189 190 191 194 195 196 197 198 199 200
73 82 74 76 78 79 82 83 84 85 86 87 88 89 90 91 93 94 95 96 100 101 103 104 105 106 107 108 110 111 112 114 116 117 118 120 121 125 126 127 128 129 131 132 133 135 136 138 139 143 144 145 147 148 149 151 152 154 155 159 160 161 162 164 165 166 167 168 170 172 174 175 177 179 180 181 182 183 185 186 187 188 190 191 192 193 194 195 196 199 200
74 83 77 78 80 82 83 86 88 89 91 92 94 95 98 100 101 103 104 105 107 109 110 112 113 114 115 119 120 121 122 123 124 126 127 128 130 131 132 133 135 136 137 138 139 140 141 142 143 144 145 146 147 148 150 151 152 154 156 157 159 161 162 163 164 165 167 169 170 171 172 173 174 175 176 177 178 179 180 182 183 184 185 186 187 188 189 190 191 192 193 194 195 196 197 198 200
75 94 76 77 81 83 84 85 86 88 89 90 91 92 93 96 98 100 101 102 103 104 106 107 109 111 113 114 115 119 120 121 123 124 126 127 128 129 134 137 138 140 141 142 143 145 146 147 148 149 150 152 153 154 156 158 159 160 161 162 164 165 166 168 171 172 174 176 177 179 181 183 185 186 187 188 192 193 195 196 197 198 199 200
76 74 81 82 83 84 85 87 88 89 92 93 94 96 103 104 105 106 107 108 110 111 113 114 115 116 117 118 120 121 124 126 127 128 129 130 133 134 135 136 137 138 139 140 141 142 143 144 146 148 149 153 154 155 156 157 158 160 162 163 164 165 166 168 169 171 173 174 175 176 177 178 179 180 181 182 183 185 186 187 188 189 190 191 192 193 194 195 197 198 199
77 70 78 79 80 81 82 84 85 86 87 89 91 93 94 95 98 100 101 103 104 106 107 108 109 111 112 113 116 117 119 120 121 123 124 126 128 131 132 133 138 139 141 142 144 145 146 148 152 153 154 155 156 158 159 160 162 164 165 166 167 168 169 170 171 173 174 175 177 178 179 180 181 184 185 186 187 189 190 191 193 195 196 197 198 199
78 73 79 80 81 82 83 84 85 88 89 90 91 92 93 94 100 101 102 103 104 105 106 107 108 109 110 111 112 113 114 115 116 117 118 119 120 122 124 125 126 127 128 129 130 131 133 134 135 137 138 140 143 147 150 151 152 154 155 157 158 159 160 161 162 163 164 165 166 167 169 170 171 172 173 174 176 177 178 180 181 182 184 188 191 192 193 194 195 198 199
79 50 81 82 83 84 86 87 88 93 94 95 96 97 99 100 103 105 107 108 109 112 113 114 116 118 119 120 124 125 126 127 129 131 132 135 137 138 139 141 146 148 149 150 151 152 153 155 157 158 159 160 161 162 163 164 165 166 168 169 171 172 173 174 175 176 178 179 182 183 184 187 188 189 192 193 194 195 196 197 198 199
80 55 81 82 83 85 87 88 89 90 92 93 96 97 98 99 100 101 103 105 106 107 108 110 111 113 115 116 117 118 119 121 122 123 124 126 127 128 129 131 132 134 135 136 137 138 139 140 141 143 145 146 147 148 149 150 151 152 156 157 158 159 160 161 162 163 166 168 169 170 171 172 174 175 176 177 178 180 182 183 185 187 188 190 191 192 194 196 198 199 200
81 65 82 83 84 85 86 88 89 91 95 96 98 99 100 101 102 103 105 106 107 108 109 110 111 112 115 116 117 118 119 120 121 122 123 124 126 127 129 130 131 133 134 135 136 137 139 140 141 142 143 144 145 146 147 148 149 151 154 155 159 161 164 165 166 168 169 170 171 173 174 175 176 177 178 179 180 181 183 184 185 186 188 189 191 192 193 194 195 197 198 199
82 74 83 86 87 88 89 90 94 95 97 99 102 103 104 106 107 109 110 111 113 114 115 116 118 120 124 125 126 127 128 130 131 133 134 135 136 138 140 141 142 144 146 148 149 150 152 153 155 157 158 159 160 161 162 163 165 166 167 168 169 172 173 174 175 176 177 179 180 182 184 186 187 188 190 192 193 194 195 198 199 200
83 76 86 89 90 91 92 93 94 95 96 97 99 100 101 102 104 105 107 109 110 111 112 113 114 116 117 119 120 122 123 124 125 126 127 128 129 130 131 132 134 136 137 138 139 140 141 142 143 147 149 150 151 152 156 157 161 162 164 168 171 172 174 176 177 181 182 183 185 187 188 189 190 192 194 196 198 200
84 72 87 88 90 91 92 93 95 97 98 99 100 101 103 107 108 109 110 113 114 116 117 118 119 120 121 122 123 124 125 126 128 129 131 132 133 134 136 138 139 140 142 143 144 145 146 147 149 151 153 154 156 159 161 163 164 165 166 167 168 170 172 173 175 177 179 180 181 182 184 185 186 187 189 191 194 196 198 199
85 98 86 87 89 90 91 92 93 94 96 97 98 101 102 103 105 107 108 110 113 115 116 117 118 121 122 123 125 126 127 128 130 133 135 136 139 140 142 143 145 146 149 151 153 154 155 156 157 158 160 161 162 163 165 166 167 170 171 173 174 175 176 177 178 179 180 181 182 183 185 186 187 189 190 192 194 197 198 199 200
86 83 89 90 91 92 93 95 96 98 99 100 104 105 107 108 109 113 114 115 116 118 120 121 122 123 124 125 126 127 128 129 130 133 136 137 138 140 142 143 144 145 147 148 149 150 153 154 156 159 163 164 165 168 169 170 173 174 175 176 177 178 179 181 184 185 187 188 189 190 192 194 196 197 198 200
87 98 89 90 91 93 94 96 97 98 99 100 101 103 105 106 107 108 110 111 112 113 114 115 116 118 119 120 121 122 124 125 126 128 129 130 131 133 135 136 138 140 141 143 144 149 154 156 158 159 160 161 162 166 168 169 170 171 173 175 176 177 179 180 181 182 184 185 186 187 189 190 191 192 193 194 196 197 198
88 59 89 91 92 93 94 95 96 97 98 100 101 102 104 107 109 112 114 115 116 118 119 120 122 123 124 126 128 129 130 131 132 134 137 138 139 140 141 142 143 144 145 146 147 148 149 151 152 154 156 157 158 159 160 161 162 163 165 168 170 171 172 173 175 176 178 179 180 181 183 184 185 186 187 188 189 191 195 196 197 198 199
89 82 91 92 93 94 95 96 97 98 101 102 103 104 105 107 109 111 113 114 115 118 119 120 121 123 126 127 128 129 130 131 132 133 134 136 137 138 140 141 143 144 145 146 148 149 150 151 154 155 156 157 158 159 160 161 162 163 164 165 166 169 170 173 174 175 176 177 179 180 181 182 184 186 187 188 189 190 191 193 194 197 198 199
90 97 92 95 96 98 99 100 102 103 104 105 106 108 109 110 111 114 115 117 118 119 120 121 122 125 126 127 129 130 131 132 133 134 137 138 139 140 142 143 144 145 146 147 149 150 152 153 154 155 157 159 160 161 162 163 166 167 168 171 172 174 175 176 177 179 182 183 184 186 187 188 190 193 195 196 197 198 199 200
91 84 93 94 95 96 97 98 99 100 101 102 103 104 105 106 107 108 110 111 112 114 115 116 118 119 120 121 122 126 127 128 129 131 132 133 135 136 137 138 139 140 144 145 147 148 149 150 152 153 155 157 158 159 160 161 162 165 166 167 169 170 171 172 173 176 178 179 180 181 183 186 187 188 189 191 192 193 194 195 196 197 198 199
92 66 93 95 96 97 98 99 102 104 106 108 109 112 113 114 116 117 118 120 121 122 126 127 128 129 130 131 132 133 134 135 136 138 140 142 144 145 148 150 151 152 153 154 156 157 158 159 163 164 166 167 169 173 174 175 176 178 181 182 183 184 186 188 189 190 192 193 194 196 197 198 200
93 79 94 97 99 101 102 103 108 109 110 111 112 115 116 119 124 125 127 129 130 131 133 134 135 136 137 138 139 140 141 142 144 145 146 148 150 151 152 153 155 156 158 159 160 161 163 165 167 168 169 170 171 172 173 175 177 178 179 180 181 182 183 184 186 187 188 189 190 191 194 195 196 198 200
94 100 96 97 99 101 102 103 104 108 109 110 111 113 114 115 116 117 118 119 120 122 123 125 127 128 130 131 132 133 134 135 137 138 139 141 142 143 146 147 148 150 151 152 153 155 157 160 161 162 163 164 166 167 170 171 172 173 175 176 182 183 184 185 187 190 191 192 194 195 196 197 198 200
95 80 98 99 100 102 103 104 105 106 107 109 111 113 115 116 117 118 119 120 121 123 124 125 126 128 129 131 132 136 137 138 139 140 141 142 143 144 146 147 151 152 153 155 157 158 159 161 162 163 164 165 166 167 169 171 173 174 175 177 178 179 181 182 184 185 186 187 188 189 190 191 193 195 196 197 199
96 73 97 98 100 101 102 104 107 111 112 113 115 116 117 118 119 120 121 122 123 124 125 126 127 128 131 132 133 134 135 136 137 138 139 140 141 142 143 144 145 147 148 149 150 151 153 154 155 157 159 160 161 162 164 165 166 167 168 173 175 176 179 180 181 182 183 184 185 188 191 192 193 194 195 196 197 198 199 200
97 80 98 99 100 101 102 103 104 105 106 107 108 109 111 112 113 114 115 116 117 120 121 123 124 125 126 127 128 131 133 134 135 136 138 139 142 143 144 145 146 147 150 151 152 157 159 160 161 162 163 164 165 166 167 168 169 171 172 173 174 175 176 177 178 180 182 184 186 188 190 191 192 193 194 195 196 197 198 200
98 65 99 101 102 103 106 108 109 111 112 113 114 116 119 120 121 122 123 124 125 126 130 131 132 133 134 135 136 137 138 139 143 144 145 146 147 148 151 153 154 155 156 157 159 161 162 163 164 165 167 168 169 170 171 174 175 177 178 179 180 181 182 185 186 187 188 189 190 191 192 193 194 195 196 197 198
99 77 100 102 103 104 105 106 108 112 113 115 118 120 121 122 123 124 125 126 127 128 129 131 132 134 135 136 138 139 140 141 143 144 145 146 147 150 151 152 153 154 155 156 157 158 159 161 162 163 164 166 167 168 169 171 172 173 174 175 176 177 179 181 182 183 184 185 186 188 192 193 194 196 198 199
100 65 101 102 103 104 105 106 107 108 109 110 111 112 113 114 115 116 117 118 120 121 122 124 125 127 128 130 131 133 134 135 136 137 138 139 140 142 144 145 146 147 148 149 150 151 152 153 154 155 156 157 160 161 162 163 164 167 168 169 172 173 174 175 176 179 180 181 182 185 186 187 188 190 191 193 194 195 196 199 200
101 76 103 104 105 107 108 109 110 112 114 115 116 117 118 119 120 122 123 125 126 128 129 130 131 132 136 137 138 139 140 141 142 143 144 145 146 147 148 149 150 152 155 157 158 159 161 162 164 165 166 167 168 169 170 171 172 174 175 176 177 179 181 182 183 184 185 186 189 190 192 193 194 196 197 198 199 200
102 53 103 105 108 109 110 111 112 113 115 118 120 121 122 123 124 125 127 128 129 130 131 132 133 134 135 136 137 138 139 143 144 146 148 149 150 151 152 154 155 156 158 160 162 163 165 166 167 168 169 170 171 172 173 174 175 177 179 180 181 182 183 184 186 188 189 190 191 192 193 194 195 196 197
103 53 108 111 112 113 116 118 120 121 122 124 125 126 127 128 129 131 132 133 135 136 137 138 139 140 141 142 143 144 146 147 148 150 152 153 154 156 157 158 161 163 164 167 168 170 172 173 174 175 178 179 180 181 182 183 184 185 186 187 188 189 192 193 194 196 197 198 199 200
104 90 105 106 109 110 112 114 115 118 119 120 123 124 125 127 128 129 130 131 134 136 137 139 141 143 144 145 146 148 149 152 153 154 155 156 157 158 160 161 163 164 166 167 168 169 170 171 172 173 174 175 178 179 180 182 184 185 186 187 188 190 191 192 193 195 196 197 200
105 93 106 107 108 109 110 111 113 116 118 119 121 123 124 126 127 128 129 131 132 134 136 138 139 140 141 142 143 145 146 147 148 149 150 151 153 154 155 156 157 159 160 161 163 164 166 167 169 170 171 172 173 174 176 177 178 180 182 183 186 187 188 189 190 191 192 194 195 196 198 200
106 57 108 109 110 114 116 117 119 121 122 125 126 127 128 129 132 134 137 138 141 142 143 144 145 147 149 151 152 154 156 157 158 159 160 161 162 163 164 167 168 169 170 173 175 178 179 180 183 184 185 187 188 190 191 194 195 196 197 198 199
107 60 108 109 110 111 112 113 114 116 117 118 120 121 123 124 125 128 131 133 134 136 138 140 142 144 146 148 149 150 151 152 153 154 155 157 159 161 162 163 164 165 166 167 168 169 170 171 172 174 175 176 177 178 181 183 185 186 187 188 190 191 192 193 195 196 199 200
108 90 110 111 113 114 115 116 117 118 119 120 121 122 123 124 125 126 128 129 130 131 133 134 135 137 140 141 142 144 145 147 148 149 150 152 153 158 159 160 163 164 165 168 169 171 172 173 175 176 177 178 179 180 181 184 185 186 187 188 189 190 191 196 198 199 200
109 52 113 114 116 121 122 123 125 126 127 131 132 133 134 135 136 139 140 143 144 145 146 149 150 151 152 153 154 155 157 159 160 161 164 167 170 171 172 174 175 177 179 182 183 184 185 187 188 191 193 194 195 196 197 198 199
110 78 111 112 114 117 118 119 120 121 122 125 126 127 128 130 131 132 133 137 139 140 141 142 143 145 147 148 149 150 151 153 154 156 158 160 161 163 165 166 167 169 170 171 174 175 177 178 179 181 182 186 187 188 189 190 191 192 193 195 196 198
111 91 112 114 115 116 117 118 119 121 122 123 124 127 129 130 131 132 133 136 139 140 141 142 144 145 146 148 150 151 152 153 154 155 157 159 160 161 162 163 164 165 166 168 169 170 171 174 177 178 179 180 181 183 186 187 188 191 192 193 195 196 199 200
112 64 113 114 115 116 117 119 120 121 122 124 127 128 129 130 132 133 134 135 136 138 141 142 143 144 145 147 148 149 150 151 152 154 155 156 158 159 160 161 162 163 164 166 168 169 170 171 172 174 176 178 179 182 184 185 186 187 189 190 192 194 196 198 199
113 96 115 117 118 120 122 123 127 128 129 130 131 132 134 135 141 143 144 145 146 147 149 150 151 154 155 156 157 159 162 163 164 165 166 168 169 170 171 172 173 175 176 181 182 183 184 186 187 189 191 193 194 195 196 199 200
114 69 115 117 118 120 124 125 129 130 131 132 133 134 136 137 140 141 143 145 146 147 148 150 151 154 158 159 160 162 164 166 167 169 170 171 172 173 174 176 178 180 181 182 185 186 187 188 191 192 193 194 195 197 198 199
115 62 116 118 119 120 121 123 125 126 127 128 130 133 138 140 142 143 144 145 146 147 148 150 151 152 157 158 159 161 162 163 166 167 168 169 173 174 175 176 177 178 179 180 182 185 187 188 189 190 192 196 198 200
116 57 118 120 121 122 124 125 127 128 129 131 132 133 134 135 136 137 138 139 140 141 142 144 145 150 151 154 156 157 158 161 162 163 165 166 169 171 172 175 176 178 180 181 184 185 186 187 188 189 192 193 194 195 196 197 198
117 63 119 120 121 122 123 124 125 126 128 129 131 132 133 134 136 139 142 143 144 145 146 147 148 149 150 151 152 153 154 155 156 158 159 160 161 162 163 164 165 167 168 169 170 171 172 174 175 177 178 179 180 181 183 186 187 190 191 192 193 194 195 196 197 198 199
118 90 120 122 123 124 126 127 128 129 130 132 133 134 136 137 139 141 142 146 147 149 150 151 152 153 155 157 159 160 161 163 164 165 166 167 168 170 171 172 174 175 176 177 178 179 180 181 182 183 184 185 186 187 188 189 190 191 192 193 194 196 198 199 200
119 52 121 122 123 124 126 128 129 130 133 135 137 138 141 142 143 144 145 147 148 151 153 155 156 157 158 159 160 162 163 164 165 166 167 168 169 170 172 173 174 176 177 178 179 180 181 183 184 186 187 188 189 190 191 192 193 195 196 197 199 200
120 89 121 122 124 125 126 127 129 130 132 135 136 138 140 143 144 145 146 147 148 149 151 153 154 155 156 157 158 160 161 162 163 164 166 167 168 170 172 174 176 177 178 179 180 182 183 186 188 189 190 191 193 194 199
121 82 123 126 128 129 130 131 132 135 136 137 138 139 140 141 142 143 144 145 146 148 149 150 152 153 154 155 156 157 158 159 163 164 165 168 169 170 171 172 174 175 176 178 179 182 183 185 186 187 188 189 190 193 195 196 197
122 59 123 124 126 127 129 131 132 134 135 136 138 139 140 142 144 145 147 148 149 150 151 152 153 154 155 156 158 159 160 162 163 164 166 167 169 170 171 172 174 175 176 177 178 179 180 181 182 183 184 185 187 189 190 191 192 194 195 198 199
123 57 125 126 127 128 129 131 132 133 134 136 137 140 141 143 146 147 149 151 154 156 157 158 159 160 161 162 163 164 166 168 170 171 173 174 175 177 179 180 181 182 184 185 188 189 190 191 192 193 194 195 196 197 198 199 200
124 100 127 129 130 131 132 133 134 135 136 137 138 140 141 142 143 144 146 147 148 150 152 153 154 155 156 157 159 160 161 162 163 166 167 168 170 171 172 173 176 177 178 180 181 182 183 184 185 186 188 189 191 192 195 196 199 200
125 53 126 127 129 130 131 132 133 135 136 137 138 141 142 143 144 146 147 148 149 150 155 157 158 159 160 161 162 163 164 165 166 167 169 171 174 175 176 177 178 179 182 183 184 186 188 189 190 191 192 193 194 198 199 200
126 93 127 130 131 133 134 135 136 139 141 142 144 145 146 147 148 149 151 153 154 155 158 159 160 162 164 165 166 169 170 172 173 174 175 176 177 178 179 180 181 182 183 185 186 187 191 192 194 195 198
127 69 128 129 130 131 132 133 135 136 138 139 140 143 144 145 146 147 149 150 152 154 155 157 158 160 164 165 166 168 170 171 172 175 177 178 179 180 181 183 184 185 187 189 190 192 193 194 195 197 198 200
128 54 130 131 132 133 134 135 139 140 141 144 145 146 147 148 149 150 151 154 155 156 158 159 160 161 163 165 166 167 168 170 171 172 176 177 179 181 182 183 184 185 188 190 191 192 193 194 195 196
129 84 131 132 133 134 135 138 139 140 141 142 144 145 146 147 148 149 150 152 153 154 155 156 159 160 161 163 164 165 166 167 171 172 174 176 177 178 180 181 182 184 185 186 187 190 191 199
130 68 131 132 134 135 136 139 140 141 142 143 144 145 146 148 149 150 151 152 154 155 156 159 162 163 164 165 166 167 168 169 170 171 172 173 174 175 177 181 182 183 184 185 186 187 188 189 190 191 192 193 194 195 196 197 198 199 200
131 100 132 133 134 135 136 140 144 147 148 149 150 151 153 154 155 157 158 159 160 161 162 163 164 165 166 167 169 170 171 173 174 177 178 180 181 182 183 184 185 187 188 189 191 192 193 194 195 196 198 200
132 59 133 135 136 137 139 140 141 142 143 144 145 146 147 148 149 150 151 152 153 154 155 156 157 158 160 161 162 163 164 165 166 167 168 171 173 174 175 176 178 179 180 184 187 189 194 195 196 197 199
133 61 134 135 136 137 138 139 140 141 144 145 146 147 148 149 151 152 153 155 157 159 160 161 162 163 164 166 167 168 170 171 172 175 176 177 179 180 182 184 185 186 187 189 191 192 193 194 196 197
134 62 135 136 139 141 142 143 144 146 147 148 149 150 151 153 155 156 157 158 159 160 161 162 163 164 166 167 168 170 171 172 173 175 176 177 178 179 180 181 182 183 185 188 189 190 193 195 197 198 200
135 79 137 138 139 140 141 142 144 145 147 148 149 151 152 154 155 156 157 161 162 164 165 166 168 169 171 174 177 178 179 181 183 184 185 186 187 191 192 194 195 197 199 200
136 87 138 139 140 143 144 145 147 148 149 152 155 157 158 161 162 165 166 168 169 171 173 174 175 179 180 182 183 184 185 186 187 189 190 192 193 194 195 197 198 200
137 57 140 142 143 145 147 149 150 151 152 153 155 158 162 164 166 168 169 170 171 172 173 174 175 177 178 180 181 182 183 184 185 188 189 190 191 193 195 196 198 199 200
138 75 139 141 142 143 144 145 148 149 150 151 152 153 154 155 156 157 158 159 160 162 163 164 165 166 167 168 169 171 172 173 174 175 176 177 178 179 181 182 183 184 185 186 188 189 191 192 193 196 199 200
139 67 140 142 143 144 148 150 151 152 153 154 155 156 157 158 159 160 161 163 164 165 167 168 169 171 176 177 178 180 181 183 184 185 186 187 188 189 190 191 192 193 196 197 199
140 73 142 143 146 147 149 150 151 152 153 156 157 159 160 161 163 167 168 169 170 174 177 178 179 180 181 182 183 186 187 188 191 192 193 194 196 198 199
141 79 142 143 144 147 148 150 151 152 153 154 156 157 158 160 161 162 163 165 166 167 168 170 172 173 174 176 177 178 179 181 182 183 184 185 188 189 190 192 194 195 197 198 200
142 71 145 149 150 151 152 154 155 156 157 158 159 161 163 164 165 166 172 173 178 179 181 182 183 185 186 187 188 192 193 194 195 196 197 199 200
143 68 144 145 147 149 151 153 154 156 158 159 161 162 165 166 167 168 170 171 172 173 174 176 177 178 179 180 181 182 185 186 187 188 191 192 193 194 196 198 199
144 69 146 147 149 150 151 153 155 156 157 158 160 162 163 165 166 167 168 172 173 174 175 176 178 179 181 182 185 187 188 189 191 192 193 194 196 197 199 200
145 71 146 147 148 149 150 151 154 155 156 157 158 159 160 162 163 164 166 167 169 170 171 172 173 174 175 176 177 178 182 183 184 185 187 188 189 190 191 192 194 195 196 197 198 199
146 79 147 149 150 152 153 154 156 157 158 159 160 162 164 165 166 169 170 171 172 175 176 178 180 181 182 183 184 188 189 190 191 192 193 194 196 197 198 199 200
147 54 148 149 151 153 154 155 156 157 158 159 160 161 163 165 166 167 168 169 170 172 173 174 175 176 177 178 180 182 185 187 188 189 190 193 195 196 197 198 200
148 79 150 151 153 154 155 156 157 158 159 160 162 164 167 168 171 172 173 174 175 177 178 180 181 182 183 184 187 188 189 191 192 193 195 196 197 200
149 70 150 152 154 155 156 159 160 161 163 165 166 167 168 170 172 173 174 176 179 181 182 183 185 186 188 189 190 191 194 195 197 200
150 85 151 152 153 155 159 161 162 164 166 170 171 172 173 174 176 177 178 179 181 182 184 185 186 187 188 189 190 192 193 194 195 196 198 199
151 74 153 157 159 160 162 163 165 166 167 168 169 170 173 174 175 176 177 178 179 180 183 185 186 187 189 191 192 193 194 196 197 198 199 200
152 92 154 155 159 160 162 163 165 166 168 169 170 171 172 173 174 176 177 178 179 180 181 185 186 187 188 189 190 191 192 195 196 197 198
153 98 154 155 156 157 158 159 160 162 163 165 166 169 170 172 173 175 176 177 178 181 182 183 184 185 189 190 191 192 193 194 195 196 197 198 199 200
154 66 155 156 157 158 159 160 161 162 164 165 166 167 168 170 172 173 174 176 179 180 181 182 183 184 185 190 192 193 195 197 198 199
155 76 156 157 160 161 162 163 164 165 166 167 169 170 173 176 180 181 183 186 187 188 189 192 194 195 196 197 198 199 200
156 62 158 159 160 162 163 164 165 167 170 171 172 173 174 176 178 179 181 183 185 186 189 190 191 192 193 195 196 198 199 200
157 92 159 160 161 162 163 164 166 167 168 170 171 174 176 177 178 180 181 182 185 186 188 190 191 192 193 194 195 197 198 199
158 94 159 160 163 164 165 166 168 170 173 174 175 176 177 178 179 181 183 184 185 186 189 190 192 194 196 197 199 200
159 88 161 162 163 165 169 170 173 174 175 179 180 181 183 184 186 187 188 191 192 194 196 197 198 200
160 88 163 165 166 168 170 171 172 174 175 176 177 178 179 180 181 182 183 184 185 190 194 197 198
161 70 163 164 165 169 170 173 174 175 176 177 178 179 180 183 184 185 186 187 188 190 191 195 197 198 199 200
162 56 165 166 167 169 170 171 172 173 175 176 179 183 185 187 189 190 191 192 193 194 195 196 197 198 199
163 75 164 165 166 167 173 174 175 176 177 178 181 182 185 186 187 188 189 190 191 192 194 195 196 198 199
164 80 165 166 167 168 170 171 172 173 174 177 178 181 182 183 185 187 188 189 194 196 198 199 200
165 74 166 167 169 170 171 172 173 174 175 176 181 182 185 186 187 189 190 192 193 194 195 197 198 199 200
166 77 167 169 171 173 174 175 176 177 181 182 183 184 185 186 187 188 191 192 193 194 197 198 200
167 68 170 171 172 174 175 177 178 179 182 183 184 185 188 189 190 194 195 196 197 199 200
168 95 169 170 171 172 174 175 176 178 180 182 183 184 187 188 190 192 193 196 197 198 199 200
169 84 170 171 173 174 177 179 180 182 183 184 187 188 189 191 192 193 194 195 196 197
170 83 171 173 174 175 177 178 179 180 182 183 186 187 188 189 190 192 194 195 197 198
171 90 172 173 174 177 180 181 182 183 184 185 187 189 190 192 193 194 195 196
172 58 175 176 178 179 180 181 182 183 185 186 187 190 191 193 194 195 198 199
173 53 174 176 177 178 179 180 181 182 183 184 185 187 188 190 191 193 194 195 197 198 200
174 96 175 176 179 180 183 184 186 187 188 189 190 191 192 193 194 195 196 197 198 199 200
175 58 176 177 178 180 186 187 188 189 191 192 193 194 195 197 198
176 50 179 180 181 182 184 186 187 188 191 193 194 195 196 197 198 199 200
177 62 178 179 180 181 182 183 185 186 187 191 192 193 194 197 198
178 51 179 180 181 183 184 185 186 187 189 191 192 193 194 195 196 197 200
179 72 180 182 184 185 186 189 190 191 192 193 195 197 198 199
180 89 181 182 184 185 186 188 189 190 191 192 194 195 197 198
181 69 182 184 185 186 187 188 189 190 191 193 194 195 196 197 198 199
182 68 183 185 186 187 189 190 192 194 195 196 198 199
183 63 185 186 187 189 191 192 194 195 196 200
184 73 185 186 187 188 190 191 192 194 196 197 199 200
185 80 186 187 188 189 192 193 194 195 196 198 199
186 79 189 191 192 194 195 197 198 199 200
187 67 188 189 191 192 194 195 196 199 200
188 88 189 190 191 192 196 197 199 200
189 55 190 192 195 197 198 199 200
190 77 191 192 194 199 200
191 74 192 193 194 196 197 198 199 200
192 64 193 194 196 198 200
193 80 194 195 197 200
194 68 195 197 198 199 200
195 99 196 197 198 199 200
196 50 198 200
197 99 198 199 200
198 55 199 200
199 62 200
200 51
