200
1 55 2 3 4 5 7 8 9 10 11 12 13 15 16 17 18 19 21 22 24 25 26 27 28 29 31 32 33 34 35 36 37 38 39 40 41 42 43 45 46 47 48 49 50 51 52 53 54 55 56 57 58 59 60 61 62 63 64 65 66 67 69 70 72 73 74 75 76 77 78 79 80 81 82 83 84 86 87 88 89 90 91 92 93 95 96 97 98 99 100 102 103 104 105 107 108 109 110 111 112 113 114 116 117 118 119 120 121 122 124 125 126 128 129 130 131 132 133 134 135 136 137 138 139 140 141 142 143 144 145 146 147 148 149 150 151 152 153 154 155 156 157 158 159 161 162 163 164 165 167 168 169 170 171 172 173 174 175 176 178 179 180 181 182 183 184 186 187 188 189 190 191 192 193 194 195 196 197 198 199 200
2 46 3 4 5 6 7 8 9 10 11 12 14 15 17 19 21 22 23 25 26 27 28 29 31 32 33 34 35 36 37 38 39 40 41 42 43 44 45 46 47 48 49 50 51 52 53 54 55 56 57 58 59 60 61 62 63 64 65 66 67 68 69 70 71 73 74 75 78 79 80 81 82 83 84 85 86 87 88 89 91 92 93 95 96 97 98 99 100 101 102 103 104 106 107 108 109 110 111 112 113 114 115 116 117 118 119 120 121 122 123 124 125 126 128 129 130 131 133 134 135 136 137 138 140 141 142 143 144 146 147 148 149 150 151 152 153 154 155 156 157 158 159 160 161 162 163 164 165 166 167 168 169 171 174 175 176 177 178 179 180 181 182 183 184 186 187 188 189 191 192 193 194 195 196 197 198 199 200
3 74 4 5 6 8 10 11 12 13 14 15 16 17 18 19 20 21 22 23 24 25 26 27 28 29 30 31 32 33 34 35 36 38 39 40 41 42 43 44 45 47 48 49 50 51 53 54 55 56 57 58 59 60 61 62 63 64 65 66 67 68 69 70 71 72 73 74 75 76 77 78 79 80 81 82 83 86 87 88 89 90 92 93 94 95 96 97 98 99 101 102 103 104 105 106 107 108 109 110 111 112 113 114 116 117 119 120 121 122 124 125 126 127 128 129 130 131 132 133 134 135 137 138 139 140 141 142 143 144 145 146 147 148 149 150 151 152 153 154 155 156 157 158 159 160 161 163 164 165 166 167 168 169 170 171 172 173 174 176 177 178 179 180 181 182 183 184 185 186 188 189 191 192 193 194 195 196 197 199
4 53 5 6 7 8 9 10 11 12 13 14 15 17 18 19 20 21 22 23 24 25 26 27 28 29 30 31 32 33 34 35 36 37 38 39 40 41 42 44 45 46 47 48 50 51 52 53 54 55 57 58 59 60 61 62 63 64 65 67 68 69 70 71 72 73 74 75 76 77 78 79 80 81 82 83 85 86 88 89 90 91 92 93 94 95 96 97 98 99 100 101 102 103 104 105 106 107 108 109 110 111 112 113 114 115 117 118 119 121 122 123 124 125 126 127 128 129 130 131 132 133 134 135 137 138 139 140 141 142 143 144 145 146 147 148 149 150 151 152 153 155 156 157 158 159 161 163 164 165 166 168 169 170 171 172 173 174 175 176 177 178 180 181 182 183 184 185 186 187 188 189 190 191 192 193 194 195 196 197 199
5 33 6 7 8 9 11 12 13 14 15 16 17 18 19 20 21 22 23 24 25 26 27 28 29 30 31 32 33 34 35 36 37 38 39 40 41 42 43 44 45 46 47 48 49 50 51 52 53 54 55 56 57 58 59 61 62 63 65 66 67 68 69 70 71 73 74 75 76 77 78 79 80 81 82 83 85 86 87 88 89 90 91 92 93 94 95 96 97 99 100 101 102 103 104 105 106 107 108 109 110 111 115 116 117 118 119 120 121 122 123 124 125 126 127 128 129 130 131 132 134 135 136 137 138 139 142 143 144 145 146 148 149 151 153 154 155 156 157 158 159 160 161 162 163 164 165 166 167 168 169 170 171 172 174 175 176 177 178 179 180 181 182 183 184 185 187 188 189 190 191 192 193 194 195 196 197 198 199 200
6 71 7 8 9 10 11 12 13 14 15 17 18 19 20 21 22 23 24 25 26 27 28 30 31 32 33 34 35 36 37 38 39 40 42 44 45 46 48 49 50 51 52 53 55 57 58 59 60 61 63 64 65 66 67 68 69 70 71 72 73 74 75 76 77 78 80 81 82 83 85 86 87 88 89 91 92 93 94 95 96 97 98 99 100 101 102 103 104 105 106 107 108 109 110 111 112 113 114 115 116 117 118 119 120 121 122 123 124 125 126 127 128 130 131 132 133 134 135 137 138 139 140 141 142 144 146 147 148 149 150 151 152 153 154 155 156 157 158 159 160 161 163 164 165 166 167 169 170 171 173 175 177 178 179 181 182 183 185 186 187 189 190 191 193 195 196 198 199 200
7 49 8 9 10 11 12 13 15 17 18 19 20 21 22 23 24 25 26 27 29 30 31 32 33 34 35 37 38 39 40 41 42 43 45 46 47 48 49 50 51 52 53 54 55 56 59 60 61 62 63 64 65 66 67 68 69 70 71 72 73 74 75 76 77 78 79 80 81 82 84 85 86 87 88 89 90 91 93 94 95 97 98 99 100 104 105 106 107 108 109 110 111 112 113 114 115 116 117 118 120 121 122 123 124 126 128 129 130 131 132 133 134 135 136 137 138 140 141 142 144 145 146 148 149 150 151 152 154 155 156 157 158 159 160 162 163 164 165 166 167 168 169 170 171 172 174 176 177 178 179 180 181 182 183 184 185 186 187 188 189 190 191 192 193 194 195 196 197 198 199 200
8 36 9 10 11 12 13 14 15 16 17 18 19 20 21 22 23 24 25 26 27 28 29 30 31 32 33 34 37 38 39 40 41 42 43 44 45 46 47 48 49 50 51 52 53 54 55 56 57 58 59 60 62 63 64 65 66 67 68 69 70 71 72 73 75 76 77 78 79 80 81 82 83 84 85 86 87 88 89 90 92 93 94 95 97 99 100 102 103 104 105 106 107 108 110 111 112 113 114 115 116 117 118 119 121 123 124 125 126 127 128 129 130 131 132 133 134 135 136 137 138 139 140 141 142 143 144 145 146 147 149 150 151 152 153 154 155 156 157 158 159 160 161 162 163 164 165 166 167 168 169 170 171 172 173 174 175 176 177 178 179 180 181 182 183 184 185 186 187 188 189 190 191 192 193 194 195 196 197 198 200
9 95 10 11 12 13 14 16 17 18 19 20 21 23 24 25 26 27 28 29 30 31 32 33 34 35 36 37 38 39 40 42 43 46 47 48 49 50 51 52 53 54 55 56 57 58 59 60 61 62 64 65 66 67 68 70 71 72 74 75 76 77 79 80 81 82 83 84 85 86 87 88 89 90 91 92 93 94 95 96 97 98 100 101 102 103 105 106 107 108 109 110 111 114 115 116 117 118 119 120 121 122 123 124 125 126 127 128 129 130 131 132 134 135 136 137 138 139 140 141 142 143 145 147 148 149 150 151 152 153 156 157 158 160 161 162 163 164 165 166 167 168 169 170 171 172 173 174 175 176 177 178 179 180 181 182 183 184 185 186 187 188 190 191 192 193 194 195 197 198 199 200
10 68 12 14 15 16 17 18 19 20 21 22 23 24 25 26 27 28 29 30 31 32 33 34 36 38 39 40 41 42 43 44 45 46 47 48 49 50 51 52 53 54 55 56 57 58 59 60 61 62 63 64 65 66 67 68 69 70 71 72 73 74 75 76 77 78 80 81 82 83 84 85 86 87 88 89 90 91 93 95 96 97 98 99 100 101 102 103 104 105 106 107 108 109 111 112 113 114 115 117 118 119 120 121 122 124 125 126 127 128 129 130 131 132 133 134 135 136 139 141 143 144 145 146 147 148 149 150 151 152 153 154 155 156 157 158 159 160 161 162 163 164 165 166 167 168 169 170 171 172 173 174 175 176 177 178 179 180 181 182 183 184 185 186 187 188 189 190 192 193 194 195 197 198 199 200
11 92 13 14 16 18 19 21 22 23 24 25 26 27 28 29 30 31 32 33 34 35 36 37 38 39 40 41 42 43 44 45 46 47 48 49 50 51 52 53 54 55 57 58 59 60 61 62 63 64 65 66 67 68 70 71 72 73 74 75 76 78 79 80 81 82 83 84 85 87 89 90 91 92 93 94 95 96 97 98 99 100 101 103 104 105 106 107 108 109 110 111 113 114 116 117 118 119 120 121 122 123 124 125 126 127 128 130 131 132 133 134 135 136 137 138 139 140 141 142 144 146 147 148 150 151 153 154 155 156 157 158 159 161 162 163 164 167 168 169 170 171 172 173 174 175 176 177 178 179 180 181 182 183 184 185 186 187 188 189 191 192 193 194 195 196 197 198 199 200
12 27 13 14 15 16 17 18 20 21 22 23 24 25 26 27 28 30 31 32 34 35 36 39 40 41 42 43 44 45 46 47 49 50 51 52 53 54 55 56 57 58 59 60 61 62 63 64 65 66 67 68 69 71 72 73 74 75 76 77 78 79 80 81 82 83 84 85 86 87 88 90 91 92 93 94 95 96 97 98 99 100 101 102 103 105 106 107 108 110 111 112 113 114 115 116 117 119 120 121 122 123 124 125 126 127 128 129 130 131 132 133 134 135 137 138 139 140 141 142 144 145 146 147 148 149 151 152 153 154 155 156 157 158 160 161 162 163 164 165 166 167 168 169 170 171 173 174 175 176 177 178 179 180 181 182 183 184 185 187 188 189 191 192 194 195 196 197 199 200
13 98 14 15 17 18 19 20 22 23 24 25 26 27 28 29 30 31 32 33 35 36 37 38 39 40 41 42 43 44 45 46 47 49 50 51 52 53 54 55 56 57 58 59 60 62 63 64 65 66 67 68 69 70 71 72 74 75 76 77 78 79 80 81 82 83 84 85 86 87 88 89 92 93 94 95 96 98 99 100 101 102 103 104 105 106 107 111 112 113 114 115 116 117 118 119 120 121 122 123 124 125 126 127 129 130 131 132 133 134 135 137 138 139 140 141 142 143 145 146 147 148 149 150 152 153 154 155 156 157 158 159 160 161 162 163 164 165 168 169 170 171 172 173 174 175 176 177 178 179 180 181 182 183 184 185 186 187 188 189 190 191 192 193 194 195 196 197 198 199
14 30 15 16 17 18 19 21 22 23 24 25 26 27 28 29 30 31 32 33 34 35 36 37 38 39 40 41 42 43 44 45 46 47 48 49 50 51 52 53 54 55 56 57 60 61 63 64 65 66 67 68 70 71 72 73 74 75 76 77 78 79 81 82 83 84 85 86 87 88 89 90 91 92 93 94 95 96 97 98 99 100 101 102 103 104 105 106 107 109 111 112 113 114 116 117 118 120 122 123 124 125 126 127 128 129 130 131 133 134 135 136 137 139 140 141 142 143 144 145 146 147 148 149 150 151 152 153 154 155 156 157 158 159 160 161 162 163 164 165 166 167 168 169 170 171 172 173 174 175 176 177 178 179 181 183 184 186 187 188 189 190 191 192 193 194 195 196 197 198 199 200
15 96 16 18 19 20 22 24 25 26 27 28 30 31 32 33 34 35 36 37 38 39 40 41 42 43 44 45 46 47 48 49 50 51 52 53 54 55 56 57 58 59 61 63 64 65 66 67 68 69 70 71 72 73 74 75 77 78 79 80 81 82 83 84 85 86 87 88 89 90 91 92 93 95 97 98 99 100 101 102 103 104 105 106 107 108 111 112 113 114 115 116 117 118 119 120 121 122 125 126 127 128 129 130 131 132 134 135 136 138 139 140 141 142 143 144 145 147 148 149 150 151 152 153 154 156 157 158 159 161 162 163 164 165 166 167 168 170 171 172 173 174 176 178 179 180 181 182 183 184 185 186 187 189 190 191 192 193 194 195 196 198 199 200
16 96 17 18 19 20 21 24 25 27 28 29 30 31 32 33 34 35 36 37 38 39 40 41 42 43 44 45 46 47 48 49 50 51 52 53 54 55 56 57 58 59 60 61 63 64 65 66 67 69 70 72 73 74 75 76 77 78 80 81 82 83 84 85 86 87 88 89 90 91 92 93 94 95 96 97 98 99 100 101 102 103 104 105 106 107 108 109 110 111 112 113 114 115 116 117 118 119 120 121 123 124 125 126 127 128 129 130 131 132 133 134 136 137 138 139 140 141 142 143 144 146 147 148 150 151 152 154 155 156 157 158 159 160 161 162 163 165 166 167 168 169 170 172 174 175 176 177 178 179 180 181 182 183 184 185 186 187 188 189 190 191 192 193 194 195 196 197 198 199 200
17 37 18 19 20 21 23 24 25 26 27 29 30 31 32 33 34 35 36 37 38 40 42 43 44 45 46 47 49 50 51 53 54 55 56 57 58 59 60 61 62 63 64 65 66 67 69 70 71 72 74 75 76 77 78 79 80 81 82 84 85 86 87 88 89 90 91 92 96 97 98 99 100 101 102 104 105 106 107 108 109 110 111 112 113 114 115 116 117 118 119 120 121 122 123 124 125 126 127 128 129 130 131 132 133 134 135 136 137 138 139 140 141 142 143 144 145 146 147 148 149 150 151 153 154 155 156 157 158 159 160 161 162 164 165 166 167 168 169 170 171 173 174 175 176 177 178 179 180 181 182 183 184 185 186 187 188 189 190 191 192 193 194 195 196 197 198 199 200
18 57 19 20 21 22 23 24 25 26 27 28 29 31 32 33 34 35 36 37 38 39 40 42 44 45 46 48 50 51 52 53 55 56 57 59 60 61 62 63 64 65 66 67 68 70 71 72 73 74 75 76 77 78 79 80 81 82 84 85 86 87 88 89 90 92 94 95 96 97 98 99 100 101 102 104 105 106 107 108 109 110 111 112 115 116 117 118 119 120 121 122 123 126 127 128 129 130 131 133 137 138 139 140 142 144 145 146 147 149 150 151 152 153 154 155 156 157 158 159 160 161 162 163 164 165 166 167 168 169 170 171 172 173 174 175 176 177 178 179 180 181 183 184 185 186 187 188 189 190 191 192 193 194 195 197 198 199 200
19 55 20 21 22 23 24 25 26 27 28 29 30 31 32 33 34 35 36 37 38 39 40 41 42 43 44 45 46 47 48 49 50 51 52 53 54 55 56 57 58 59 60 61 62 63 64 65 67 68 69 70 71 72 75 76 77 78 79 80 82 83 84 85 87 88 89 90 91 92 93 94 96 97 98 99 100 101 102 103 104 106 107 108 109 110 111 112 113 114 115 116 117 118 119 120 121 122 123 124 125 126 127 128 129 130 132 133 134 135 136 137 138 139 140 141 142 144 145 146 147 148 149 150 151 152 153 154 155 156 157 158 159 160 161 162 163 164 166 167 168 169 170 171 172 173 174 175 176 177 178 179 180 181 182 183 184 185 186 189 190 191 193 194 195 196 197 198 200
20 96 21 22 23 24 26 27 28 29 30 31 32 33 34 35 36 37 38 39 40 41 42 43 44 45 46 47 48 49 50 51 52 53 54 55 56 57 58 59 60 61 63 64 65 66 67 68 69 70 71 73 74 75 76 77 78 79 81 82 83 84 85 86 87 88 89 90 91 92 93 94 96 98 99 101 102 103 104 105 106 107 108 109 110 112 113 114 115 116 117 118 119 120 122 123 124 125 126 127 128 129 130 131 132 134 135 136 138 139 140 141 142 143 144 145 146 147 148 149 150 151 152 153 154 155 156 158 159 160 161 162 163 164 165 167 168 169 170 171 172 173 174 175 177 178 179 180 181 182 183 185 186 187 188 189 190 191 192 193 194 195 196 197 198 199 200
21 96 22 23 24 25 26 27 28 29 30 31 34 35 36 37 39 40 41 42 43 44 45 46 47 48 50 51 52 54 55 56 57 58 59 60 62 63 64 65 66 67 68 71 72 73 74 75 76 77 78 79 81 82 83 84 85 86 87 88 89 90 91 92 93 94 95 96 97 98 100 101 102 103 104 105 107 108 110 112 114 115 116 117 118 119 122 124 125 126 127 128 129 130 131 132 133 134 135 136 137 138 139 141 142 143 144 145 146 147 148 149 150 151 152 153 155 156 157 158 159 160 161 162 163 164 165 166 167 168 169 170 171 172 173 174 175 176 178 179 180 181 182 183 184 185 186 187 188 189 190 191 192 193 194 195 196 197 198 199
22 75 24 25 26 27 28 29 30 31 32 33 34 35 38 39 40 41 42 43 44 45 46 47 48 49 51 52 53 54 55 56 57 58 59 60 61 65 67 68 69 70 71 73 74 75 76 77 78 79 80 84 85 86 87 88 89 90 91 92 93 94 95 96 97 98 99 100 101 102 103 104 105 106 107 108 109 110 111 112 113 114 115 116 117 118 119 120 121 122 123 124 125 126 127 128 129 130 131 133 134 135 137 138 139 140 141 142 143 144 145 146 148 149 150 151 152 153 154 155 156 158 159 160 161 162 163 164 166 167 168 169 170 171 172 173 174 175 176 177 178 180 181 182 183 184 185 186 187 188 189 190 191 192 193 194 196 197 198 199 200
23 84 24 25 26 27 28 29 30 31 33 34 35 36 37 38 39 40 41 42 44 46 47 48 50 52 53 54 55 56 57 58 59 60 61 62 64 66 67 69 70 71 72 73 74 75 76 77 78 80 81 82 83 84 85 86 87 88 89 90 92 93 94 95 96 97 99 101 102 103 104 105 106 108 109 110 111 112 113 114 115 116 117 118 119 120 121 122 123 124 125 126 127 128 129 130 131 133 134 135 136 137 138 139 140 141 142 143 144 145 146 147 148 149 150 151 152 153 154 155 156 157 158 159 160 161 162 163 164 165 166 167 168 169 170 171 172 173 174 175 176 177 178 179 180 181 182 183 184 186 187 188 189 190 191 192 193 194 195 196 197 199 200
24 32 25 26 27 28 29 30 31 33 35 36 37 38 39 40 41 43 44 45 46 47 48 49 50 51 52 53 54 55 56 57 59 60 61 62 63 64 65 66 67 68 69 70 71 72 73 74 75 76 77 78 80 81 83 84 85 86 87 88 89 90 91 93 94 95 96 97 98 99 100 101 102 104 105 106 107 108 109 110 111 112 113 114 115 116 117 118 119 120 121 122 123 124 125 126 128 129 130 131 132 133 134 135 136 137 138 139 140 141 142 143 144 145 147 148 149 150 151 152 153 154 155 157 158 160 161 162 163 164 167 168 169 170 173 174 175 176 177 178 179 181 182 183 184 185 186 187 188 190 191 192 193 194 195 196 197 198 199 200
25 45 26 27 28 29 30 31 32 33 35 36 37 38 39 41 42 44 45 46 47 49 51 52 53 54 55 56 57 58 59 60 61 62 63 64 65 66 67 68 69 70 71 72 73 74 75 76 77 78 79 80 81 82 84 86 87 88 89 91 92 93 94 95 96 97 99 100 101 102 103 104 105 106 107 108 110 111 113 114 115 116 118 119 120 121 122 125 127 128 129 130 131 132 133 134 135 136 137 138 139 140 141 142 143 145 146 147 149 150 151 152 153 154 155 157 158 159 160 161 162 163 165 166 167 168 169 170 171 172 173 174 175 176 178 179 182 183 185 186 187 188 190 191 192 193 194 195 196 197 198 199 200
26 84 27 28 29 30 31 33 34 35 36 37 38 39 40 41 42 43 44 45 46 47 48 49 50 51 52 53 54 55 56 57 58 60 63 64 65 66 67 68 70 71 72 73 74 75 76 77 78 79 80 81 82 83 85 86 87 88 89 90 91 92 93 94 96 97 98 99 101 102 103 104 105 106 107 108 109 110 112 113 115 116 117 118 119 120 121 122 123 124 125 126 127 128 129 130 131 132 133 134 136 137 138 139 140 141 142 143 144 145 146 147 148 149 150 151 152 153 155 157 158 159 160 161 162 163 164 166 167 169 170 171 172 173 174 175 176 177 178 179 180 181 182 183 184 186 188 189 190 191 192 193 194 195 196 197 198 199
27 20 28 29 30 31 32 33 34 35 36 37 38 39 40 41 42 43 44 46 47 48 49 50 51 52 53 54 55 56 57 58 59 60 61 62 63 64 65 66 67 69 70 71 72 73 74 75 76 77 78 79 80 81 82 83 84 85 86 87 88 89 90 91 92 93 95 96 97 98 99 100 101 104 105 106 107 108 109 110 111 112 113 114 115 116 118 119 120 122 123 124 125 126 127 128 129 130 131 133 134 135 137 138 139 140 141 142 143 144 145 146 147 148 149 150 151 152 153 154 155 156 157 159 160 161 162 163 164 165 166 168 169 170 172 173 174 176 177 178 179 180 181 182 183 184 185 186 187 188 189 190 191 192 193 194 195 196 197 198 199 200
28 35 29 30 31 32 33 34 35 36 37 38 39 40 41 42 43 44 45 46 47 48 49 50 52 53 55 56 57 58 59 60 61 62 64 65 66 67 68 69 70 71 72 73 74 75 76 77 78 79 80 81 82 83 84 85 86 87 88 89 90 92 93 94 95 96 98 99 100 101 102 103 104 105 106 107 108 109 110 111 112 113 114 115 116 117 118 119 120 121 122 123 124 125 126 127 128 129 130 131 132 133 134 136 137 138 139 140 142 143 144 145 146 147 148 149 150 151 153 154 155 156 157 158 159 160 161 162 163 164 165 166 167 168 169 170 171 172 173 174 175 178 179 180 181 182 183 184 185 186 187 188 189 190 191 193 194 195 196 197 198 199 200
29 53 30 31 32 33 35 36 37 38 39 40 41 42 43 45 46 47 48 49 50 51 52 53 56 58 59 60 61 62 63 64 65 66 68 69 70 71 72 74 75 76 77 78 80 81 82 83 84 85 86 87 88 89 90 91 92 93 94 95 96 97 99 101 102 103 104 106 107 108 109 110 112 113 114 116 117 118 120 121 123 124 125 127 129 130 131 132 134 135 136 137 138 139 140 141 142 143 144 145 146 147 148 149 150 151 153 154 155 156 157 158 160 161 162 163 164 165 166 167 168 169 170 171 172 173 175 176 177 178 179 180 181 182 183 184 185 186 187 188 189 190 191 192 193 194 195 196 198 199 200
30 41 31 32 33 34 35 36 37 38 39 40 41 42 43 44 45 46 47 48 49 50 51 53 54 55 56 57 58 59 60 61 62 63 64 65 66 67 68 69 70 72 73 74 75 76 77 78 80 82 84 85 86 87 88 89 90 91 92 93 94 95 96 97 98 99 100 101 102 103 104 105 106 107 108 109 110 111 112 113 114 115 116 117 118 119 120 121 122 123 124 125 126 127 128 129 130 131 132 133 134 135 136 137 138 139 141 142 143 144 145 146 147 148 149 151 152 153 154 155 156 157 158 159 160 161 162 163 164 165 166 167 168 169 170 171 172 173 174 175 176 177 178 179 180 181 182 183 184 185 186 187 188 189 190 191 192 193 194 195 196 197 198 199 200
31 23 32 33 35 36 37 38 39 40 41 42 43 44 45 46 47 48 49 50 51 53 54 55 56 57 58 59 62 64 65 66 68 70 71 72 73 74 75 76 78 79 80 81 82 83 84 85 86 87 88 89 90 91 92 93 94 95 96 98 100 101 102 103 104 105 106 107 108 109 110 111 112 113 114 115 116 117 118 120 121 122 123 124 125 126 127 128 129 130 131 133 134 138 139 141 142 143 144 145 146 147 148 149 150 151 152 153 154 155 156 157 158 159 160 161 162 163 164 165 166 167 168 169 170 171 173 174 175 176 177 179 180 181 182 183 184 185 186 187 188 189 190 191 192 193 194 195 197 198 199 200
32 51 33 34 35 36 37 38 39 40 41 42 43 44 45 46 47 48 50 51 52 53 54 55 56 57 58 59 60 61 62 63 64 65 66 67 69 70 71 72 73 74 75 76 77 78 79 80 81 82 83 85 86 87 88 90 91 92 94 95 96 97 98 99 100 101 102 103 104 106 107 108 109 110 111 112 113 114 115 119 120 121 122 123 124 126 127 128 129 130 131 132 133 134 135 137 138 139 140 141 142 144 146 147 148 149 150 151 152 153 154 155 156 157 159 160 162 163 164 165 166 167 168 169 170 171 173 174 175 176 177 178 179 180 181 182 183 184 187 188 189 190 191 192 193 194 195 196 197 199 200
33 93 34 35 36 37 38 39 41 42 43 44 45 47 48 50 51 52 53 54 55 56 57 58 59 60 61 62 63 65 66 67 68 69 71 72 73 74 75 76 77 78 79 80 81 83 85 86 87 88 90 91 92 93 94 95 96 97 98 99 100 102 103 104 105 106 107 108 109 110 111 112 113 114 115 116 117 118 119 120 121 122 123 124 125 126 127 128 129 130 132 133 134 135 136 137 138 139 140 141 142 143 144 145 146 147 149 151 152 153 154 155 156 157 158 160 161 162 163 164 165 166 167 168 169 171 172 173 174 175 176 177 179 180 181 182 183 184 185 187 188 189 190 191 193 194 195 196 197 198 199 200
34 70 35 36 37 38 39 40 41 42 43 44 45 46 48 49 50 52 53 54 55 56 57 58 59 60 61 62 63 64 66 67 68 69 70 71 72 73 74 77 78 79 80 82 83 84 85 86 87 88 89 90 92 93 94 95 96 97 98 100 101 102 103 104 105 106 107 108 109 110 112 113 114 115 116 117 118 119 121 122 123 124 125 127 128 130 131 132 133 134 135 136 137 138 139 140 141 142 143 144 145 146 147 148 149 150 151 152 153 154 155 156 157 158 159 160 161 162 163 164 165 166 167 168 169 170 171 173 174 175 176 178 179 180 181 182 183 184 186 187 188 189 190 191 192 193 194 195 196 197 198 199 200
35 45 36 38 39 40 41 42 43 44 46 47 48 50 51 52 53 54 55 56 57 58 60 62 63 64 65 66 67 68 69 70 72 73 74 75 76 77 78 79 80 81 82 83 84 87 88 89 90 91 92 94 95 96 97 98 99 100 101 102 103 104 105 106 107 108 110 111 112 114 115 116 117 119 120 121 122 124 125 126 127 128 129 131 132 133 134 135 136 137 138 140 141 142 143 144 145 146 147 148 149 150 151 152 153 154 156 157 158 159 160 161 162 163 164 165 166 167 168 169 170 171 172 173 174 175 176 177 178 179 180 181 182 183 184 185 186 188 189 190 192 193 194 196 197 198
36 32 37 40 41 42 43 44 45 47 48 49 50 52 53 54 55 56 57 58 59 60 62 63 64 65 66 67 68 69 70 71 72 73 76 77 78 79 80 82 84 85 86 87 88 89 90 91 92 95 96 98 100 101 102 103 105 106 107 108 109 111 112 114 115 116 117 118 119 120 121 122 123 124 125 126 127 128 129 130 131 132 133 134 135 136 137 138 139 140 141 142 143 144 145 146 147 149 150 151 152 153 154 155 156 158 159 161 162 163 164 165 166 167 168 169 170 171 172 173 174 175 176 177 181 183 184 186 187 188 190 191 192 193 194 195 196 197 198 199 200
37 24 38 39 40 41 42 43 44 45 46 47 48 49 50 51 52 53 54 55 56 57 58 59 60 61 62 63 64 65 66 67 68 69 70 71 72 73 74 76 77 78 79 80 81 82 83 85 86 88 89 90 91 92 93 94 95 96 97 98 99 101 102 103 104 106 107 108 109 110 111 112 113 114 115 116 117 118 119 120 121 122 123 124 125 126 127 128 129 130 132 133 134 135 136 137 138 139 140 141 142 143 144 145 146 147 148 149 150 151 152 153 155 156 158 159 160 161 162 163 164 165 166 167 168 169 170 173 174 175 176 177 178 179 180 181 182 183 184 185 186 187 188 189 190 191 192 193 194 195 196 197 198 199 200
38 21 39 40 41 42 43 44 45 46 47 48 49 50 51 54 57 58 59 60 61 62 63 64 65 66 67 68 69 70 71 72 73 74 75 76 77 78 79 80 81 82 83 84 85 86 87 88 90 91 92 93 94 95 96 97 98 99 100 101 102 104 105 106 107 108 109 110 111 112 113 114 115 116 117 118 119 121 122 123 124 125 126 127 128 131 132 133 134 135 136 137 138 139 140 141 142 143 144 145 146 147 149 150 151 152 154 155 156 157 158 159 160 161 162 163 164 165 166 167 168 169 170 171 172 173 174 175 176 177 178 179 180 181 182 183 184 185 186 188 190 191 192 193 194 196 198 199 200
39 95 40 41 42 43 44 45 46 47 48 49 50 51 52 53 55 56 57 59 61 62 64 65 67 68 69 70 71 73 74 75 76 77 78 79 80 81 82 83 84 85 86 87 88 89 90 91 92 93 94 95 96 97 98 99 101 102 103 104 106 107 108 111 112 113 114 115 116 117 118 119 120 122 123 125 126 127 128 129 130 131 132 133 134 135 136 137 138 139 140 141 142 143 144 145 146 147 148 149 150 151 152 153 155 157 158 160 161 162 164 165 166 167 168 169 170 171 172 173 174 175 176 178 179 180 181 182 183 184 185 186 187 188 189 191 192 193 194 195 196 197 198 199 200
40 91 41 42 43 44 45 46 47 48 49 50 52 53 54 55 56 57 58 59 60 61 62 63 66 68 69 70 71 72 73 74 75 76 77 78 79 80 81 82 83 84 85 86 88 89 90 91 92 93 94 96 97 98 99 100 101 102 103 104 105 106 107 108 109 111 112 113 114 115 116 117 118 120 121 122 124 125 126 127 128 130 131 132 133 134 136 137 138 139 140 141 142 143 144 146 147 148 149 150 151 152 153 154 156 157 158 159 160 161 162 163 164 165 166 167 168 169 170 172 173 174 175 176 177 178 181 182 183 184 185 186 187 188 189 190 191 192 193 195 196 197 198 199 200
41 35 42 43 44 45 46 47 48 49 50 51 52 53 54 55 56 57 58 59 60 61 63 64 65 67 69 70 71 72 73 74 75 76 77 78 79 80 82 83 84 85 86 87 88 90 92 93 94 95 96 98 99 100 102 103 104 105 106 107 108 109 110 112 113 115 116 117 118 120 121 122 124 125 126 127 128 129 130 131 132 133 134 135 136 137 138 139 140 141 142 143 144 145 146 147 148 149 150 151 152 153 154 155 156 157 158 159 160 161 162 163 164 165 166 167 168 169 170 171 172 173 174 175 176 177 178 179 180 181 182 183 184 185 186 187 188 189 190 191 192 193 194 195 196 197 198 199 200
42 61 43 44 45 46 47 48 49 51 52 53 54 55 57 58 59 60 61 62 63 64 65 67 68 69 70 71 72 73 75 76 77 78 79 80 81 82 83 84 85 86 87 88 89 90 91 92 93 94 96 97 98 99 100 102 103 105 106 107 108 109 110 112 113 114 115 116 117 118 119 120 121 122 123 124 125 127 128 129 130 131 132 133 134 135 136 137 138 139 140 142 143 144 145 146 148 149 153 155 156 157 158 159 160 161 162 163 164 165 166 167 168 169 170 171 172 173 174 175 177 178 180 181 182 183 184 186 187 188 190 191 192 193 194 195 196 197 198 199 200
43 31 44 45 46 48 50 51 52 53 54 55 56 57 58 59 60 61 62 63 64 65 67 68 69 70 71 72 73 74 75 76 77 78 79 80 81 82 83 84 85 86 87 88 89 90 92 93 94 95 96 97 98 101 102 103 104 105 106 107 108 109 110 112 113 115 116 117 118 119 120 121 122 123 124 125 126 127 128 129 130 131 132 133 134 135 136 137 138 140 141 142 143 144 145 146 147 149 150 151 152 153 154 155 156 157 158 159 160 161 164 165 166 167 168 169 170 171 172 173 174 175 176 177 178 179 180 182 183 184 185 186 187 188 189 190 191 192 193 194 195 196 197 198 199 200
44 28 45 47 48 49 50 51 52 54 55 56 57 59 61 62 63 64 65 66 68 69 70 71 72 74 75 76 78 79 80 81 82 83 84 85 86 87 88 89 90 91 93 94 95 96 97 99 101 102 103 104 105 106 108 109 110 111 112 113 114 115 118 119 120 121 122 123 124 125 126 127 129 131 132 133 134 135 136 137 138 139 140 141 142 143 144 145 146 147 148 149 150 151 152 153 154 155 156 157 158 159 161 162 163 164 165 166 167 168 169 170 171 172 173 174 175 176 177 178 179 180 181 182 183 184 185 186 187 188 189 190 191 192 193 194 195 196 197 199 200
45 44 46 47 48 50 51 52 53 54 55 56 58 59 60 61 63 64 65 66 67 68 69 70 71 72 73 74 75 76 77 78 79 80 81 82 83 84 85 86 87 88 89 91 92 93 95 96 97 98 99 101 102 103 104 105 106 107 108 111 112 113 114 115 116 117 118 119 120 121 122 123 125 126 127 128 129 130 131 132 133 134 135 136 137 138 139 140 141 143 144 145 147 148 149 151 152 153 154 155 156 158 159 160 161 162 163 164 165 167 168 169 170 174 175 176 177 178 179 180 181 182 183 184 185 186 187 188 189 190 191 192 193 194 195 196 197 198 199 200
46 89 47 48 50 51 52 54 55 56 57 58 59 60 61 62 63 64 65 67 68 69 70 71 72 73 74 76 77 78 79 80 82 83 84 85 86 87 88 89 90 91 92 93 94 95 96 97 98 99 100 101 103 105 106 107 108 109 110 111 112 113 114 115 116 117 118 119 120 121 122 123 124 125 126 127 128 129 130 131 132 133 134 135 136 137 138 139 140 141 143 144 145 146 147 148 149 150 151 152 153 154 155 156 157 158 159 160 162 163 164 165 166 169 170 171 172 173 174 175 176 177 178 179 180 181 182 183 184 185 187 188 189 190 191 192 193 194 195 196 197 198 199 200
47 99 48 49 50 51 52 53 54 55 56 57 58 59 60 61 62 63 64 65 66 68 69 70 71 72 73 74 76 77 78 79 80 81 82 83 84 85 87 88 89 90 91 92 93 94 95 96 97 98 99 100 101 103 104 105 106 108 109 110 111 112 113 114 115 116 117 118 119 120 121 122 123 124 125 126 127 128 129 130 131 132 133 134 135 136 137 138 139 140 141 143 144 145 146 147 148 149 150 151 152 153 154 156 157 158 159 160 161 163 164 165 166 167 168 169 170 171 172 173 174 175 176 177 179 180 181 183 184 185 186 187 188 189 190 191 192 193 194 195 196 197 198 199 200
48 40 49 53 54 55 56 57 58 59 60 61 62 63 64 65 66 67 68 69 70 71 73 74 75 78 79 80 81 83 85 86 87 88 89 90 91 92 93 94 95 96 97 98 99 100 101 102 103 104 105 106 107 108 109 110 111 112 113 114 115 116 117 118 119 120 121 122 124 125 126 127 128 129 130 131 132 133 134 135 136 137 138 139 140 141 142 143 144 145 147 148 152 153 154 155 156 157 158 159 160 161 162 163 164 165 166 167 168 169 170 171 172 173 174 175 177 178 179 180 181 182 183 184 185 187 188 189 191 192 193 194 195 196 198 199 200
49 94 50 51 52 53 54 55 56 58 59 61 62 63 64 65 66 67 68 69 70 71 72 74 75 76 77 78 79 81 83 84 85 89 90 91 92 93 94 95 96 98 100 101 102 104 105 106 107 108 109 110 111 113 114 115 116 117 119 120 121 122 123 124 125 127 128 129 131 132 133 134 136 137 138 139 140 141 142 144 145 146 147 148 149 150 151 152 153 154 156 157 158 159 160 161 162 164 165 166 167 168 169 170 171 172 173 174 175 176 177 178 179 180 181 182 183 184 185 187 189 190 191 192 193 195 196 197 198 199 200
50 60 51 52 53 54 56 57 58 59 60 61 62 63 65 66 67 68 69 70 71 72 73 74 75 76 77 78 79 80 81 82 83 84 86 87 88 89 90 91 92 94 95 96 97 98 99 101 102 103 104 105 106 107 108 109 110 111 112 113 114 115 118 119 120 121 122 123 124 125 126 127 128 129 130 131 132 133 134 135 136 137 138 139 140 141 142 143 144 146 147 148 149 150 151 152 154 155 156 157 159 160 161 162 163 164 165 166 167 168 169 170 171 172 173 175 177 178 179 180 181 182 183 184 185 186 187 188 189 192 193 194 195 196 197 198 199 200
51 58 52 53 54 55 56 57 58 59 60 62 63 64 65 66 67 68 69 70 71 73 74 75 76 77 78 79 80 81 82 83 84 85 86 87 88 89 90 91 92 93 94 95 96 97 98 99 100 101 102 103 104 105 106 107 108 110 111 112 113 114 115 116 117 118 119 120 121 122 123 124 126 127 128 129 130 131 132 133 134 135 136 137 138 140 142 144 145 146 147 148 149 150 151 152 153 154 155 156 157 158 159 160 161 162 164 165 166 167 168 169 170 171 172 173 174 175 177 178 179 180 181 182 183 185 186 188 189 190 191 192 193 194 195 196 198 199 200
52 80 53 54 55 56 57 58 59 60 61 62 63 65 66 67 68 69 70 71 72 73 74 75 76 77 78 79 80 82 83 84 85 86 87 88 90 91 92 93 94 95 96 97 98 99 100 101 102 103 104 105 106 108 110 111 112 113 114 115 116 117 119 120 121 122 123 124 125 126 127 129 130 131 132 133 134 135 136 137 138 139 140 141 143 144 145 147 148 149 150 151 152 153 154 155 156 157 158 159 160 161 162 163 164 165 166 167 168 170 171 172 173 174 175 176 177 178 179 180 181 182 183 184 185 186 187 188 189 190 191 192 193 195 196 197 198 199 200
53 97 54 55 56 57 58 59 60 61 62 63 64 65 66 67 69 70 71 72 73 74 75 76 77 78 79 80 81 82 83 84 86 87 89 90 91 92 93 94 95 96 97 98 100 101 102 103 104 105 107 108 110 111 112 113 114 115 116 117 118 121 122 123 124 125 127 128 129 130 131 132 133 134 135 137 138 139 140 141 142 143 145 146 147 148 149 151 152 153 154 155 156 157 158 159 160 161 162 164 165 167 168 169 170 171 172 173 174 175 176 177 179 183 184 185 186 187 188 189 190 191 192 193 194 195 196 199 200
54 80 55 56 57 58 60 61 63 64 65 66 68 69 70 71 72 73 74 75 76 77 78 79 80 81 82 83 84 85 86 87 88 89 90 91 92 93 94 95 96 97 98 99 100 101 102 103 104 105 106 107 108 109 110 111 112 113 114 115 116 117 118 119 120 121 123 125 126 127 128 129 130 131 132 133 134 135 136 137 138 139 141 142 143 144 145 148 149 150 151 152 153 154 155 156 157 158 159 160 161 162 164 165 167 168 169 170 171 172 173 175 176 177 178 179 180 181 182 183 184 185 186 187 188 189 190 191 192 194 195 196 197 198 199 200
55 36 56 58 59 60 61 62 63 64 65 66 67 69 71 72 73 74 75 76 77 78 79 80 81 82 83 84 85 86 89 91 92 93 94 95 96 98 99 100 101 102 103 104 105 106 107 108 109 111 112 114 115 116 117 118 119 120 121 122 124 125 126 127 128 129 130 131 132 133 134 135 136 137 138 139 140 141 142 143 144 145 146 147 148 150 151 153 154 156 157 158 159 160 161 162 163 164 166 168 169 170 171 172 173 174 175 176 177 178 179 180 181 182 183 184 185 186 187 188 189 190 191 193 194 196 198 199 200
56 80 57 59 60 61 62 63 64 65 66 67 69 70 71 72 73 74 75 76 77 78 79 80 81 82 83 85 86 87 88 89 91 92 93 94 95 96 97 98 99 100 101 102 103 105 106 107 110 111 113 114 115 116 117 118 120 122 123 124 126 127 128 129 131 132 133 134 135 136 138 139 140 141 142 143 144 145 147 149 150 151 152 153 154 156 157 158 159 160 161 162 163 164 165 166 167 168 169 170 171 172 173 174 175 177 178 179 180 181 182 183 184 185 186 187 188 189 190 191 192 193 194 195 196 197 198 199 200
57 65 58 59 60 61 63 64 65 67 68 69 70 71 72 73 74 75 76 77 78 79 80 81 82 83 84 85 87 88 89 90 91 92 93 94 95 96 97 98 99 100 101 102 103 104 105 106 107 108 109 110 111 112 113 114 115 116 118 119 120 121 122 123 124 125 126 127 128 129 131 132 133 134 135 136 138 139 140 141 142 144 145 146 147 148 149 150 151 153 154 156 157 158 159 160 161 162 163 165 166 168 171 173 174 175 176 177 178 179 180 181 182 185 186 187 188 189 190 191 192 193 194 195 196 197 198 199 200
58 71 60 61 62 63 64 65 66 67 68 69 70 71 72 73 74 75 76 77 78 79 80 82 83 84 85 86 87 88 89 90 91 92 93 94 95 96 97 98 99 100 101 102 103 104 105 106 107 108 109 110 111 112 113 114 115 116 117 118 119 120 121 122 123 124 125 126 127 130 131 133 134 135 136 137 138 139 140 141 142 143 144 145 146 148 149 151 152 153 154 155 156 158 159 161 162 163 164 165 166 167 168 169 170 172 173 174 175 176 177 178 179 180 181 182 183 184 185 187 188 189 190 191 192 193 194 195 196 197 198 199 200
59 89 60 61 62 63 64 65 66 67 68 69 70 71 73 74 75 76 77 78 79 80 81 82 83 84 85 86 87 88 89 90 91 92 94 95 96 97 100 101 102 103 104 105 106 107 108 109 110 111 112 113 114 115 116 117 118 119 120 121 122 123 124 125 126 127 128 129 130 131 132 133 134 135 136 137 140 141 142 143 144 145 146 147 148 149 150 151 152 153 155 157 158 159 160 161 162 163 165 166 167 169 170 171 172 173 174 175 176 177 178 179 180 181 183 184 185 186 187 188 189 190 191 192 193 194 195 196 197 198
60 43 62 63 64 65 66 67 68 69 71 72 73 74 76 77 78 79 81 83 84 85 87 89 90 92 93 94 95 96 97 98 99 100 101 102 104 105 106 107 108 109 110 111 112 113 114 115 116 117 118 119 120 121 122 123 124 126 127 128 129 130 131 133 134 135 136 137 138 142 143 144 146 147 148 149 150 151 152 154 155 156 157 159 160 161 162 163 164 165 166 167 168 169 170 171 172 173 174 175 176 177 178 179 180 181 182 183 184 185 186 187 188 189 190 192 194 195 197 198 199
61 90 62 63 64 65 66 67 68 69 70 71 72 73 74 75 76 77 78 79 81 82 83 84 85 86 87 88 90 91 92 93 94 95 96 97 98 99 100 101 102 103 104 105 106 107 108 110 111 112 113 114 116 117 118 120 121 123 124 125 126 127 128 129 130 131 132 134 135 136 137 139 140 141 142 143 144 145 146 147 148 149 150 152 153 154 155 156 157 160 161 163 164 165 166 167 168 169 170 171 172 173 174 175 176 177 178 180 181 183 184 185 186 188 189 190 191 192 193 194 195 197 198 199 200
62 66 63 64 65 66 67 68 69 70 71 72 73 74 75 76 77 78 79 80 81 82 84 85 86 87 88 89 91 92 93 94 95 96 97 98 99 100 101 102 103 104 105 106 107 108 109 110 111 113 114 115 116 117 119 120 121 122 124 126 127 128 129 130 131 132 134 135 136 137 139 140 141 142 143 144 145 146 148 149 150 152 153 154 156 158 159 160 161 162 163 164 165 166 167 168 169 170 171 172 173 174 175 176 177 178 179 180 181 182 183 184 186 187 188 189 190 192 193 194 195 197 198 199 200
63 57 64 66 67 68 69 70 71 72 73 74 76 77 79 80 81 82 83 84 85 86 87 88 89 91 92 93 94 95 96 97 98 99 100 101 102 103 104 105 106 107 108 111 112 113 115 116 117 118 119 120 121 122 123 124 125 126 127 128 129 130 131 132 133 134 135 136 138 139 140 141 142 143 144 145 146 148 149 150 153 154 155 156 157 159 160 161 162 163 164 165 166 167 168 169 170 172 173 174 175 176 177 178 179 180 181 182 184 185 186 187 188 189 190 191 192 195 197 198 199 200
64 31 65 66 67 69 71 72 73 74 75 76 77 78 79 80 81 82 83 84 85 87 88 89 90 91 93 94 96 97 98 99 100 101 102 103 106 107 108 109 110 111 112 113 114 115 116 117 118 119 121 122 123 125 126 127 128 129 130 133 134 135 136 137 138 140 141 142 143 144 145 146 148 149 150 151 152 153 154 155 156 157 158 159 160 161 162 163 164 165 166 167 168 170 171 174 175 176 177 178 179 180 181 182 183 184 185 186 187 188 189 190 191 192 193 194 195 196 197 198 199 200
65 62 66 67 68 69 70 72 73 74 75 76 78 79 80 81 83 85 86 87 88 89 90 91 92 93 94 95 96 98 99 100 101 102 103 105 106 107 108 109 110 111 112 113 114 115 116 117 118 119 120 121 122 123 124 125 126 127 128 129 130 131 132 133 134 135 136 137 138 139 140 141 142 144 145 146 147 148 149 150 151 152 153 154 155 156 157 158 159 160 161 162 163 164 165 166 167 168 169 170 171 172 173 175 176 177 178 179 180 181 182 184 185 186 187 188 189 190 191 192 193 194 195 196 197 198 199 200
66 37 67 69 70 71 72 73 74 75 76 78 79 80 81 82 83 85 86 87 88 89 90 91 92 93 94 95 96 97 98 99 100 101 102 103 104 105 106 107 108 109 110 111 112 113 114 115 116 117 118 119 120 121 122 123 124 125 126 127 128 129 130 131 132 133 134 135 136 137 138 139 140 142 143 144 145 146 147 148 149 151 152 153 154 155 156 157 158 159 160 161 162 163 164 165 166 167 168 170 171 172 173 174 175 176 177 178 179 180 181 182 183 184 185 186 187 188 189 190 191 192 193 194 196 197 198 199 200
67 84 68 70 71 72 73 74 75 76 77 78 80 81 82 83 84 85 87 89 90 91 92 93 94 96 97 98 99 100 101 102 103 104 106 107 108 109 110 111 112 113 115 116 117 118 119 120 121 122 123 124 125 126 127 128 129 130 131 132 133 134 135 137 139 140 141 142 143 144 145 146 147 148 149 150 151 152 153 154 155 156 157 159 160 161 162 163 166 167 168 170 171 172 173 174 175 176 177 178 179 181 182 184 185 186 187 188 189 190 191 192 193 194 195 196 198 199 200
68 33 69 70 71 73 74 76 77 78 79 80 82 83 84 85 86 87 88 89 90 91 92 93 94 95 96 97 98 99 100 101 102 103 104 105 106 107 108 109 110 111 112 113 116 117 118 119 120 121 122 124 125 126 127 128 130 131 132 133 134 135 136 138 139 140 141 142 143 144 146 147 148 149 151 152 153 154 155 156 157 158 160 161 162 163 164 165 166 167 168 169 170 171 172 173 174 175 176 177 178 180 181 184 186 187 189 190 191 192 193 194 195 198 199
69 86 70 71 72 73 74 75 76 77 78 79 81 82 83 84 85 86 87 88 89 90 91 93 94 95 96 97 98 99 100 102 104 105 106 107 108 109 110 111 112 113 114 115 116 117 118 119 120 121 122 123 124 125 126 127 128 129 130 131 132 133 134 135 136 137 138 139 140 141 142 143 144 145 146 147 148 149 150 151 152 153 154 155 156 157 158 159 160 161 162 163 165 166 167 168 169 170 171 172 174 175 176 177 179 180 182 183 184 185 186 187 189 190 191 192 193 195 196 197 198 199 200
70 74 71 72 73 74 75 76 77 78 79 80 81 82 83 84 85 86 87 88 90 91 92 93 95 96 97 98 99 100 101 102 103 104 105 107 108 109 110 111 112 113 114 115 116 117 118 119 120 122 123 124 125 126 128 129 130 131 132 133 134 135 136 137 138 139 140 141 142 143 144 145 146 147 148 149 150 151 152 153 154 155 156 157 158 159 160 161 162 163 164 166 167 168 169 170 172 173 174 175 176 177 178 179 180 181 182 183 184 185 186 187 188 189 190 191 192 193 195 196 197 198 199 200
71 97 72 74 75 77 78 79 81 82 84 86 87 88 89 90 91 92 93 94 95 96 97 98 99 101 102 103 104 106 107 108 109 110 111 112 114 115 116 117 118 119 120 121 122 123 124 125 126 127 129 130 131 132 133 134 135 136 137 138 139 140 143 144 145 146 147 148 149 150 151 152 153 154 155 157 158 159 160 161 162 163 164 165 166 167 168 169 170 171 172 173 174 175 176 177 178 179 180 181 182 183 184 185 187 189 190 192 193 194 196 197 198 199 200
72 48 73 74 75 76 77 78 79 80 82 83 84 87 88 89 90 91 92 93 94 96 97 98 99 100 101 102 103 104 105 106 107 108 109 110 111 112 113 114 115 116 117 118 119 120 121 122 123 124 125 126 127 128 129 130 131 132 133 134 135 136 137 138 139 140 141 142 143 144 145 146 147 148 149 150 151 152 153 154 155 157 158 159 160 161 162 163 164 165 166 167 168 169 170 171 172 174 175 176 177 178 179 180 181 182 183 185 186 187 188 190 191 192 193 194 196 197 198 199 200
73 68 74 75 76 77 78 79 80 81 82 83 84 86 87 88 89 90 91 92 93 95 96 98 101 102 103 104 105 106 107 108 109 110 111 112 113 114 115 116 117 118 119 120 121 122 123 124 125 126 127 128 129 130 131 132 133 134 135 136 137 138 139 140 141 142 143 144 145 146 147 148 149 150 151 152 153 154 155 156 159 161 162 166 167 168 169 170 171 172 174 175 176 177 178 179 180 181 182 183 184 185 186 187 189 190 191 192 193 194 195 196 197 198 199 200
74 64 75 77 78 80 81 82 83 84 85 86 87 88 89 90 91 92 93 95 96 97 98 99 100 101 102 103 104 105 106 108 109 110 111 112 113 114 115 116 117 118 119 120 121 122 123 124 125 127 128 129 130 131 132 133 135 136 137 138 139 140 142 143 144 145 146 147 148 149 150 151 152 153 154 155 156 158 160 162 163 164 165 166 168 169 170 171 172 173 174 175 176 177 178 179 180 181 183 184 185 186 187 188 190 191 192 193 194 195 196 198 199 200
75 45 76 77 78 79 80 81 82 83 84 87 88 89 90 91 92 93 95 96 97 98 99 100 101 102 103 104 105 106 107 108 109 110 111 112 113 114 115 116 117 118 119 121 122 123 124 125 126 127 128 129 130 131 132 133 134 135 136 137 138 139 140 141 142 143 144 145 146 147 148 149 150 151 152 153 154 155 156 157 158 160 162 163 164 165 166 167 168 169 170 172 173 174 175 176 177 178 179 180 181 182 183 184 185 186 187 188 189 190 191 192 193 194 195 196 197 198 199
76 56 77 78 79 80 81 82 83 84 85 86 87 88 89 91 92 93 94 95 96 97 98 99 100 101 102 103 104 105 106 108 109 110 111 112 113 114 116 117 118 119 120 121 122 123 124 125 126 127 128 129 130 131 133 134 135 136 137 138 139 140 141 142 143 145 147 148 149 150 151 152 153 154 155 158 159 160 161 162 163 164 165 166 167 168 169 170 171 172 173 174 175 176 177 178 179 180 181 182 183 184 185 186 187 188 190 192 193 194 196 197 198 199 200
77 54 78 79 80 81 83 84 85 86 87 88 89 90 91 92 93 94 95 96 98 99 100 101 106 107 109 110 111 113 114 115 116 118 119 121 122 123 124 125 126 127 128 129 130 131 132 133 134 136 137 138 139 140 142 143 144 145 146 147 148 149 150 151 152 153 154 156 157 159 160 161 162 163 164 165 167 168 170 171 172 173 174 175 177 178 179 180 182 183 184 185 186 187 188 189 190 191 192 194 195 196 197 198 199 200
78 92 79 80 81 82 83 84 85 86 87 88 90 91 92 93 94 95 96 97 98 99 100 101 102 104 105 106 107 108 109 111 112 113 114 115 116 117 118 119 120 122 123 124 125 126 127 128 129 130 131 132 133 134 135 136 138 139 140 141 142 143 145 146 147 148 149 150 151 152 153 154 155 156 157 159 160 161 162 163 165 166 167 168 169 170 172 173 174 175 176 177 178 179 180 181 182 183 184 185 186 187 188 189 190 191 192 194 196 197 198 199 200
79 91 80 81 82 83 84 86 87 88 89 90 91 92 93 94 95 96 97 98 99 100 101 102 103 104 105 106 107 108 110 111 113 114 115 116 117 118 119 120 122 123 125 126 127 129 130 131 132 133 134 135 136 137 138 140 141 142 143 144 145 146 149 150 151 152 153 154 155 156 157 158 159 160 161 162 163 164 165 166 167 168 169 170 171 172 173 174 175 176 177 178 179 180 181 182 183 184 185 187 188 189 190 191 192 193 194 195 196 199 200
80 59 82 83 84 85 86 87 88 89 90 91 93 94 95 96 97 98 99 100 101 102 104 105 106 108 109 110 111 113 114 116 117 118 119 120 121 122 123 124 125 127 128 129 130 131 132 133 134 137 138 139 140 141 142 143 144 145 146 147 148 149 150 151 152 153 154 155 156 157 159 160 161 162 163 164 165 167 168 169 170 171 172 173 174 175 176 177 178 179 180 181 182 183 184 185 187 188 189 190 192 193 194 195 196 197 198 199 200
81 56 82 83 84 85 86 87 88 89 90 91 92 93 94 95 96 97 98 99 100 101 102 103 104 105 106 107 108 109 110 111 112 113 114 115 118 119 120 121 122 123 124 125 126 128 129 130 131 132 133 134 135 136 137 138 139 140 141 142 143 144 145 146 147 148 149 151 152 153 154 155 156 157 158 159 160 161 162 163 164 165 166 167 168 169 170 171 172 173 174 175 176 177 178 179 180 182 183 184 185 188 189 190 191 192 193 194 195 197 198 200
82 56 83 84 86 87 88 89 91 92 94 95 96 97 99 100 101 102 103 104 105 106 107 108 109 110 111 112 113 114 115 116 117 118 119 120 121 122 123 124 125 126 127 129 130 131 132 133 134 135 136 137 138 139 140 141 142 143 144 145 146 147 148 149 150 151 152 153 154 155 157 158 159 160 161 162 163 164 165 166 167 168 169 170 171 173 174 175 176 177 178 179 181 182 183 184 185 186 187 188 189 190 191 192 193 194 195 196 197 198 199 200
83 67 84 85 86 87 90 91 92 93 94 95 96 97 98 99 100 102 103 104 106 107 108 109 110 111 112 113 114 116 117 118 119 120 121 122 123 125 127 128 129 130 131 132 133 135 136 137 138 139 140 141 142 143 144 145 146 147 148 149 150 151 152 153 154 155 157 158 159 160 162 163 164 165 166 167 168 169 170 171 172 173 174 175 176 177 178 179 180 181 182 184 185 186 187 188 190 191 192 193 194 195 196 197 198 199
84 79 85 86 87 88 89 90 92 93 94 95 96 97 98 99 100 102 103 104 105 107 109 111 112 114 115 116 119 120 121 122 123 124 126 127 128 129 130 135 136 138 139 140 141 142 143 144 145 146 147 148 149 150 152 153 154 156 157 158 159 160 161 162 163 164 165 166 167 168 169 170 172 173 174 175 176 177 178 180 181 182 183 185 186 188 189 191 192 193 194 195 196 197 199 200
85 41 86 87 88 89 90 91 92 93 94 96 97 98 99 101 102 103 104 105 106 107 108 109 110 112 114 115 116 117 119 120 121 122 123 124 125 126 127 128 129 131 132 133 134 136 137 138 139 140 141 142 143 144 145 147 148 149 150 151 153 154 155 156 158 159 160 161 162 163 164 165 166 167 168 169 170 171 172 173 174 175 176 177 178 179 181 183 184 185 186 187 188 189 190 191 192 193 194 195 196 198 199
86 55 87 89 90 91 92 93 94 95 96 97 98 100 101 102 103 104 105 107 108 110 111 112 113 114 115 116 117 118 119 120 121 122 123 124 125 126 127 128 129 130 131 133 134 135 137 138 139 140 141 142 143 144 146 147 148 149 150 151 152 153 154 155 156 157 158 159 160 161 162 164 165 166 167 169 170 171 173 174 175 176 177 178 179 180 181 182 184 185 187 188 189 190 191 192 194 195 196 197 198 199 200
87 26 88 89 90 91 92 93 94 95 96 97 98 99 100 101 102 103 104 105 106 107 109 110 111 112 113 114 115 116 118 119 120 121 122 123 124 125 126 128 129 130 131 132 133 134 135 136 137 138 140 141 142 143 144 145 146 147 148 149 151 153 154 155 156 157 158 159 160 161 162 164 166 168 170 171 172 173 174 175 176 177 178 179 180 181 182 183 184 185 186 187 188 190 191 192 193 194 195 196 197 198 199 200
88 77 89 90 91 92 93 94 96 97 98 99 100 102 104 105 107 108 110 111 112 113 114 115 116 117 118 119 120 121 122 123 124 125 127 129 130 131 132 133 134 135 136 137 138 139 140 141 142 143 144 145 148 149 150 151 152 153 154 155 156 157 158 159 160 161 162 163 164 165 166 167 168 170 171 172 173 174 176 177 178 179 181 183 185 186 187 189 190 191 192 194 195 196 197 198 199 200
89 42 90 91 92 93 95 96 97 98 99 100 101 102 103 104 105 106 107 108 109 110 111 112 113 114 115 116 117 118 119 120 121 122 123 124 125 126 127 128 129 132 133 134 135 136 138 139 140 142 143 144 145 146 147 148 149 150 151 152 153 154 155 157 158 159 160 161 162 163 165 166 167 168 170 171 172 173 174 175 176 177 178 179 180 181 182 183 184 185 188 189 190 191 192 193 194 196 197 200
90 40 91 92 93 94 95 96 97 98 99 101 102 103 104 105 106 107 109 110 111 112 113 114 115 116 117 118 119 120 121 122 123 124 125 127 128 129 130 132 133 134 135 136 137 138 139 140 141 142 143 144 145 146 147 148 149 150 151 152 153 154 155 156 157 158 159 161 162 163 165 166 167 168 170 172 173 174 175 176 177 178 179 180 181 182 183 184 185 187 188 189 190 192 193 194 195 196 197 198 199 200
91 85 93 94 95 96 97 98 99 100 101 102 103 104 105 106 107 108 109 110 111 113 114 115 116 117 118 119 120 121 122 124 125 126 127 128 129 130 131 132 133 134 135 136 137 138 139 140 141 142 143 145 146 147 148 149 150 151 152 153 154 155 156 157 158 159 160 161 162 164 165 166 168 169 170 171 173 174 175 176 177 178 179 180 181 182 183 184 185 186 189 191 192 193 194 195 197 198 199 200
92 83 93 94 95 96 97 98 99 102 104 105 106 107 108 109 110 111 112 113 114 115 116 117 118 119 120 122 123 124 125 126 127 128 130 131 133 134 135 136 137 138 139 140 141 142 143 145 147 148 149 150 151 152 153 155 157 158 159 160 161 162 163 164 165 167 168 170 171 172 173 174 175 177 178 179 180 181 182 183 184 185 186 187 189 190 191 192 193 194 195 196 197 199 200
93 20 95 96 97 98 99 100 101 102 103 104 105 106 107 108 109 110 111 112 113 114 115 116 117 118 119 120 121 122 123 124 125 126 127 128 129 130 131 132 134 135 136 137 138 140 141 142 143 144 145 146 147 148 149 150 151 153 154 156 157 158 159 160 161 162 163 164 165 167 168 169 170 171 172 173 174 175 176 178 180 181 182 183 184 185 186 187 188 189 192 193 194 196 197 198 199 200
94 33 95 96 97 98 99 101 102 104 105 107 108 109 110 111 112 113 114 115 116 117 118 119 120 121 122 123 124 125 126 127 128 129 130 131 132 133 134 135 137 138 139 141 142 143 144 146 147 149 150 151 152 153 154 155 156 157 158 159 160 161 162 163 164 165 166 167 168 170 171 172 173 174 175 177 179 181 182 183 185 186 187 188 189 190 191 192 193 194 195 196 197 198 200
95 20 96 98 99 100 101 102 104 105 106 107 109 110 111 112 113 114 115 116 117 118 119 120 121 124 125 127 128 129 130 131 132 133 134 135 136 137 138 139 140 141 142 143 144 145 146 147 148 149 150 151 152 153 154 155 157 158 159 161 162 163 164 165 166 167 168 170 171 172 173 174 175 176 177 178 180 181 182 183 184 185 186 187 188 189 190 191 192 194 195 196 197 198 199 200
96 73 97 98 99 100 101 102 103 105 106 107 108 109 110 111 113 114 115 116 117 118 119 120 121 122 123 124 125 126 127 128 129 130 131 132 133 134 135 136 137 138 140 141 142 143 144 145 147 148 149 150 151 152 153 154 155 156 157 158 159 160 161 162 163 164 165 166 167 170 172 173 174 175 176 177 179 180 181 182 183 185 186 187 188 189 190 191 192 193 194 195 196 197 198 199 200
97 65 98 100 101 102 103 104 105 106 108 109 110 111 112 113 114 115 116 118 119 120 121 122 123 124 125 126 127 128 130 131 132 133 134 135 136 137 138 139 140 141 142 143 144 145 146 147 148 149 150 151 152 153 154 155 156 157 160 161 162 163 165 166 167 168 169 170 172 174 175 176 177 178 179 180 181 182 184 185 186 187 188 190 191 192 193 194 195 196 197 198 199 200
98 63 99 100 101 102 103 104 105 106 107 108 109 110 111 112 113 114 115 116 117 118 120 122 123 124 126 127 128 129 130 131 132 133 134 135 137 138 139 140 141 142 143 144 145 146 147 148 149 150 152 153 154 155 156 157 158 159 160 161 162 163 164 165 166 167 168 170 171 172 173 174 175 176 177 178 179 180 181 182 183 184 185 186 187 188 189 190 191 193 194 195 196 197 199
99 28 101 102 103 104 105 106 107 108 109 110 111 113 114 115 116 117 118 119 120 121 122 124 125 126 127 128 129 130 131 132 133 134 135 137 138 139 140 141 142 143 144 145 146 147 148 149 150 151 152 153 154 155 157 158 159 160 161 162 163 164 165 166 167 168 169 170 171 172 173 174 175 176 177 178 179 180 181 182 183 185 186 187 188 190 191 192 194 195 197 198 199 200
100 80 101 103 105 106 107 108 109 110 111 113 116 117 118 121 122 123 124 125 126 127 128 129 130 131 132 133 134 135 137 138 139 140 141 142 144 146 147 148 149 151 152 153 155 156 157 158 159 160 161 162 164 165 166 167 168 169 171 172 173 174 176 177 178 180 181 183 184 185 187 188 191 192 193 194 195 196 197 198 200
101 90 102 103 104 105 107 108 109 110 111 112 113 114 115 117 118 119 120 121 122 124 125 126 127 128 129 130 131 132 133 134 135 136 137 139 140 141 142 143 144 145 146 147 148 149 151 152 153 154 155 156 157 159 160 161 162 163 164 165 166 167 168 169 170 171 172 173 174 175 176 177 178 179 180 182 183 184 185 186 188 190 191 192 193 195 196 197 198 199 200
102 70 103 104 105 106 108 109 110 111 112 113 114 115 116 117 118 119 120 121 122 123 124 125 126 127 128 129 130 132 133 134 135 136 137 138 139 140 141 142 143 144 145 146 147 148 149 150 151 152 153 154 155 156 157 158 159 160 161 162 163 165 166 167 168 169 171 172 173 174 175 176 177 178 180 181 182 183 184 185 186 188 189 190 191 192 193 195 196 197 198 199
103 69 104 105 106 107 108 109 110 111 112 113 114 115 116 117 118 119 120 121 122 124 125 126 128 129 130 131 132 133 134 135 137 138 140 141 142 143 144 145 146 147 148 149 150 151 152 153 155 156 157 158 159 160 161 162 163 164 165 166 167 168 169 171 173 175 176 177 178 179 180 181 182 183 184 185 186 187 188 189 190 191 193 194 195 196 197 199 200
104 51 105 106 107 108 109 110 111 112 113 114 115 116 117 118 119 121 122 123 125 126 127 128 129 130 131 132 133 134 135 136 137 138 139 140 142 143 144 145 147 148 149 150 151 152 153 155 157 158 159 160 161 162 164 165 166 167 168 169 170 171 172 173 174 175 176 177 178 179 180 181 182 183 184 185 186 187 189 190 191 192 193 194 195 196 198 199 200
105 100 106 107 108 109 111 112 113 114 116 117 118 119 120 121 122 123 124 125 126 127 128 129 130 131 132 133 134 135 136 137 138 139 140 141 142 143 144 145 146 148 149 150 151 152 153 156 157 158 159 160 163 164 165 166 167 168 169 170 171 172 173 174 175 176 177 178 179 180 181 182 183 184 185 186 187 188 189 190 191 192 193 194 195 196 197 198 199 200
106 55 107 108 109 110 111 112 113 114 115 116 117 118 120 121 122 123 124 125 126 127 128 129 130 131 133 134 135 136 137 138 139 140 141 142 143 144 145 147 148 150 151 152 155 156 158 159 160 162 163 164 165 166 167 168 169 170 171 172 173 174 175 176 177 178 179 180 181 182 183 184 185 186 187 188 190 191 192 193 194 195 196 197 198 199 200
107 62 108 109 110 111 112 113 114 115 116 117 118 119 120 121 122 123 124 125 126 127 128 129 130 131 132 133 134 135 136 137 138 139 140 141 142 143 146 147 148 149 150 151 152 154 155 156 157 158 159 160 161 162 163 164 165 167 168 169 170 171 172 173 174 175 176 177 178 179 180 181 182 183 184 185 186 187 188 189 192 193 194 195 197 198 199 200
108 100 109 110 111 112 113 114 115 116 117 118 119 120 121 122 123 124 125 126 127 128 129 130 131 133 134 135 136 137 138 139 140 141 142 143 144 145 146 148 149 150 151 152 153 154 155 156 157 158 159 160 161 162 165 166 167 168 169 170 171 172 173 174 175 177 178 180 181 182 183 184 185 186 187 188 189 190 191 193 194 195 196 197 198 199 200
109 97 110 111 113 114 115 116 117 119 120 121 122 123 124 125 126 127 128 130 132 133 134 135 136 137 139 140 141 143 144 145 146 147 148 149 150 151 153 154 155 156 157 158 160 161 162 163 164 165 166 167 168 169 170 171 173 174 175 176 177 178 179 180 182 183 184 185 186 187 188 189 191 194 195 196 197 198 200
110 78 111 112 113 114 115 116 117 118 119 120 121 122 123 124 125 126 127 128 129 130 131 132 134 135 136 137 138 140 144 145 146 147 148 150 151 152 153 154 155 156 157 158 159 160 161 162 163 164 165 166 167 168 170 171 172 174 175 176 177 178 180 181 182 183 184 187 188 189 191 192 193 194 195 196 197 198 199 200
111 64 112 113 114 115 116 117 118 119 120 121 122 123 124 125 126 127 128 129 130 131 132 133 134 135 136 137 138 139 140 141 142 143 144 145 146 147 148 149 150 151 152 153 155 157 158 159 160 161 162 163 165 166 167 168 169 170 172 174 175 176 177 178 179 180 181 182 183 184 186 187 188 190 191 192 193 194 195 196 197 198 199 200
112 31 113 115 116 117 118 119 120 121 122 123 124 125 126 127 128 129 130 131 132 133 134 135 136 137 138 139 140 141 142 143 144 145 146 147 148 149 150 151 152 153 154 155 156 157 158 159 160 161 162 163 164 165 166 167 168 169 170 171 172 173 174 175 176 177 178 179 180 181 182 183 184 185 186 187 188 189 190 191 192 193 194 195 196 197 198 199 200
113 56 114 115 116 117 118 119 120 121 122 124 125 126 127 128 129 130 131 132 133 134 135 136 137 138 139 140 141 142 144 145 146 147 148 149 150 151 152 153 154 155 156 157 158 159 160 161 162 163 164 165 166 167 168 169 170 171 172 173 174 175 177 178 179 181 182 183 184 185 186 187 188 189 190 191 192 193 194 196 197 198 199 200
114 67 115 116 117 118 119 120 121 122 123 124 125 126 127 128 129 130 131 132 133 134 135 136 137 138 139 140 141 142 143 144 145 146 147 148 149 151 152 153 154 155 157 158 159 160 161 162 163 164 165 166 167 168 169 170 171 172 173 174 175 176 177 178 179 180 181 183 184 185 186 188 189 190 191 192 193 194 195 196 197 198 199
115 42 116 117 118 119 120 121 122 123 124 125 127 128 129 130 131 133 134 135 136 137 138 139 140 141 143 144 145 146 147 148 149 150 151 152 153 155 156 157 158 159 160 161 162 163 164 165 167 168 169 170 171 172 173 175 176 177 178 179 180 181 182 183 184 185 186 187 188 189 190 191 192 193 195 196 197 198 199 200
116 70 117 118 119 120 122 123 124 125 126 127 128 129 130 131 133 134 135 136 137 139 140 141 143 144 145 146 147 148 149 150 151 152 153 154 155 156 158 160 162 163 164 165 166 167 169 170 171 172 173 174 175 176 177 178 179 180 181 182 183 184 185 186 187 188 189 190 191 192 194 195 196 197 198 199 200
117 93 118 119 120 121 122 123 124 125 126 127 128 129 130 131 132 133 134 135 136 137 139 140 141 143 144 145 146 147 148 149 150 151 152 153 154 155 156 157 158 159 160 161 162 163 164 165 166 167 168 169 170 171 172 173 175 176 177 178 179 180 181 182 183 184 185 186 187 188 189 190 191 194 196 197 198 199
118 91 119 120 121 122 123 124 126 127 129 130 131 132 133 134 135 136 137 138 140 141 142 143 144 145 147 148 149 150 151 153 154 155 156 157 158 159 160 161 162 163 164 165 166 167 168 169 170 171 172 173 174 175 176 177 178 179 180 181 182 183 184 185 186 188 189 190 191 192 193 194 195 196 197 198 199 200
119 48 120 121 122 123 124 125 126 128 129 130 131 132 133 134 136 137 138 139 140 141 142 144 145 147 148 149 150 151 152 153 155 156 157 158 160 161 162 163 164 168 169 170 171 172 173 175 177 178 179 180 181 182 183 184 185 186 188 189 190 192 193 194 195 196 197 198 199 200
120 66 121 122 123 124 125 126 127 128 129 130 131 134 135 136 137 138 139 140 141 142 144 145 146 147 149 150 151 153 154 155 156 157 158 159 160 161 162 163 164 166 167 168 169 171 172 173 174 175 176 177 178 179 180 181 182 183 184 185 186 187 188 189 191 192 193 194 195 196 197 198 199 200
121 35 122 123 125 127 128 129 130 132 133 134 135 137 138 139 140 141 142 143 144 145 146 147 148 149 150 151 152 153 154 155 156 157 158 159 160 161 162 163 164 165 166 168 169 171 172 173 174 175 176 177 179 180 181 184 185 186 187 188 189 190 191 192 193 195 196 198 199 200
122 75 123 124 125 126 127 128 129 130 132 133 135 136 137 138 139 140 141 143 144 145 146 147 148 149 151 152 154 155 156 157 158 160 162 163 164 165 166 167 168 169 170 171 172 173 174 175 176 178 179 180 181 182 183 184 185 186 187 188 189 190 191 192 193 194 195 196 197 198 199 200
123 20 125 126 127 128 129 130 131 132 133 134 135 136 137 138 140 141 142 143 144 145 146 147 148 149 150 151 152 153 154 155 157 158 159 160 161 162 163 164 166 168 169 170 171 172 173 174 175 176 177 178 179 180 181 182 183 184 186 187 188 189 190 191 192 193 194 195 196 199 200
124 61 125 126 128 129 131 132 133 134 135 136 137 138 139 140 141 142 144 146 147 148 149 150 151 152 153 154 156 157 158 159 160 161 162 163 164 165 167 168 169 170 171 172 173 174 175 176 177 178 179 181 182 184 186 188 189 190 191 192 193 194 195 196 197 198 199 200
125 67 126 127 128 129 130 131 132 133 134 135 136 137 138 139 140 141 142 143 144 145 146 147 148 149 150 151 152 153 154 156 157 158 159 160 161 162 163 164 165 166 167 169 170 172 174 175 176 177 179 180 181 182 183 184 186 187 188 189 190 191 192 193 194 195 196 197 198 200
126 24 127 128 129 130 131 132 133 134 135 136 137 138 139 140 141 144 145 146 147 148 149 150 151 152 154 155 156 157 158 160 161 162 163 164 165 166 168 169 170 171 174 175 176 179 182 183 184 185 186 187 188 189 190 191 192 194 195 196 197 198 199
127 87 128 129 130 131 132 133 134 135 136 137 138 139 140 141 142 143 144 145 146 147 148 149 150 151 152 153 154 156 157 158 159 160 161 162 163 164 165 166 167 168 169 170 172 173 174 175 177 178 179 180 181 182 183 184 185 186 187 188 189 190 191 192 193 194 196 197 198 199 200
128 72 129 130 131 132 133 134 135 136 137 138 139 140 141 142 143 144 145 146 148 149 150 151 152 154 155 156 157 158 160 162 163 164 165 166 167 168 169 170 171 172 173 174 175 176 177 178 179 180 181 182 183 184 185 186 188 190 191 192 194 195 196 197 198 199
129 26 131 132 134 135 137 138 139 140 141 142 143 144 145 146 147 148 149 150 151 152 153 154 155 157 158 159 160 161 163 164 165 166 167 168 169 170 171 173 174 175 176 177 178 179 180 181 182 183 184 186 187 188 189 190 191 192 193 194 195 196 197 198 199 200
130 73 131 132 133 134 135 136 137 138 139 140 141 142 143 144 145 146 147 148 149 150 151 152 153 154 155 156 158 159 160 161 162 163 164 165 167 168 169 170 171 172 173 174 175 176 177 179 180 181 182 183 184 185 186 187 188 189 190 191 192 193 194 195 196 197 198 199 200
131 40 132 133 134 135 136 137 138 139 140 141 142 143 144 145 146 147 148 150 151 152 153 154 155 156 157 159 160 162 163 164 165 167 168 169 170 171 172 174 175 176 177 178 179 181 182 183 184 186 187 188 189 190 191 193 194 195 197 198 199 200
132 24 133 134 135 136 137 138 139 140 142 143 144 146 147 148 149 150 151 152 153 154 155 156 157 158 159 160 161 162 163 164 165 166 167 168 169 171 172 173 174 175 176 177 179 180 182 183 184 185 186 187 188 189 190 191 192 193 194 195 196 197 198 199
133 92 134 135 136 137 139 140 144 145 146 147 148 149 150 151 152 153 154 155 157 158 159 160 161 162 163 164 165 166 167 168 169 170 171 172 173 174 175 176 177 178 179 181 182 183 184 185 186 188 189 192 193 194 195 196 197 200
134 26 135 136 137 138 139 140 141 142 144 145 147 148 150 151 152 153 154 155 156 157 158 159 161 162 163 164 165 166 169 170 171 172 173 174 175 176 177 178 180 181 182 183 184 185 186 187 189 191 192 193 194 195 196 197 198 199 200
135 64 136 137 138 139 140 141 142 143 144 145 146 147 149 150 151 152 153 154 155 156 157 158 159 160 161 162 163 164 165 166 167 168 169 170 171 172 173 174 175 176 177 178 179 180 181 182 183 184 185 186 188 189 190 192 193 194 196 197 198 200
136 37 137 138 139 140 141 143 144 145 146 147 148 149 150 151 152 153 154 155 157 158 160 161 163 164 165 166 167 169 170 171 172 173 174 175 176 178 179 180 181 182 183 184 185 186 188 189 190 192 193 194 195 196 197 198 199 200
137 20 138 139 140 141 142 143 144 145 146 147 148 149 150 153 155 156 157 158 159 160 161 162 164 165 166 167 168 169 170 171 172 173 174 175 177 178 179 180 181 182 183 184 185 186 187 189 190 191 192 193 194 195 197 198 199
138 62 139 140 141 142 143 145 146 147 148 149 151 153 154 155 157 158 160 161 162 163 165 166 167 168 170 171 172 173 174 175 176 177 178 179 180 181 182 184 186 189 190 191 192 193 194 195 196 197 198 199 200
139 95 140 141 142 143 144 145 146 147 148 149 150 151 152 153 154 155 156 158 159 160 161 162 163 164 165 166 167 168 169 170 171 173 174 175 177 178 179 180 181 182 183 184 185 186 187 188 189 190 191 192 193 194 195 196 197 198 199 200
140 63 141 142 143 145 146 147 148 149 150 151 152 153 154 155 156 157 158 159 160 161 162 163 164 165 166 167 168 169 170 171 172 173 174 176 177 178 179 180 181 182 183 184 185 186 187 188 189 190 192 194 195 196 197 198 199 200
141 82 142 143 144 146 148 149 150 151 152 153 154 155 156 158 159 160 161 162 163 164 165 166 167 168 169 170 171 172 173 174 175 176 177 178 179 180 182 183 184 185 186 188 189 190 191 192 193 194 195 198 200
142 93 143 144 145 147 148 149 150 151 152 153 154 155 156 157 159 160 161 162 163 164 165 166 167 168 169 170 171 172 173 174 178 179 180 181 182 183 184 186 187 188 190 191 192 194 195 197 198 199
143 53 144 145 146 147 148 150 151 152 153 154 155 156 157 158 159 160 161 162 163 164 165 166 168 169 170 171 173 174 175 176 178 179 180 181 182 183 184 185 186 187 189 190 191 192 193 194 196 197 198 199 200
144 34 145 146 148 149 150 151 152 153 155 156 158 159 160 161 163 164 165 166 167 168 169 170 171 172 174 175 177 178 179 180 181 182 183 184 185 186 187 188 189 191 193 194 195 197 198 199 200
145 51 146 147 148 149 150 151 152 153 154 155 156 157 158 159 160 161 162 163 164 165 167 168 169 170 172 173 174 177 178 179 180 181 182 183 184 185 186 187 188 189 191 192 193 194 195 196 197 198 200
146 85 147 148 150 151 152 153 154 155 156 157 158 159 161 162 163 164 165 166 167 168 169 170 171 172 173 174 175 176 177 178 179 180 181 182 183 184 185 186 187 188 189 190 191 192 193 194 195 197 198 199 200
147 26 148 149 150 152 153 154 155 156 157 158 159 160 161 162 163 164 165 166 167 168 170 171 173 174 175 176 177 179 180 181 182 183 184 185 187 188 189 190 191 192 193 194 195 196 197 198 199 200
148 25 150 151 152 153 154 156 157 158 159 160 162 163 164 166 168 169 171 172 174 176 177 178 179 180 181 182 183 184 185 186 187 188 189 190 191 193 194 196 197 199 200
149 38 150 151 152 153 155 156 158 159 160 161 162 163 164 165 166 167 168 169 170 171 172 173 174 175 177 178 179 182 183 184 186 187 188 189 191 192 193 194 196 197 198 199 200
150 49 151 152 153 154 155 156 157 158 160 161 162 163 164 165 166 167 168 169 171 172 173 175 176 177 178 179 180 181 182 183 184 185 186 187 188 189 190 191 192 193 194 195 196 197 198 199 200
151 56 152 153 156 157 158 159 160 161 162 163 164 165 166 167 168 171 172 173 174 175 176 177 178 179 181 182 183 184 185 186 188 189 190 191 192 193 194 195 196 197 198 199
152 37 153 154 155 156 157 158 159 160 161 162 163 164 165 166 167 168 169 172 173 174 175 177 178 179 180 181 182 183 184 185 186 187 188 189 190 191 192 193 194 195 196 197 198 199 200
153 88 154 155 156 157 158 159 160 161 162 163 165 166 167 168 169 170 171 172 173 174 175 176 177 178 179 180 181 182 183 184 185 188 189 190 191 192 193 194 195 198 199 200
154 70 155 156 157 158 159 160 161 162 163 164 165 166 167 168 169 170 171 172 173 174 176 177 178 179 181 182 184 185 186 187 188 190 191 192 193 194 195 196 197 198 199
155 69 156 157 158 159 160 161 162 163 164 165 166 167 168 171 172 173 174 175 176 177 178 179 180 182 183 184 185 186 187 188 189 190 191 192 193 194 195 196 197 198 199 200
156 37 157 158 159 160 161 162 163 165 166 167 169 170 171 172 173 174 175 176 177 178 180 181 182 183 184 185 186 187 188 190 191 192 193 194 195 196 197 199 200
157 69 158 159 160 162 163 164 165 166 167 168 169 170 171 173 175 176 177 178 179 180 181 182 183 185 187 189 190 191 192 193 194 195 196 198 199
158 54 159 160 162 163 164 165 166 167 168 169 170 171 172 173 174 175 177 179 180 181 182 183 184 185 186 187 188 189 190 191 192 193 194 195 196 197 198 199
159 74 160 161 162 164 166 167 169 170 172 173 174 175 176 177 178 179 180 181 182 183 184 185 187 188 189 190 191 192 193 194 196 197 199 200
160 39 161 162 163 164 165 166 167 169 170 172 173 174 175 176 177 178 179 180 181 182 183 184 185 186 187 189 190 191 193 194 195 196 197 198 199
161 95 162 163 164 165 166 167 168 169 170 171 173 174 175 176 177 178 179 180 181 182 183 184 185 186 187 188 189 190 191 192 193 194 195 196 197 199 200
162 45 163 164 165 166 167 168 169 170 171 172 173 174 175 176 177 178 180 181 182 183 184 185 186 187 188 189 190 192 193 194 195 196 197 198 199
163 43 164 165 166 168 170 171 172 173 174 175 176 177 178 179 180 181 182 183 184 185 186 187 190 191 192 194 195 196 197 198 199 200
164 36 165 166 167 168 169 170 171 172 173 174 175 176 177 178 179 180 181 182 183 184 185 186 188 189 190 191 192 193 194 195 198 199 200
165 89 166 167 168 169 170 171 172 174 175 177 178 179 180 181 182 183 184 187 188 189 190 191 192 193 195 196 197 199 200
166 49 167 168 169 170 171 172 173 175 176 177 178 180 181 182 183 184 186 187 188 189 190 191 192 193 194 195 196 197 198
167 100 168 169 170 172 173 174 175 176 177 178 180 181 182 183 184 185 186 187 188 189 190 192 193 194 195 196 197 198 199
168 56 169 170 171 173 174 175 176 177 179 180 181 182 184 186 187 188 189 190 191 192 194 195 196 197 198 200
169 24 170 172 173 174 175 176 177 178 180 181 182 183 186 187 188 189 190 192 193 194 196 197 199 200
170 87 171 173 174 175 176 177 178 179 180 181 183 184 185 186 187 188 189 190 191 192 193 194 195 196 198 199
171 77 172 173 174 175 176 177 179 180 181 182 183 184 186 187 188 189 190 191 193 194 195 196 198 199
172 81 173 174 175 176 177 178 179 180 181 182 184 185 186 187 188 189 190 191 192 194 195 196 197 198 199 200
173 21 174 176 177 178 179 181 182 183 184 185 186 187 188 191 192 193 194 195 196 197 199 200
174 40 175 176 177 178 179 181 183 184 185 186 187 188 189 191 192 193 194 195 196 197 198 199
175 57 176 177 178 179 180 181 182 184 186 187 188 189 190 191 193 194 195 196 198 199
176 94 177 178 179 180 181 182 183 184 185 186 187 188 189 190 191 192 193 194 195 196 197 198 199
177 59 178 179 180 182 183 184 186 187 188 189 190 191 192 193 194 195 196 197 198 199 200
178 75 180 181 182 183 184 185 186 187 188 189 190 191 193 195 196 197 198 199
179 65 180 181 182 183 184 185 186 187 189 190 191 192 193 194 195 196 197 198 199 200
180 69 181 183 184 185 186 188 189 190 191 192 193 194 196 197 199 200
181 87 182 183 184 185 186 187 188 189 190 191 192 193 194 195 196 197 198 199 200
182 42 183 184 185 186 187 188 189 190 191 192 193 195 196 197 198 199 200
183 50 184 185 186 187 188 189 191 192 193 194 195 196 197 198 199 200
184 98 185 186 187 188 189 190 191 192 193 194 195 196 197 198 199 200
185 62 186 187 188 189 190 191 193 194 195 196 197 198 199 200
186 53 187 188 189 190 191 192 193 194 195 196 197 198 199 200
187 86 188 189 190 191 192 193 194 195 196 197 198 199 200
188 64 189 191 192 193 194 195 196 197 198 199 200
189 51 190 192 193 194 195 197 199 200
190 71 191 192 193 194 195 196 197 198 199 200
191 79 192 193 194 195 196 197 198 199 200
192 20 193 194 195 196 197 198 199
193 78 194 195 196 197 198 199 200
194 91 195 196 197 198 199 200
195 44 196 197 199 200
196 35 197 198 199
197 20 198 199 200
198 100 199 200
199 76 200
200 27
