200
1 22 4 17 28 30 34 42 46 48 57 58 60 61 72 82 96 99 105 112 119 122 123 126 139 148 149 150 151 152 160 166 167 168 170 175 180 181 185 187 192 194 199
2 47 4 12 22 26 29 33 35 38 41 42 50 51 53 57 72 84 88 89 90 94 95 97 103 107 108 109 116 118 121 122 123 144 146 155 156 163 167 168 169 175 182 184 186 195
3 93 13 20 22 23 26 32 33 40 43 45 47 48 51 58 60 62 67 68 77 84 85 97 98 109 110 120 121 131 140 143 152 158 161 169 173 181 187 200
4 29 6 8 11 37 48 49 54 59 60 61 66 67 72 74 75 86 87 90 93 103 104 106 107 122 125 129 132 134 138 140 165 166 168 172 173 176 189 195 196 200
5 33 8 12 13 18 19 25 28 34 36 37 38 39 46 53 64 65 67 73 77 78 79 83 88 92 93 95 96 99 100 102 103 112 116 117 119 125 127 130 133 135 140 153 157 169 199
6 33 9 13 17 35 40 43 44 51 61 76 82 94 102 103 104 107 110 116 118 119 122 139 140 141 145 151 152 153 160 162 165 168 169 170 175 177 183 190 191
7 70 11 12 14 18 21 23 26 36 54 55 57 58 66 68 70 71 73 74 76 85 87 98 100 116 119 120 126 133 136 139 140 150 154 163 168 176 178 183 190
8 72 25 27 29 32 42 43 46 51 52 54 60 63 71 78 82 86 89 91 100 101 102 106 115 116 122 127 131 132 143 149 150 154 161 162 167 168 169 175
9 69 19 31 32 36 45 46 49 51 54 64 76 82 83 86 87 96 97 99 102 109 110 112 119 123 133 135 142 143 145 152 153 168 171 173 176 179 180 191 195 196
10 47 15 22 26 27 30 31 36 41 50 51 52 55 57 58 59 60 61 63 64 68 70 73 80 81 92 95 101 104 109 122 130 131 140 156 162 164 171 173 174 176 182 192 193
11 59 16 17 21 24 27 28 29 33 45 55 57 59 64 66 74 80 82 90 93 94 100 105 112 113 115 118 119 123 124 134 136 144 148 154 157 163 171 173 182 183 184 185 187 189 197 199 200
12 27 17 26 34 39 42 47 55 57 62 75 81 97 101 106 108 109 110 112 127 134 139 142 145 148 156 157 168 175 176 180 181 190 192 193 199 200
13 65 15 18 28 31 37 46 51 53 57 65 69 81 86 87 101 109 112 114 127 128 130 132 145 150 156 157 158 159 160 165 178 180 181 188 190 191 192
14 62 15 16 20 27 40 43 48 52 53 63 66 69 72 75 76 81 85 89 92 96 101 102 117 119 124 129 131 135 153 155 162 166 167 168 179 185 186 193 194
15 42 20 28 30 33 43 48 51 52 53 64 65 71 74 77 85 88 92 93 94 96 98 102 118 121 128 137 140 143 147 151 155 181 199
16 45 17 22 24 32 34 40 42 43 54 56 63 64 65 72 74 76 80 82 87 88 91 94 96 111 113 122 127 148 149 153 165 168 169 175 181 182 184 194 197
17 41 32 42 55 58 59 65 67 71 79 92 96 99 102 104 119 123 125 130 133 149 156 158 164 177 178 183 190 196
18 85 27 31 38 51 57 62 69 81 82 88 90 91 92 110 114 115 118 119 129 138 139 145 156 165 170 178 182 188 189 192 200
19 82 23 28 29 34 39 46 57 59 60 75 78 86 88 95 99 101 102 103 105 112 128 132 136 139 147 159 165 169 170 174 177 187 195
20 45 30 32 33 37 41 48 49 52 55 58 62 80 87 96 100 102 106 114 119 127 131 133 134 143 144 147 148 157 158 160 163 164 165 171 180 182 185 191 192 199
21 39 30 32 41 48 55 57 61 62 71 76 81 82 83 86 89 92 98 100 104 107 109 116 119 120 129 135 137 138 144 146 151 159 160 161 167 177 179
22 71 39 46 47 53 54 57 58 63 71 72 75 76 79 80 82 91 93 96 101 107 112 114 117 119 121 128 132 144 150 156 160 167 168 174 181 184 188 189 190 198
23 27 24 30 49 52 56 59 61 73 74 76 79 86 89 90 91 92 93 94 97 124 125 132 136 137 139 140 151 152 156 163 164 169 191 197 198
24 89 29 41 55 59 60 61 64 70 80 83 87 112 113 116 123 125 127 130 134 140 141 146 148 151 155 172 173 177 179 181 182 186 192 198
25 52 31 35 36 47 52 59 69 74 83 97 103 104 112 117 128 137 140 147 160 162 164 167 170 171 178 181 183 184 188
26 24 29 39 40 50 61 67 78 93 102 107 116 119 121 137 139 143 149 151 153 158 159 162 171 176 182 184 185 191 192 198
27 31 33 35 38 44 59 68 70 72 76 80 91 92 112 134 139 149 154 156 161 163 166 175 185 186 189 190 195 198 200
28 70 29 30 36 38 40 42 56 62 65 70 76 78 81 90 94 102 104 105 109 111 114 118 120 131 135 140 147 151 154 157 165 168 171 176 180 187 192 193 194 196
29 87 41 43 46 51 52 61 67 69 71 73 79 82 90 92 93 110 112 113 114 115 117 128 139 152 160 169 173 174 181 188
30 32 35 42 46 48 49 53 59 63 67 70 74 92 94 99 110 114 118 119 121 128 130 143 160 165 170 172 174 175 180 183 184 194 199
31 43 56 58 66 74 75 76 77 86 92 93 103 110 112 117 119 122 123 125 131 133 135 136 139 145 159 165 171 173 174 184 191 199
32 26 35 37 41 42 44 47 48 52 54 55 57 60 65 68 85 90 91 94 96 99 101 105 109 118 129 134 137 139 140 143 153 154 155 157 163 177 182 184 186 189 192 193 195 196 198 200
33 28 37 40 43 45 55 56 69 74 75 77 78 89 98 99 105 108 111 114 115 120 122 134 136 137 139 141 148 152 157 168 172 181 188 189 198
34 61 35 40 41 43 47 48 50 51 64 70 76 90 91 93 95 96 104 114 126 133 136 148 182 193
35 44 38 46 47 57 59 60 66 68 79 80 85 86 87 89 94 98 100 104 105 107 109 110 117 119 120 122 124 126 128 133 138 142 147 153 154 156 157 161 175 182 184 185 192 193 195 196
36 98 46 47 50 54 55 61 65 76 77 80 84 91 92 93 94 99 102 108 113 116 117 121 124 131 133 135 142 145 150 157 163 165 171 182 184 185 189
37 34 43 44 59 61 66 67 72 76 82 83 85 90 92 98 101 103 105 108 109 125 136 138 147 148 157 161 172 173 188 189 194 196
38 46 50 53 54 56 60 69 70 74 80 81 91 131 139 145 159 168 180 181
39 92 47 52 54 57 60 65 66 73 76 77 81 85 86 87 92 95 109 112 114 117 119 126 133 136 140 144 149 152 163 168 182 183 184 195
40 64 47 50 53 56 64 68 69 79 83 85 87 90 95 96 99 101 105 111 117 118 119 125 143 146 147 156 157 160 161 166 180 186 193 200
41 73 43 44 48 51 54 60 61 64 66 69 70 76 82 88 95 96 97 98 102 104 107 117 121 127 130 131 134 140 142 145 154 159 172 176 179 180 182 184 186 192
42 30 46 51 53 54 62 70 78 82 88 89 90 92 93 96 98 99 105 108 112 116 121 122 123 129 130 139 141 167 169 171 183 187 195 199
43 96 44 49 51 55 59 62 63 75 77 84 91 92 93 102 103 106 107 115 119 127 128 135 150 156 158 159 160 165 169 170 180 187 188 189
44 57 52 55 65 75 78 82 89 91 93 104 106 108 110 126 131 134 135 136 155 156 162 163 174 175 182 193 199 200
45 48 47 65 66 69 70 78 79 80 88 89 90 91 93 96 100 101 106 108 109 113 118 121 123 126 130 132 133 142 151 152 159 161 163 167 174 176 177 182 184 186 193 198
46 83 48 50 63 64 81 84 93 94 98 105 109 111 116 119 123 131 140 143 146 157 159 161 166 171 190 193 194 199
47 56 50 51 54 56 59 60 66 68 71 77 78 88 92 103 106 123 126 129 133 139 143 158 164 167 175 177 182 185 186 194
48 59 49 56 60 61 68 71 72 75 83 84 86 88 100 101 102 103 109 110 114 124 127 128 131 139 145 161 166 167 168 172 175 188 191 197 199
49 33 50 53 55 71 76 80 85 90 97 100 104 109 117 122 123 125 128 133 137 138 148 155 158 160 163 169 173 176 183 188 194 195
50 60 51 53 58 61 69 70 71 74 78 79 82 94 99 101 129 130 145 153 154 159 165 166 175 185 200
51 67 65 66 71 86 97 120 121 126 129 133 136 137 151 153 164 169 171 173 176 178 183 185 187 189 191 193 198
52 96 61 66 69 72 73 76 79 85 87 98 99 106 130 131 134 140 145 151 156 162 168 173 179 182 187 193 195 198 200
53 93 56 65 67 70 75 78 80 81 83 84 88 89 95 100 101 107 112 116 117 120 124 135 143 144 150 160 170 173 174 179 198
54 92 64 68 70 80 84 86 88 90 92 93 96 101 113 125 126 148 152 154 156 165 166 179 180 182 186 190 192 194 197 200
55 87 60 66 72 74 81 87 88 100 106 108 111 119 132 139 141 149 151 154 164 166 170 172 178 182 184 192 197 198
56 26 57 58 74 78 83 96 99 119 126 129 139 140 150 151 153 158 166 169 171 176 177 178 184 186 193 194 198
57 49 60 65 75 76 96 97 114 115 119 124 125 128 129 133 140 151 152 154 163 172 177 179 183 185 191 196 198
58 59 64 71 74 77 78 85 88 92 95 97 101 104 109 111 117 118 126 131 135 142 145 152 156 158 163 171 175 184 190 195
59 55 63 67 72 76 91 99 107 110 113 115 122 125 131 138 152 162 176 188 189 200
60 32 67 70 74 76 83 84 87 90 93 102 104 106 112 122 132 139 141 144 145 147 151 160 161 168 180 182 184 188 192 193
61 32 63 65 66 67 70 75 80 83 84 85 93 101 103 105 106 110 111 115 125 128 132 134 135 136 141 146 149 151 155 160 165 168 171 172 174 176 177 178 179 182 189 190 191 197 198
62 85 71 79 86 87 89 91 96 104 112 113 114 116 120 123 128 131 139 140 143 150 157 161 171 175 181 183 195 199 200
63 45 70 72 78 87 88 92 96 103 105 109 110 114 119 131 132 139 147 150 165 173 175 180 188 189
64 64 65 67 76 81 82 88 98 101 103 106 118 125 127 132 134 142 145 165 172 177 178 185 188
65 59 68 70 75 86 91 99 106 109 117 122 127 132 134 136 137 139 140 142 145 153 154 156 159 163 166 169 175 184 186 192 197 199
66 67 73 84 88 89 92 96 108 121 125 130 131 132 134 136 142 157 166 170 179 184 189
67 62 81 97 101 105 107 108 113 118 121 124 130 139 143 145 146 148 155 156 158 171 177 179 181 184 189 192 193 197
68 73 74 79 81 85 88 95 100 102 105 118 121 129 136 140 158 162 167 172 183 185 187 190 194 196
69 73 71 73 83 92 106 108 113 123 129 131 134 136 140 145 152 153 154 155 159 176 189 190 195 196 200
70 22 71 81 82 87 93 95 100 104 107 110 124 136 137 138 140 141 152 159 160 161 188 194 197 199
71 70 73 77 80 88 89 91 94 99 108 109 116 123 132 135 144 150 157 160 169 183 187 190 194 198
72 89 73 76 80 88 94 96 98 100 101 105 109 124 130 142 143 144 150 156 159 161 163 164 172 173 181 186 192 195
73 41 75 77 78 81 82 83 85 91 100 101 103 111 114 115 117 130 132 133 137 138 141 144 145 146 148 149 150 152 154 174 177 190 194 197
74 87 81 88 91 92 95 99 103 108 112 122 125 126 129 130 136 149 157 158 160 167 170 173 175 178 181 187 192 197
75 85 84 87 88 89 94 98 101 106 109 112 118 120 141 144 145 146 147 155 159 163 169 170 172 178 180 185 189 190 191 196 200
76 44 85 90 95 100 106 108 116 121 122 132 182 187 194 199
77 88 98 103 114 116 128 129 143 144 146 152 161 166 177 197 198
78 78 91 93 96 100 110 117 122 128 129 130 145 155 160 163 179 182 187 194 195
79 37 82 101 106 111 124 131 132 142 146 148 150 155 162 173 179 182 190 192 196
80 94 92 101 104 111 116 119 133 145 147 156 159 161 168 175 177 180 183 184 187 189 193
81 31 85 86 88 92 93 94 96 98 104 106 122 125 133 134 137 146 148 150 161 167 170 171 173 177 179 181 188 196 197 200
82 52 95 96 97 100 103 108 109 111 115 118 122 124 129 140 146 147 152 154 161 166 181 184 191 193 194 195 196 198 199
83 59 84 90 105 108 109 110 119 123 124 126 130 132 146 147 149 152 154 161 164 167 174 175 178 182 183 189 192
84 40 90 91 93 97 101 107 110 116 125 126 127 131 137 143 149 158 171 182 184 186 194 196
85 72 97 116 127 131 134 138 155 162 165 171 173 174 175 179 180 182 183 187 188 198
86 64 94 99 100 101 103 132 133 140 155 156 158 163 170 173 177 179 197
87 69 98 105 109 113 121 122 130 133 137 146 150 154 165 168 169 172 176 179 189 190 192 194 195
88 64 94 97 110 112 115 117 121 137 153 157 161 162 165 187 197 200
89 57 92 96 102 103 107 108 109 115 123 158 161 166 174 184 197 200
90 82 91 92 95 96 113 130 131 139 144 153 161 168 170 179 189 190 192 195 200
91 57 93 96 103 107 112 120 125 129 134 143 147 150 163 166 167 171 173 177 184 190 194
92 84 101 103 107 123 131 136 138 144 148 149 151 154 162 164 168 169 172 176 181 182 183 190 191 199 200
93 49 102 103 104 107 108 114 115 118 119 123 137 142 146 150 155 157 172 180 182 187 190
94 36 106 107 113 119 120 127 129 133 137 138 144 145 146 152 154 160 161 174 188
95 92 100 102 104 107 111 121 123 129 130 134 136 140 143 144 147 148 149 151 153 154 166 172 173 178 182 183 184 187 188 197
96 20 99 101 104 105 106 108 115 121 137 142 147 152 158 160 163 165 167 168 169 172 188 189 191
97 93 111 114 116 117 122 127 129 130 145 160 166 167 176 179 190 191 196 199
98 65 99 110 113 123 126 138 146 149 152 153 154 163 165 168 174 176 180 190 191 193
99 89 101 106 115 121 123 124 130 131 133 135 140 150 153 155 161 165 167 170 175 176 183 185 195 196 199
100 70 107 115 127 129 136 137 146 151 153 164 166 170 171 174 181 188 191 195
101 70 104 107 114 115 119 131 138 144 148 149 152 153 155 158 159 169 197 199
102 62 103 109 114 121 123 124 125 128 147 150 156 157 159 173 179 181 183 189 193 196 197
103 48 110 112 129 143 146 148 149 152 155 158 162 164 166 171 173 177 178 179 181 184 186 187
104 30 105 108 117 120 122 123 125 132 133 136 137 152 156 166 169 172 176 178 189 192 193 195 197
105 22 106 107 108 121 122 131 134 140 141 142 143 144 149 158 162 164 172 176 188 193 194 197
106 98 116 122 124 126 128 135 138 140 143 145 149 151 156 157 162 173 179 192 195 196 197
107 78 108 124 126 148 150 153 157 163 173 177 181 187 197
108 89 115 125 127 135 138 147 149 156 163 172 184 192 195 197
109 59 110 113 121 122 123 126 144 147 148 149 151 156 171 176 181 187 200
110 39 113 133 140 142 148 150 152 157 161 166 168 169 170 191
111 32 115 119 124 125 133 134 136 145 146 148 149 158 162 164 166 170 172 185 186 192 194 199
112 31 115 123 124 136 144 147 152 161 164 174 187 193 198
113 88 114 119 121 122 123 131 134 137 140 141 142 151 153 157 159 169 173 178 179 182 183 190
114 85 117 130 138 154 157 160 163 165 172 176 178 183 186 188 190 191
115 82 120 123 126 128 140 143 162 166 169 175 185 187 189 190 192 193 200
116 70 118 122 123 124 125 131 144 148 149 151 156 167 168 170 171 177 178 179 180 181 182 197 199
117 68 121 129 132 134 139 141 144 147 150 156 188 190 195 200
118 52 124 131 136 137 139 149 150 162 166 176 177 189 191 193 194 198
119 40 120 129 131 133 135 138 139 142 146 147 149 154 161 169 170 175 184 189 192 196
120 23 122 149 153 168 171 191 194 195
121 73 127 128 136 137 145 147 148 153 154 158 162 169 171 180 187 188 190 198
122 40 125 133 136 146 151 156 172 176 196 200
123 50 128 140 144 149 156 163 170 171 176 190 193 196 197
124 40 129 130 133 149 150 153 157 160 165 168 178 182 184 185 186 191 192 199
125 64 127 130 132 143 154 161 166 171 172 174 178 185 192 200
126 44 130 147 148 154 157 161 163 166 170 172 180 184 188 198 199
127 51 131 132 135 136 139 140 141 148 152 154 156 158 161 171 177 183 184 185 187 191
128 74 130 137 158 171 172 179 183 191 193 194 197 199 200
129 95 130 131 132 136 142 143 147 157 161 170 186 188 194
130 27 131 137 139 140 141 142 152 164 165 167 177 185 188 191 198 199
131 69 138 142 146 148 175 179 198
132 33 134 138 140 142 143 154 170 175 176 185 189
133 49 136 144 145 146 152 156 158 163 168 169 172 178 182 188 189 190 191 193 196
134 33 138 141 143 145 151 166 173 179 193 198
135 34 136 138 146 148 156 164 167 173 175 184 185 193 194 196 198
136 46 137 146 147 153 160 161 164 168 169 179 185 194
137 43 139 144 151 164 166 178 181 186 190
138 79 148 151 152 159 162 163 168 186 193 194 198
139 50 141 143 146 149 157 159 168 173 182 183 191 193 194 199
140 45 141 144 152 153 156 164 168 172 181 188 199 200
141 21 142 143 145 146 147 149 150 163 164 167 169 172 174 182 184 185
142 51 148 149 152 156 160 161 166 167 170 174 177 193 199 200
143 48 151 153 158 159 173 180 195
144 28 146 147 150 152 164 166 174 177 194
145 76 146 147 161 164 168 172 178 179 180
146 77 149 151 153 156 161 163 164 166 176 177 179 188 190 196
147 81 151 152 153 163 167 170 171 173 175 176 180 185 191 194
148 46 156 166 167 169 173 190 193 197 200
149 35 165 169 170 175 186 188 194
150 53 160 162 167 170 174 178 182 187 190 193
151 29 152 155 159 166 170 171 173 188
152 79 155 157 163 164 179 183 186 187 191 192 193 199
153 77 157 158 161 170 172 182 186 200
154 96 165 166 175 176 179 187 188 199 200
155 52 158 165 167 173 175 177 179 183 190 199
156 32 158 165 173 174 175 180 185 186 193
157 28 173 185 193 195 198
158 39 159 164 165 185 195 197
159 73 170 181 185 193 195 198 199
160 36 164 165 171 173 177 178 180 182 186 187 190 196 197
161 89 163 165 166 177 178 183 187 188 193 199 200
162 57 173 176 179 180 181 187 190
163 29 165 170 171 175 180 181 187 189 191
164 60 168 169 175 177 181 182 185 195 198
165 55 168 177 179 182 194 195
166 62 168 170 178 183 185 187 191 193 194 195 197
167 80 171 174 188 189 195 198 199 200
168 87 172 173 174 178 179 181 196 200
169 35 171 181 184 194 195 199
170 97 171 172 175 198 200
171 61 180 195 197
172 80 174 176 180 189 190 197 200
173 55 184 188 196 197 199
174 50 181 185 188 190
175 57 177 178 180 189 197
176 31 177 180 183 186 199 200
177 93 179 181 184 195 200
178 79 186 192 196
179 85 182 186 188 195 197
180 63 192 193 196
181 31 183 194 196 199
182 78 185 189 192 194 199
183 28 185 187 194 197 198
184 34 187 200
185 30 195
186 61 188 193 195 196 197 198
187 82 191 192 193 194
188 23 190 193 194 198
189 74 191 197
190 43 191 192
191 27 194 197
192 71 193
193 83
194 72 199
195 81
196 83
197 76 198
198 41
199 35
200 53
