200
1 74
2 82
3 32
4 73
5 80
6 60
7 29
8 59
9 84
10 84
11 93
12 24
13 37
14 49
15 45
16 98
17 82
18 65
19 67
20 89
21 24
22 88
23 56
24 89
25 25
26 52
27 34
28 33
29 82
30 38
31 59
32 89
33 72
34 31
35 82
36 92
37 96
38 70
39 62
40 57
41 77
42 36
43 49
44 55
45 56
46 46
47 70
48 53
49 49
50 40
51 82
52 86
53 87
54 95
55 83
56 75
57 66
58 66
59 72
60 67
61 76
62 84
63 26
64 36
65 35
66 95
67 79
68 41
69 45
70 57
71 93
72 26
73 24
74 39
75 27
76 58
77 49
78 53
79 45
80 63
81 43
82 72
83 67
84 72
85 77
86 70
87 62
88 57
89 77
90 54
91 50
92 46
93 53
94 76
95 60
96 63
97 44
98 50
99 70
100 37
101 81
102 70
103 82
104 24
105 94
106 94
107 46
108 79
109 61
110 27
111 33
112 44
113 99
114 83
115 32
116 39
117 37
118 69
119 96
120 69
121 56
122 43
123 68
124 92
125 73
126 21
127 84
128 20
129 84
130 46
131 27
132 28
133 57
134 86
135 31
136 62
137 32
138 94
139 44
140 73
141 83
142 22
143 58
144 24
145 68
146 50
147 69
148 54
149 32
150 75
151 89
152 98
153 63
154 33
155 69
156 77
157 54
158 97
159 61
160 34
161 38
162 46
163 83
164 36
165 89
166 97
167 69
168 21
169 53
170 63
171 48
172 71
173 45
174 21
175 25
176 66
177 29
178 82
179 31
180 94
181 70
182 86
183 68
184 82
185 61
186 77
187 76
188 27
189 21
190 95
191 81
192 21
193 97
194 66
195 51
196 75
197 75
198 25
199 42
200 59
