200
1 54
2 68
3 67
4 60
5 96
6 50
7 72
8 79
9 73
10 78
11 78
12 80
13 56
14 89
15 64
16 70
17 76
18 60
19 57
20 63
21 71
22 56
23 99
24 78
25 54
26 64
27 81
28 84
29 79
30 71
31 81
32 58
33 64
34 60
35 78
36 53
37 76
38 74
39 72
40 67
41 95
42 69
43 68
44 76
45 75
46 74
47 70
48 94
49 53
50 63
51 50
52 73
53 63
54 61
55 56
56 91
57 56
58 98
59 99
60 95
61 67
62 58
63 94
64 67
65 71
66 79
67 63
68 64
69 79
70 53
71 86
72 75
73 66
74 63
75 84
76 53
77 83
78 60
79 82
80 76
81 74
82 83
83 51
84 81
85 91
86 65
87 52
88 82
89 95
90 55
91 78
92 56
93 87
94 50
95 57
96 84
97 77
98 76
99 78
100 92
101 71
102 51
103 82
104 61
105 85
106 88
107 100
108 51
109 66
110 94
111 70
112 71
113 86
114 88
115 65
116 85
117 77
118 61
119 69
120 66
121 86
122 59
123 69
124 85
125 57
126 100
127 78
128 98
129 76
130 87
131 78
132 79
133 82
134 93
135 55
136 50
137 83
138 56
139 90
140 58
141 78
142 81
143 79
144 54
145 75
146 82
147 100
148 76
149 58
150 51
151 64
152 81
153 80
154 63
155 73
156 88
157 62
158 63
159 91
160 71
161 98
162 81
163 70
164 67
165 55
166 56
167 79
168 90
169 82
170 64
171 81
172 55
173 85
174 86
175 82
176 71
177 69
178 98
179 63
180 91
181 86
182 95
183 75
184 84
185 71
186 53
187 93
188 70
189 50
190 60
191 55
192 83
193 63
194 58
195 65
196 90
197 50
198 80
199 50
200 97
