200
1 22 15 16 31 45 50 58 59 73 83 87 94 106 111 112 115 137 144 148 149 154 158 175 176 177 200
2 47 26 27 28 40 41 43 71 73 84 101 103 135 178
3 93 19 34 36 37 39 45 51 66 69 80 116 133 164 168 181 187 188
4 29 9 14 18 23 45 48 73 74 84 95 141 162 163 197
5 33 9 15 20 23 42 49 55 59 87 91 107 132 152 186 188 194
6 33 23 41 50 51 61 66 67 77 98 99 100 122 131 136 149 160 163 165 181 186 189
7 70 12 18 23 24 72 79 104 107 112 119 121 127 131 149 161 177 188 191 194 197
8 72 9 12 44 53 57 69 80 88 99 105 121 130 136 142 143 152 156 175 177 189 195 199
9 69 18 52 58 93 118 148 151 156 160 166 184 193 197 199
10 47 16 18 22 45 50 73 75 77 80 90 91 103 122 127 135 153 180 199
11 59 14 20 21 22 44 52 61 62 76 82 87 106 122 138 174 188
12 27 13 14 18 32 38 52 55 57 68 76 87 103 108 129 130 143 158 169 179
13 65 25 48 51 58 67 72 87 97 101 132 149 162 165 168 171 175 183 188
14 62 23 26 43 52 82 87 105 118 125 126 129 144 153 157 168 171 180 181 182 186 190 193 200
15 42 21 24 26 30 37 62 67 79 88 112 114 128 132 137 172 177
16 45 23 30 38 47 51 56 61 62 88 96 104 105 106 125 131 141 147 159 161 168 172 189 190
17 41 23 32 53 57 66 70 71 80 102 109 128 138 148 167 188 191
18 85 21 31 37 56 57 58 88 103 106 107 108 127 132 141 143 157 164
19 82 21 22 42 49 52 58 64 74 75 83 116 117 125 127 136 141 156 160 179 181
20 45 27 50 60 61 69 71 79 122 137 151 158 163 164 171 172 180 189 194
21 39 25 38 56 62 63 89 94 98 106 109 124 133 139 144 164 172 175 182
22 71 27 42 48 51 52 58 137 142 156 162 164 170 175
23 27 24 29 31 44 58 61 65 75 83 158 163 168 170 173
24 89 51 54 58 60 64 77 78 83 90 94 97 118 122 124 136 139 143 168 179 183 193 194 195
25 52 37 45 58 84 99 126 160 165 167 172 177 196
26 24 29 31 35 54 58 62 64 71 76 87 91 101 107 110 133 147 150 152 158 160 164 168 183
27 31 33 37 43 66 88 90 115 128 131 132 139 141 152 174 177 179 181 190 194
28 70 32 37 55 75 77 83 86 107 112 115 126 132 135 146 153 154 167 174 181 186 189
29 87 35 38 39 42 53 61 66 67 78 83 91 96 138 142 146 171 182 196
30 32 38 48 60 85 100 104 109 110 142 147 148 175 180 181 183 196
31 43 50 53 80 84 85 98 131 165 166 169 170 172 184 186 189
32 26 34 35 51 61 62 67 73 80 102 107 109 117 130 136 144 145 152 156 157 168 181 196 200
33 28 38 52 57 75 93 96 106 116 121 133 136 137 138 147 148 161 163 164 170 181 182 184 188 189 192
34 61 35 37 47 53 55 57 71 76 100 109 110 113 116 118 141 146 147 148 183 191
35 44 56 97 119 124 136 140 154 199
36 98 37 42 56 57 70 72 92 111 131 132 139 156 171 184 197 199
37 34 56 72 77 81 91 99 105 108 120 130 141 150 152 153 163 173 198 200
38 46 50 55 57 84 117 124 127 129 133 143 154 158 161 163 177 185 186
39 92 59 65 66 82 88 97 99 108 149 189
40 64 58 69 80 81 88 93 103 138 145 147 175 187
41 73 50 53 54 71 76 106 113 114 116 118 126 131 141 156 163 165 178 187
42 30 56 69 71 87 92 96 107 113 114 127 152 168 172 198
43 96 49 61 82 106 107 114 131 133 139 143 148 168 173 177 181 193
44 57 55 63 99 125 132 137 140 142 145 149 168 179
45 48 53 54 55 58 62 96 98 149 150 156 168 190 191 195 196
46 83 55 79 80 83 110 123 148 152 190 193
47 56 58 68 77 86 87 90 133 156 158 162 166 167 173 182 188 197
48 59 66 74 78 89 95 99 100 106 111 114 128 137 139 152 166 168 172 183 198
49 33 55 70 90 97 104 105 108 110 120 125 136 142 145 165 169
50 60 66 69 74 79 90 91 94 101 107 108 113 126 145 149 150 154 196 198
51 67 57 61 75 76 108 111 114 116 130 146 148 163 164 169 185 186
52 96 56 57 61 69 79 100 106 113 135 151 174 181 188 194
53 93 63 69 85 93 124 126 132 149 150 182
54 92 65 70 73 127 129 134 153 171 174 185 194
55 87 83 88 94 105 112 113 116 127 150 157 166 180 186 198
56 26 79 90 113 142 185
57 49 64 68 75 90 102 108 129 145 149 160 166 168 171 173 182 199 200
58 59 61 66 92 100 114 120 124 126 132 137 142 145 156 175 177 189 192
59 55 77 87 94 101 105 106 109 122 125 138 144 145 147 184 195 200
60 32 61 78 97 100 104 111 128 136 137 139 151 163 189 198 199
61 32 62 63 64 75 95 100 135 152 156 165 169 177 190 193
62 85 63 74 86 105 106 117 119 125 141 146 147 152 163 177 179 184 199
63 45 69 71 72 83 86 95 123 144 157 184 186 191
64 64 66 74 94 95 98 112 114 138 152 157 162 163 181 185 188 194 195 196
65 59 74 79 84 89 94 96 98 105 109 128 130 131 141 143 152 179 184 185 187
66 67 76 83 90 108 116 118 129 133 140 153 173 175 180 194
67 62 79 80 89 99 114 117 128 133 142 149 153 154 167 176 191 195
68 73 77 78 86 95 116 131 132 134 137 144 148 151 154 156 162 178 189
69 73 70 86 89 111 132 153
70 22 77 83 84 85 110 133 139 142 145 146 152 153 159 161 170 175 179 193 196 197 199
71 70 74 91 94 105 109 142 144 154 155 172 186 189 192 195 200
72 89 122 144 152 187 192 197
73 41 89 96 105 112 133 147 168 185 192 196 197
74 87 75 86 89 91 93 98 110 124 125 127 131 136 149 157 164 165 176 178 199
75 85 84 92 93 94 98 101 108 109 113 114 115 137 167
76 44 80 104 137 141 151 152 176
77 88 89 94 123 135 164 167 181 186 194 196
78 78 105 120 124 131 148 177 180 182 183 184 198 199
79 37 92 95 140 147 160 161
80 94 106 111 170 175 197
81 31 91 100 111 121 127 160 197
82 52 97 104 107 136 143 147 160 189 195
83 59 86 100 105 116 142 144 148 151 154 163 179 183 193
84 40 92 102 103 108 118 125 136 145 149 153 155 162 170 175 176
85 72 111 112 115 118 140 145 162 163 168 172 183 187 188 194 199
86 64 103 118 132 135 140 144 148 152 156 163 166 185 189
87 69 88 100 125 143 154 158 165 166 174 198
88 64 93 94 110 131 132 135 145 149 185 190 196
89 57 110 115 129 134 136 157 159 163 169 173 174 178 179 191
90 82 92 101 110 122 146 171
91 57 94 96 114 135 148 157 188 190 192 200
92 84 123 126 130 145 148 149 157 166 177 181 182 191 195
93 49 102 115 120 131 136 138 144 152 161 162 174
94 36 97 98 126 160 168 170 174 175 180 183 184
95 92 107 118 138 144 147 151 164 175
96 20 105 110 115 121 126 178 180 197
97 93 110 121 139 143 180 183 194 200
98 65 103 104 105 109 115 123 126 131 137 152 164 172 176 177 180 185
99 89 123 138 145 158 162
100 70 120 140 153 170 176 186
101 70 120 124 135 164 176 192 197 199
102 62 104 105 111 125 134 143 146 151 167 179 181
103 48 108 125 126 138 146 153 178 181 189 192
104 30 106 132 140 143 145 154 162 188 197
105 22 110 111 113 117 135 163 165 173 178 180 194
106 98 117 148 181
107 78 125 131 134 135 139 149 151 153 166 184 195 200
108 89 120 125 129 159 173 196
109 59 110 121 140 143 191
110 39 115 116 139 177 188 197
111 32 119 133 134 135 154 173 191 192 193 197
112 31 126 138 153 154 157 161 162 168 180 182 188 190
113 88 115 146 161 166 196 198 199
114 85 129 130 141 154 171 173 177 178 183 188 191
115 82 132 136 145 158 174
116 70 126 143 150 153 161 163 170 175 178 179 184 190 191
117 68 120 125 138 139 177
118 52 120 124 143 157 161 163 167
119 40 121 123 138 142 146 167 175 189 190 196
120 23 127 150 158 172 186 195
121 73 151 159 166 167 178 181 192
122 40 125 149 154 155 160 170 171 188
123 50 126 143 149 164
124 40 141 145 150 172 180 191 195
125 64 135 138 159 167 186 188 189 194
126 44 170 180 185 189 193
127 51 131 141 143 147 148 156 166 174 179 186 199
128 74 129 142 144 157 174 178 182 194 198 199
129 95 134 145 148 154 166 173 175 184 189
130 27 134 200
131 69 133 140 159 181
132 33 135 147 156 165 188 191
133 49 166 176 188 191
134 33 137 149 176 184 197
135 34 136 138 147 149 153 176 188 192 194 200
136 46 139 155 158 159 171 172 175 180 194 196 197
137 43 142 163 166 181 185
138 79 146 166 171 177 179 186
139 50 143 179 182 186 190 192
140 45 141 145 159 163 189 194 198 200
141 21 142 156 158 168 170
142 51 144 147 148 157 178 190 197
143 48 145 146 151 153 170
144 28 154 168
145 76 155 175 180 186 192
146 77 186 195 198
147 81 156 171 176 184 199
148 46 164 165 172 182 187 192
149 35 153 193 199
150 53 157 163 186 189 193
151 29 173 178 182 196 200
152 79 153 167 174 187 195
153 77 175 178 188 190 191
154 96 163 177 179 198
155 52 157 178 186 188 193
156 32 160 161 168 173 186 189 193 196 199
157 28 163 167 175 180 192
158 39 159 165 167 169 178 189 200
159 73 166 170 176 183 188 194 197
160 36 165 166 195
161 89 162 172 182 183 185 195 199
162 57 173 181 184 189 199
163 29 169 184 189 191
164 60 173 188
165 55 176 183 184
166 62 178 179 186 200
167 80 185 191
168 87 181 200
169 35 174 192 196
170 97 171 173 181 186 198 200
171 61 172 175 197
172 80 177 188
173 55 177 187
174 50 175
175 57 195
176 31 180 200
177 93 178 188 198
178 79 179 180 199
179 85 188 193 195
180 63 200
181 31 186
182 78 183 184 190
183 28 188
184 34 199
185 30 195
186 61 199
187 82 189 192 194
188 23
189 74 193 200
190 43 192
191 27 194 199
192 71 194
193 83
194 72
195 81
196 83
197 76
198 41
199 35
200 53
