200
1 59 2 6 7 8 9 10 11 12 13 15 16 17 18 19 20 21 22 23 25 26 27 28 29 30 31 32 33 35 36 38 39 40 41 42 43 44 45 47 48 49 50 51 52 55 56 57 59 60 62 63 64 65 69 70 71 72 74 75 76 78 79 80 81 82 83 84 85 86 88 89 91 92 93 94 95 97 98 100 101 102 103 104 105 106 107 108 109 110 115 118 119 120 121 122 124 125 126 127 128 129 130 131 132 133 134 135 137 138 139 140 141 142 143 144 145 146 149 150 151 152 154 156 158 159 160 162 163 165 166 169 170 171 173 174 175 176 177 178 179 180 183 184 185 187 188 189 191 192 193 194 195 196 197 199
2 39 3 4 5 6 10 11 12 13 14 15 18 19 20 21 25 26 27 31 32 33 34 35 37 38 39 40 41 42 44 45 46 48 49 50 51 52 53 54 55 57 58 62 63 64 65 66 67 68 69 70 71 73 74 75 76 78 79 80 81 82 83 85 86 89 90 91 92 93 94 95 96 97 98 99 101 102 103 104 105 106 107 110 114 115 117 118 119 122 123 126 127 128 129 130 132 133 134 136 137 138 139 140 141 142 143 144 145 148 149 150 151 152 153 154 156 157 158 160 161 162 163 164 165 166 167 168 169 170 171 172 173 174 175 176 177 178 179 182 183 184 185 187 188 189 191 192 193 194 195 196 197 198 199 200
3 5 4 6 7 8 9 10 11 12 13 14 15 16 17 18 19 20 21 22 23 24 25 26 28 29 30 31 32 33 34 35 36 37 38 39 42 43 44 46 47 48 49 50 51 56 57 58 60 61 62 63 65 66 67 68 69 70 71 72 73 74 77 79 81 82 83 84 85 86 87 88 89 91 92 93 97 99 100 101 102 103 104 105 106 107 108 111 112 113 117 118 119 120 121 122 123 124 126 127 128 129 131 132 133 134 135 136 137 138 139 140 142 143 144 145 146 147 148 149 150 155 156 157 158 159 161 163 165 166 168 169 170 171 172 173 174 175 177 178 181 182 184 185 186 188 190 191 192 194 195 196 197 198 199 200
4 48 5 7 8 9 10 12 13 14 15 16 17 19 22 23 25 26 27 28 29 30 31 32 34 35 37 38 41 42 44 45 46 48 49 50 51 52 53 55 56 57 59 60 61 62 63 64 65 66 67 68 70 71 72 73 74 75 76 78 79 80 81 82 85 86 87 88 89 90 91 92 93 94 95 96 97 99 100 101 102 103 104 105 106 107 108 109 110 111 113 115 116 117 118 119 120 121 122 123 125 126 127 128 129 130 131 132 133 134 135 136 137 138 140 144 145 146 147 148 149 150 151 152 153 155 158 159 160 162 163 164 165 167 168 169 170 171 172 173 175 178 179 180 181 182 183 184 185 188 190 191 192 193 195 196 197 198 199 200
5 77 6 7 8 9 10 11 12 13 14 15 16 17 18 19 21 23 24 25 26 27 29 30 31 32 33 34 35 37 38 39 40 41 43 44 45 46 47 48 50 51 52 53 54 55 56 57 58 59 60 61 62 64 66 68 71 72 73 74 75 76 77 78 79 80 81 82 83 84 85 86 87 89 90 92 93 94 95 96 98 99 100 101 102 103 105 106 107 108 109 110 111 112 114 115 116 118 119 120 122 123 125 127 128 130 131 132 133 134 135 136 137 138 139 141 142 143 144 145 146 147 148 150 151 153 156 157 161 162 163 164 166 167 168 169 170 171 172 173 174 175 176 177 178 179 180 182 183 184 185 186 187 188 189 190 191 192 193 194 195 197 198 200
6 34 7 8 9 10 12 13 14 16 17 18 20 21 22 23 25 26 27 28 29 30 31 32 34 35 36 38 40 41 42 43 45 47 48 49 50 51 53 54 55 56 57 59 60 62 63 64 65 66 67 68 69 70 71 74 75 76 77 78 79 80 81 82 83 84 85 86 87 91 92 93 94 95 96 97 98 99 100 101 102 103 105 106 107 108 109 110 112 114 115 116 117 118 120 122 123 124 125 126 127 128 129 130 131 132 133 134 135 136 137 139 141 142 144 145 146 148 149 150 151 152 153 154 155 156 157 158 159 160 161 162 163 165 166 167 168 170 171 172 173 174 175 176 178 180 181 182 183 184 185 186 188 192 193 194 195 197 198 199 200
7 33 8 9 10 11 12 13 14 15 16 17 18 20 21 22 23 24 27 28 32 33 34 35 36 37 39 40 41 42 44 45 46 47 48 49 50 51 52 53 55 56 57 58 59 60 61 63 64 65 66 68 69 70 76 77 79 81 84 86 87 88 89 91 92 94 96 97 98 99 101 102 104 105 106 109 110 111 112 113 114 115 117 118 119 120 121 122 123 124 125 126 127 128 129 130 131 132 133 134 135 136 137 138 139 140 141 142 143 144 145 146 147 148 149 150 155 156 157 158 159 160 161 163 164 165 166 167 169 170 172 173 174 175 176 177 178 180 181 182 183 185 187 189 191 192 194 195 196 199 200
8 70 9 10 11 12 13 14 15 16 18 20 21 22 23 24 26 27 28 29 30 31 33 34 35 37 38 39 40 41 42 43 44 45 47 48 49 50 53 54 55 56 58 59 60 61 63 65 66 68 69 71 72 73 74 75 76 78 79 80 81 82 83 84 86 88 89 91 92 94 95 96 97 98 100 101 102 103 104 105 106 107 108 109 110 111 112 113 114 115 117 118 119 120 121 122 123 126 127 128 129 130 131 133 135 136 137 138 139 145 146 147 148 149 150 151 152 154 155 157 159 160 161 162 163 164 165 166 167 168 169 170 171 172 173 174 175 176 177 178 179 180 181 182 183 184 185 187 188 189 190 192 193 194 195 196 197 198 199
9 67 11 13 14 15 16 17 18 19 20 21 22 24 25 26 27 28 29 32 33 35 36 38 39 40 42 43 44 45 46 47 48 49 50 51 52 53 55 56 57 58 59 60 61 62 63 64 67 69 70 73 74 75 76 77 78 80 81 82 83 85 86 87 88 89 90 91 92 93 94 96 97 98 99 100 101 102 104 105 107 108 109 111 112 113 114 117 118 119 120 121 122 123 124 125 126 127 129 130 131 132 133 134 135 136 137 138 139 140 141 143 144 145 146 148 149 150 151 152 153 157 158 160 161 162 163 164 165 166 167 169 170 172 174 175 176 177 179 180 181 182 183 184 185 186 187 192 193 195 196 197 198 199 200
10 76 11 12 13 14 15 16 17 19 20 21 22 23 24 25 27 29 30 31 32 33 34 35 36 37 38 39 40 41 42 43 44 45 46 49 50 51 52 53 55 56 57 58 59 60 61 62 63 64 65 66 67 68 69 71 72 73 74 76 77 79 80 81 82 83 85 86 87 88 89 90 92 93 94 95 97 99 101 102 103 104 105 106 107 108 109 110 112 113 114 116 117 118 120 122 123 125 126 127 128 129 130 133 134 135 136 138 139 140 142 143 144 146 147 148 149 150 151 152 153 154 155 156 157 158 159 160 162 163 164 165 166 168 169 170 171 172 173 174 176 177 178 179 181 183 184 185 186 189 190 191 194 195 196 197 198 199 200
11 24 12 14 15 16 17 19 21 22 23 25 26 27 28 29 30 31 32 33 34 35 36 37 38 39 40 41 43 44 45 47 49 50 51 53 54 55 57 58 59 60 61 62 63 64 65 66 68 70 71 72 73 74 75 76 77 78 80 81 82 84 85 86 87 88 90 91 93 94 96 98 100 101 102 104 105 106 107 108 109 110 113 114 115 116 118 119 120 121 122 125 126 127 128 129 130 131 132 133 134 135 136 137 138 139 140 141 142 147 148 149 150 151 152 153 155 156 158 159 160 161 162 163 164 165 166 167 169 170 171 173 174 175 177 178 179 180 183 184 185 186 187 189 190 191 192 194 195 196 197 199 200
12 78 13 14 15 16 18 19 22 23 24 25 26 27 28 29 30 32 33 34 35 36 38 39 40 41 42 43 44 45 46 47 49 50 51 52 53 54 56 59 60 61 63 64 66 68 69 70 71 72 74 75 76 77 78 79 80 81 82 84 86 88 89 91 92 93 94 95 96 98 99 100 101 102 103 104 106 107 108 109 110 111 112 114 115 116 117 118 119 120 121 122 123 124 126 127 128 129 131 133 134 135 136 137 138 139 141 145 146 147 148 149 150 152 153 154 155 156 158 159 160 161 162 165 166 167 168 169 170 171 173 174 176 177 178 179 180 181 183 184 185 186 188 190 191 193 194 195 196 197 199 200
13 2 14 15 16 17 19 21 22 23 24 26 27 28 29 31 32 33 34 35 36 37 39 42 43 44 45 46 47 49 51 54 55 56 57 58 60 61 62 64 65 67 68 70 71 73 74 75 76 77 79 81 82 84 85 86 87 88 91 92 93 94 95 96 97 98 99 100 102 103 104 105 106 107 108 110 114 115 116 117 118 119 121 124 125 126 127 128 131 132 133 134 135 136 137 138 139 140 141 142 143 145 146 147 148 149 150 151 152 153 156 157 158 159 160 161 162 163 164 165 166 167 168 169 171 172 173 174 175 176 177 178 179 180 181 182 183 184 185 186 187 188 189 190 191 192 193 194 196 197 198 199 200
14 89 15 17 18 19 20 21 23 25 26 27 29 30 31 32 33 35 36 37 38 39 42 43 45 46 47 48 49 50 51 52 53 54 56 57 58 59 61 62 63 65 66 67 68 69 70 71 75 76 77 78 79 80 82 83 84 85 86 88 89 92 93 94 95 96 98 101 103 105 106 107 109 111 112 113 114 115 117 118 119 120 121 122 123 125 126 127 128 129 130 131 132 133 134 135 136 138 139 140 142 143 144 145 146 147 149 150 151 152 154 155 156 157 160 161 162 163 165 166 167 168 169 170 172 173 174 175 176 177 178 180 181 182 183 184 185 186 188 189 190 191 192 194 195 196 198 199 200
15 37 17 18 20 21 22 23 24 25 26 27 28 29 30 31 32 33 34 35 37 38 39 40 43 44 45 46 47 48 49 50 51 52 53 54 55 56 57 58 59 60 62 63 64 65 66 67 68 69 71 72 73 74 75 76 77 78 79 80 81 82 84 85 86 87 88 89 90 91 92 93 94 95 96 97 98 99 102 103 104 105 106 107 109 110 111 113 114 115 116 117 118 119 120 121 122 123 125 126 127 128 129 130 131 132 133 134 135 136 138 140 142 144 146 147 148 149 151 152 153 154 155 156 157 158 160 161 163 164 165 166 168 171 172 175 176 177 178 179 180 182 184 185 186 187 188 189 190 191 192 193 194 195 196 197 198 199 200
16 54 18 22 23 24 25 26 27 28 29 30 31 32 33 34 35 36 37 38 39 40 41 42 43 45 46 49 51 53 54 55 56 60 63 64 65 67 68 69 71 72 73 74 75 76 78 79 82 86 87 88 89 90 91 92 93 94 95 96 97 98 99 100 101 102 103 104 105 106 107 108 109 110 111 113 115 116 117 118 119 121 122 123 125 126 127 129 130 131 132 133 134 135 136 137 138 139 140 141 142 143 144 145 146 147 148 149 150 151 152 153 154 155 156 157 158 159 160 162 165 166 167 168 169 171 173 175 176 177 178 179 180 181 182 184 185 186 187 188 189 190 191 192 193 195 196 197 198 200
17 4 19 20 21 23 24 25 26 27 28 29 30 32 33 34 35 36 37 38 39 40 41 42 43 44 45 46 47 48 50 51 52 53 54 55 56 58 59 60 61 62 63 64 65 66 67 68 69 70 73 74 75 76 80 81 82 83 84 85 86 87 88 89 92 93 94 95 96 97 98 100 101 102 103 104 105 106 107 108 109 110 111 112 113 114 115 117 118 120 121 122 123 124 125 126 129 130 131 132 133 134 135 136 137 138 139 140 141 142 143 144 145 146 147 148 149 150 152 153 154 155 156 157 158 159 161 162 163 164 167 168 169 171 172 173 174 175 176 177 178 179 180 181 182 183 184 185 186 188 189 190 191 192 193 194 195 197 198 199 200
18 57 20 21 22 24 25 26 27 28 29 30 31 32 33 34 35 36 38 39 40 41 42 44 45 46 47 48 49 50 51 52 53 54 55 56 60 61 62 63 64 65 66 67 68 69 71 72 73 74 76 79 80 81 82 84 85 86 87 88 90 91 93 95 96 97 98 99 102 103 104 105 106 107 108 109 110 113 114 115 116 117 118 119 121 123 125 126 127 128 129 130 131 132 133 134 136 137 138 139 140 141 142 143 144 147 148 149 150 151 152 153 155 157 158 159 160 161 163 166 167 168 169 170 171 172 173 174 177 178 179 181 182 183 184 185 186 187 188 189 190 192 194 196 197 198 200
19 31 20 21 22 23 24 26 27 28 29 30 31 32 33 34 35 36 37 38 39 41 42 43 44 47 48 49 51 53 54 56 58 60 61 62 63 64 65 66 67 68 69 70 73 74 75 76 77 78 79 80 81 84 85 86 87 88 89 90 91 92 93 94 95 96 97 98 99 100 101 102 104 105 106 107 108 110 111 113 114 116 117 118 119 121 123 124 125 126 127 128 129 130 132 133 135 136 137 138 139 140 141 142 143 144 145 146 147 148 149 150 151 152 153 154 155 156 157 158 159 160 161 162 164 165 166 168 169 170 171 172 173 174 175 176 177 179 181 182 183 184 185 187 188 189 191 192 193 194 195 197 198 200
20 49 21 22 23 24 25 26 29 30 31 32 33 34 35 36 37 38 39 40 41 42 43 45 46 47 49 50 51 52 53 54 55 56 57 58 59 60 61 62 64 65 66 67 68 69 70 71 72 73 74 75 76 77 78 79 80 82 83 85 86 87 88 89 90 91 92 93 94 95 96 97 98 99 100 102 103 104 105 106 107 109 111 112 113 114 116 118 119 120 121 122 123 124 125 127 128 129 130 131 132 133 134 135 136 137 138 139 140 143 145 146 147 148 150 151 152 153 154 155 157 158 159 162 164 165 166 167 168 169 171 172 174 175 176 177 178 179 180 181 182 183 185 186 187 188 189 190 192 193 194 195 196 197 198 199 200
21 100 22 23 24 25 26 27 29 30 31 32 34 35 36 37 38 39 40 41 42 43 44 45 47 48 49 50 51 52 53 54 55 56 57 58 59 61 63 65 66 67 68 69 70 73 74 76 77 78 79 80 82 84 85 86 87 88 95 97 98 99 100 101 102 103 105 106 107 108 109 110 111 112 113 114 115 117 118 119 122 123 124 125 126 127 128 129 130 131 132 133 134 135 136 137 138 139 140 143 145 146 147 148 150 151 152 153 154 155 156 157 159 160 162 163 164 166 167 169 170 171 172 174 176 177 178 179 180 182 183 186 187 188 189 190 191 192 194 195 196 197 198 199
22 10 23 24 26 27 29 30 31 32 34 36 38 41 44 45 46 48 50 51 53 54 55 56 57 58 59 60 61 62 64 66 67 68 70 71 72 73 75 76 77 78 79 80 82 83 85 89 90 91 92 93 94 95 96 99 100 101 102 103 104 106 107 108 109 110 111 112 113 115 116 117 118 119 120 121 122 123 124 125 127 128 129 130 131 132 133 134 135 136 137 138 139 140 141 142 143 144 145 147 148 149 150 151 152 153 154 156 158 160 161 162 163 164 165 166 167 168 169 170 171 172 173 174 175 176 177 178 179 181 183 184 185 186 187 188 189 190 191 194 195 198 199 200
23 11 24 25 26 28 30 32 34 35 39 41 42 43 44 46 48 50 51 52 53 58 59 60 61 64 66 67 69 70 72 74 75 77 78 79 80 82 83 84 86 89 91 92 93 95 97 98 99 101 102 103 104 105 106 107 108 109 110 112 113 114 115 117 118 119 121 123 124 125 126 127 128 129 130 132 133 134 135 137 138 139 140 141 142 143 144 145 146 147 149 152 153 154 155 156 158 159 160 161 162 163 164 165 166 167 168 170 171 172 173 174 175 176 178 180 182 183 185 186 187 188 189 190 191 193 195 196 198 199 200
24 95 25 30 31 32 33 34 36 37 38 39 40 41 42 44 46 47 50 51 52 53 54 55 56 57 59 60 61 62 63 64 66 67 70 71 72 73 74 75 76 77 78 79 81 82 84 85 86 87 88 89 90 91 92 93 94 95 96 97 98 99 100 101 102 103 104 105 106 107 108 109 110 111 112 113 114 115 116 117 118 120 121 122 123 124 125 127 129 131 132 133 134 135 136 137 139 141 142 145 146 148 149 150 151 152 153 154 155 156 157 158 159 160 161 162 163 164 165 166 167 168 169 170 171 172 173 174 176 177 179 180 181 183 184 186 187 190 191 192 193 194 196 197 199 200
25 88 26 27 28 29 30 31 32 33 34 35 36 37 38 39 41 42 43 44 45 46 47 49 50 51 55 56 58 59 60 61 62 63 64 65 66 68 69 70 72 75 76 77 78 79 80 81 83 85 86 88 89 91 92 95 96 97 98 99 100 101 102 103 105 106 107 108 109 110 111 112 113 114 116 117 118 119 121 123 125 126 127 128 129 130 131 132 133 134 136 137 138 139 140 142 144 145 146 147 148 149 150 151 152 153 154 156 157 158 159 160 161 162 163 165 166 167 168 169 171 174 175 176 177 180 181 184 185 186 187 188 189 190 191 192 193 195 196 197 199
26 7 27 28 29 30 32 33 34 37 39 40 41 42 44 45 47 49 52 53 55 56 57 58 59 60 61 62 65 68 69 70 71 72 74 75 76 77 79 81 83 85 86 87 88 89 90 92 95 96 97 99 100 101 102 103 104 105 106 107 108 109 110 111 112 114 115 116 118 119 120 121 122 123 125 126 127 129 131 133 135 136 137 139 141 142 143 144 145 146 147 148 149 151 153 154 155 156 157 158 159 160 161 162 163 164 165 166 167 170 171 172 173 175 176 177 179 180 181 182 185 186 187 188 190 192 193 194 196 197 198 199 200
27 7 28 30 31 32 33 34 35 36 37 39 40 41 42 43 44 45 46 47 48 49 50 51 52 53 54 55 56 57 58 61 62 63 64 65 66 67 68 69 70 75 76 77 79 80 81 82 84 85 86 87 89 91 93 94 95 96 98 99 100 102 103 105 106 108 109 112 113 114 115 117 118 119 121 122 123 124 125 126 127 128 129 130 131 133 134 135 136 138 139 140 141 144 145 146 148 149 152 153 154 155 157 160 161 163 164 165 166 168 169 170 171 172 173 176 177 178 179 180 181 182 183 184 185 186 187 188 190 192 194 195 196 197 198 199
28 41 30 31 34 35 36 37 39 41 42 43 44 45 46 48 49 50 51 52 53 54 55 57 58 59 60 61 64 66 67 68 69 70 71 72 73 75 76 77 78 79 80 81 82 83 84 85 86 87 88 90 91 92 93 94 95 96 97 99 100 101 102 103 104 105 106 107 108 110 111 112 113 114 115 116 117 118 120 121 122 123 126 127 128 129 130 132 136 137 138 139 141 142 143 146 147 148 150 151 152 153 155 156 157 159 160 162 163 165 166 167 168 170 171 172 173 174 175 177 178 179 180 181 182 183 184 185 186 188 189 191 192 194 195 197 198 200
29 63 30 32 35 36 37 38 39 40 41 42 43 44 45 46 47 48 50 51 52 53 56 57 58 59 60 61 62 63 64 65 66 67 68 70 71 75 76 77 78 79 80 81 82 83 84 85 86 87 88 90 93 94 95 98 99 100 101 102 103 104 105 106 107 108 109 110 112 113 114 115 116 117 118 119 120 122 123 124 126 127 130 131 132 133 135 136 137 138 139 140 141 142 143 144 146 147 150 152 153 154 155 156 158 159 160 161 162 163 166 168 169 172 174 175 176 177 180 181 182 183 184 186 187 189 190 191 193 194 195 198 200
30 3 31 32 33 34 35 36 38 39 40 41 45 46 47 48 49 50 51 52 53 54 55 56 57 59 62 63 64 65 66 67 68 69 70 71 73 75 76 77 78 79 80 81 83 84 85 86 87 88 90 91 92 93 94 95 96 97 99 100 101 102 103 104 105 106 107 108 109 110 111 112 114 115 116 117 118 120 121 123 124 125 126 127 128 130 131 133 135 136 137 138 140 141 142 144 145 147 149 150 151 152 153 154 155 157 158 160 161 162 163 164 167 169 170 171 172 173 174 175 176 177 178 179 180 181 182 184 186 187 188 189 190 191 193 194 195 196 199 200
31 74 33 34 35 37 39 41 42 43 44 45 48 49 50 51 53 54 55 56 58 59 60 62 64 65 66 67 69 71 72 73 74 75 76 79 80 81 82 84 85 87 88 89 90 92 95 97 98 99 100 102 103 105 106 107 109 111 114 115 116 117 119 120 121 122 123 124 125 126 127 128 129 130 131 133 134 135 136 137 138 139 140 141 142 143 144 145 146 147 148 149 150 151 152 153 154 155 157 158 159 160 161 163 164 165 166 167 169 170 171 172 174 175 177 178 179 180 181 182 183 184 185 186 190 191 192 193 194 195 196 197 198 199
32 10 33 34 35 37 39 40 41 43 44 47 49 50 51 52 53 55 56 58 59 61 64 66 67 68 70 71 73 74 76 77 78 79 80 81 83 84 85 86 87 88 90 92 93 94 95 96 97 99 100 101 102 103 104 105 107 108 109 111 113 114 115 116 117 118 120 121 123 124 125 126 128 129 130 131 132 133 134 135 136 137 138 139 140 141 142 143 144 147 148 149 150 151 152 153 154 155 156 157 158 159 160 161 162 163 164 165 166 167 169 170 172 173 174 175 176 177 178 179 182 183 184 185 186 187 188 189 191 192 193 194 195 197 198 199 200
33 36 36 37 38 39 40 42 43 44 45 46 47 48 50 51 52 53 54 55 56 57 58 59 60 61 62 63 64 66 67 68 69 70 71 72 73 75 76 78 79 80 81 82 83 84 85 86 87 88 89 91 92 94 95 96 97 98 99 100 102 103 104 105 106 107 108 109 110 111 112 113 114 115 116 117 118 119 120 121 122 123 124 125 126 127 128 130 131 132 134 136 137 138 139 140 141 142 143 144 145 146 148 149 150 151 152 153 154 155 156 157 158 160 161 162 163 164 165 166 168 169 170 172 173 174 175 176 177 178 179 180 181 183 184 185 187 188 189 190 192 193 194 196 197 199 200
34 68 35 36 37 40 41 42 43 46 47 48 50 51 52 53 54 55 56 57 58 59 60 61 62 63 64 65 66 67 69 70 72 73 75 76 77 78 79 81 82 83 84 85 87 88 89 90 93 94 97 98 99 100 101 102 103 104 105 107 110 111 112 113 114 115 116 117 118 120 121 122 124 125 126 128 130 131 132 135 136 138 139 140 141 142 144 145 147 148 149 150 151 152 154 155 156 158 159 161 163 164 165 167 168 169 170 171 172 173 174 177 178 179 180 181 182 183 184 185 186 188 190 191 192 194 195 197 198 200
35 51 36 37 38 39 40 41 43 44 45 46 48 49 50 51 52 53 54 55 56 57 58 59 62 63 64 65 66 67 68 70 71 72 73 74 77 79 80 81 83 84 85 86 87 88 89 91 92 93 94 95 96 97 98 99 102 103 105 106 108 109 110 111 112 114 116 117 118 120 121 122 123 124 125 126 127 128 129 130 131 133 134 135 136 137 138 139 141 142 143 145 146 147 149 153 154 155 156 157 158 159 160 161 162 163 164 165 166 167 168 169 171 172 173 174 175 177 178 180 182 183 184 185 186 187 188 189 191 192 193 194 195 196 197 199 200
36 88 37 38 39 41 42 43 44 46 48 49 50 54 55 56 57 58 59 60 62 63 64 65 66 67 68 69 70 71 72 74 75 76 78 81 82 83 84 85 86 87 88 89 90 93 94 95 96 97 98 99 100 101 102 103 104 106 109 110 112 114 115 116 118 119 120 121 122 124 125 126 127 128 129 130 132 133 134 135 137 138 139 140 141 142 144 145 147 148 149 150 151 152 153 154 156 157 158 159 160 161 162 163 164 165 167 168 169 170 171 172 173 174 177 178 179 180 181 183 184 185 186 187 188 189 190 191 192 194 195 197 198 200
37 96 38 40 41 42 44 46 47 48 49 51 52 53 54 55 56 57 58 59 60 61 64 65 66 67 69 70 71 72 73 74 76 77 79 80 82 85 86 88 90 91 92 93 94 95 96 100 101 103 104 105 107 109 110 111 112 113 114 117 118 119 120 122 123 124 125 126 127 128 129 133 135 136 137 138 139 140 141 142 143 144 145 148 149 150 151 152 153 154 155 157 158 159 160 161 162 163 164 165 166 167 169 170 171 172 173 174 175 176 177 179 180 181 182 183 184 185 186 187 188 189 191 194 196 197 198 199 200
38 54 40 41 42 44 45 46 47 49 50 51 52 53 54 55 56 58 59 62 63 64 67 68 69 70 72 73 74 75 77 78 80 81 82 83 84 85 86 88 89 91 92 94 95 96 97 98 100 102 104 105 106 107 108 109 110 111 112 113 115 116 117 118 119 120 121 122 123 124 125 126 127 128 129 130 131 132 135 136 137 139 141 143 144 145 147 148 149 150 151 152 153 154 155 156 157 158 161 163 164 165 166 168 170 171 173 174 175 177 178 179 180 181 182 184 186 187 188 189 190 191 193 194 195 196 197 198 199 200
39 74 40 41 42 43 44 45 46 48 49 50 51 52 53 54 55 56 58 61 62 64 65 67 68 71 72 73 75 77 78 79 80 81 82 83 84 85 87 88 89 91 92 94 95 96 97 98 99 100 101 102 103 104 105 106 107 108 109 110 111 112 114 115 117 118 119 120 121 122 123 124 125 126 127 128 129 131 132 133 134 135 136 137 138 139 140 141 142 143 144 145 147 148 149 150 151 152 153 155 156 157 158 159 161 162 163 164 165 166 167 169 170 171 172 173 174 175 177 178 179 180 182 184 185 186 187 188 189 190 194 195 196 197 198 199
40 45 41 42 43 44 45 46 47 48 49 50 51 52 53 54 55 56 57 59 60 61 62 63 65 66 67 68 69 70 71 73 74 75 77 78 79 80 81 82 83 84 85 87 88 89 91 92 94 95 96 97 98 99 100 102 105 106 108 111 114 115 116 117 118 120 121 122 123 124 125 126 127 129 130 131 132 133 134 135 136 137 138 140 141 142 143 144 145 147 148 149 150 151 152 153 154 155 156 157 158 159 160 162 163 164 165 167 169 170 171 172 173 174 175 176 178 179 180 181 184 185 186 187 189 190 191 193 194 195 196 197 198 200
41 42 43 45 46 47 48 51 52 53 54 55 56 57 58 59 62 63 64 65 66 68 69 71 72 74 75 76 77 78 79 80 81 82 84 85 86 87 88 89 90 91 92 93 94 95 96 97 99 101 102 104 105 106 108 109 111 112 113 114 115 117 120 122 123 124 126 127 128 129 130 131 132 133 134 135 136 137 139 140 141 142 143 144 145 146 147 148 149 152 153 154 155 156 157 158 159 161 162 163 164 165 166 167 168 169 170 172 173 174 175 176 177 178 179 180 184 185 186 187 189 190 191 192 193 194 195 196 197 198 200
42 64 43 44 46 47 48 49 50 51 52 53 54 55 56 57 58 59 60 61 63 64 65 66 67 68 70 71 72 74 76 77 78 80 81 82 84 85 87 89 90 91 92 93 94 95 96 98 99 100 101 102 104 105 106 107 108 109 110 111 112 113 114 115 117 119 121 123 124 125 126 127 129 130 131 133 134 136 137 138 140 141 142 143 144 145 146 149 150 151 152 153 154 155 156 157 158 160 162 164 165 166 167 168 169 170 171 172 173 174 176 177 178 180 181 182 184 185 186 189 190 191 193 195 196 197 199 200
43 78 46 48 49 50 51 52 53 54 56 57 59 60 61 62 63 64 67 68 70 71 73 74 75 76 78 79 80 81 82 83 85 86 88 89 90 92 94 96 97 98 99 100 101 102 103 104 105 106 109 110 111 112 113 114 115 117 118 119 120 121 122 124 125 126 127 129 131 132 134 135 136 137 138 140 141 142 143 145 146 147 148 149 150 151 155 156 158 159 160 161 162 163 164 165 166 167 169 170 171 172 176 177 179 182 184 185 186 187 188 189 190 192 194 196 197 198 199 200
44 92 45 46 47 49 51 52 53 54 55 56 57 59 60 61 62 63 64 66 67 68 70 71 73 74 75 77 78 79 80 81 82 84 86 87 88 89 91 93 94 96 98 99 100 101 104 106 107 108 109 110 112 113 116 118 119 120 121 122 124 125 126 127 128 130 132 133 134 135 137 138 139 140 141 142 143 144 145 148 149 150 152 153 154 155 156 157 158 159 160 161 163 164 165 166 167 168 169 170 171 172 173 175 177 180 181 182 183 184 186 187 188 190 192 193 194 196 199
45 48 46 47 48 50 51 52 54 55 58 59 61 62 63 66 67 68 69 70 71 72 73 74 75 76 77 78 79 80 81 82 83 84 85 86 87 88 90 91 92 93 95 96 97 98 99 100 102 103 104 105 107 108 109 110 111 112 113 114 115 116 117 118 119 120 121 122 123 124 125 126 127 128 129 130 132 133 135 136 138 140 141 142 143 144 145 147 149 153 155 157 158 160 161 162 164 165 166 168 169 170 173 174 175 176 177 178 180 182 183 184 185 186 188 189 190 191 192 193 194 195 196 197 199 200
46 27 47 48 50 51 52 53 54 55 56 57 58 59 61 63 64 67 68 69 70 73 74 75 76 77 78 79 82 83 84 85 86 87 88 89 90 91 92 93 94 96 97 98 100 101 102 104 105 106 107 108 109 110 111 112 113 114 115 117 118 120 121 122 123 124 125 126 129 130 131 132 133 134 135 136 137 138 140 141 143 144 145 146 148 149 150 151 153 154 155 157 158 159 160 161 162 163 164 167 169 170 173 174 175 176 177 178 180 182 184 185 186 188 189 191 192 193 194 196 197 198 199
47 86 49 50 51 52 53 54 55 56 58 59 60 61 62 63 64 66 67 68 70 71 72 73 74 76 77 78 80 81 82 84 85 86 87 88 89 90 91 92 93 94 95 96 97 99 100 102 103 104 105 106 107 108 109 110 111 112 114 115 117 118 119 120 121 122 123 125 126 128 129 130 131 133 135 136 137 138 140 141 143 144 145 146 147 148 150 152 153 154 155 156 159 160 161 162 163 164 165 166 167 168 169 171 172 173 174 175 176 177 179 180 181 182 183 184 185 186 188 189 191 192 193 197 198 199
48 78 49 51 52 53 54 55 56 59 60 61 62 63 64 65 66 67 68 69 70 71 72 73 74 75 76 77 79 81 82 83 84 85 86 87 88 89 90 91 93 95 96 98 100 102 104 105 106 107 108 109 110 112 115 116 117 118 119 120 121 122 123 124 125 128 129 130 132 133 134 135 136 138 139 141 144 145 146 147 149 150 151 152 153 154 155 156 157 158 159 160 162 163 165 166 168 169 170 171 172 176 179 180 181 182 183 184 185 186 188 189 190 191 192 193 194 197 198 200
49 67 50 51 52 53 54 55 56 57 58 59 61 63 64 65 66 68 69 70 71 72 73 74 76 79 80 81 82 83 84 85 87 88 89 90 91 92 93 94 95 97 98 101 102 103 104 105 106 107 109 110 111 112 114 115 116 117 118 119 120 121 122 123 124 125 126 127 129 132 134 135 136 137 138 139 140 141 142 143 144 145 146 147 149 150 151 152 153 154 155 156 157 158 159 160 161 162 163 164 165 166 167 168 169 170 171 172 173 174 175 176 177 178 179 180 181 182 183 186 187 188 189 190 192 193 194 195 197 198 199
50 32 51 52 53 55 56 57 59 61 62 63 65 67 71 72 74 75 76 77 78 80 82 83 84 85 86 88 89 90 92 94 95 97 98 100 103 105 106 107 108 109 110 111 112 113 114 115 116 117 118 119 120 121 122 123 124 125 126 127 128 129 130 131 132 133 134 135 137 138 139 140 141 142 143 144 145 146 148 149 150 151 152 153 155 156 158 161 163 164 165 166 167 168 170 171 173 174 176 177 178 179 180 181 182 184 185 186 187 188 191 192 193 194 196 197 198 199
51 20 52 54 55 56 57 58 59 61 63 64 65 66 67 68 69 70 71 72 73 74 76 78 79 80 81 82 83 85 86 87 88 89 90 92 93 94 95 97 98 100 101 103 104 105 107 109 110 111 112 113 114 115 116 118 119 120 121 122 123 124 126 130 131 132 133 136 139 140 141 142 143 144 145 146 147 149 150 151 153 154 155 156 157 158 159 161 162 163 164 166 168 169 170 171 172 173 174 175 176 179 180 182 183 184 185 187 188 189 191 193 194 195 198 200
52 18 53 54 55 56 57 58 59 60 61 62 63 64 65 66 67 69 70 71 72 73 74 75 76 78 80 81 82 85 86 87 89 90 92 93 94 95 96 97 98 100 101 102 104 105 106 108 109 112 113 114 115 116 117 119 120 121 123 124 125 126 128 129 130 131 132 134 135 136 137 138 140 141 142 144 145 146 147 149 150 152 153 154 157 158 159 161 163 165 166 167 168 169 170 171 172 173 174 175 176 177 178 179 180 181 183 184 185 186 188 189 190 191 192 193 194 195 196 198 199 200
53 58 59 60 61 63 64 65 66 69 70 71 73 74 75 77 78 79 81 82 83 84 85 87 88 89 90 91 92 93 94 95 96 97 99 100 102 104 105 106 107 108 111 113 114 115 116 117 118 119 120 121 122 123 124 125 126 127 128 130 131 132 133 134 135 137 138 139 140 142 143 144 145 146 148 149 150 151 152 154 155 156 157 158 159 160 161 163 164 165 167 168 169 170 171 172 174 175 176 178 179 180 181 183 184 185 186 187 188 189 190 191 192 193 194 195 196 197 198 199
54 26 55 56 57 59 60 61 62 63 65 66 67 68 70 72 73 74 75 76 77 79 80 82 83 84 85 86 87 89 91 93 94 95 96 98 99 100 101 102 103 104 105 106 107 109 110 111 112 113 114 116 118 119 120 121 122 123 124 126 127 128 129 130 132 133 135 136 137 139 140 142 143 144 145 146 147 148 150 151 153 154 155 156 157 158 159 161 162 163 164 165 166 167 169 170 171 172 174 176 177 178 179 180 181 182 183 184 188 192 193 194 195 196 197 198 199 200
55 23 56 57 59 60 61 62 64 65 67 68 69 70 71 72 73 74 75 76 77 78 79 80 81 83 85 86 87 88 90 91 92 93 94 96 97 98 99 100 101 102 103 104 105 106 107 109 112 113 114 115 116 117 119 122 124 125 126 128 130 131 132 133 134 135 136 137 138 139 140 141 142 144 145 147 148 149 150 151 153 155 156 157 158 159 161 162 163 164 166 167 168 171 172 173 175 176 177 178 179 180 181 182 183 184 185 186 187 188 189 190 192 193 194 195 196 197 198 200
56 85 57 59 60 61 62 64 65 66 67 68 69 71 72 73 75 76 77 78 79 82 83 84 86 88 89 90 91 93 94 95 96 97 98 99 101 102 103 104 106 107 108 109 110 111 112 113 114 116 117 118 120 121 123 124 126 128 129 130 131 132 133 135 136 137 139 140 141 142 143 144 145 147 148 149 150 151 152 153 154 160 161 163 164 165 166 167 169 170 171 173 175 176 177 178 179 180 181 182 183 185 186 187 188 189 190 191 192 193 196 197 198 199 200
57 37 59 60 61 63 64 66 67 68 71 72 73 75 76 77 79 80 81 82 84 85 86 87 88 89 90 92 93 94 95 97 99 100 101 103 104 105 106 107 108 109 111 113 114 116 117 118 119 120 121 122 123 124 125 126 127 128 129 130 131 132 135 136 137 138 139 140 142 143 144 145 146 147 148 149 150 151 153 155 156 157 158 159 160 161 164 165 166 167 168 170 171 172 174 175 176 177 178 179 181 182 183 184 185 186 188 189 190 191 192 193 194 195 196 197 198
58 20 59 60 61 62 64 65 66 67 68 69 70 71 73 74 75 76 77 78 79 80 81 82 84 86 87 88 89 90 91 92 93 94 95 96 98 99 100 101 104 105 106 107 110 111 112 113 115 117 118 119 121 122 124 127 129 130 131 132 133 134 135 136 137 138 139 140 142 143 144 145 147 148 149 150 152 153 154 155 156 158 159 160 161 162 164 165 166 167 168 169 171 172 173 174 175 176 177 178 179 180 181 182 183 184 186 187 188 190 191 192 193 194 196 198 200
59 44 61 63 66 67 68 71 72 73 74 75 76 77 78 79 81 82 83 86 87 88 89 90 92 93 94 95 96 97 99 102 103 104 105 106 107 108 109 110 111 112 114 115 118 119 120 121 122 123 124 127 129 130 131 134 135 137 138 139 142 143 144 146 150 151 152 153 155 156 157 159 160 161 162 163 164 165 166 167 169 170 171 172 173 175 177 178 179 181 182 183 184 185 186 187 188 189 191 193 195 196 198 199 200
60 30 61 62 65 66 67 69 70 71 72 73 74 75 76 77 78 79 80 82 83 84 85 86 89 90 91 92 93 94 95 96 97 98 99 100 101 103 104 106 107 110 112 113 114 116 117 118 119 120 121 123 124 125 126 128 129 130 132 134 135 138 139 140 141 142 143 144 146 147 148 151 153 154 155 156 157 160 162 163 164 166 167 169 170 171 173 175 176 178 179 180 182 184 185 188 189 190 192 193 194 195 197 198 199 200
61 16 62 63 64 65 66 67 68 69 70 71 72 73 74 75 76 77 80 81 82 84 85 86 87 88 89 90 91 92 93 94 95 96 97 98 99 100 101 102 103 105 106 108 109 110 112 113 114 116 117 119 120 121 123 124 125 126 127 129 131 132 133 135 136 137 138 139 140 141 142 143 144 145 146 147 148 150 151 152 153 154 155 156 157 158 159 160 161 163 164 165 167 168 170 171 172 173 174 176 177 178 179 182 183 184 186 187 188 189 190 191 193 194 196 197 199 200
62 24 66 67 68 69 70 73 74 75 76 77 79 80 81 82 83 84 86 87 88 89 90 92 93 94 96 99 100 101 102 103 105 107 108 109 110 111 112 114 115 116 117 118 119 121 122 124 126 127 128 129 130 131 132 133 134 135 136 137 138 139 140 141 142 143 144 145 146 147 148 149 151 153 154 155 156 157 158 159 161 162 163 165 167 168 169 170 171 172 174 175 176 177 178 179 180 181 182 183 184 186 187 189 190 192 193 194 195 196 197 198 199 200
63 59 64 65 66 67 68 70 71 72 74 75 76 77 78 79 80 82 83 84 85 86 87 88 89 90 91 92 93 95 97 98 99 100 101 102 103 104 105 106 107 108 109 110 112 113 116 117 119 120 122 124 125 126 127 128 131 133 134 135 136 137 138 139 140 141 142 143 144 146 147 148 150 151 152 153 155 156 157 158 160 161 162 163 164 165 166 169 170 171 172 173 174 175 176 177 178 179 180 181 182 184 185 186 187 188 189 191 193 194 195 197 198 199 200
64 69 68 69 70 71 72 73 74 75 76 77 78 79 80 81 82 83 85 86 87 89 90 92 93 94 95 96 97 99 100 101 102 103 104 106 107 108 109 110 111 113 114 115 117 118 119 120 121 122 123 124 125 128 130 131 132 133 134 135 137 138 139 140 141 142 143 144 145 146 147 148 149 151 152 153 155 156 157 158 159 160 161 162 163 164 165 166 167 168 169 170 172 173 175 176 177 178 180 181 182 183 184 185 186 190 191 192 194 195 196 197 198 199
65 62 66 67 68 70 71 72 73 74 76 77 79 80 81 82 83 84 85 86 87 88 89 90 91 92 93 94 95 97 98 99 100 102 103 104 105 106 107 108 109 110 112 113 114 116 117 118 119 121 122 123 125 126 127 128 129 130 131 132 133 135 136 137 138 139 140 141 142 143 144 145 146 147 148 149 150 152 153 154 157 158 160 161 164 165 166 167 168 172 174 175 176 177 178 179 180 181 182 183 184 185 186 187 188 189 192 193 194 195 198 199
66 41 67 68 69 70 71 72 73 74 76 77 78 79 80 84 85 86 87 88 89 90 91 93 94 96 97 98 101 103 105 106 108 109 110 111 112 113 114 116 117 121 122 123 124 125 126 127 128 129 131 132 133 134 135 136 138 140 142 144 145 146 147 148 149 150 151 152 154 155 157 158 161 162 164 166 167 170 171 172 173 174 175 176 177 178 179 180 181 182 186 187 188 189 190 191 192 193 194 195 196 197 198 199
67 85 68 69 70 71 72 73 75 76 79 80 81 82 83 84 86 87 89 91 92 96 97 98 100 101 102 104 105 106 107 108 109 110 111 113 114 115 116 117 118 119 120 121 122 123 124 125 128 129 130 131 132 133 134 135 136 137 138 140 141 144 145 146 147 148 149 150 151 153 154 157 159 161 162 163 164 165 166 167 168 169 170 172 173 174 175 176 178 179 183 185 186 187 188 189 191 193 194 195 196 197 199 200
68 11 69 70 71 72 73 74 75 76 77 78 79 81 82 83 84 85 86 87 88 89 91 92 93 94 95 97 98 99 100 103 105 107 108 109 110 111 112 113 115 118 119 122 123 125 126 127 128 129 130 131 132 133 135 136 137 138 139 140 141 142 144 145 146 147 148 149 151 152 153 154 155 156 157 160 162 163 164 165 167 170 172 173 175 176 177 178 179 181 182 184 186 187 189 190 193 194 195 196 197 198 199 200
69 27 70 72 73 74 76 77 78 79 80 81 83 85 87 88 89 90 92 95 96 98 99 100 104 105 106 109 112 113 114 115 116 117 118 120 121 122 123 124 125 127 128 130 131 132 134 135 137 138 139 140 142 143 144 145 146 147 148 149 151 153 155 156 157 158 159 161 163 164 165 166 167 168 169 170 171 172 173 174 175 176 177 178 180 181 183 184 185 186 187 189 190 191 192 193 194 196 197 198 199 200
70 47 71 73 74 75 77 78 79 80 83 84 85 86 87 88 89 90 91 92 93 95 96 99 100 101 102 103 105 106 107 109 110 111 112 113 115 116 118 119 120 121 122 123 124 125 127 128 130 131 132 133 135 136 137 138 141 142 143 144 145 146 147 149 150 151 152 153 154 156 158 159 160 161 163 164 165 166 167 168 169 171 172 173 174 175 176 178 180 181 182 183 184 185 186 187 188 189 190 191 192 193 194 195 196 198 199 200
71 67 73 74 75 77 80 81 83 84 85 86 87 88 89 90 91 92 93 94 95 96 99 101 102 104 106 107 108 109 110 111 112 113 114 116 118 119 120 122 123 124 125 126 127 129 130 131 132 133 134 135 136 137 138 140 141 142 143 144 146 147 148 149 150 151 152 153 155 156 158 159 160 161 162 163 164 165 166 169 170 171 173 175 176 177 178 179 180 181 182 185 186 187 188 189 192 193 195 196 197 198 199 200
72 52 73 74 76 77 78 80 81 83 84 85 86 87 88 89 91 92 94 95 97 98 100 101 102 105 106 107 108 109 110 111 112 113 114 115 116 117 118 119 120 122 123 124 125 127 128 130 131 132 134 135 136 137 138 139 140 141 142 143 145 146 147 150 151 152 153 154 155 156 157 158 159 160 162 163 164 165 168 169 170 172 174 175 176 178 179 180 181 183 184 185 186 187 188 189 190 191 192 193 195 196 198 199 200
73 63 74 75 76 77 78 79 80 81 82 83 84 85 87 88 89 90 91 92 93 94 95 96 97 98 99 100 101 102 103 104 107 108 109 110 111 112 113 114 115 117 119 120 121 122 123 125 126 128 129 130 131 132 133 134 135 136 137 138 139 140 141 143 144 146 148 149 150 151 153 155 158 159 160 162 163 165 166 169 170 171 172 173 174 175 177 179 180 181 183 184 185 186 187 189 190 191 192 194 195 196 197 198 199 200
74 92 75 76 77 79 80 81 82 83 84 85 86 87 88 89 90 91 92 93 94 95 96 97 98 100 103 104 108 109 110 111 112 113 114 115 116 118 120 121 122 123 124 126 127 129 130 131 132 134 135 136 137 138 139 140 141 142 143 144 145 147 148 149 150 151 152 153 154 155 156 157 158 159 161 163 164 165 167 168 169 170 173 174 177 178 179 181 182 183 186 187 188 189 190 191 192 193 194 195 196 197 199 200
75 85 77 78 79 81 83 84 85 86 87 88 89 90 91 92 93 95 97 98 99 100 101 102 104 106 107 108 110 111 114 115 118 119 122 125 127 130 131 133 134 136 137 138 141 142 144 145 147 148 149 150 151 152 153 155 156 157 158 160 161 162 164 165 166 167 168 169 170 171 172 173 174 175 176 177 179 180 181 182 183 185 186 187 188 189 190 191 193 194 196 197 198 199
76 27 77 78 79 80 81 82 83 84 85 86 87 88 89 90 92 93 94 95 98 99 101 102 103 104 105 106 107 108 110 111 112 114 115 116 117 118 119 121 123 124 125 127 128 129 130 131 133 134 135 136 137 138 139 140 141 142 143 145 146 147 149 150 151 152 154 155 156 157 158 159 160 161 162 164 165 166 167 168 170 171 172 173 174 175 178 179 180 183 184 186 187 188 189 190 191 192 194 195 196 197 198 200
77 2 78 79 80 81 82 83 85 86 88 89 90 91 92 93 94 95 97 99 100 101 102 103 104 107 108 109 111 113 114 115 117 118 119 120 121 122 123 124 126 127 128 129 130 131 132 133 135 136 137 138 139 140 141 142 145 147 148 149 151 152 153 154 155 156 157 158 159 160 161 163 164 168 169 170 171 172 173 174 175 176 177 178 180 181 183 184 186 187 189 190 191 193 194 195 196 197 198 200
78 29 79 81 82 85 87 88 89 90 91 92 93 94 95 96 97 98 99 100 101 102 106 108 109 110 111 112 113 114 115 116 117 118 120 121 122 123 124 125 126 127 128 129 131 132 133 134 135 136 137 138 139 141 144 145 146 148 149 150 151 152 153 155 156 157 158 159 161 163 164 165 167 169 171 172 173 174 175 176 177 178 179 181 182 186 187 188 189 190 191 192 193 194 196 197 198
79 66 81 82 83 84 85 86 87 88 89 91 92 93 94 96 97 98 99 100 101 102 103 105 106 107 108 109 110 112 114 115 116 118 119 120 121 122 124 125 127 128 129 130 131 132 134 135 136 137 139 140 141 142 143 144 146 148 149 150 151 152 154 155 156 157 158 159 160 161 162 163 166 167 168 171 172 173 174 175 176 177 178 179 181 182 183 184 185 186 187 188 190 191 192 193 194 195 197 198
80 25 82 83 84 85 87 88 89 90 91 92 93 96 97 98 100 102 103 104 105 106 108 109 112 113 114 116 117 118 119 120 121 123 124 126 127 128 129 130 131 132 133 134 135 136 137 138 139 140 141 142 143 144 147 149 150 152 153 154 155 156 158 159 161 162 163 164 165 166 167 168 169 170 172 174 175 176 177 178 179 180 181 182 183 184 185 186 188 189 191 192 195 196 198 199 200
81 6 82 84 85 86 87 88 89 90 91 92 93 94 95 96 99 100 101 102 103 104 105 106 107 109 110 111 112 113 114 115 116 117 118 119 120 121 124 125 126 127 128 129 130 131 132 133 134 136 137 138 139 140 141 142 143 144 146 147 148 151 152 153 154 155 156 157 159 160 161 162 163 164 165 166 167 168 169 170 173 174 176 177 179 180 181 183 184 185 186 188 189 190 191 192 193 194 196 197 198 199
82 37 84 86 87 88 89 90 91 92 93 94 95 96 97 98 99 100 101 102 103 104 106 107 108 109 110 111 112 113 114 116 117 118 119 120 121 122 123 124 125 128 129 134 135 136 137 138 139 140 141 142 143 144 145 146 148 149 150 153 154 155 156 158 160 161 162 163 165 166 168 170 171 172 173 175 176 177 180 182 184 185 186 187 188 189 190 191 192 194 195 196 197 198 199 200
83 50 84 85 86 87 88 89 91 92 93 94 95 96 97 98 100 101 103 104 105 106 107 108 109 111 113 115 116 117 118 119 120 122 123 126 127 128 129 130 131 132 133 134 136 137 139 140 141 142 143 144 145 146 148 149 150 151 153 154 156 157 158 159 160 161 162 163 164 165 166 167 168 169 173 174 175 176 177 178 180 181 182 183 185 186 187 188 189 190 192 193 194 195 196 197 198 199 200
84 68 85 87 88 91 92 93 94 96 98 99 100 101 103 104 105 106 107 108 112 113 114 116 117 119 120 121 122 123 125 126 127 128 129 130 131 132 133 134 135 136 137 138 139 140 141 142 143 144 145 146 147 148 149 151 152 153 154 155 157 158 159 160 162 165 167 168 169 170 173 174 175 176 179 181 182 183 184 185 187 188 189 190 191 192 193 194 195 196 197 199 200
85 49 86 87 88 90 91 93 94 96 97 98 101 102 103 104 105 106 107 108 109 110 113 114 115 116 117 118 119 120 121 122 124 125 127 128 129 130 131 132 133 134 135 136 137 138 139 140 141 142 143 144 146 147 148 150 151 154 155 156 158 159 160 164 165 166 167 168 169 170 171 172 173 174 175 177 178 181 182 184 185 186 187 188 189 190 191 192 194 195 196 197 198 200
86 19 87 89 90 91 92 93 94 95 96 97 98 99 100 101 103 104 105 106 107 108 110 112 113 114 115 116 117 118 119 120 121 122 123 124 125 127 128 130 131 132 133 134 136 138 139 140 141 142 143 144 145 146 148 149 150 151 152 153 154 155 156 158 159 160 163 164 165 166 167 168 169 170 171 172 174 175 178 180 181 182 185 186 187 189 190 191 192 194 195 196 197 199 200
87 87 88 89 92 93 94 95 96 97 98 99 100 101 102 103 104 105 106 107 108 109 110 111 113 114 115 116 117 119 121 123 124 125 127 129 132 133 136 137 138 140 142 143 144 146 147 148 149 150 151 152 153 154 155 158 159 160 162 165 167 168 169 170 171 172 173 175 176 177 180 181 182 183 184 185 186 187 188 189 190 191 192 193 194 195 197 198 199 200
88 68 89 90 91 92 93 94 95 96 97 98 99 100 101 102 103 104 105 106 108 109 110 111 112 114 116 117 118 121 122 123 124 125 126 127 128 129 130 131 132 133 134 135 136 138 141 142 143 144 145 147 148 149 150 151 152 153 154 155 156 157 158 159 160 162 163 164 165 166 167 169 170 171 172 174 175 176 177 178 179 180 181 182 183 185 186 187 188 189 190 191 196 197 198 199 200
89 60 90 91 93 94 96 98 99 100 101 102 103 105 107 108 110 111 112 114 116 117 118 119 120 122 123 124 125 126 127 128 129 130 131 132 133 135 137 138 140 141 142 144 145 146 147 148 149 150 151 152 154 155 156 157 158 159 160 161 162 164 165 166 168 170 171 172 173 174 175 176 177 178 179 181 182 184 185 186 187 189 190 191 192 193 194 195 196 197 198 199 200
90 49 91 92 93 94 95 97 98 99 100 102 103 106 107 108 109 110 111 112 114 115 116 117 118 120 121 122 124 125 127 128 129 132 133 135 136 137 138 139 141 142 144 149 150 151 152 153 154 155 156 157 159 160 161 162 163 164 165 166 168 169 170 171 172 173 174 175 176 177 178 179 180 182 183 184 187 189 191 192 193 194 195 196 197 198 199
91 19 93 94 95 96 97 98 99 100 101 102 103 104 105 106 108 109 110 111 112 113 114 115 116 118 119 120 121 123 124 125 128 130 131 132 133 135 136 137 138 139 140 141 142 143 144 145 146 147 148 149 150 152 153 154 155 156 159 160 162 163 165 168 169 170 171 172 173 174 176 177 178 180 181 183 184 185 186 188 189 190 192 193 195 196 197 198 199 200
92 42 93 95 96 97 98 99 100 102 103 104 105 106 107 108 109 110 111 112 113 114 115 116 118 119 120 121 122 123 124 125 126 127 128 129 130 131 132 133 134 135 136 137 138 139 140 141 142 143 144 145 146 147 149 150 151 155 156 158 159 160 161 163 165 166 167 169 170 171 172 173 175 176 178 179 180 181 182 183 187 188 189 190 191 192 195 196 198 199
93 81 94 95 96 97 98 99 100 102 104 105 106 107 108 109 110 111 112 113 115 117 118 119 120 121 122 123 124 126 127 129 130 131 132 133 134 136 137 138 139 141 144 145 146 147 148 149 150 151 152 153 154 156 158 159 160 162 163 164 165 167 168 169 170 171 172 173 174 175 176 177 178 179 180 181 182 183 184 186 189 190 191 192 193 194 195 196 197 198 199 200
94 59 97 98 99 100 101 102 103 104 105 106 107 108 109 110 111 113 114 116 119 120 122 123 124 127 128 129 131 132 134 135 136 137 138 139 141 142 143 144 145 146 147 148 149 150 151 152 154 155 156 162 163 164 165 167 168 169 170 171 172 173 174 175 176 177 178 179 180 181 182 184 186 187 189 191 192 195 197 198 199 200
95 38 96 97 98 99 101 102 103 104 105 106 107 108 109 111 113 114 115 117 118 119 120 122 123 124 125 126 128 129 130 131 132 133 134 135 136 137 138 139 140 141 142 143 144 145 146 147 148 150 151 152 153 154 156 157 158 159 160 161 162 163 166 167 168 169 170 171 172 174 177 178 180 181 182 183 184 185 187 188 189 190 191 192 193 194 195 196 198 199
96 25 97 100 102 104 106 107 108 109 110 112 113 114 115 117 118 119 120 121 122 123 124 125 126 127 128 130 131 132 133 134 135 136 137 138 140 141 142 143 144 145 147 148 149 150 152 154 156 157 158 161 162 165 166 167 168 170 171 172 173 175 176 179 180 181 182 183 184 187 189 190 191 192 193 194 195 196 198 199
97 60 98 99 102 103 104 105 106 108 109 110 112 114 116 118 121 122 123 124 125 126 127 128 129 130 131 132 133 134 135 137 138 139 141 142 143 144 146 147 148 149 150 153 154 155 156 157 159 160 161 163 164 165 166 169 170 171 172 173 175 176 177 180 182 183 185 186 187 188 189 190 192 193 194 195 196 197 198 199 200
98 20 100 101 102 103 104 105 107 109 110 112 113 114 115 116 117 118 119 120 121 122 123 124 125 126 127 128 130 131 132 133 134 135 137 138 140 142 143 144 146 147 148 149 150 151 152 153 154 155 156 157 158 159 160 162 163 164 165 167 168 171 172 173 174 175 176 177 178 180 181 182 183 184 185 187 188 189 190 191 193 194 195 196 197 198 199
99 41 100 102 103 104 105 106 107 108 109 110 111 112 113 115 116 120 121 122 123 124 125 126 127 128 129 130 131 132 133 134 135 136 137 138 139 140 143 144 146 147 148 149 150 151 152 153 154 156 158 159 162 163 164 165 166 168 169 170 171 172 174 175 176 177 178 179 181 182 184 185 187 188 189 191 193 194 195 196 197 199 200
100 36 101 102 103 106 107 109 110 111 112 113 114 115 117 118 120 121 122 123 124 125 126 128 130 132 133 134 135 136 137 138 139 141 142 143 144 147 149 150 151 152 155 156 157 158 159 160 161 163 164 165 166 167 169 170 171 172 173 174 175 176 177 178 180 181 182 183 184 186 187 188 189 190 192 193 194 196 197 198
101 41 102 103 104 110 111 113 114 115 116 117 118 119 120 122 126 127 130 131 132 133 134 135 136 138 139 141 142 143 144 145 146 148 149 150 151 152 153 154 156 157 158 159 160 161 162 163 164 166 167 168 169 170 172 173 174 175 176 177 178 179 180 182 184 185 186 187 188 189 191 192 193 194 195 196 197 198 199
102 26 105 106 108 109 110 111 112 113 114 115 116 117 118 119 120 121 122 123 126 127 128 129 130 131 132 134 138 139 140 141 142 144 145 146 147 148 149 150 151 156 157 158 160 161 162 163 164 165 166 167 168 170 171 172 173 175 176 179 180 181 182 184 186 187 188 189 190 191 192 193 195 196 197 198 199
103 100 105 106 107 108 109 110 111 112 113 114 115 117 118 119 120 121 122 124 126 127 128 129 130 131 132 133 134 135 137 138 139 140 141 143 144 146 148 151 152 154 156 158 159 161 163 164 165 167 168 169 170 171 172 173 174 175 177 178 179 180 183 184 185 187 188 190 192 194 195 196 197 199 200
104 49 105 106 107 108 110 111 112 113 114 115 116 117 119 120 121 122 124 125 126 127 128 129 130 131 133 134 135 136 137 138 139 140 141 142 143 144 145 146 147 148 149 150 153 154 155 156 157 159 160 162 164 165 166 167 168 169 171 172 173 175 176 177 178 180 182 183 184 188 189 190 191 192 193 194 195 197 198 200
105 80 106 107 108 109 110 111 112 113 114 115 116 117 118 119 120 121 122 123 124 125 127 128 129 130 131 132 133 135 136 137 138 140 142 143 144 146 147 148 150 152 153 155 156 158 159 160 161 162 163 164 166 167 168 170 171 172 173 175 177 178 179 183 184 185 186 187 189 190 191 192 194 195 196 197 199 200
106 28 107 108 109 110 111 112 113 116 118 119 120 121 122 123 124 125 126 127 128 129 130 131 132 134 135 136 138 141 144 145 146 147 148 149 150 153 154 155 156 157 158 159 160 161 162 163 164 165 166 167 168 169 170 171 172 173 174 175 176 177 178 180 181 182 183 185 186 187 188 190 191 192 193 196 197 198 199 200
107 67 109 111 112 113 114 115 116 117 118 120 121 122 124 126 128 129 130 132 133 134 135 136 137 138 142 144 146 147 148 149 150 151 152 155 157 158 159 160 161 162 163 164 165 166 167 168 171 172 174 176 177 179 180 181 183 184 185 186 187 188 189 190 191 194 195 196 197 198 199 200
108 35 109 111 112 113 114 115 117 118 119 120 121 124 125 126 127 129 130 131 132 133 134 135 136 137 138 140 141 142 143 145 146 147 148 149 150 151 152 153 154 158 159 160 161 165 166 167 168 170 172 173 175 176 177 178 179 180 181 182 183 186 187 188 190 191 192 193 194 195 196 197 198 199 200
109 30 110 111 112 113 114 115 118 119 120 121 122 123 125 127 129 130 132 133 134 136 137 139 140 141 142 143 144 146 147 148 149 151 152 153 155 156 157 158 161 162 163 164 165 166 168 169 171 172 173 174 175 177 178 179 180 181 182 183 184 185 186 187 188 189 190 191 192 193 194 195 196 197 198 199 200
110 25 112 113 114 115 116 117 119 121 122 123 124 125 126 127 129 130 131 132 133 135 136 138 139 140 142 143 144 145 146 147 148 149 151 153 154 155 156 158 159 160 162 163 164 165 167 168 170 171 173 174 176 178 180 181 182 183 184 186 187 188 189 190 191 193 194 197 198 199 200
111 18 112 113 114 115 116 117 119 120 121 122 123 124 125 126 127 128 129 130 131 132 133 134 135 136 137 138 139 140 141 142 143 145 148 149 151 152 153 154 155 156 157 158 159 160 161 162 163 165 166 167 168 169 170 171 172 173 174 175 176 177 178 179 180 182 183 184 185 186 187 188 189 190 192 194 195 197 198 199 200
112 2 113 115 116 117 118 120 121 122 124 125 127 128 129 130 131 132 133 134 135 136 139 140 141 142 143 144 145 146 147 148 149 150 153 155 157 158 159 160 161 162 164 165 166 167 168 169 170 171 172 173 174 175 176 177 178 179 180 182 183 184 185 186 188 191 192 194 196 197 198 199 200
113 30 114 115 116 117 118 119 120 122 123 124 125 126 127 129 130 131 132 134 137 140 141 142 143 145 146 147 148 149 150 151 152 154 155 156 157 159 160 161 162 163 164 165 166 167 168 169 170 172 173 175 176 177 178 179 180 183 184 185 186 187 188 189 190 191 192 193 195 196 198
114 67 115 116 117 118 119 120 121 122 123 124 125 128 130 131 132 133 134 135 136 137 138 141 143 145 146 148 149 151 152 154 155 157 159 160 161 162 163 165 166 167 169 170 171 172 174 175 178 179 182 183 185 186 188 189 191 192 193 194 195 196 197 198 200
115 61 116 118 119 121 122 124 125 126 127 128 129 130 131 132 134 135 136 139 140 141 143 144 145 147 148 149 150 151 153 154 155 156 157 158 159 160 161 162 163 164 165 166 167 168 169 170 171 173 175 176 177 179 181 183 184 186 187 188 189 190 191 192 195 196 197 198 199 200
116 14 117 118 119 120 121 122 123 124 125 126 127 129 130 131 132 133 135 136 137 138 139 141 142 143 144 145 146 147 149 151 152 153 154 155 156 157 159 160 161 162 163 164 165 166 167 168 169 171 172 173 174 175 176 180 181 183 184 186 187 188 189 191 193 194 195 196 197 198 199 200
117 56 119 121 122 123 124 125 126 127 128 129 131 132 133 134 135 136 137 139 140 141 142 143 144 145 146 148 149 150 151 153 154 157 159 161 162 163 164 165 166 167 168 169 171 174 175 177 178 180 181 182 183 184 185 187 188 189 190 191 192 193 194 196 197 198 199 200
118 58 119 120 121 122 123 125 126 127 129 130 131 132 133 135 136 137 138 139 140 141 142 143 144 145 146 147 148 149 150 151 153 154 155 157 158 159 161 162 163 165 167 170 171 172 173 174 176 177 178 180 181 182 183 184 185 187 188 189 190 191 192 194 195 196 197 198 199 200
119 18 120 123 124 126 127 128 130 131 133 134 135 136 138 139 141 142 143 144 145 146 147 148 150 151 152 153 154 155 156 158 161 163 164 165 167 169 170 173 176 177 179 180 181 182 184 185 186 187 188 189 190 192 194 195 196 197 198 199 200
120 22 121 122 123 124 127 128 129 131 132 133 134 135 136 137 138 139 141 142 143 144 145 146 147 148 149 150 151 154 155 156 158 159 160 161 162 163 164 166 168 169 170 171 173 174 175 177 178 179 180 181 182 183 184 185 186 187 190 191 192 193 194 195 196 197 198 199 200
121 49 122 123 124 125 127 128 129 130 131 132 133 134 135 136 137 138 139 140 141 142 143 144 145 146 147 148 149 150 151 153 154 155 156 157 158 159 160 161 163 164 167 168 169 170 171 173 174 175 177 178 179 180 182 183 184 185 186 187 189 190 193 194 195 197 198 199 200
122 44 123 124 126 127 128 129 130 133 134 135 136 137 139 140 141 143 145 146 147 148 149 150 151 153 155 157 158 159 160 161 162 163 164 165 166 167 168 169 171 172 173 174 175 176 177 178 179 180 181 182 183 184 185 186 187 190 192 193 194 195 197 198 199
123 9 124 125 127 128 130 131 133 134 135 136 137 138 139 140 141 142 143 144 146 148 149 150 151 152 153 154 159 160 161 162 163 166 167 173 174 176 177 178 180 181 182 184 186 188 189 190 191 192 193 194 195 196 197 198 200
124 76 125 127 128 129 130 131 133 134 135 136 137 138 139 140 141 142 143 144 145 146 148 150 151 152 153 154 155 157 158 159 160 161 162 163 164 165 166 167 168 170 171 172 173 175 176 177 178 179 180 181 182 183 184 185 188 189 191 192 194 195 196 198 199 200
125 89 126 127 128 129 130 132 133 134 135 137 138 139 140 141 143 146 147 148 149 150 152 155 156 158 159 160 161 162 163 164 167 168 170 172 173 175 176 177 178 179 180 181 182 183 184 185 186 187 188 189 190 191 193 195 196 197 198 199 200
126 46 127 128 129 130 132 133 134 135 136 137 138 139 140 141 142 143 144 145 146 148 149 150 152 154 156 158 160 161 162 163 164 165 166 167 168 169 170 171 172 173 174 175 176 178 179 180 182 183 184 185 186 187 188 189 190 191 192 193 195 196 197 198 200
127 28 128 129 130 131 133 134 135 136 137 138 139 140 141 142 143 144 145 146 147 148 149 150 151 152 153 154 155 156 157 158 159 160 161 162 164 165 166 167 169 170 171 172 173 174 175 176 178 179 180 182 183 184 185 186 188 189 190 192 193 194 195 196 197 198 199 200
128 53 129 130 132 133 134 135 136 137 138 139 141 142 143 144 145 146 147 149 150 151 152 153 154 156 157 158 159 160 161 163 166 167 168 169 170 171 172 176 177 178 180 182 184 185 187 188 189 190 191 192 193 195 197 198 199 200
129 26 130 131 133 135 136 137 139 140 141 143 144 145 146 147 148 149 153 154 155 156 157 158 159 161 162 163 164 165 166 167 169 170 171 172 173 177 178 179 182 183 184 185 187 188 189 191 192 193 194 195 196 197 198 199 200
130 35 132 133 134 135 136 137 139 140 141 142 144 145 146 147 148 149 150 151 152 153 154 155 156 158 160 161 162 164 165 166 167 168 171 172 173 174 175 178 180 184 185 186 187 188 191 192 193 194 195 196 197 198 200
131 59 132 133 134 135 136 137 138 139 140 141 143 144 146 147 148 149 150 151 152 154 156 157 158 159 160 161 162 163 164 167 168 169 170 171 172 173 174 175 176 178 179 181 183 184 185 187 188 189 190 191 192 193 195 196 197 198 200
132 71 133 134 135 136 137 139 141 142 143 144 145 146 147 149 152 154 155 157 158 159 160 162 163 164 165 166 167 168 170 172 173 174 175 177 178 179 180 181 182 183 184 185 186 187 189 190 191 192 194 196 197 198 199
133 38 134 135 136 137 138 139 140 141 143 144 146 147 148 150 151 152 157 159 160 161 162 163 164 166 167 168 169 171 173 174 175 177 178 179 180 181 182 183 184 185 186 187 188 189 190 191 192 194 195 196 198 199 200
134 17 136 137 138 139 140 141 142 143 144 145 146 147 149 151 152 154 155 156 157 158 159 161 162 163 164 165 166 167 169 170 171 172 173 174 176 177 178 179 180 181 183 184 185 186 187 188 189 190 191 192 194 196 197 198 199 200
135 15 136 137 138 139 141 142 143 144 145 146 148 149 150 151 153 154 155 157 158 160 161 162 163 164 165 166 167 170 171 172 173 174 175 176 177 178 183 184 186 187 188 189 190 191 192 193 194 195 196 197 198 199 200
136 34 137 138 140 143 144 145 146 147 149 150 151 152 153 154 155 156 158 159 160 161 162 163 165 167 168 169 171 172 173 174 176 178 179 180 182 183 184 186 187 188 189 191 192 193 194 195 196 197 198 199 200
137 26 138 139 140 142 143 144 145 146 147 149 150 152 153 156 158 163 164 166 168 170 171 172 173 174 175 176 177 178 179 181 182 183 184 186 187 188 189 190 191 192 193 194 195 197 198 199 200
138 4 140 141 142 143 144 145 146 147 148 150 152 153 154 156 157 158 159 160 161 162 163 165 166 167 168 169 170 171 172 173 174 175 176 177 178 181 182 183 184 185 186 187 189 190 191 192 193 195 196 197 199
139 53 140 142 143 144 145 146 147 149 150 151 153 154 155 156 157 158 159 160 163 164 165 167 168 169 170 171 173 174 175 176 177 178 180 181 182 183 184 185 186 187 189 190 191 192 193 194 195 196 197 198 199 200
140 61 141 142 143 144 145 146 147 149 151 152 154 155 156 157 158 159 160 161 162 163 164 165 166 170 171 172 173 174 175 176 177 178 179 180 181 182 183 185 186 191 193 194 195 197 199 200
141 26 143 145 146 147 150 151 152 153 154 155 156 159 161 162 164 165 166 167 168 169 170 173 174 175 176 177 179 180 181 182 185 186 187 189 190 191 193 194 195 197 198 199 200
142 60 143 144 145 146 148 149 150 151 152 153 154 155 156 158 159 161 162 164 165 166 167 168 169 170 171 172 173 174 176 178 179 180 181 183 184 185 186 187 188 189 191 192 193 194 195 196 198 199 200
143 33 144 145 146 147 148 149 150 151 152 153 154 155 157 159 160 161 164 165 166 167 168 169 170 171 172 173 175 176 177 178 181 182 184 185 186 188 190 191 192 194 195 196 197 198 199 200
144 53 145 147 148 149 151 152 153 154 155 157 158 159 162 163 164 165 167 168 169 170 171 173 174 175 176 177 178 179 180 181 183 184 185 186 187 188 189 190 192 193 194 195 196 197 198 199
145 27 146 147 148 150 151 152 154 155 157 158 159 161 162 163 164 165 166 167 168 171 172 173 174 175 177 178 180 182 183 184 185 186 188 189 190 191 194 198 199 200
146 84 147 148 149 150 151 152 153 154 156 157 158 159 160 161 163 164 165 167 169 172 173 174 175 176 177 178 179 180 181 182 183 184 185 187 188 189 191 192 194 195 196 197 198 199 200
147 90 148 149 150 151 153 154 155 156 158 159 160 161 162 163 164 165 166 167 169 170 171 173 174 175 179 180 181 182 183 187 188 189 190 192 193 194 195 197 199 200
148 58 149 151 155 156 157 158 159 160 161 162 164 165 166 167 169 170 171 172 173 174 175 177 178 179 180 181 182 183 184 185 186 187 188 189 190 191 192 193 195 196 197 198 199 200
149 92 150 152 153 154 155 157 158 161 162 163 164 165 166 167 168 170 171 172 173 174 175 176 177 179 180 181 182 183 184 185 186 187 188 189 190 194 196 197 198 199 200
150 31 152 153 154 155 156 157 158 159 160 161 162 163 164 165 166 167 168 169 170 171 172 175 176 177 178 179 180 181 182 183 184 185 186 187 188 189 190 191 192 193 194 195 199 200
151 86 152 153 156 157 158 159 160 162 163 164 165 167 168 169 172 174 175 176 177 178 179 180 181 182 185 186 187 188 190 191 192 193 194 195 196 197 199 200
152 65 153 154 155 156 157 158 159 160 161 162 163 164 165 168 172 173 175 177 178 179 180 181 182 183 184 186 188 189 190 191 192 193 195 196 198
153 73 154 156 157 158 160 161 162 163 164 165 166 167 168 169 170 171 172 173 174 175 176 177 178 179 180 181 182 183 184 185 186 187 189 190 191 193 194 195 196 197 198 199 200
154 20 156 157 158 159 161 162 163 164 165 166 167 168 169 170 171 172 173 174 175 176 177 178 179 180 181 182 183 185 187 188 189 190 191 192 193 194 195 196 197 198 199 200
155 92 157 158 159 161 162 163 164 165 166 167 168 169 170 171 172 173 174 175 176 177 178 179 180 181 182 183 184 185 186 187 188 189 190 193 194 195 197 198 199 200
156 21 157 160 161 164 166 167 168 169 170 171 172 173 174 175 176 177 178 179 180 181 182 183 185 186 187 188 189 190 191 192 193 194 195 196 197 198 200
157 97 158 159 160 161 162 163 165 166 167 168 169 170 171 172 173 174 177 178 180 181 182 183 184 186 188 189 190 191 192 193 194 195 197 198 199 200
158 36 159 160 161 162 164 165 166 168 169 171 172 173 174 175 176 177 178 179 180 181 182 183 184 185 186 187 188 189 190 192 193 194 195 196 199 200
159 99 161 162 163 165 166 167 173 174 175 176 178 179 181 182 183 184 185 186 187 188 189 190 191 192 193 194 195 196 197 199 200
160 68 161 164 166 168 169 170 172 175 176 177 179 180 181 182 183 184 185 186 187 188 189 190 191 193 198 199 200
161 40 162 164 167 169 170 171 172 174 175 176 177 179 180 181 182 183 184 185 186 187 188 189 190 192 193 194 196 197 198 199 200
162 80 164 167 168 169 170 171 172 173 174 175 177 180 181 182 183 185 186 187 188 189 190 191 192 195 196 197 198 199
163 80 164 166 167 168 169 171 172 173 174 176 177 178 180 181 182 183 185 186 187 188 189 190 192 193 195 196 197 198 199 200
164 16 165 166 167 168 169 170 171 172 173 174 175 176 177 178 179 180 181 183 187 188 189 190 191 192 194 195 197 198 199 200
165 44 166 167 168 169 171 172 173 174 175 176 177 178 180 182 183 184 185 186 187 188 189 191 192 193 194 195 197 199 200
166 65 167 168 171 174 175 176 177 178 180 181 182 184 185 187 189 190 191 192 193 194 195 196 197 198 199 200
167 9 168 170 171 172 173 174 175 178 180 181 183 184 186 188 189 190 191 192 193 194 195 196 197 200
168 45 169 170 172 173 174 175 176 177 179 180 183 185 186 187 188 190 191 193 194 195 196 197 198 199 200
169 10 170 171 172 174 175 176 177 178 179 182 183 184 185 186 187 188 189 190 193 194 195 196 199 200
170 19 171 172 173 174 176 178 179 180 181 183 184 186 187 188 189 190 191 192 193 196 198
171 72 172 174 175 176 177 178 179 180 181 182 183 185 186 187 188 190 192 193 194 195 196 197 198 200
172 38 173 174 175 176 177 178 179 180 182 185 186 188 189 190 191 192 193 194 196 197 198 199 200
173 11 174 176 177 178 179 180 181 182 183 184 185 186 187 189 190 191 192 193 195 196 197 198 200
174 91 176 177 178 179 181 182 183 185 186 189 191 193 194 195 197 200
175 59 176 177 178 180 181 182 183 184 186 187 189 192 193 194 197 198 200
176 66 178 180 181 183 185 186 187 188 190 191 192 194 195 196 198 199 200
177 64 178 179 180 181 183 184 185 186 187 188 189 190 192 193 194 195 196 197 198 199 200
178 15 179 180 182 183 184 185 186 187 188 189 190 191 192 193 195 196 198 199 200
179 84 181 182 183 184 185 186 187 188 189 190 191 192 193 194 195 196 197 198
180 95 181 182 183 184 185 186 187 188 189 190 191 192 193 195 197 198 200
181 100 182 183 184 185 186 187 188 190 191 192 194 195 196 197 198 199 200
182 37 183 184 185 187 188 189 190 192 193 194 195 196 197 199 200
183 12 184 185 186 187 189 190 191 193 195 196 197 198 199 200
184 58 185 186 187 188 189 190 191 192 193 194 196 197 198 199 200
185 81 186 187 188 189 190 192 193 194 195 196 197 199 200
186 59 187 188 191 192 193 194 195 197 198 199 200
187 50 188 189 190 192 193 194 196 198 200
188 56 190 191 192 193 195 196 197 198 199 200
189 91 190 192 193 195 197 198 199 200
190 97 191 192 193 194 195 196 197 199 200
191 74 193 194 195 196 197 198 199 200
192 29 193 194 195 196 197 198 199
193 54 194 195 196 198 199
194 14 195 196 197 198 199 200
195 50 196 197 198 199
196 61 197 198 199 200
197 15 198 199
198 27 199
199 30 200
200 62
