200
1 22 4 5 6 8 9 10 11 12 13 17 18 23 25 27 28 30 32 34 35 36 38 39 40 41 42 43 45 46 47 49 50 53 54 55 59 60 62 63 65 66 67 68 69 70 71 72 73 74 81 84 85 86 90 92 94 95 96 98 103 104 105 107 108 109 110 111 112 113 114 117 124 125 126 127 130 132 133 134 136 139 140 141 144 145 146 148 149 150 151 156 157 158 159 160 162 163 165 167 168 169 170 171 172 174 175 176 177 178 179 180 181 182 185 187 189 190 191 192 194 196 197 198
2 47 3 4 8 9 10 12 13 14 15 17 19 21 22 26 27 28 33 34 35 37 41 46 47 48 49 50 51 52 53 55 56 59 61 64 65 68 69 70 71 72 75 77 78 80 81 82 84 86 87 89 90 92 93 94 95 96 97 98 100 101 102 103 104 107 109 110 115 116 117 119 120 121 123 124 126 127 128 134 135 136 137 140 141 142 143 144 145 148 150 154 156 159 161 163 166 169 170 171 172 173 174 175 177 178 179 181 182 183 186 187 188 189 191 195 196 197 198 199 200
3 93 4 5 6 8 11 12 14 15 16 17 18 19 21 22 23 24 28 30 31 32 33 36 37 38 39 41 42 43 44 46 48 50 55 57 59 60 61 64 65 66 70 72 75 76 77 79 80 84 85 88 89 90 91 94 95 97 98 100 101 104 108 110 112 116 117 122 124 126 129 131 133 134 135 137 139 142 144 146 147 148 149 150 151 152 154 156 157 158 159 160 163 165 166 167 170 174 175 176 177 178 180 182 183 185 186 187 189 190 191 195 196 197 199
4 29 7 8 11 12 14 15 19 20 21 23 28 30 32 34 35 37 39 42 45 46 48 49 50 52 55 56 57 58 62 63 66 67 68 69 71 72 73 74 75 77 78 79 80 81 83 84 86 88 89 90 92 93 94 96 97 98 99 100 102 105 107 109 110 115 116 120 121 122 123 125 126 127 128 129 132 135 136 137 139 140 144 145 146 147 149 150 152 153 155 158 161 162 163 164 166 167 171 172 173 174 175 177 178 179 180 181 182 183 184 185 187 188 191 192 193 196 199
5 33 6 8 10 11 12 15 20 22 25 26 27 28 29 31 34 35 36 38 39 42 43 44 45 48 50 51 52 53 54 56 57 62 63 64 65 66 67 69 70 71 72 74 75 76 77 79 80 81 82 83 84 86 87 88 89 92 94 95 97 98 100 102 105 107 108 109 110 112 115 117 120 121 122 123 124 126 127 129 130 132 133 134 136 138 139 142 143 144 146 147 148 149 150 151 155 156 157 159 162 163 166 167 168 170 172 174 175 176 177 178 180 183 185 186 187 188 189 190 191 192 193 194 195 197 198 200
6 33 7 8 9 11 12 13 14 16 17 20 21 22 23 24 26 27 28 30 32 33 34 35 36 37 38 40 41 42 43 44 46 48 49 51 53 54 56 57 60 61 62 63 67 69 73 75 76 77 78 81 82 84 86 87 88 89 91 92 93 96 97 99 102 104 106 107 108 109 111 113 115 119 120 121 122 124 125 126 127 129 131 134 135 137 139 140 141 142 143 145 146 147 148 150 152 154 155 156 158 159 162 163 165 166 167 168 170 171 173 174 175 176 178 181 182 184 185 186 187 189 190 193 195 196
7 70 8 9 11 13 14 18 19 20 21 23 24 25 27 28 29 30 31 33 38 39 42 43 44 45 46 49 54 56 57 58 60 63 64 65 68 71 72 73 74 81 84 85 86 87 89 90 91 92 93 97 98 99 101 104 109 110 112 113 114 115 116 117 119 120 121 122 124 125 130 131 132 133 137 138 139 140 142 144 146 147 148 149 151 152 155 156 159 161 162 164 165 168 170 172 174 178 180 181 182 183 185 186 187 188 189 190 191 192 193 194 195 198 199
8 72 10 15 17 18 19 21 22 23 25 26 32 33 35 36 39 40 43 46 48 53 55 57 58 59 61 62 63 64 65 66 69 71 72 73 74 75 76 80 83 84 85 88 89 92 94 98 99 100 103 105 106 107 108 112 113 114 118 120 121 122 126 127 131 132 133 138 139 141 142 144 145 147 148 150 151 152 155 157 158 160 162 164 165 166 167 168 169 170 171 173 174 175 176 177 179 181 183 184 186 187 188 189 190 192 193 195 196 197 198 199 200
9 69 10 11 12 13 14 15 16 19 22 23 24 26 27 29 30 32 34 37 39 40 43 44 47 53 55 56 58 60 63 64 66 68 70 71 72 74 76 77 80 83 85 86 87 89 90 91 92 93 94 96 99 100 101 103 104 108 114 115 117 118 125 126 127 129 134 135 140 143 144 147 148 149 150 151 153 156 159 163 166 167 168 170 171 176 177 180 182 183 185 187 188 190 191 192 196 197 198 200
10 47 11 12 14 15 17 18 20 21 23 25 27 28 29 30 32 35 37 41 43 45 46 47 48 51 52 54 55 58 59 61 63 65 68 69 75 76 77 78 80 81 82 83 84 85 86 87 88 89 92 93 96 97 98 99 100 101 102 103 104 105 106 107 110 111 112 113 114 116 117 118 119 121 125 126 127 130 131 132 133 136 137 141 142 143 144 145 149 150 151 153 155 156 159 161 162 168 171 173 174 180 181 182 183 185 187 188 189 190 191 192 194 200
11 59 12 13 14 15 17 18 22 25 26 27 29 31 35 36 38 39 40 44 46 47 49 52 56 58 59 62 63 64 66 67 68 70 71 73 75 76 77 79 80 81 82 84 86 87 88 92 93 95 98 99 100 101 102 104 105 107 108 109 111 120 121 122 123 125 126 129 130 131 133 134 135 136 137 138 140 142 143 145 146 147 148 149 150 151 152 154 156 157 158 160 162 164 165 167 169 171 172 173 174 176 178 179 180 181 182 184 187 188 189 190 191 192 196 197 198 199
12 27 13 15 16 17 18 19 20 24 25 26 28 29 31 32 35 36 40 41 42 44 45 46 47 48 51 52 53 59 60 61 62 64 65 66 67 68 69 71 74 76 78 79 80 81 82 86 88 89 90 91 92 93 94 95 97 99 100 101 102 105 107 108 109 110 111 113 115 116 117 120 121 122 123 124 126 127 132 133 134 135 136 137 139 140 141 142 144 145 147 150 151 153 154 155 158 159 161 162 164 167 168 171 172 173 174 180 182 184 185 187 189 190 191 192 193 195 197 198 199 200
13 65 14 15 19 20 22 23 24 26 28 30 31 32 34 35 36 37 38 39 42 44 45 47 51 52 54 58 60 61 62 63 65 66 67 70 71 74 77 78 80 81 83 84 85 89 91 93 94 95 96 99 101 104 105 106 107 108 109 110 111 112 113 114 116 118 119 120 121 122 127 128 129 130 135 136 139 140 141 143 144 145 146 147 150 151 152 153 154 155 156 158 159 161 162 165 166 167 169 172 174 175 176 177 178 179 180 181 182 184 187 189 192 194 195 196
14 62 16 18 19 20 23 27 28 29 30 32 33 35 36 38 39 41 42 43 44 45 48 49 50 53 54 55 56 57 61 63 64 65 66 67 68 69 70 72 76 77 79 80 84 85 91 92 93 95 96 97 98 100 101 102 103 105 106 107 109 110 113 115 117 118 119 121 123 126 127 129 132 134 136 137 138 139 140 142 145 146 147 148 152 155 156 157 158 159 160 165 166 168 169 171 172 174 175 176 177 179 181 183 185 186 188 189 190 191 195 196 198 200
15 42 16 18 19 20 22 23 25 28 30 31 37 38 39 41 43 45 52 53 54 57 59 60 61 62 63 65 66 67 69 73 75 77 80 81 82 83 85 86 87 93 94 95 96 97 98 99 100 102 103 104 108 110 111 112 113 114 115 116 117 120 121 124 126 127 129 130 133 135 136 137 138 139 141 142 143 146 147 149 152 153 154 155 157 158 159 161 163 164 165 166 167 169 174 175 176 178 179 180 181 182 183 185 186 187 189 190 191 192 194 195 196 198 199 200
16 45 17 19 20 22 23 24 25 27 29 30 32 33 39 40 41 43 44 46 49 51 52 53 55 56 58 59 62 63 65 66 69 70 71 72 73 74 75 76 81 82 84 85 87 88 89 90 91 92 93 95 96 97 98 101 102 103 104 106 108 109 110 111 112 113 116 117 118 120 121 123 124 126 129 130 131 132 136 137 139 140 143 144 145 146 147 148 151 153 154 156 157 159 160 161 162 163 164 166 167 169 171 172 173 174 178 179 180 184 185 186 187 189 190 191 192 193 198
17 41 24 28 32 33 34 35 36 38 39 40 41 46 48 49 51 52 53 54 55 57 60 62 63 65 66 67 70 71 72 75 77 79 80 81 82 83 84 87 88 89 90 92 93 95 98 101 103 104 106 108 109 111 112 113 115 116 117 122 123 126 128 131 134 138 139 140 141 145 147 148 150 153 155 156 157 158 161 164 165 166 167 168 172 173 174 175 176 178 180 181 186 189 190 191 192 194 197 198 199
18 85 19 20 22 23 25 26 30 31 32 34 35 41 42 43 44 45 46 49 50 52 53 54 55 56 57 58 59 60 61 62 63 64 65 67 69 70 71 72 73 74 77 78 79 82 83 84 85 87 91 92 93 94 95 97 100 102 105 107 108 112 113 114 115 116 121 123 124 125 127 129 131 132 133 134 135 137 138 139 140 141 145 146 148 152 153 157 159 161 162 166 167 170 172 173 174 175 176 178 179 180 185 186 188 192 196 197 198
19 82 20 21 22 23 28 29 30 31 32 33 34 36 37 38 39 40 41 42 43 45 46 47 50 51 52 53 54 56 57 59 61 62 65 67 68 69 70 71 73 74 75 76 77 78 83 86 87 90 93 94 96 98 101 102 103 107 108 109 110 113 115 117 118 119 120 125 126 128 129 131 132 133 135 141 142 144 146 148 149 151 152 153 159 160 161 162 163 165 166 167 168 169 171 173 174 175 177 179 180 182 186 187 188 189 193 195 196 197 198 199 200
20 45 23 24 27 29 31 32 34 35 36 37 41 42 45 48 49 53 54 55 56 57 63 64 65 66 67 70 72 73 74 75 76 82 83 84 85 89 90 91 92 93 94 95 100 101 102 104 105 106 109 110 113 115 116 117 119 121 122 123 124 125 126 127 128 129 130 131 132 133 134 138 141 145 146 148 150 151 153 154 155 156 157 160 161 162 163 165 166 168 169 171 172 173 174 175 176 177 179 180 181 182 183 184 187 189 190 191 192 194 200
21 39 22 23 24 25 26 28 33 36 37 40 43 47 50 53 56 57 59 62 64 65 67 70 71 72 73 74 75 77 78 79 80 81 82 83 84 86 87 90 91 92 97 100 102 104 105 106 107 108 109 112 113 118 119 120 122 125 126 127 129 130 131 133 134 137 138 139 140 141 144 145 147 148 152 157 160 161 162 164 165 166 167 168 169 170 173 175 178 179 180 182 184 185 186 188 190 191 192 194 196 198 200
22 71 23 26 28 29 30 31 32 36 37 39 41 42 43 45 46 47 48 49 50 51 52 53 55 59 61 62 63 66 68 71 72 73 74 75 76 78 79 80 82 84 87 90 91 94 95 96 100 101 102 103 106 107 109 110 112 113 114 118 123 124 126 128 129 130 131 132 133 135 136 137 138 141 142 145 147 149 150 151 152 154 156 159 160 161 162 163 164 165 166 167 168 171 172 173 176 177 178 179 181 182 183 184 186 187 189 190 194 195 196 199 200
23 27 25 27 28 29 31 33 34 37 39 40 43 47 48 49 51 53 57 60 66 67 68 69 72 73 76 77 79 82 83 84 85 86 88 89 90 91 92 94 97 99 103 105 106 108 109 110 111 112 113 115 116 117 118 122 123 124 127 128 130 132 133 134 135 137 138 141 142 143 144 145 146 150 153 154 155 159 165 167 168 169 170 171 172 173 178 179 180 182 183 184 185 187 189 190 191 192 193 194 195 196 197 199 200
24 89 26 27 28 30 32 34 35 37 39 41 42 43 44 46 47 50 58 60 61 62 63 69 70 71 74 75 77 79 80 81 82 84 86 88 91 93 94 98 100 101 102 104 105 107 108 109 111 112 114 115 116 120 122 123 124 125 127 128 129 132 133 139 140 141 142 146 147 148 150 151 152 153 155 156 158 159 163 166 169 170 171 172 173 175 176 177 178 179 180 182 183 185 186 187 188 189 190 191 192 197
25 52 26 29 30 32 33 35 37 38 39 40 41 45 46 48 49 50 51 52 53 54 55 56 57 59 62 65 67 68 71 72 73 74 76 79 81 82 84 85 86 87 88 89 90 91 92 93 94 97 98 102 103 104 105 106 107 110 111 113 114 115 116 117 118 119 120 121 122 126 128 131 134 135 137 138 139 140 141 145 146 147 149 150 152 153 154 156 158 159 161 163 165 166 168 169 173 174 177 179 181 182 183 184 185 186 189 190 192 194 195 197
26 24 27 28 30 31 34 39 40 42 43 44 45 46 47 52 53 54 55 56 63 65 67 69 72 73 74 75 76 78 80 82 87 88 90 92 94 96 98 99 102 103 105 107 110 112 113 114 116 120 121 124 125 126 127 129 131 133 137 139 140 141 143 144 145 146 147 149 150 152 154 155 156 157 160 165 167 168 169 171 173 176 177 178 179 180 181 182 183 184 185 188 191 192 193 194 197 198 199 200
27 31 29 30 31 32 33 35 36 38 42 45 48 51 52 53 55 58 60 63 64 65 66 67 68 70 72 73 74 75 77 78 82 84 86 87 89 90 91 92 93 95 96 97 98 99 100 101 102 106 108 109 110 111 112 113 114 116 117 120 121 122 124 125 126 128 129 130 132 136 137 138 140 141 142 143 144 145 146 151 153 154 156 157 158 159 160 161 162 163 165 166 167 168 169 172 173 175 176 178 179 182 183 184 185 186 187 188 189 190 191 192 193 194 195 197 198 199
28 70 29 30 31 33 36 37 39 40 44 45 46 50 51 55 56 57 58 59 60 61 62 63 65 67 68 70 72 73 80 81 82 87 89 90 92 96 97 99 100 101 102 103 104 106 108 109 112 113 114 115 119 120 122 123 126 128 129 130 132 133 134 137 138 143 145 146 147 148 149 150 151 153 154 157 158 162 163 164 166 167 168 169 170 171 178 179 180 181 183 184 185 186 187 188 189 190 191 192 193 195 196 197 199 200
29 87 31 33 34 38 39 42 44 46 48 49 52 53 55 56 58 60 61 62 64 66 67 68 69 70 71 73 75 76 77 78 79 80 81 82 84 85 86 87 92 93 96 97 98 99 100 102 104 105 108 113 114 115 116 117 118 121 122 125 128 129 130 131 135 136 137 139 140 143 146 148 149 150 151 156 157 160 162 163 164 166 167 168 169 171 173 174 176 178 179 180 181 182 184 185 186 187 188 189 191 194 195 196 197 199 200
30 32 31 32 33 34 38 39 40 42 45 48 52 54 55 56 59 61 62 64 67 68 69 70 71 72 73 74 76 78 79 81 84 85 89 90 91 93 94 96 97 99 100 103 108 109 110 112 113 115 116 117 122 124 125 126 127 130 132 133 134 135 137 138 144 146 147 148 151 152 153 156 157 158 159 160 163 164 166 171 172 174 176 178 179 180 181 182 183 184 187 188 190 191 193 195 199 200
31 43 34 35 37 38 40 41 42 45 46 47 49 50 51 52 55 56 57 58 61 63 65 66 71 73 75 76 81 82 83 84 85 88 91 93 94 97 98 101 102 105 108 109 110 111 114 115 116 117 119 120 121 123 125 128 131 132 135 136 138 140 141 142 143 144 146 147 148 152 154 155 159 160 161 162 166 170 171 172 173 174 176 177 184 185 190 191 192 193 195 197 200
32 26 33 35 36 37 39 40 42 49 50 52 53 54 55 56 57 58 63 65 70 73 74 75 76 80 83 88 89 90 91 93 94 95 96 97 99 102 104 106 107 108 111 115 116 117 119 121 122 123 126 127 128 130 131 132 133 134 135 136 137 143 144 145 146 147 148 151 152 153 155 156 159 162 163 164 169 171 175 177 179 180 182 183 184 185 186 187 188 189 190 191 192 194 196 197 198
33 28 34 35 36 37 38 39 40 41 42 43 45 46 49 50 51 52 54 55 56 60 61 62 63 64 65 67 68 70 74 75 78 81 82 84 85 86 88 90 91 92 96 103 105 106 109 115 116 118 120 121 122 125 126 127 129 130 131 132 133 134 135 136 137 140 141 142 143 145 146 147 151 153 154 156 157 158 159 160 161 162 165 166 167 168 169 170 172 173 174 175 177 178 179 180 183 185 186 187 189 192 193 194 195 196 199 200
34 61 37 38 40 41 44 47 51 52 53 54 55 56 57 59 60 62 64 66 68 69 70 71 72 73 74 75 76 79 82 83 85 86 88 90 91 92 93 97 98 99 100 102 104 105 107 110 111 112 113 114 120 121 122 124 126 128 132 133 134 136 137 139 140 141 142 143 145 148 149 150 151 152 153 154 156 158 160 162 163 164 165 168 169 171 174 175 176 180 182 183 185 186 187 188 190 191 193 194 195 196 197 200
35 44 36 38 40 41 43 45 47 48 51 52 53 55 56 57 60 62 64 65 66 68 71 73 74 76 79 80 82 83 86 89 90 92 93 95 96 97 100 102 103 104 105 106 108 112 113 114 116 118 119 120 121 123 126 127 128 130 131 132 134 135 137 138 139 143 144 147 148 150 152 153 156 157 158 163 166 168 172 173 176 177 178 179 180 181 182 184 185 186 188 189 191 193 196 197 200
36 98 37 39 41 44 46 49 50 51 53 54 57 58 59 61 63 66 67 68 69 71 72 75 76 77 78 79 81 82 84 87 88 90 91 93 94 95 97 98 99 100 101 103 104 105 106 108 110 111 112 113 114 117 118 119 120 122 124 125 126 129 130 134 137 138 139 140 144 145 147 148 149 150 151 152 153 155 156 157 158 160 164 165 166 167 170 171 173 174 176 177 178 179 181 182 183 184 185 187 188 189 190 191 192 193 195 196 197 198 200
37 34 38 40 42 43 45 46 47 49 51 52 54 55 56 57 58 60 61 62 63 65 66 68 71 74 75 76 80 81 83 86 88 89 92 93 94 97 98 100 103 106 109 115 116 117 118 123 126 129 133 134 137 142 143 144 146 148 149 150 151 155 156 158 160 163 164 165 166 167 169 172 175 177 180 183 186 187 188 189 192 194 195 197 199 200
38 46 39 42 43 44 47 48 49 50 51 52 53 59 61 62 64 66 67 68 70 72 73 75 76 78 80 81 82 84 86 87 89 90 93 94 95 96 97 98 99 100 103 104 105 107 108 109 111 114 119 120 122 125 128 131 132 134 136 137 138 141 142 146 147 148 149 150 152 154 155 157 158 161 164 166 168 169 170 171 172 174 177 180 181 182 183 185 186 187 188 189 190 192 196 197 198 199 200
39 92 41 42 44 45 48 49 50 51 52 54 56 57 58 59 60 61 62 63 64 65 66 67 70 72 73 74 75 76 77 80 81 82 83 85 86 87 88 89 90 91 93 94 95 98 99 101 102 105 106 107 108 109 110 112 114 117 120 121 123 124 128 134 135 136 137 139 140 142 145 146 149 151 154 155 156 157 158 159 161 166 169 171 172 173 174 178 181 182 183 184 186 187 188 190 192 193 194 198 199
40 64 42 43 44 45 46 47 48 50 52 55 57 61 64 68 73 76 77 78 79 81 83 86 87 88 95 97 99 100 101 103 104 105 106 108 109 110 111 114 119 120 122 123 125 128 135 136 137 138 139 141 145 146 147 148 149 150 152 153 155 157 158 159 160 161 162 163 164 165 166 168 171 172 173 175 177 178 179 180 183 184 186 188 189 191 192 193 194 195 197 199 200
41 73 42 43 44 45 46 47 48 52 53 55 56 58 59 60 62 63 67 68 73 75 76 79 80 81 82 87 88 91 92 94 98 103 104 105 106 107 111 113 114 116 118 121 122 126 128 131 132 134 136 137 139 140 143 144 147 148 153 154 155 157 158 160 161 162 163 164 165 168 169 170 171 172 173 174 177 179 180 181 182 183 186 187 190 191 192 193 194 195 196 197 198 200
42 30 45 46 51 52 53 54 55 58 59 60 61 62 63 64 67 70 71 73 74 75 79 81 82 83 84 89 90 93 95 98 99 102 103 104 105 106 108 109 110 111 112 114 115 118 120 122 124 126 127 128 129 131 134 135 139 141 142 143 146 147 148 149 150 151 152 155 156 157 159 161 163 165 167 168 170 171 173 176 177 182 185 186 189 190 192 193 196 198
43 96 46 47 48 51 52 55 56 57 60 64 68 71 72 74 76 78 79 80 81 82 83 85 86 87 88 89 91 94 95 96 98 99 100 105 106 107 109 110 111 112 113 114 115 118 123 124 126 128 129 131 132 133 134 135 139 143 146 147 148 149 150 151 154 155 158 162 163 164 167 170 171 172 173 174 175 176 179 180 183 184 185 186 187 188 189 190 191 193 195 196 197 198 199 200
44 57 45 46 51 54 55 57 58 60 62 64 65 67 68 69 70 72 73 75 77 81 82 84 85 89 90 93 94 100 101 102 109 110 111 112 113 115 117 118 119 123 127 131 132 133 135 136 137 139 140 146 148 149 151 152 153 154 156 158 160 161 162 164 165 166 167 168 170 171 174 176 177 179 180 183 184 185 186 187 188 189 193 194 195 196 198 199 200
45 48 46 47 52 53 59 61 62 63 64 66 68 69 76 77 78 80 82 83 84 86 88 89 90 92 96 98 100 101 102 103 104 106 107 108 110 111 114 115 116 118 119 122 127 129 130 131 133 134 135 136 139 140 143 144 146 147 148 149 151 153 155 156 158 160 161 162 163 164 167 170 174 175 176 177 181 186 187 188 191 193 194 196 197 198 199
46 83 47 48 51 52 54 55 56 60 61 62 63 65 66 67 69 70 71 73 77 79 80 82 84 86 87 88 90 91 97 98 99 100 101 102 105 108 109 111 112 114 117 118 119 120 123 127 131 132 134 136 137 138 141 144 145 148 150 151 152 153 157 158 159 160 162 164 166 167 168 169 172 173 174 175 176 179 180 181 185 186 187 190 191 193 194 195 198 199 200
47 56 49 51 54 55 59 60 61 62 64 66 69 70 72 73 75 76 77 78 79 84 85 86 87 89 90 93 94 95 97 99 100 101 103 104 108 110 113 119 120 121 123 124 126 127 128 129 130 131 132 133 134 136 139 140 141 142 143 144 145 146 147 148 149 150 151 152 153 155 156 158 159 162 164 165 167 168 169 170 175 177 178 181 182 185 187 188 189 190 195 196 197 198 200
48 59 50 51 52 53 58 60 61 62 63 65 66 70 72 74 75 76 77 78 79 80 81 84 85 86 87 88 89 90 91 92 94 95 98 105 106 108 112 115 116 117 118 119 122 123 124 128 129 132 133 134 136 137 139 144 149 150 153 156 158 161 168 170 171 174 175 176 178 181 182 183 184 185 186 187 190 191 192 193 194 195 196 197 199
49 33 51 52 55 56 57 58 59 60 61 66 68 69 70 71 72 73 74 76 77 79 81 83 85 88 89 90 91 92 95 99 101 102 103 104 105 107 108 109 110 111 112 115 116 117 120 122 124 125 126 127 129 130 131 132 133 135 137 141 142 143 145 146 148 149 151 156 157 158 159 160 164 165 166 168 169 170 172 173 175 178 179 181 182 186 191 192 195 196 197 199
50 60 52 53 54 55 57 58 59 61 62 63 64 65 66 67 70 71 74 76 78 79 80 81 83 84 85 88 89 92 93 94 95 96 97 98 99 101 103 106 110 111 113 114 115 116 118 119 120 123 124 125 126 128 130 134 136 137 138 139 141 144 147 148 151 155 156 157 158 159 160 162 163 165 166 169 170 171 172 175 176 179 181 183 184 185 186 189 190 192 193 194 195 196 197 200
51 67 52 53 56 57 58 59 62 63 66 68 69 70 71 72 74 76 77 81 85 86 87 90 91 92 97 98 100 101 104 105 107 110 111 114 117 118 119 121 122 123 124 125 130 131 136 137 141 142 144 145 146 147 148 149 150 152 153 154 155 156 158 160 161 164 165 166 168 169 170 171 172 173 174 176 178 179 180 181 185 186 187 189 190 191 192 193 194 195 197 198 199 200
52 96 53 55 56 57 61 63 66 67 68 70 72 73 76 78 79 84 86 87 89 90 92 93 95 96 97 99 100 101 102 103 104 106 107 109 111 114 115 116 117 118 119 120 122 123 126 127 128 131 133 135 136 137 141 144 147 148 149 150 151 153 154 155 156 158 159 160 161 162 163 164 165 171 172 173 174 175 178 179 180 181 182 184 185 186 187 189 190 193 195 197 198
53 93 55 56 58 59 60 63 65 66 67 68 70 71 73 74 75 76 78 79 81 83 84 85 86 87 88 89 90 93 94 95 97 98 99 100 102 103 104 105 106 107 108 109 110 111 112 113 114 115 117 119 122 124 126 127 128 130 131 133 134 137 138 139 145 147 148 149 151 153 154 155 156 157 158 160 161 164 165 166 168 169 170 171 175 177 180 181 182 183 184 185 186 187 188 189 190 191 195 197
54 92 55 56 57 58 59 60 62 63 65 66 68 71 73 74 75 77 78 79 80 82 83 85 86 87 88 89 91 93 95 97 98 99 101 102 103 104 105 107 109 110 111 112 113 114 117 118 119 122 123 124 125 127 128 129 133 134 135 136 138 139 142 144 145 148 149 150 151 152 153 154 155 157 159 160 161 162 163 164 167 168 170 174 176 177 179 180 181 185 186 187 188 191 193 195 197 198 200
55 87 58 59 61 62 65 66 67 68 69 70 71 73 77 80 81 83 84 85 86 88 89 91 92 93 94 97 98 104 105 111 113 114 115 117 119 120 122 123 124 125 128 129 130 131 132 135 139 140 143 144 146 147 149 150 152 153 154 155 156 158 159 162 163 164 165 166 168 169 170 172 173 174 175 178 179 180 183 185 186 187 190 191 193 194 197 198 200
56 26 59 62 63 65 66 67 68 71 73 77 79 82 83 86 88 89 90 91 92 95 96 98 99 108 110 111 113 117 118 119 121 124 125 126 127 132 133 134 135 136 137 138 139 140 144 147 150 152 153 156 157 158 159 161 162 163 164 168 170 172 175 178 179 181 184 185 189 191 192 193 194 195 196 197 198 200
57 49 58 62 63 64 66 67 72 73 74 75 77 78 79 80 81 82 83 84 86 87 88 89 90 92 95 98 99 101 104 105 106 108 112 113 114 115 116 118 120 122 123 124 126 128 130 131 132 133 135 136 138 141 143 144 146 147 148 150 151 153 154 156 157 160 163 164 166 167 168 169 170 172 173 174 175 176 177 178 179 181 182 184 185 186 189 190 192 193 195 196 198 199
58 59 59 61 65 66 67 68 69 70 72 73 75 76 77 80 81 82 83 84 86 89 90 91 92 93 95 96 98 100 101 102 105 106 107 109 112 113 114 115 116 117 119 120 121 122 123 124 127 129 131 132 133 135 136 137 139 140 141 142 143 147 148 150 152 153 156 157 158 159 160 161 162 163 164 165 167 168 171 172 173 174 175 176 178 180 181 182 183 185 189 191 193 194 195 196
59 55 60 62 63 64 67 68 69 70 71 72 73 78 79 81 82 84 88 89 90 91 94 95 97 98 99 101 102 104 106 108 109 110 112 113 114 116 117 118 120 123 124 125 127 128 129 131 132 133 134 136 138 139 140 141 142 143 144 145 148 150 153 154 156 157 159 160 161 162 170 171 173 179 184 185 188 193 194 196 198 199 200
60 32 64 66 67 69 71 72 73 77 78 80 84 85 86 87 88 89 92 93 94 96 97 98 99 101 102 103 104 105 106 107 109 110 111 112 113 114 119 121 122 125 126 130 132 133 134 135 138 139 140 141 145 147 148 149 150 151 152 153 154 156 157 158 161 168 169 171 173 174 176 177 179 181 182 183 185 186 187 189 190 192 193 194 196 197 199 200
61 32 62 63 64 65 67 68 70 71 73 77 79 83 84 87 88 89 90 91 92 93 94 96 98 100 102 103 108 109 110 111 114 115 116 117 118 122 124 125 127 128 133 134 136 138 139 143 144 145 147 148 149 151 153 154 155 158 159 160 161 162 164 169 170 171 172 174 178 179 181 184 186 187 188 190 191 192 193 198 200
62 85 64 66 67 68 69 71 74 77 78 82 83 84 85 86 90 91 92 93 95 96 98 100 106 107 108 109 110 112 114 115 116 124 125 126 127 128 129 130 131 133 134 136 138 139 141 142 143 144 146 147 148 149 151 155 159 160 161 162 163 164 169 172 174 176 177 178 179 180 181 182 183 184 185 186 187 189 192 195 196 197 198 199
63 45 64 66 67 70 71 73 75 76 77 79 80 83 84 88 90 91 92 95 96 98 99 100 101 103 105 107 108 109 111 112 113 114 115 116 118 121 123 128 130 136 137 140 141 142 143 144 146 149 150 153 154 155 156 157 160 161 162 163 164 165 166 167 175 177 178 179 180 183 184 185 188 190 194 195 196 198 200
64 64 69 70 71 72 73 75 78 82 83 85 88 89 92 93 95 97 100 102 103 105 106 107 108 109 110 114 117 119 120 122 123 124 127 131 134 135 136 138 139 141 143 144 145 148 149 151 153 154 155 156 157 158 162 163 165 166 168 169 170 174 175 177 182 184 191 193 194 197 199 200
65 59 66 67 68 70 74 75 76 77 79 80 81 82 83 84 86 87 88 91 92 93 94 95 96 97 100 101 102 104 107 108 109 110 111 112 113 114 115 116 119 120 121 122 123 126 129 130 131 132 133 134 136 137 138 140 143 144 147 149 150 151 152 153 154 156 157 159 163 164 165 166 167 168 169 170 172 173 174 175 176 180 181 182 183 184 185 186 189 190 191 192 195 196
66 67 67 68 69 71 75 76 77 79 80 82 83 86 89 92 94 95 96 97 98 99 102 103 104 107 108 110 111 112 113 114 115 116 117 118 119 121 122 123 124 127 128 130 134 135 136 137 139 140 141 143 146 147 148 150 151 152 157 158 159 160 161 163 164 166 168 169 170 173 174 175 178 179 184 185 187 190 191 196 197 198 200
67 62 68 73 75 76 77 79 80 82 84 87 88 92 93 95 97 99 100 101 104 107 108 110 112 113 115 116 118 119 120 122 124 125 130 131 133 135 138 140 141 142 143 144 145 146 147 148 149 151 152 153 154 159 160 161 163 164 166 167 169 170 171 172 173 175 179 180 181 182 184 185 189 196 197 199 200
68 73 69 70 71 73 74 75 76 77 78 79 81 82 83 88 90 91 92 94 95 96 97 99 101 105 106 107 108 110 112 113 114 116 117 119 121 122 123 124 125 126 128 130 131 132 133 134 137 138 139 140 144 146 147 148 150 151 152 153 154 156 157 159 160 161 162 167 168 170 171 173 174 177 178 180 181 185 187 188 189 197 199 200
69 73 71 72 73 74 75 79 80 83 86 87 89 91 92 94 95 96 97 98 99 100 103 104 105 108 109 112 113 115 116 117 119 121 122 124 125 126 127 129 130 132 133 134 135 137 138 141 142 144 145 149 150 152 156 159 162 164 166 167 170 172 173 176 177 178 179 180 181 182 184 185 186 187 191 192 197 198 199 200
70 22 72 73 74 75 78 79 80 81 82 83 84 85 86 89 90 91 92 93 95 97 98 101 102 103 105 106 107 108 110 114 116 119 120 121 124 125 126 129 130 132 134 135 136 137 138 139 141 142 143 144 145 146 147 148 152 154 155 159 160 161 163 165 166 167 168 169 170 171 174 177 178 179 180 181 183 184 185 187 191 193 194 195 196 198 200
71 70 72 76 78 82 83 84 89 90 91 92 95 96 97 98 99 101 105 106 107 110 112 113 114 115 116 118 119 122 125 128 129 131 133 134 135 136 137 138 141 142 144 145 149 150 154 156 157 158 160 161 162 165 167 168 171 172 175 176 177 178 179 183 184 185 187 189 190 191 192 193 194 195 197 198 199
72 89 74 75 77 78 79 81 83 84 85 86 87 89 90 92 93 94 95 96 97 98 100 103 104 105 106 107 110 111 112 113 116 117 119 120 121 122 125 126 128 130 131 133 134 136 138 139 141 142 145 147 149 150 152 155 157 158 159 160 161 162 165 166 167 169 170 171 172 173 179 180 182 183 186 187 193 194 196 198 199 200
73 41 74 75 76 78 79 80 81 83 84 85 86 87 88 90 91 94 95 98 99 102 103 105 106 109 111 112 113 114 115 117 118 119 120 121 122 123 124 125 127 128 129 130 134 135 136 137 138 139 140 142 143 144 145 146 147 148 149 150 151 153 155 157 159 160 164 166 171 172 175 176 179 182 183 185 187 189 190 192 193 194 195 197 198 200
74 87 78 80 81 82 83 84 85 86 87 89 92 93 94 95 96 98 101 102 103 105 107 109 110 111 113 114 115 116 118 120 124 125 127 128 131 135 136 138 140 141 143 145 147 148 149 150 152 153 154 155 157 158 160 163 164 165 167 168 169 170 171 172 174 175 176 177 179 181 185 186 187 188 189 191 194 197 198 200
75 85 77 78 79 81 82 83 84 85 86 90 92 93 95 96 98 100 101 105 108 109 110 111 115 117 119 121 122 125 126 128 129 130 132 133 134 135 137 138 140 141 143 144 147 149 150 152 157 159 165 166 169 170 172 173 175 176 179 180 182 183 184 187 188 189 191 194 196 197 198 199
76 44 77 78 79 80 81 82 83 85 89 90 91 94 97 99 100 101 102 104 106 108 110 111 113 114 115 119 121 122 123 124 125 126 127 129 130 131 134 139 140 141 143 144 148 149 150 151 153 156 158 160 164 165 166 168 171 176 178 179 180 183 184 185 186 187 188 194 195 196 197 199 200
77 88 78 79 82 84 85 86 87 89 93 94 95 97 98 100 106 107 109 110 111 112 116 117 118 120 121 123 124 126 127 129 130 131 132 134 135 136 137 138 140 142 143 148 150 151 153 154 156 157 158 159 160 161 162 164 165 166 167 168 169 170 172 173 174 175 176 177 178 179 180 181 184 186 188 189 190 191 192 194 195 196 200
78 78 81 82 84 87 88 90 91 92 93 96 98 99 100 103 104 105 108 110 111 116 117 118 120 121 124 126 127 128 129 134 135 136 137 140 142 143 145 146 147 148 149 150 154 155 156 157 159 160 161 163 164 166 167 168 171 173 174 175 177 178 179 180 181 182 183 184 185 186 187 190 191 192 193 194 195 196 198 199
79 37 80 81 82 83 85 87 88 89 94 95 96 99 100 101 102 111 112 114 115 117 120 121 123 124 126 127 128 129 130 131 132 133 134 135 136 137 138 139 140 141 142 143 144 145 147 148 149 150 152 153 154 155 156 161 162 165 166 167 168 169 172 174 175 176 178 179 180 182 183 184 186 187 189 196 197 198 200
80 94 82 83 84 85 86 87 89 91 93 94 96 97 100 101 103 108 109 110 111 112 114 116 117 119 120 122 123 124 127 128 129 133 134 136 137 138 140 141 142 145 146 147 150 151 152 153 157 158 162 163 166 169 170 171 172 173 175 176 179 180 181 184 186 187 188 189 191 194 195 196 199 200
81 31 82 83 84 87 88 90 91 95 96 97 98 99 101 102 105 106 107 108 110 111 112 113 115 116 117 118 119 121 123 124 127 128 129 130 132 133 134 135 136 139 141 142 143 144 148 151 152 153 154 155 159 161 164 166 168 171 173 174 178 179 180 182 183 184 186 187 189 191 192 193 194 197 199
82 52 84 86 87 91 94 95 96 98 101 104 106 107 109 110 112 113 115 117 119 121 122 123 124 125 127 128 129 131 133 134 135 137 140 142 144 145 146 148 151 152 154 159 161 162 163 164 165 166 168 169 171 172 174 176 177 178 179 180 181 183 185 186 189 190 191 192 194 196 197 199 200
83 59 84 86 87 88 90 91 94 96 98 99 100 102 103 104 105 106 107 108 109 110 112 113 114 115 116 118 119 120 121 122 123 124 125 126 127 128 129 130 135 138 139 140 142 143 147 151 153 154 155 156 157 160 161 162 163 165 167 168 169 171 172 177 178 181 182 183 184 185 188 190 192 195 196 198 199 200
84 40 85 86 87 89 93 97 98 99 100 102 103 104 106 107 108 111 113 114 115 118 119 121 122 123 124 126 127 128 129 130 131 132 133 135 138 139 140 142 146 150 151 152 153 155 157 158 159 160 163 164 165 168 169 174 176 177 178 180 181 182 183 185 186 187 190 193 195 196 197 198
85 72 88 90 91 92 93 95 97 98 100 101 102 103 104 107 110 115 117 118 119 120 124 127 130 131 132 134 135 136 137 138 139 140 141 142 143 148 149 150 154 157 159 160 161 164 165 166 167 168 169 171 172 173 174 177 178 179 180 181 183 184 187 188 190 191 192 193 194 195 197
86 64 88 89 90 92 93 97 98 101 102 103 105 106 109 110 112 113 114 115 119 122 128 129 130 133 134 135 136 138 140 144 146 147 148 149 150 152 153 154 155 156 158 160 161 163 166 168 171 172 173 175 176 177 179 180 181 182 183 184 185 187 190 191 192 193 194 195 196 197 198 199
87 69 88 89 90 92 94 95 96 97 98 100 101 103 106 107 108 111 113 115 116 117 118 119 121 124 125 127 129 130 131 132 133 134 136 138 139 140 141 142 144 145 146 147 150 151 152 154 155 156 157 158 159 160 161 163 164 165 167 168 169 170 171 172 173 176 178 179 181 184 185 191 192 194 195 196 197 198
88 64 89 91 92 93 94 95 96 101 102 103 104 105 106 107 108 109 110 111 114 116 117 121 122 123 125 126 127 128 129 130 132 135 136 137 138 139 143 144 145 146 147 148 149 150 154 156 157 160 161 162 163 165 166 167 168 169 170 172 174 175 176 177 180 181 187 188 191 192 193 197 198 200
89 57 91 92 93 95 96 97 99 101 103 104 105 106 107 110 114 115 116 118 120 122 123 124 125 127 128 129 130 131 132 133 134 135 136 139 141 143 144 148 149 154 155 156 157 158 159 160 162 163 166 169 170 171 172 173 174 177 181 182 183 185 187 188 190 193 196 198 200
90 82 91 92 93 95 96 97 99 100 106 112 113 114 118 120 121 122 123 124 125 126 127 130 131 132 133 138 139 140 141 142 143 144 146 147 149 150 152 153 156 157 158 160 163 166 167 168 169 170 171 172 173 174 175 176 177 178 179 180 181 186 188 189 190 191 193 196 197 198 199
91 57 92 94 95 96 99 100 102 103 105 106 107 109 111 112 113 114 115 117 119 123 125 126 127 128 129 130 131 134 135 137 139 140 143 144 145 147 149 150 151 153 155 156 160 164 165 167 168 175 177 180 182 184 187 189 190 191 192 193 196 197 200
92 84 93 94 96 99 102 104 106 108 109 110 117 118 119 120 121 122 124 125 127 128 130 132 134 135 137 139 140 141 143 144 145 146 147 148 149 150 151 152 153 154 157 161 162 163 164 165 166 167 168 171 172 173 174 175 178 181 184 185 186 187 188 189 194 195 197 198 200
93 49 97 98 99 102 107 108 110 112 114 115 116 117 118 120 123 124 125 126 127 128 130 131 132 134 135 137 138 139 142 146 148 151 154 156 157 160 161 162 165 166 167 168 170 171 172 174 175 177 178 180 182 183 185 186 187 188 190 191 192 193 198 199
94 36 95 96 98 99 100 102 103 105 106 109 110 112 113 114 115 117 118 119 120 121 122 126 127 128 129 130 131 132 133 134 135 136 137 138 141 144 145 148 149 150 151 153 154 160 162 164 165 166 168 169 170 171 172 177 179 180 181 183 185 186 187 188 189 190 195 197 198 199
95 92 96 99 100 101 104 105 106 107 111 112 114 115 117 118 121 123 124 125 126 127 128 129 132 134 137 138 142 145 147 148 149 150 151 152 153 154 155 157 158 159 160 161 162 163 165 167 170 171 172 174 176 179 184 187 192 193 194 195 196 198 199
96 20 99 100 101 102 103 104 107 109 110 113 114 115 116 118 119 120 123 124 125 126 127 128 131 132 133 135 137 138 139 140 141 143 144 145 146 147 151 152 153 154 155 156 157 158 159 160 161 162 163 164 165 167 169 172 176 178 179 181 182 186 187 188 191 192 193 195 196 199 200
97 93 98 99 104 106 107 111 112 113 114 118 120 121 122 123 125 127 128 130 131 132 134 135 136 137 139 140 144 147 149 150 153 156 157 158 159 160 162 163 164 167 168 170 171 172 173 175 180 182 183 184 185 187 188 189 192 193 195 196 197 198 199
98 65 100 101 102 103 104 107 110 113 114 115 116 117 119 120 121 122 123 124 125 129 131 133 135 136 140 142 145 146 147 148 151 152 155 156 158 163 166 167 168 169 173 174 175 176 177 179 180 181 185 186 188 189 191 193 194 195 196 197 200
99 89 100 101 103 104 107 108 109 110 111 112 113 114 115 119 121 122 123 125 127 129 133 134 135 136 137 138 139 141 142 144 146 147 149 151 153 155 156 159 161 162 163 164 165 166 168 170 171 174 177 180 181 182 183 185 188 190 192 193 194 195 199 200
100 70 101 102 106 109 110 111 112 113 116 118 119 121 122 123 126 128 129 130 131 133 134 135 137 138 139 141 143 144 145 146 147 148 149 151 155 157 158 160 161 162 166 167 168 170 172 174 176 178 180 182 185 186 189 190 192 193 195 196 197 200
101 70 102 103 104 106 109 110 113 114 115 118 119 120 121 122 126 127 130 131 132 133 135 137 138 141 142 143 144 145 147 148 151 152 153 154 155 158 159 161 163 166 167 168 170 171 173 176 179 181 183 190 193 197 198 200
102 62 103 104 105 106 107 108 109 111 113 116 117 118 122 123 125 126 128 129 130 131 132 134 136 137 139 141 144 147 148 149 150 152 154 155 158 161 162 164 165 166 169 170 171 172 173 174 180 181 183 184 185 187 189 191 192 193 195 196 197
103 48 104 105 108 110 112 115 117 121 122 123 124 125 126 127 128 130 132 134 136 137 140 141 143 145 147 148 149 151 152 153 155 156 159 167 171 172 173 174 175 177 179 180 182 183 184 187 189 190 192 193 194 195 198 199
104 30 106 107 108 109 110 111 115 119 120 125 126 128 129 130 131 132 134 135 136 137 138 139 141 142 146 148 150 151 152 153 159 160 161 162 164 165 166 168 170 172 174 176 178 179 181 186 187 188 189 192 193 194 196 197 199 200
105 22 106 109 111 112 115 117 118 119 121 122 123 124 126 127 129 130 131 133 136 137 138 139 140 141 142 146 148 150 152 153 154 155 156 157 159 161 165 166 168 171 174 175 177 179 181 183 185 186 187 188 189 190 191 192 193 194 195 199 200
106 98 107 108 109 110 112 113 114 115 119 120 121 125 126 127 128 129 131 132 133 134 139 142 143 150 152 153 155 157 158 159 163 164 165 166 168 169 170 174 176 177 178 179 180 181 182 183 184 185 186 187 191 192 193 194 197 198
107 78 109 110 112 113 114 115 116 117 118 119 121 122 124 126 128 134 135 136 138 139 140 143 144 148 149 150 151 156 158 159 162 163 165 166 167 168 170 171 175 177 178 183 184 185 187 188 190 194 196 199 200
108 89 111 115 121 124 125 127 131 132 135 138 139 140 141 142 143 144 145 146 147 148 149 150 151 152 153 155 156 158 159 160 161 162 163 164 165 166 167 172 177 179 184 185 186 190 192 193 194 199
109 59 111 113 114 115 116 117 119 120 121 124 125 127 129 130 132 133 134 135 137 138 140 141 142 144 145 146 148 151 152 154 156 157 158 160 163 166 167 169 170 173 176 180 181 182 183 187 188 189 190 192 193 194 195 198
110 39 111 112 113 114 117 118 119 121 122 125 126 127 128 129 131 132 135 137 140 143 145 149 150 153 154 155 156 157 158 161 162 163 164 166 170 172 173 175 177 179 180 182 184 185 186 188 189 190 191 192 194 195 196 197 198 199 200
111 32 112 114 115 117 118 119 120 121 122 124 125 126 127 128 129 132 134 135 136 137 138 140 141 142 144 150 151 152 153 154 155 156 157 160 163 164 169 172 173 174 175 176 177 181 183 184 185 186 187 189 190 191 192 195 198 199
112 31 113 114 115 116 118 119 120 124 126 127 128 129 134 136 138 140 141 143 144 145 149 151 157 158 159 160 161 162 164 166 168 169 170 172 175 176 177 178 180 181 182 183 185 186 187 188 189 190 192 193 194 195 196 197 198 199 200
113 88 114 115 118 123 125 126 130 131 132 133 134 135 136 137 138 140 141 143 145 146 147 148 151 152 153 154 155 158 160 161 163 164 165 166 168 169 172 173 174 175 177 178 180 181 184 186 187 188 189 190 191 192 193 194 195 197 198 199 200
114 85 115 117 118 119 121 122 123 124 126 128 130 131 134 136 137 138 139 141 142 143 144 145 146 147 148 149 150 153 154 156 159 160 162 163 165 167 168 170 171 172 173 176 177 178 179 181 182 183 184 185 188 189 192 193 195 196 198 199 200
115 82 116 120 121 123 125 127 128 131 132 133 135 136 137 140 141 142 147 151 152 154 155 156 158 159 163 165 166 167 168 170 173 175 176 178 180 182 183 184 185 191 192 194 195 196 197 199 200
116 70 117 122 127 128 131 132 133 134 136 137 139 140 141 145 146 148 149 152 153 154 155 157 159 160 162 163 164 165 167 169 171 178 179 181 183 184 185 190 191 192 193 194 198 199 200
117 68 119 120 121 122 123 124 125 126 127 131 132 137 139 140 142 144 145 146 147 149 151 152 153 157 158 159 161 162 169 170 171 172 173 174 175 176 177 178 184 185 187 191 193 194 195
118 52 119 124 125 129 130 131 133 137 138 140 141 145 146 147 149 150 151 153 155 157 161 162 163 165 167 169 170 172 173 176 177 179 180 181 182 184 185 186 187 189 192 195 196 197 199 200
119 40 120 121 124 125 126 128 129 130 131 132 134 135 136 137 140 141 142 144 145 149 151 153 160 161 162 163 165 166 168 171 172 175 178 180 181 182 183 185 186 189 191 192 193 196 197 198 200
120 23 121 123 126 127 128 131 133 134 141 142 143 144 146 147 149 152 153 154 158 159 160 161 162 164 165 166 167 168 169 170 173 174 175 176 178 179 180 181 182 183 184 185 186 187 188 190 192 193 194 195 198 199 200
121 73 122 123 125 129 131 132 133 135 139 140 141 142 144 145 146 147 148 149 150 151 152 153 155 156 158 159 162 163 165 167 168 169 170 171 173 176 178 180 181 182 184 185 186 187 192 195 196 197 198
122 40 124 125 126 128 130 131 132 136 137 144 146 147 148 151 152 153 157 161 163 165 167 168 170 171 173 179 180 182 183 185 187 190 191 195 196 198 200
123 50 124 127 130 131 133 137 138 139 141 143 144 151 152 153 155 156 159 160 161 162 163 164 166 167 169 170 171 173 178 179 180 182 183 184 187 188 190 191 194 197 198 199 200
124 40 125 127 128 129 130 133 134 135 137 138 140 141 142 143 144 149 150 152 153 155 158 159 160 162 164 167 168 170 171 172 173 174 175 178 179 180 181 183 184 185 188 190 191 192 194 199 200
125 64 129 130 132 133 134 136 140 141 142 143 144 145 146 147 148 149 152 153 154 156 157 158 159 160 163 164 165 166 168 169 170 174 175 180 181 182 183 187 190 191 192 193 194 195 196 197 198 200
126 44 127 129 132 133 134 138 139 140 141 143 144 145 146 149 151 153 154 155 156 157 158 161 163 166 167 169 170 171 172 173 174 178 179 180 181 183 184 187 188 190 191 192 193 196 197 199 200
127 51 130 131 133 134 135 137 141 142 144 145 146 147 148 151 153 154 155 156 157 158 160 161 162 164 166 168 171 172 175 177 178 179 180 181 183 184 185 186 187 189 190 194 195 198 199
128 74 130 131 132 133 134 135 136 138 139 140 141 142 151 154 157 159 160 161 162 163 164 165 166 167 168 171 173 177 178 181 183 184 186 187 188 189 190 192 193 196 199 200
129 95 131 132 133 136 137 138 139 140 141 142 143 144 145 149 150 151 152 154 156 159 160 161 162 163 164 165 166 168 170 174 176 178 181 183 184 185 187 188 189 191 192 193 194 195 196 198 199
130 27 131 133 134 136 137 138 139 144 145 146 148 149 150 151 152 153 155 157 158 159 160 162 163 164 165 166 167 171 172 175 176 178 179 180 185 186 188 189 190 191 192 193 195 197 198 199 200
131 69 132 134 137 140 141 142 143 144 145 146 148 149 152 154 155 156 158 159 162 165 166 167 170 171 172 173 177 181 182 183 184 185 187 189 191 193 195 196 198
132 33 134 136 138 139 140 141 145 146 148 152 154 156 158 159 160 161 162 164 165 167 168 171 172 174 175 176 177 178 179 180 182 185 191 193 194 198 199 200
133 49 134 141 143 145 146 147 148 152 153 157 158 161 162 163 165 166 168 170 172 173 174 175 178 182 183 184 185 188 189 190 192 196 197 199 200
134 33 135 137 138 139 141 144 145 146 147 149 150 151 152 153 154 155 156 157 158 159 160 162 163 164 165 166 168 169 170 171 172 173 174 175 176 180 182 183 184 189 192 193 195 196 198 199 200
135 34 136 137 138 139 140 141 145 146 149 152 153 154 155 156 158 160 163 164 165 167 169 172 173 175 176 178 180 183 184 185 186 187 189 191 192 195 196 197 199 200
136 46 137 138 139 140 141 143 144 145 146 147 148 149 152 153 154 155 156 157 158 159 160 161 162 163 166 169 170 173 174 175 177 181 182 183 184 185 186 190 191 192 193 194 195 196 197 199
137 43 139 140 141 142 143 145 149 154 155 156 157 158 159 160 163 165 167 168 169 171 174 175 180 181 183 186 187 188 189 190 192 193 194 198
138 79 139 140 141 143 145 146 148 150 151 152 153 154 155 157 158 159 161 163 166 168 170 171 172 173 174 178 180 181 182 183 186 188 190 192 193 194 195 197 198 199
139 50 142 143 144 146 147 151 152 153 156 157 158 160 161 162 167 169 173 174 175 176 179 180 183 187 188 189 190 192 193 194 196 200
140 45 141 142 144 149 150 151 156 157 158 159 160 161 162 163 165 166 167 168 170 171 172 173 174 175 177 178 179 180 181 182 185 187 188 190 191 192 193 194 196 198 199 200
141 21 142 144 145 146 147 154 155 156 157 162 163 166 168 169 171 174 176 177 178 179 181 182 183 184 186 187 189 190 192 193 194 195 197 198
142 51 144 146 148 150 151 152 154 155 157 158 161 162 163 165 166 169 170 171 179 180 181 182 184 185 186 188 189 190 192 194 195 196 199 200
143 48 144 145 146 147 148 149 151 153 154 156 161 164 165 166 170 172 174 177 178 179 181 182 183 184 185 188 189 194 195 196 197 198 199 200
144 28 146 147 148 149 150 153 154 155 156 158 159 160 161 162 164 166 168 169 170 173 176 178 181 183 184 185 186 187 189 190 191 196 197 198 199
145 76 146 148 149 150 152 153 154 155 160 166 168 171 172 173 174 178 179 181 183 185 186 187 188 190 193 195 196 197 198 199 200
146 77 147 150 151 152 153 158 159 162 163 166 167 170 171 176 178 179 182 184 185 186 190 192 193 194 197 199 200
147 81 151 153 154 157 158 162 165 166 167 170 171 172 173 174 175 176 178 180 181 182 184 185 186 187 188 189 190 192 193 194 195 196 197 198
148 46 150 151 153 157 158 161 162 165 168 170 171 172 173 176 177 179 180 182 183 186 187 188 189 190 191 192 193 194 195 196 197 198 199 200
149 35 152 153 154 155 156 157 158 159 160 161 164 166 167 168 172 173 174 175 176 179 182 183 185 187 188 189 190 192 194 196 197 198 200
150 53 151 152 153 154 155 158 160 164 166 167 168 171 172 174 175 178 180 181 182 183 184 185 186 189 190 193 197 198 199
151 29 152 154 157 158 163 164 166 169 172 173 177 178 180 181 183 185 186 188 189 190 191 192 194 197 199 200
152 79 155 159 161 162 163 165 167 168 169 175 176 177 179 180 181 182 183 186 188 189 191 193 194 195 198 199 200
153 77 156 157 158 162 164 165 166 171 172 175 178 181 182 183 184 191 193 194 195 196 197
154 96 155 156 157 158 159 161 162 164 165 167 168 169 170 171 176 178 179 181 183 185 186 187 188 190 196 199 200
155 52 158 160 161 162 164 165 169 170 172 173 175 176 177 180 181 183 187 189 190 191 193 194
156 32 159 160 162 164 165 166 169 172 173 176 177 178 180 181 182 185 188 189 190 192 193 194 196 197 198 199 200
157 28 158 159 160 161 162 163 164 165 166 168 169 170 171 172 173 176 179 181 183 186 187 189 190 191 192 194 195 197 199
158 39 159 160 163 164 166 167 168 169 170 172 173 175 176 177 178 180 181 182 184 186 188 190 191 192 193 195 196 199 200
159 73 161 162 165 166 167 171 172 173 175 176 177 178 180 181 183 184 185 186 187 188 189 190 192 193 194 196 198 199 200
160 36 161 162 163 165 168 169 170 172 177 178 180 181 182 183 184 186 187 188 189 191 192 193 194 195 199
161 89 162 163 164 165 166 167 168 169 171 173 176 179 180 181 182 183 184 185 186 187 188 189 191 192 193 196 197 199
162 57 163 164 166 168 169 174 176 178 179 181 182 183 186 187 188 190 191 194 195 199 200
163 29 166 167 168 170 171 173 174 175 176 178 179 180 185 186 187 188 191 195 196 197 199
164 60 165 169 172 173 177 178 179 182 183 186 187 188 189 190 191 195 196 197 199
165 55 166 167 170 172 176 178 180 182 183 185 186 187 189 190 191 192 193 194 196 197
166 62 168 173 174 175 176 177 179 181 182 184 186 188 192 193 194 195 197 200
167 80 168 171 174 176 177 181 183 184 186 190 191 193 194 196 200
168 87 173 174 175 177 178 180 181 182 183 184 185 189 190 192 195 196 197 198 199 200
169 35 171 174 175 176 178 180 181 182 183 185 186 187 188 192 193 195 196 197 199 200
170 97 171 172 173 175 176 179 180 186 187 188 192 193 194 195 196 197 199 200
171 61 172 173 174 176 178 179 181 183 184 185 186 187 188 189 192 195 197 198 199 200
172 80 175 176 177 178 179 180 181 182 183 185 187 190 193 194 195 196 199 200
173 55 174 177 178 179 180 181 183 185 186 187 188 189 191 193 194 198 200
174 50 175 177 179 180 181 183 185 187 189 190 191 192 194 196 197
175 57 176 177 178 181 185 186 187 188 189 190 193 194 195 196
176 31 177 178 179 180 182 183 184 186 188 191 193 194 195 197
177 93 178 179 180 181 183 184 186 187 188 189 191 192 193 194 195 196 197 199
178 79 181 182 184 188 191 192 194 196 197 198 200
179 85 180 181 182 183 184 185 187 188 189 190 191 193 194 196 199
180 63 182 183 185 187 190 191 193 196 197 199
181 31 183 184 186 187 188 190 191 192 193 194 195 197 198 199 200
182 78 184 185 186 187 190 192 193 198
183 28 184 185 186 190 191 193 198 199 200
184 34 186 189 192 193 195 197 198 199
185 30 187 189 190 192 195 196 197 199 200
186 61 187 188 189 193 194 195 196 197 199 200
187 82 189 190 191 193 196 198
188 23 189 190 191 192 193 197 200
189 74 191 192 194 195 196 198 199
190 43 191 192 193 194 195 196 197 200
191 27 192 193 195 196 199
192 71 193 194 197 198 200
193 83 197 199 200
194 72 195 196 198 200
195 81 196 197 199 200
196 83 197 200
197 76 199
198 41 199
199 35 200
200 53
