200
1 55 4 5 6 16 21 23 28 34 38 40 42 48 49 59 62 63 64 69 78 83 84 86 103 107 113 116 118 123 129 139 141 142 151 152 154 168 172 179 180 181 183 184 194 195
2 46 4 10 11 14 19 23 27 30 31 33 39 43 44 46 47 49 53 59 64 65 66 67 71 72 91 100 105 106 115 118 120 121 122 123 125 128 129 133 142 144 151 156 157 163 168 170 174 177 179 185 192 193 194
3 74 7 8 17 19 27 33 37 51 52 58 67 72 79 86 93 94 98 100 101 103 112 118 119 120 126 134 138 139 148 150 151 155 170 173 178 179 185 190 191 192
4 53 7 12 15 23 32 34 36 40 46 57 58 59 67 68 69 75 79 96 108 109 120 122 135 137 138 139 145 146 148 151 155 157 164 172 173 174 175 181 185 192 194 195 199
5 33 10 44 53 54 59 62 66 73 75 77 91 92 100 103 111 112 118 127 137 140 148 153 157 179 181 188 189 192 199
6 71 9 13 23 35 49 52 56 59 62 65 70 82 83 86 95 96 98 101 103 109 114 117 119 122 124 141 145 149 151 154 157 163 165 184 185 186 188 189 195 197
7 49 9 11 21 26 27 28 33 36 38 47 50 51 53 58 62 69 70 75 81 82 88 94 104 108 110 122 127 140 146 156 162 164 183 184 186 191 193
8 36 13 20 21 30 41 44 46 48 51 56 59 78 86 88 89 90 93 97 111 115 117 120 125 128 145 150 157 163 168 180 184 186 188 189 190 195 197
9 95 11 18 24 25 26 32 33 34 47 52 54 62 63 65 67 68 71 76 90 95 96 97 100 101 108 110 113 118 119 128 131 132 142 143 144 153 155 156 167 170 179 182 187 192 193
10 68 11 14 18 20 22 37 42 55 77 82 87 94 102 103 107 108 109 114 115 116 117 132 139 141 146 147 148 150 161 168 170 173 177 180 192 193
11 92 20 21 24 36 38 40 48 54 61 65 72 77 86 90 91 94 95 97 99 102 105 106 115 121 128 129 138 142 146 151 154 156 164 168 169 181 184 186 189 190 191
12 27 15 21 24 27 30 33 37 42 43 53 57 62 64 66 80 82 90 91 93 100 102 104 107 114 119 121 129 131 154 159 167 170 171 173 184
13 98 22 31 33 37 39 41 42 44 49 52 54 55 56 68 76 80 84 85 86 88 90 93 95 98 103 106 107 109 124 127 129 132 142 144 151 162 173 180 191 193 195 199
14 30 33 38 43 46 47 55 60 80 88 89 95 98 99 102 103 105 107 108 110 124 128 134 137 140 146 150 157 161 165 172 181 185 187 188 191 192
15 96 16 17 24 28 31 32 34 38 48 49 50 55 57 58 60 69 71 72 74 76 77 81 88 98 107 108 121 125 126 127 135 140 144 151 169 173 181 182 186 199
16 96 19 22 23 26 27 33 39 43 45 53 61 63 64 66 68 69 72 81 86 94 99 111 112 115 120 121 122 127 128 136 137 139 142 149 153 157 166 174 176 186 195
17 37 19 32 35 36 44 49 50 58 62 64 70 71 82 83 94 99 104 106 127 129 143 145 148 165 173 174 181 188 200
18 57 25 28 43 44 49 58 61 63 80 81 83 88 93 102 105 108 110 111 118 127 133 140 141 143 152 157 168 169 171 181 184 189 195
19 55 20 32 38 48 56 57 59 60 67 79 84 85 98 104 106 113 117 123 128 143 145 146 156 160 169 173 175 186 191 192 200
20 96 24 28 39 42 45 47 51 54 57 63 65 68 71 75 80 81 82 87 94 95 96 97 106 107 111 112 119 125 131 132 134 142 153 157 158 160 162 172 179 180 184 188 194
21 96 23 24 26 28 42 44 49 58 64 65 67 81 84 88 95 110 125 127 128 136 139 144 145 148 162 173 177 178 180 182 187
22 75 32 36 41 47 52 53 54 61 64 68 70 72 73 75 79 90 96 101 103 115 124 127 128 129 136 139 155 157 160 166 175 177 188 200
23 84 30 36 53 64 65 67 68 76 84 106 115 116 134 137 147 148 150 157 158 164 165 172 175 179 183 186 188 192 196
24 32 30 33 38 42 57 63 64 66 72 77 80 82 84 89 94 103 104 119 130 131 137 139 140 143 153 156 159 160 174 178 179 180 187 190 192 193 195
25 45 37 50 59 60 65 73 83 85 94 96 97 101 103 106 111 112 117 121 125 132 135 140 148 153 169 175 177 178 188 189 196 197
26 84 30 43 44 51 54 58 64 68 71 83 93 96 98 105 109 123 125 129 133 136 138 139 146 149 159 166 167 175 183 185 187 192 200
27 20 30 35 45 46 58 60 65 66 69 76 77 83 84 88 95 99 105 111 117 121 123 124 125 129 136 138 154 157 159 167 168 176 178 182 183 198 199 200
28 35 29 34 41 56 60 62 70 80 83 87 89 94 95 98 114 117 123 124 131 134 138 141 149 154 156 158 162 165 168 172 175 184 194 198
29 53 36 37 46 60 64 72 73 76 78 80 82 83 89 93 100 101 112 126 128 133 138 140 143 147 155 156 164 176 182 197 198
30 41 35 40 43 47 53 56 63 65 71 73 75 77 93 96 100 101 102 105 112 114 117 118 121 126 128 148 150 152 155 161 166 168 172 175 177 179 182 188 192 200
31 23 38 51 56 59 67 68 75 77 78 81 87 90 93 98 105 106 109 114 118 122 123 136 141 142 144 147 152 160 164 165 166 167 178 180 181 191 195 197
32 51 33 34 39 65 73 75 76 77 97 109 115 119 125 132 138 145 146 155 157 161 167 174 188 194
33 93 44 64 72 76 77 83 90 119 125 126 129 137 143 151 152 157 169 179 180 182 190 197 199
34 70 35 38 49 51 57 61 72 73 75 82 83 93 96 100 105 115 117 122 125 127 128 132 133 146 148 150 151 157 167 172 183 184 186
35 45 39 42 43 52 62 66 75 76 89 94 95 103 110 114 115 116 117 118 124 131 148 153 159 163 168 177 178 186 189 195
36 32 46 58 67 77 78 79 82 87 92 96 104 111 119 122 123 124 126 133 134 140 141 149 151 152 153 162 163 166 178 184 185 189 195 197
37 24 52 58 67 69 70 78 94 97 102 104 107 111 112 115 117 118 129 148 154 155 161 163 173 177 179 184 195
38 21 44 49 51 58 64 66 69 80 117 118 119 121 122 126 141 149 156 161 168 170 176 184 189 191 192 198
39 95 40 49 50 55 63 64 71 88 93 96 99 101 103 104 107 110 119 121 128 135 140 141 157 160 161 165 170 172 180 185 192 195 197
40 91 41 49 54 59 62 63 71 76 85 95 100 110 115 117 120 128 135 144 145 153 160 167 174 176 181 193 197 198
41 35 42 44 48 56 63 84 88 90 93 94 99 117 125 126 128 130 132 135 141 147 155 159 183 184 186 188 193 197 198
42 61 45 59 61 69 70 72 73 76 79 88 104 123 125 126 127 129 130 135 138 142 147 148 153 157 168 171 175 196
43 31 50 52 55 57 63 67 69 72 73 83 86 89 91 93 96 100 101 102 103 105 106 109 117 118 119 122 124 130 133 134 138 140 142 150 151 156 162 164 165 168 174 184 187 196 200
44 28 46 49 52 53 54 56 70 73 76 81 84 85 86 87 92 100 104 108 111 114 123 125 128 131 134 152 153 154 161 170 174 179 185 186 189 200
45 44 54 57 62 74 76 79 86 93 96 103 112 123 124 133 135 139 140 146 148 150 184 188 193 196
46 89 51 52 56 60 70 71 75 91 99 100 106 107 111 112 115 118 122 130 132 133 135 143 167 169 176 181 187
47 99 52 54 57 65 71 72 73 74 79 96 100 108 117 121 123 124 129 131 132 138 147 148 150 153 166 171 177 182 190 198
48 40 56 60 61 62 68 71 72 78 80 82 86 88 96 99 105 120 128 129 131 132 142 143 145 150 167 169 170 184 186 191 192 197 200
49 94 51 62 64 68 72 75 78 83 88 89 91 95 98 102 106 117 121 124 136 137 146 159 160 162 164 165 177 181 185
50 60 53 60 63 66 67 68 71 77 79 85 92 96 97 101 103 104 114 117 121 123 124 136 148 153 159 162 163 174 176 186 190 193
51 58 52 54 64 67 71 72 75 81 84 85 95 96 102 104 111 120 130 141 144 148 155 157 160 163 164 172 173 174 189 191 193
52 80 57 62 63 78 86 98 130 135 136 143 147 148 155 157 159 161 164 171 176 180 183 184 186 189 200
53 97 62 64 65 74 79 80 81 83 84 99 108 128 134 135 138 139 142 163 165 172 175 187 191 192 200
54 80 55 57 60 67 72 80 89 95 101 102 107 108 110 113 120 144 150 153 154 161 162 166 176 178 185 189
55 36 58 65 68 72 74 85 86 89 94 99 110 112 117 127 145 151 159 160 164 171 181 191 192 194 199
56 80 59 60 76 80 82 83 84 86 95 97 102 114 115 128 140 141 155 187 189 195
57 65 66 67 69 75 79 81 90 93 94 95 97 108 111 115 120 123 130 132 138 144 148 155 160 164 165 168 174 176 177 179 187 192 196 199 200
58 71 62 76 78 88 92 94 95 96 98 102 111 117 129 130 131 135 140 151 152 166 170 171 177 183 190 196 197
59 89 60 64 66 68 72 74 89 94 100 111 113 114 115 116 119 121 128 132 143 158 164 166 171 175 184 186 191 199 200
60 43 65 81 82 90 91 95 97 102 105 108 112 113 115 123 128 147 152 154 160 164 174 177 179 184 187 190 199
61 90 62 64 65 72 78 82 85 86 89 90 93 98 101 102 108 122 123 128 140 146 149 150 156 158 164 169 174 175 183 193 196 198
62 66 66 75 85 86 89 90 92 97 101 104 106 118 119 123 138 145 151 156 158 160 161 170 173 181 183 199 200
63 57 76 79 90 93 95 97 107 112 114 129 131 137 148 149 150 151 152 159 160 167 172 180 186 191 199 200
64 31 69 80 83 101 103 109 111 113 123 125 126 133 134 141 142 145 162 173 179 189 196 197
65 62 66 71 73 77 80 86 90 96 97 98 99 105 109 115 122 125 134 144 161 166 170 171 174 176 181 183 194 198
66 37 78 80 84 93 94 96 100 114 122 125 131 139 143 144 149 150 153 154 155 162 169 172 179 195 200
67 84 69 72 73 79 93 95 96 100 102 113 114 126 128 131 137 138 148 153 157 161 163 164 165 169 173 177 180
68 33 71 76 78 79 90 91 122 123 133 135 147 150 157 160 163 168 169 173 177 188 189 194 196
69 86 72 73 77 82 85 95 102 103 106 110 117 126 129 137 147 153 154 174 177 179 184 190 192 196 197 199
70 74 73 78 82 83 98 103 110 113 129 130 138 146 152 156 173 177 186 191 192 193
71 97 77 78 80 87 94 102 108 110 112 124 128 141 148 155 165 170 172 174 178 179 182 192
72 48 82 88 92 97 99 110 113 123 138 142 150 152 154 159 166 168 171 172 175 183 187 195 196
73 68 76 78 79 99 101 112 115 117 130 140 142 146 149 154 164 165 170 181 190 195
74 64 76 81 90 91 93 95 101 107 121 123 131 133 135 142 144 145 146 150 151 157 161 162 168 169 172 174 176 193 196 197 198
75 45 79 93 98 100 116 122 127 130 136 142 154 155 158 161 168 172 175 178 188 189 190 197
76 56 78 79 81 85 86 94 97 102 103 108 109 115 116 117 121 122 123 124 127 138 147 167 169 173 174 175 182 190 191 200
77 54 78 79 84 85 104 105 106 108 109 115 122 126 131 142 144 145 151 152 169 170 172 177 181 182 185 197
78 92 80 90 101 106 110 112 113 120 132 135 141 155 158 161 164 166 179 183 187 189 196 199
79 91 80 83 95 111 116 123 132 138 143 146 147 151 160 161 174 183 186 193 195 199
80 59 81 83 87 89 99 106 118 121 126 128 131 132 135 143 147 148 149 153 155 164 168 171 177 179 180 181 188 189 190 200
81 56 87 88 90 93 98 103 104 105 107 109 114 121 124 130 131 133 135 142 143 144 149 167 173 198
82 56 98 101 104 108 114 116 117 124 125 126 127 137 139 152 153 156 163 167 170 176 184 189 190 194 196 198 199
83 67 88 89 90 99 102 112 113 123 128 131 137 144 147 160 164 168 169 174 187 190 191 198
84 79 86 87 92 94 96 100 104 110 112 116 122 123 125 130 132 138 142 143 149 154 161 164 165 166 173 184 186 193 194 200
85 41 88 92 94 96 102 104 108 117 126 128 132 134 142 144 145 157 161 162 163 174 177 182 183 196 200
86 55 93 97 113 114 120 123 126 127 132 133 134 139 143 148 157 158 164 166 167 171 173 179 182 195 196 199
87 26 95 96 99 108 109 112 120 132 154 155 158 173 176 179 188 190 194 198 199
88 77 91 92 93 98 100 102 103 106 108 112 120 127 129 145 149 152 153 155 170 172 175 176 178 179 184 185 188 192 198
89 42 90 91 92 102 104 111 112 123 132 142 146 150 151 152 156 160 165 180 187 191 192
90 40 94 96 97 101 107 108 111 115 118 122 123 146 149 150 152 156 159 167 171 173 177 181 185 188 189 191 193 198 199
91 85 101 108 113 122 142 147 156 157 159 164 167 170 173 182
92 83 96 98 99 101 102 104 108 111 117 118 121 126 134 137 138 139 142 150 151 159 167 170 171 183 187 192 199
93 20 95 101 106 114 123 125 126 134 144 145 159 162 168 169 170 180 182 184 186 189 192 195 197 199
94 33 95 96 99 103 104 105 114 115 120 121 122 124 125 127 128 129 131 135 136 154 165 167 171 178 180 184 189 191 196 198 199 200
95 20 99 101 102 111 115 116 125 130 146 147 155 163 173 178 179 184 185 193 196
96 73 98 120 132 138 142 146 177 182 187 190 192 194 195 197
97 65 100 108 113 119 132 134 135 143 148 152 161 162 168 170 174 175 183 187 197
98 63 113 115 123 135 137 143 158 160 163 165 176 177 179 181 183 185 192 195
99 28 105 106 108 115 121 127 131 135 138 141 146 149 154 156 162 171 187 198
100 80 102 117 119 121 122 132 138 139 141 143 148 155 166 167 176 180 181 193 195 196
101 90 105 109 114 121 122 128 140 142 146 152 161 164 168 171 185 192 198
102 70 109 113 115 126 135 137 139 143 147 150 151 152 153 156 159 167 169 170 172 176 186 194 195
103 69 107 119 121 125 131 137 154 155 161 162 165 170 177 178 181 190 195 198
104 51 107 116 117 120 121 122 125 126 128 135 136 138 139 141 145 146 148 155 161 162 172 173 174 180 191
105 100 117 119 124 129 142 144 150 155 160 167 168 179 180 189 197
106 55 107 112 115 123 126 130 137 139 147 149 150 153 154 155 163 168 170 182 184 192 197
107 62 110 111 112 120 123 124 127 128 132 139 142 145 146 154 159 161 163 169 171 182 183 189 190 191
108 100 110 116 120 123 125 126 129 140 148 149 154 160 161 169 180 191 194 199 200
109 97 117 121 129 130 137 145 146 148 149 157 160 162 163 182 183 184 185 190 192 197
110 78 123 133 136 139 146 147 152 156 157 163 164 166 174 183 184 185 186 190 192
111 64 122 126 129 131 137 140 143 146 147 151 152 154 162 166 168 169 171 174 180 194
112 31 140 141 142 144 146 156 159 162 164 169 170 178 186 187 188 189 193 195 197
113 56 119 120 123 125 126 127 130 144 152 155 163 175 176 185 188 191 195
114 67 120 122 123 125 144 147 149 150 160 162 170 183 184 187
115 42 125 135 136 138 148 149 151 153 154 156 160 165 167 169 175 177 178 185 186 189
116 70 121 136 142 146 147 159 168 171 172 175 179 182 186 187 190 193 198
117 93 118 121 129 131 165 168 174 177 181 187
118 91 120 122 125 126 127 130 143 147 165 177 190 195 199 200
119 48 120 122 126 129 134 137 145 151 155 156 159 160 162 165 166 180 184 192 193 197 198 200
120 66 124 130 139 144 145 150 158 159 163 168 171 174 176 180 183 196 199
121 35 124 126 135 139 148 151 154 164 172 179 180 184 195 197 200
122 75 124 128 132 137 139 142 145 146 152 153 158 162 164 165 166 167 170 172 192 194 196 197 198 199
123 20 134 136 143 153 164 172 173 185 192 197 198
124 61 129 140 141 145 154 156 162 166 167 168 170 178 186
125 67 126 132 137 139 143 144 145 155 161 162 166 171 173 176 177 180 185 194 195
126 24 135 138 139 140 154 156 168 169 174 176 177 186 188 193 199
127 87 128 129 139 148 155 157 161 163 168 174 191 197 199
128 72 134 142 151 156 168 174 175 189 194 198
129 26 132 135 142 151 153 157 161 174 182 192 197
130 73 131 133 135 137 154 157 158 160 162 163 171 176 182 184 188 190 192 193 195 198 199
131 40 132 134 141 144 150 153 160 168 171 182 187 188 191 192 193 199 200
132 24 136 140 146 151 161 162 164 166 170 173 175 182 192 195
133 92 151 159 165 175 180 184 185 190 194
134 26 135 142 153 154 158 166 172 174 184 187 190 192 199
135 64 136 139 147 151 154 155 162 167 168 171 174 183 184 192 197 200
136 37 154 155 163 175 189 198
137 20 144 149 151 160 161 162 164 170 181 183 184 185 193 196 197 199 200
138 62 142 145 148 165 168 169 174 184 187 189 190 194 199 200
139 95 142 164 170 177 183 185 189 192 196 200
140 63 141 148 155 157 158 160 162 163 171 178 191 193 194
141 82 143 147 148 164 165 168 171 180 184 192 193 196 197
142 93 143 146 147 153 154 161 163 171 173 177 182 185 187 196
143 53 144 146 165 173 178 182 184 188 189 191
144 34 147 150 155 163 171 173 176 177 178 183 184 189 197
145 51 146 154 157 173 180 181 184 195 197
146 85 151 154 157 158 179 188 189 190 194 198
147 26 149 152 158 159 162 171 174 177 191 193
148 25 156 161 164 167 169 170 171 178 186 196 200
149 38 151 153 155 159 163 168 174 179 184 198
150 49 154 158 177 189 195 198 200
151 56 162 163 168 178 183 193 196 199
152 37 163 171 177 187 194
153 88 155 156 159 161 162 165 166 169 170 200
154 70 155 159 164 168 170 175 179 192 194 199
155 69 156 169 171 176 178 179 184 189
156 37 159 160 181 184 188 190 194
157 69 166 168 171 173 176 178 194
158 54 165 166 167 168 174 176 178 179 180 186 197
159 74 162 175 176 177 180 186 196 199
160 39 171 174 176 178 184 189 190 193 197
161 95 167 183 193 194 197
162 45 178 180 182 195 198
163 43 167 169 171 177 178 182 194 198
164 36 168 176 191 194 197 200
165 89 168 169 175 177 179 182 183 186 189 190 196 200
166 49 167 180 181 185 187 199 200
167 100 174 179 180 189 190 192
168 56 173 177 200
169 24 170 173 184 185 186 190 192 198
170 87 172 173 175 177 179 188 189 199 200
171 77 173 179 180 182 191
172 81 173 179 184 193 194
173 21 186 188
174 40 177 179 180 181 183
175 57 181 182 184 185 189 190 193 195 200
176 94 177 179 185 187 190 192 194
177 59 181 185 188 189 192 193 195 198
178 75 182 196 198 200
179 65 186 187 190 193 198
180 69 181 185 193 194 200
181 87 183 190 194 195 196 198
182 42 185 187 193 194 195 197 200
183 50 189 190 195 200
184 98 188 200
185 62
186 53
187 86 190 194 197
188 64 191 192 196
189 51
190 71 193 194
191 79
192 20 200
193 78 195 197 199 200
194 91
195 44 200
196 35
197 20
198 100
199 76
200 27
