200
1 90 2 3 6 7 12 13 16 24 25 38 46 47 49 51 52 54 56 62 63 65 71 74 77 81 83 85 87 89 91 95 96 97 118 119 125 127 128 129 133 134 135 138 143 145 147 149 150 152 153 154 155 160 167 168 171 172 173 176 178 185 187 189 190 192 194 195 198
2 98 3 5 6 12 15 18 21 24 25 26 27 31 33 35 38 40 43 44 46 47 48 51 53 57 60 61 63 66 83 84 89 94 100 102 110 112 115 117 120 126 128 134 137 138 142 143 151 153 156 158 159 161 162 164 165 167 169 175 177 180 181 183 194 199
3 100 5 6 9 10 15 16 17 18 25 26 27 32 35 39 41 42 51 53 58 61 63 65 66 67 73 74 75 79 80 90 92 96 97 103 106 107 108 110 113 114 116 123 128 137 138 139 141 142 152 161 162 167 169 170 172 176 182 194 197 198
4 98 13 17 18 21 24 25 34 36 41 46 47 50 51 53 54 58 59 60 63 65 66 68 69 71 74 76 78 80 86 87 89 90 93 94 97 106 108 109 111 112 113 116 119 124 127 129 132 134 135 137 138 141 142 144 146 149 151 153 156 159 161 162 166 169 170 171 176 177 178 180 189 190 196 197
5 82 6 17 21 23 28 32 39 43 45 48 49 50 52 56 63 65 68 70 73 75 79 82 84 87 89 90 91 93 99 102 107 111 114 115 117 118 123 124 130 140 143 149 151 153 154 161 166 169 170 173 174 176 178 180 181 192 197
6 59 7 11 13 20 24 26 27 28 29 30 37 42 45 49 52 59 60 61 71 73 74 77 97 98 105 109 113 120 122 124 129 135 136 141 152 153 155 161 162 167 171 184 189 194 198
7 63 13 18 23 25 26 36 40 45 47 50 51 55 62 65 67 74 77 79 81 82 84 85 86 87 97 100 103 108 112 115 120 121 122 124 125 128 133 134 136 139 140 145 146 151 155 160 173 175 179 183 184 185 186 188 189 194 196 200
8 80 20 21 22 27 30 31 34 36 37 48 52 53 54 55 56 57 67 73 74 75 76 77 95 96 98 100 101 105 111 115 116 121 122 124 125 127 129 133 134 136 139 143 148 151 155 158 163 165 166 167 168 170 173 178 182 184 196 197 198 200
9 53 10 16 19 22 23 27 28 30 38 44 45 46 48 49 50 52 53 58 64 70 71 73 83 87 88 92 93 96 98 102 106 107 108 111 115 117 118 127 131 134 135 136 137 138 139 146 147 153 155 156 159 161 163 165 168 169 171 173 180 182 184 186 188 190 192
10 96 11 13 17 19 25 26 28 31 41 42 48 49 50 52 61 63 69 73 79 80 81 85 99 102 104 105 111 112 115 116 121 125 126 128 129 142 149 154 155 156 158 160 161 164 165 170 173 174 175 178 179 199
11 61 12 13 15 22 24 26 30 33 36 38 42 44 46 48 49 54 56 59 64 69 72 77 81 82 86 87 89 90 91 93 94 100 103 104 105 107 109 113 127 128 134 135 136 137 138 143 146 148 151 156 160 162 172 175 178 181 186 189 191 193
12 78 17 18 19 20 31 34 40 41 44 47 53 54 55 66 67 70 72 75 78 82 83 85 93 94 99 100 102 103 104 107 114 116 117 119 123 124 125 130 141 144 146 148 149 154 155 165 166 167 172 178 180 184 192 193 196
13 51 14 17 19 21 26 29 30 32 36 37 39 41 43 44 48 52 60 63 66 67 75 79 81 83 85 90 93 96 97 98 99 101 105 110 113 114 115 118 120 122 125 131 136 140 143 147 148 153 155 157 163 164 174 175 176 184 187 191 196 199
14 52 15 16 21 33 35 45 47 49 50 51 53 61 69 75 77 89 91 94 98 104 105 114 116 119 121 129 131 137 138 143 145 156 157 158 159 160 166 168 170 172 173 174 178 180 181 183 185 186 187 191 200
15 79 17 19 20 29 31 35 36 43 44 49 50 52 57 59 63 68 72 77 82 83 88 89 93 96 98 101 103 104 105 111 112 115 117 124 126 127 132 136 141 145 146 154 158 164 168 169 170 171 175 180 183 184 189 193 195 198
16 92 17 21 24 25 26 28 35 41 44 46 49 50 51 56 57 60 65 66 67 69 83 84 85 91 98 105 106 107 112 115 117 129 131 135 137 140 144 148 154 161 163 165 168 173 175 176 178 181 187 188 192 196 198 200
17 51 19 26 29 38 42 43 44 46 52 57 58 59 60 62 63 66 71 77 79 80 81 85 88 95 103 108 109 110 114 116 120 121 122 123 126 127 132 134 135 146 151 152 160 161 163 164 166 174 179 183 187 191 196 199
18 78 19 23 25 26 30 33 34 35 37 45 54 69 71 72 75 81 84 85 91 94 97 98 100 105 107 108 119 122 126 127 129 132 133 135 139 140 149 150 157 166 169 173 175 179 180 181 182 188 190 193 196 198
19 70 25 28 37 43 50 51 52 53 54 55 56 59 63 69 71 78 79 90 99 104 107 108 109 111 119 121 122 123 124 128 129 130 132 133 136 137 138 139 142 146 151 153 154 155 158 159 171 174 181 182 184 186 187 191 193 194 196 199 200
20 51 38 42 43 45 48 51 60 62 65 66 67 72 74 82 93 95 96 99 103 109 113 114 116 118 119 128 133 135 137 144 147 150 155 160 168 169 171 173 175 179 182 188 189 191 195
21 96 30 39 40 43 45 46 47 48 49 50 54 56 57 73 74 75 82 83 84 85 88 89 97 102 107 110 112 117 124 130 143 150 156 161 162 164 168 172 175 183 192 193 194 195 200
22 93 23 25 32 37 39 47 48 50 56 58 62 66 67 70 71 78 80 81 85 92 95 98 101 103 104 105 106 111 113 114 116 121 124 128 129 130 132 135 141 149 151 152 156 162 164 165 166 167 168 172 177 182 183 195 198
23 99 30 39 42 44 46 50 53 55 57 59 67 68 69 78 80 85 88 93 99 101 110 113 117 118 121 128 129 135 137 140 143 147 148 150 158 162 164 167 171 174 178 179 185 188 192 193 197
24 90 25 27 35 37 39 40 55 56 57 58 64 65 67 78 79 86 87 93 96 102 103 105 106 107 108 111 114 120 122 124 130 131 132 138 140 146 148 151 153 156 158 160 161 163 164 166 168 169 170 172 175 181 182 186 191 193 197 199 200
25 53 28 33 36 40 41 42 58 59 63 64 70 72 76 80 82 93 95 97 99 112 119 121 126 130 134 138 143 144 145 154 157 158 159 160 161 162 165 167 173 174 179 180 188 191 199 200
26 91 27 31 33 36 37 38 39 40 43 49 54 56 61 64 65 67 71 72 74 77 78 81 86 89 91 92 99 103 104 105 108 112 115 116 118 119 121 127 128 131 133 134 137 139 140 141 145 146 148 149 152 153 154 161 162 167 168 169 172 173 175 177 181 182 188
27 59 34 35 37 48 50 55 56 58 62 69 70 73 74 83 97 98 100 102 105 109 110 115 120 122 124 126 127 129 136 138 140 141 144 145 152 157 162 164 166 167 169 172 176 177 179 183 184 186 194 196
28 97 38 43 44 45 49 50 51 53 55 57 60 62 63 65 66 67 76 77 80 82 87 91 92 97 98 100 102 103 109 110 116 117 120 124 125 126 128 133 134 137 139 140 148 152 171 175 179 184 187 188 190 193 198 200
29 91 30 33 34 38 43 44 61 63 65 68 69 73 81 84 87 92 93 104 107 113 114 120 125 126 129 131 132 134 139 141 144 146 147 150 163 168 173 178 180 181
30 63 32 33 38 42 44 47 52 53 54 57 62 64 68 69 70 74 77 79 83 85 89 91 93 94 95 98 100 102 104 113 115 118 127 133 134 135 144 147 150 153 154 160 165 166 169 171 174 179 190 191 192 194
31 87 36 38 40 43 50 51 64 65 82 84 88 93 98 100 101 102 106 107 114 115 116 117 120 121 123 133 135 137 138 140 146 149 150 151 156 162 166 171 172 173 176 178 180 181 182 187 189 190 192 193 194 199
32 88 34 36 38 41 44 45 47 49 50 55 60 62 65 72 75 77 91 92 94 98 103 106 111 114 118 119 121 125 126 129 133 134 135 139 141 142 144 149 150 151 156 157 158 159 161 165 166 170 172 178 179 180 181 184 186 191 195 197
33 97 38 42 44 51 52 62 70 72 73 76 80 81 84 85 86 88 90 93 97 98 102 105 107 108 112 113 123 125 130 133 145 149 155 160 161 168 170 171 174 177 178 182 186 190 191 199 200
34 92 42 47 48 49 52 67 69 70 75 81 88 93 96 98 99 101 102 105 110 113 115 121 126 132 135 137 146 148 153 154 159 162 163 166 168 170 171 172 173 174 175 176 183 192 194 195 196
35 61 36 39 41 43 44 49 51 54 55 56 72 73 75 76 80 84 89 91 92 96 97 98 99 100 101 108 110 112 113 117 119 120 123 133 136 146 151 153 162 163 165 166 177 179 182 185 190 196 197
36 50 40 41 48 55 57 58 63 72 73 75 76 81 83 98 105 107 110 112 117 119 120 123 131 141 142 143 148 153 154 156 166 168 169 170 172 175 179 181 189 193 195 196 199
37 67 38 40 44 45 51 57 61 63 67 69 72 73 75 77 78 80 88 89 90 91 94 97 98 99 102 103 105 107 116 120 122 124 126 130 132 137 140 144 149 153 154 159 162 169 171 172 176 177 179 180 182 184 190 191 196 200
38 87 40 41 42 43 49 51 58 60 62 68 69 76 80 82 84 87 91 95 96 97 103 110 111 113 118 120 122 124 127 128 130 137 149 150 152 154 157 158 162 163 174 175 179 180 184 186 189 193 195 197 199
39 70 40 42 44 45 46 48 49 50 52 59 60 64 69 70 71 86 89 92 93 94 95 96 97 98 101 102 106 110 111 112 114 116 119 121 123 125 126 128 129 131 134 138 144 150 151 152 153 156 158 159 161 165 166 169 180 185 188 189 191 193 195 200
40 69 48 51 52 54 56 60 63 64 69 73 78 82 85 87 88 89 90 97 98 100 101 102 105 109 113 115 119 120 122 123 124 125 126 127 129 133 139 140 142 151 153 154 159 160 161 167 170 184 187 188 193 196
41 88 42 46 52 56 63 70 72 73 74 77 79 87 91 93 101 102 108 120 127 128 132 133 138 146 148 149 161 167 174 175 176 181 186 187 192 194 195
42 77 49 51 53 54 58 59 60 73 74 77 80 99 101 110 112 114 115 120 127 129 130 131 133 138 142 152 153 157 162 165 168 171 177 178 184 191 194 199
43 74 44 45 49 51 53 57 59 61 66 69 74 77 79 84 89 90 94 95 97 99 104 105 109 110 112 119 122 125 126 133 138 144 145 146 147 149 150 152 154 156 158 167 172 180 183 184 189 194 195 197
44 65 50 56 62 67 68 70 71 76 78 79 80 85 91 93 95 96 101 104 105 106 107 111 112 113 114 117 119 122 129 132 137 144 156 161 163 164 171 176 179 184 191 192 194 199 200
45 50 51 53 56 58 59 61 62 64 66 67 68 72 89 94 96 103 108 110 114 116 125 130 132 135 137 147 150 152 154 159 164 168 170 181 189 200
46 70 48 49 57 62 71 72 74 84 86 89 93 94 95 96 98 100 105 118 123 124 125 128 129 131 132 141 147 151 162 163 167 169 171 175 189 195 196
47 55 48 49 50 53 59 65 67 68 69 70 74 78 83 84 85 86 89 90 91 92 106 107 109 112 118 120 125 129 131 136 139 142 143 147 153 155 157 160 163 164 165 169 170 172 174 176 181 182 190 192 193 196
48 83 49 59 74 85 90 97 99 101 103 106 108 111 113 116 124 132 135 138 150 152 156 159 167 168 170 174 175 184 185 187 188 194 196 198 200
49 72 52 58 61 62 66 72 76 77 78 79 86 88 92 94 101 105 107 110 111 112 113 116 121 122 126 128 130 135 137 139 152 155 159 160 169 173 175 179 183 185 190 193 197 199
50 92 54 56 58 59 67 70 77 78 79 85 90 94 100 106 112 115 124 127 129 132 134 138 141 142 144 145 146 149 163 164 165 173 174 176 177 178 179 181 186 187 189 194 198
51 79 52 54 57 58 64 70 72 75 76 78 84 85 88 94 95 97 98 101 105 106 112 116 118 122 123 124 125 129 147 150 153 159 160 161 162 163 164 165 169 170 177 185 186 187 188 189
52 90 54 55 57 58 61 62 67 68 70 76 77 78 81 84 93 99 106 108 109 112 115 120 126 131 132 133 134 136 137 141 145 149 158 159 160 166 167 168 169 171 172 173 175 176 178 181 182 186 192 193 198
53 93 60 61 64 68 70 75 88 92 97 99 111 116 118 120 130 136 140 141 142 143 148 149 150 151 157 160 162 164 168 170 171 172 184 186 194 195 199
54 78 55 56 59 60 62 64 65 72 74 77 82 84 89 90 94 96 99 108 109 113 115 116 121 127 130 132 134 137 144 151 155 158 162 167 172 177 178 190 192 198
55 53 57 58 67 68 72 74 75 79 84 85 89 90 92 94 96 97 108 112 116 119 120 125 128 131 141 156 163 170 171 174 177 180 181 191 192 200
56 70 61 66 68 69 72 76 77 82 86 96 97 105 106 107 111 114 115 117 123 124 126 128 129 131 132 137 138 146 147 151 159 160 162 164 166 167 168 171 174 179 180 183 192 193
57 100 58 59 60 72 75 80 81 82 83 84 87 88 89 95 97 101 102 104 114 117 119 125 128 135 140 143 145 162 167 170 174 176 177 183 184 186 187 188 190 191 192 196 197 198 199
58 70 61 62 67 72 74 76 79 82 84 88 90 92 93 96 100 103 104 105 107 108 114 118 122 124 128 129 131 134 138 143 147 148 152 153 154 157 158 160 163 165 166 168 170 176 177 186 191 193
59 72 60 71 72 81 86 88 92 93 94 95 96 99 102 104 106 110 115 116 118 122 125 131 136 137 139 140 141 145 146 157 158 159 160 163 167 168 169 172 175 177 181 182 189 190 191 192 194
60 93 61 66 67 75 76 78 86 88 92 93 95 97 98 99 100 110 113 115 123 124 126 133 135 139 140 144 146 148 154 157 158 159 160 162 165 166 169 171 175 179 186 187
61 81 62 66 67 68 69 82 87 88 91 97 107 108 115 118 119 120 127 130 135 136 146 149 165 167 169 171 174 175 179 180 182 185 186 187 188 191 197 200
62 92 63 66 71 75 76 77 78 83 84 99 100 105 107 110 112 119 120 123 124 125 130 132 136 140 141 145 149 157 162 163 164 167 173 174 176 177 180 187 193 196 197 198
63 63 66 71 72 73 75 77 78 81 84 88 91 93 94 101 115 122 128 130 134 135 136 137 138 140 152 156 157 160 163 164 166 170 173 175 179 180 187 189 191 193 194 197 198
64 72 66 92 97 101 102 105 108 116 119 125 127 132 135 142 143 153 156 158 159 160 161 167 168 172 174 177 180 183 188 189 191 192 197 198 199 200
65 51 66 70 71 72 79 81 90 95 104 107 109 116 117 124 127 131 135 137 140 144 147 148 156 161 170 173 175 176 177 181 182 183 190
66 58 68 70 71 77 79 82 83 84 100 109 111 112 113 114 119 120 122 124 125 127 137 140 144 148 152 156 158 160 161 162 165 175 178 181 182 183 184 188 189 191
67 96 68 71 73 86 90 93 94 97 100 103 106 112 114 115 119 120 125 126 127 133 134 135 142 153 158 159 162 166 167 168 169 172 173 178 179 180 185 194 196 199 200
68 57 73 75 76 78 83 86 89 95 101 102 105 106 107 111 113 114 115 121 122 124 126 130 131 133 139 140 142 151 156 159 168 169 177 180 186 187 189 193 194 195
69 85 72 74 76 80 84 85 86 90 96 107 111 115 117 118 120 125 136 141 147 149 151 157 161 163 165 167 173 177 183 187 188 189 190 192 196 197
70 96 72 73 81 98 105 112 113 114 119 126 134 138 141 142 151 152 153 154 160 164 167 177 180 181 182 183 193 194 196 199
71 53 72 74 76 86 90 91 92 102 104 107 113 114 115 118 119 120 127 128 130 136 137 139 142 144 146 151 154 161 163 165 168 175 176 181 190 191 193 194 195
72 67 75 76 81 82 85 87 90 91 93 97 100 104 105 107 108 111 113 114 126 129 132 133 134 139 140 142 145 149 151 153 154 159 161 163 165 166 167 188
73 72 78 82 87 91 95 98 109 110 111 114 121 125 126 131 134 136 137 141 143 145 149 150 153 156 158 169 175 184 187 190 195 200
74 67 78 83 84 87 89 96 99 102 103 104 109 113 120 122 123 127 137 140 142 148 151 152 153 172 176 177 180 194
75 79 80 92 95 97 99 100 101 104 110 111 115 116 120 121 122 126 127 129 133 134 138 147 151 159 160 162 165 167 169 171 173 174 179 182 185 187 189 190 193 198
76 60 78 81 82 83 85 90 91 92 103 106 108 112 113 118 120 123 126 127 131 132 133 134 138 140 141 142 143 147 151 154 160 166 167 169 171 181 186 187 188 189 191 193 194 195 197 200
77 69 80 89 90 91 95 103 104 105 106 117 121 124 125 143 147 148 151 154 156 157 159 160 165 168 170 173 176 177 178 179 180 181 183 186 188 189 190 194 195 197 198 199
78 94 80 82 85 89 96 98 99 100 101 103 104 105 109 114 117 120 124 129 134 135 136 138 141 145 146 151 153 158 159 160 165 168 175 176 187 190 191 198
79 58 81 83 84 88 89 90 93 97 107 108 110 115 116 119 121 125 127 128 129 130 132 136 138 139 143 147 149 150 152 153 155 156 158 159 160 161 162 163 168 176 192 194 198
80 96 86 87 91 93 94 95 105 108 116 117 119 125 130 140 141 148 154 160 169 170 173 175 180 186 187 189 193 195 200
81 59 83 85 86 90 103 104 108 110 113 114 117 121 124 134 135 137 140 142 143 148 150 156 157 165 166 173 175 176 179 180 182 185 189 190 192 195 200
82 55 84 87 88 89 90 91 93 96 97 100 107 114 116 117 121 122 133 137 142 145 147 148 151 154 156 169 173 176 186 192 194 197 198
83 85 84 87 88 89 91 92 93 101 103 104 112 116 124 125 126 129 133 135 140 141 142 143 147 148 151 152 153 155 159 160 161 162 164 169 170 171 173 179 181 184 187 190 193 197 198
84 89 87 90 96 98 99 107 109 110 112 114 115 121 122 141 144 150 152 156 158 161 165 166 172 174 175 178 182 183 185 186 190 192 193 194 200
85 58 86 95 96 97 98 99 103 104 105 117 120 123 124 125 127 128 130 132 140 141 143 144 147 149 152 153 156 157 166 167 169 172 176 183 184 186 187 190 196 197 200
86 65 87 93 99 102 118 119 120 124 125 128 132 133 135 136 138 141 145 146 148 151 153 154 164 165 174 180 182 184 186 187 190 195 196 198
87 80 90 93 94 100 101 102 105 108 109 111 113 115 116 118 123 127 129 130 131 134 135 136 140 146 151 155 161 164 165 168 169 170 175 178 181 182 188 189
88 58 91 93 96 103 105 112 114 118 119 124 125 127 131 134 137 142 143 144 149 151 152 153 154 162 167 170 174 179 181 187 188 195 198 200
89 59 92 97 99 101 107 116 117 121 124 125 130 131 137 138 147 154 158 160 161 170 174 178 182 185 186 193 194 196 199
90 100 94 97 103 105 106 107 111 115 116 118 120 125 130 134 135 137 140 141 143 151 153 164 166 171 178 179 182 184 185 188 193 196 197 198
91 61 94 96 98 99 100 102 109 112 114 115 116 117 123 124 128 133 134 135 136 138 144 145 148 152 154 155 158 164 166 168 172 176 177 191 192 194 196 197
92 75 94 97 98 102 103 104 106 107 109 111 117 120 125 126 128 131 133 138 142 151 157 158 164 170 172 177 180 182 184 194 196
93 65 94 97 101 103 108 113 114 116 118 121 129 130 132 135 136 137 139 140 142 143 144 147 149 151 153 154 156 160 162 164 167 170 172 177 180 181 182 188 192 193 195 198
94 90 96 98 105 116 117 118 119 123 125 130 132 134 137 141 144 147 148 149 151 154 159 160 164 168 170 171 173 174 180 184 185 187 190 195 196 200
95 87 97 98 101 104 108 109 112 114 118 121 126 131 138 139 140 144 151 156 158 160 162 164 172 174 178 182 187 190 192 197 199
96 50 99 100 103 104 108 110 113 114 115 116 119 128 133 136 137 139 145 149 154 155 161 165 167 171 179 182 187 189 191 192 196 199 200
97 62 98 100 104 105 107 112 116 117 118 119 121 122 123 124 126 128 131 133 135 136 137 138 139 141 142 147 149 156 158 160 164 166 169 176 180 181 183 184 185 191 193 194
98 87 102 105 107 109 110 111 122 129 139 141 147 155 156 158 169 180 185 189 195
99 51 100 105 106 117 119 124 128 131 132 133 134 135 136 141 145 148 150 152 158 165 166 173 175 176 177 178 179 185 188 196 198 199
100 78 102 107 118 127 128 130 132 134 135 138 139 143 150 152 154 159 160 168 169 170 173 177 178 180 181 186 187 196 200
101 61 105 109 113 117 121 124 126 134 139 143 146 148 149 150 151 152 155 160 161 164 171 172 175 176 178 181 192 193 194 195 196 198 200
102 66 104 109 111 112 115 118 120 125 129 131 136 139 143 147 149 151 152 154 155 156 159 160 161 168 170 172 177 178 179 180 190 197 200
103 84 105 106 108 109 110 113 121 122 123 124 133 142 143 148 149 151 156 158 169 171 179 183 184 187 193 197
104 76 117 127 131 134 135 137 138 143 144 146 151 154 155 156 163 165 167 174 182 183 184 187 188 194
105 68 106 107 109 119 124 128 131 134 136 140 143 150 152 156 158 159 164 166 179 180 182 184 185 190 193 196 198 199 200
106 94 112 127 131 139 141 145 147 150 155 159 160 161 170 172 173 174 175 177 178 179 180 182 185 187 188 190 195 199
107 57 115 118 122 125 126 129 132 133 134 137 143 147 149 153 155 157 161 164 165 168 178 181 188 191 192 193 195
108 81 109 110 117 121 126 128 132 136 138 139 142 145 146 152 157 158 160 161 171 174 182 184 185 188 189 192 193
109 70 116 119 120 121 123 124 125 126 128 129 130 132 135 137 142 146 154 160 163 164 165 167 168 172 183 189 193 194 197
110 51 112 119 130 131 142 143 145 146 152 160 161 162 164 172 177 178 179 181 182 184 185 190 200
111 73 115 117 119 126 127 129 130 134 137 142 143 146 148 160 163 164 170 172 177 179 182 183 185 189 190 191 194 196
112 93 120 124 126 131 135 136 138 139 141 146 149 158 163 164 166 170 175 177 182 187 192 193 195
113 92 115 116 118 119 127 129 130 136 137 139 146 148 153 156 160 161 162 167 171 174 178 183 187 190 191 192 196 200
114 100 122 125 140 141 146 147 148 149 157 158 159 163 164 165 173 174 175 181 190 191 196 198 199
115 63 116 118 120 123 133 134 137 147 150 151 152 153 156 160 162 174 175 177 179 185 190 196 199
116 81 121 127 128 132 133 134 136 138 141 148 156 158 164 168 171 172 180 186 187 188 191 193 194 197
117 52 132 137 143 150 151 152 164 171 172 177 181 187 192 193 194 196 198
118 88 121 122 124 126 127 128 132 135 138 141 142 144 146 149 150 157 163 165 166 169 170 171 172 174 177 180 184 187 192 196
119 86 120 125 127 128 133 135 136 144 156 157 158 159 165 171 172 174 179 185 189 190 192 197
120 90 125 128 130 132 134 136 138 140 143 144 146 148 153 156 163 165 167 168 173 175 176 178 179 180 181 182 184 185 187 194 196 197 198
121 89 122 124 125 128 129 130 135 137 140 141 143 151 155 156 157 164 165 170 171 174 180 197 198
122 73 128 133 134 136 138 146 149 150 152 154 155 158 160 166 169 172 173 176 177 178 182 183 185 186 187 188 194 200
123 60 124 127 131 134 135 141 150 151 161 162 165 170 171 173 183 185 189 191 195 196 199 200
124 58 129 134 135 141 142 150 151 152 154 162 163 164 166 169 170 171 173 174 175 176 177 182 188 197 198 200
125 61 130 133 140 148 152 155 164 167 169 170 171 172 176 180 181 188 190 191 193 200
126 62 131 132 135 136 138 144 146 150 152 154 158 164 165 167 168 174 176 183 186 188 189 191 193 194 196 198 199 200
127 54 131 138 140 141 149 152 153 154 158 161 162 166 171 172 181 184 190 191 193 197 198
128 96 129 131 139 141 143 148 150 151 152 153 155 158 166 167 168 172 175 177 180 185 191 194 196
129 78 130 131 132 133 135 136 144 145 147 150 153 161 165 167 168 172 176 179 184 187 189 194 199 200
130 97 133 136 141 142 148 151 156 157 170 175 176 181 182 183 186 189 190 192 195 196 197 198 200
131 82 132 133 138 139 145 147 148 153 156 163 166 169 175 179 186 189 190 192 195 196 197
132 71 133 134 135 136 142 150 154 156 161 162 163 167 171 175 179 184 186 188 189 191 193 194
133 89 134 135 138 139 141 143 153 158 173 180 195 197 198 200
134 87 135 136 141 142 146 149 150 156 158 161 163 166 172 180 182 185 189 191 194 195 197
135 58 138 139 140 142 152 153 155 156 157 162 169 178 179 183 186 188 189 191 193 196 198 200
136 66 144 145 150 155 158 162 166 172 177 178 179 184 185 187 192 194 196 197 199 200
137 76 138 139 144 146 149 154 158 161 163 164 181 188 192 196
138 67 143 150 153 156 157 159 160 161 162 167 168 178 184 190 194 195 199
139 95 140 142 151 152 153 167 172 174 176 180 186 187 188 189 192 193 194 195 196
140 88 152 156 157 159 160 161 163 165 167 168 169 171 173 174 175 176 179 181 184 196 197
141 79 148 149 151 152 154 156 159 160 161 169 170 171 181 189 190 192 197
142 75 145 147 148 150 153 155 156 159 160 163 164 165 170 172 174 178 179 180 187 188 191 194
143 60 151 154 159 161 165 170 173 176 179 180 187 189 192 193 194 197
144 55 146 150 151 155 162 166 168 171 179 180 185 190 194 195
145 85 146 147 155 156 164 170 175 179 180 182 183 186 188 190 194 197 200
146 85 147 150 155 159 162 164 165 166 167 171 173 176 177 179 180 181 183 188 192 193 196
147 94 148 149 150 152 153 170 175 180 182 183 191 192 196 197 198 199
148 97 151 152 157 158 159 161 162 164 168 174 176 188 196 198
149 99 154 160 162 165 166 168 171 172 173 175 180 181 187 188 190 195 200
150 90 151 159 161 164 168 169 172 175 177 178 180 185 193 196 197 198
151 57 155 162 167 169 170 176 178 179 181 182 192 196 198
152 70 155 163 171 175 176 177 183 190 200
153 83 156 160 163 164 167 168 172 173 174 178 180 183 184 185 188 191 194
154 66 158 159 162 164 171 172 178 180 181 184 189 195 196 200
155 53 156 160 165 166 167 171 178 179 180 181 187 189 194
156 51 161 163 167 174 178 185 189 191
157 53 158 162 168 170 174 176 177 180 181 190 192 196 197
158 71 160 167 172 174 177 187 195 197 198
159 91 160 166 168 171 173 174 175 178 181 186 188 189 192 195 199
160 99 161 169 175 180 181 185 189 195 196
161 85 162 163 166 171 180 186 189 190 193 200
162 91 164 165 176 178 183 192 195 200
163 91 167 170 174 175 178 180 182 187 188 195 199
164 89 168 169 172 173 176 180 185 186 192 199
165 71 166 170 175 179 180 181 189 190 194 195 196
166 53 167 168 170 171 177 181 182 186 188 197
167 52 169 180 182 186 189 195 197 198
168 77 172 175 177 178 180 183 190 191 193 199 200
169 88 172 174 176 179 186 187 190 191 195 196 197 198 200
170 79 172 177 181 183 187 188 190 192 193 197 199
171 75 182 188 192 193 194
172 90 175 181 186 188 196 200
173 87 175 176 177 179 183 184 185 186 187 193 194 195 199 200
174 58 177 181 184 185 186 190 193 197 200
175 55 177 180 187 189 191 192 194 197
176 86 178 184 187 188 190 192 193 198 199
177 95 181 182 187 188 190 194 196
178 56 186 187 188 190 194 199
179 53 181 183 188 194 197 198
180 61 181 184 186 189 190 194 196 198
181 83 191 192 194 197 198 199
182 70 183 185 192 194 200
183 57 184 186 195 196 198
184 75 189 190 193 197
185 78 188 192 195 196 200
186 88 187 188 192 193 194 197 199 200
187 76 190 193 194
188 59 189 190 191 193 194 200
189 88 191 193 195 197 200
190 88 194 196 197 199
191 95 194 195
192 72 199 200
193 56 198 200
194 54
195 81 196 200
196 77 197 199
197 80 198
198 71 200
199 65
200 71
