200
1 72 3 5 6 9 11 12 14 16 19 20 25 26 30 32 36 37 44 46 47 49 51 52 54 58 59 60 64 65 68 69 70 72 73 76 77 83 85 86 87 88 92 95 99 100 102 105 107 108 109 110 112 113 116 119 122 124 127 128 129 132 136 137 140 141 143 144 145 146 147 154 162 166 167 168 169 170 173 177 179 180 184 185 192 196 197 198 200
2 100 4 6 7 8 14 16 19 21 22 23 24 25 27 30 31 32 33 43 45 48 50 55 56 57 59 62 64 68 69 70 71 72 76 77 79 85 87 89 90 95 96 98 99 100 101 103 104 105 106 111 115 116 117 119 120 121 123 136 137 138 140 141 143 146 152 153 154 157 159 160 161 162 163 164 169 170 174 175 179 181 183 187 188 193 199 200
3 78 8 12 13 15 24 25 26 31 32 43 45 46 48 49 50 52 56 58 59 62 64 65 67 69 70 72 76 77 79 82 83 84 89 94 95 100 102 103 107 110 112 119 123 125 128 129 130 133 134 135 138 139 143 144 149 150 152 153 157 162 166 167 168 171 175 178 180 182 183 185 187 190 193 194 195 196 200
4 10 5 9 10 11 16 18 19 22 23 26 28 34 37 39 40 43 49 52 55 60 61 62 64 68 70 71 73 74 77 81 83 85 89 92 93 95 97 99 100 103 106 109 111 113 114 116 117 118 121 122 127 128 130 133 138 139 140 145 146 147 149 152 154 155 156 157 158 159 161 162 163 164 166 167 168 171 172 174 175 176 177 181 183 184 185 187 189 191 192 193 195 196
5 18 7 9 14 15 18 22 28 32 35 36 40 47 48 49 52 55 57 58 62 66 68 72 73 79 80 81 85 88 96 101 102 103 107 110 112 113 114 117 120 121 128 130 144 147 148 149 150 156 159 162 163 165 166 168 169 173 175 178 179 180 186 187 190 192 194 196 197 198 199
6 42 9 11 12 17 18 19 20 21 23 25 29 30 31 39 40 44 45 48 49 50 53 60 63 65 69 70 72 75 76 79 80 81 82 85 88 91 93 94 97 98 101 102 110 114 115 116 118 119 120 121 123 128 130 131 132 135 137 138 140 143 144 145 147 148 149 151 152 153 156 157 160 161 162 163 171 173 178 179 181 182 187 191 194 197 199 200
7 95 15 20 21 23 25 26 28 34 41 42 49 50 51 53 56 57 60 67 69 70 71 73 77 83 86 92 98 100 101 102 106 107 109 111 114 116 118 121 122 123 124 125 126 129 132 135 136 141 142 143 144 148 150 151 158 163 167 168 169 172 173 174 180 183 185 187 188 192 193 194 195 198 199
8 100 11 12 16 17 18 19 23 26 27 29 30 32 33 35 37 38 43 46 50 52 62 64 65 66 67 70 71 73 75 78 79 82 83 90 95 96 97 105 107 109 115 116 117 122 126 128 129 130 134 138 143 145 148 157 162 167 175 176 177 178 180 181 182 184 187 188 189 190 191 192 193 195
9 22 10 12 19 24 27 31 32 35 46 49 52 55 61 63 64 65 66 69 70 71 74 79 80 83 94 95 99 100 104 105 111 114 118 119 120 122 125 126 127 128 129 132 137 142 145 147 148 149 150 154 155 159 163 166 167 168 169 170 173 176 177 178 179 180 181 184 186 187 189 194 195
10 15 12 14 21 22 25 26 28 29 31 32 35 36 38 39 41 45 47 49 51 53 54 55 56 59 64 66 71 73 77 80 81 82 84 85 87 90 91 92 93 95 96 97 98 104 107 111 112 117 118 119 121 122 124 126 127 128 133 134 135 139 140 141 147 151 152 157 159 161 162 166 167 168 171 179 180 181 183 184 185 187 189 192 196 197
11 1 15 20 25 26 27 29 30 34 42 46 47 49 53 57 58 59 60 61 66 68 69 73 74 81 82 83 84 89 90 91 95 96 102 108 109 112 113 122 125 126 127 129 130 136 138 140 144 149 151 162 163 164 165 166 167 168 169 172 174 181 183 185 187 188 189 190 191 195 197 198
12 68 14 19 21 22 23 25 28 29 33 36 38 40 41 42 46 52 56 57 58 60 62 65 69 70 71 75 79 84 85 89 90 91 93 95 98 101 102 105 106 110 113 116 119 121 125 127 130 133 135 144 147 154 158 160 165 166 168 169 170 171 172 175 181 182 187 188 189 190 191 192 194
13 87 14 15 16 18 19 22 26 27 35 37 38 40 42 48 49 51 58 61 62 67 70 72 75 77 78 83 93 97 98 99 101 104 106 107 111 114 115 125 126 127 128 131 133 134 136 142 145 149 152 154 155 158 159 163 165 167 168 171 172 173 181 184 186 187 188 189 192 197 198 199
14 32 16 17 24 28 29 32 33 38 40 41 45 46 49 50 51 59 60 62 63 64 66 71 72 73 74 76 78 80 81 82 83 84 86 90 95 96 97 99 105 107 112 113 125 132 133 135 138 139 144 146 149 150 152 155 159 160 164 170 173 176 179 186 188 190 192 193 194 195 196 199
15 41 17 19 20 26 27 36 38 41 42 45 49 51 52 55 58 59 61 65 66 68 71 74 75 77 80 87 89 93 94 99 100 101 103 107 109 110 111 112 114 115 117 119 120 121 122 126 131 133 135 137 138 139 140 142 143 154 156 157 158 159 161 163 168 173 174 177 182 183 185 186 189 193 194 195 196 198
16 67 19 20 25 27 29 33 34 36 37 38 40 42 43 47 49 50 54 55 56 59 60 62 63 64 65 69 71 73 74 77 78 80 81 82 86 87 90 101 102 105 107 108 114 118 120 121 122 123 124 125 126 127 128 130 133 134 139 141 142 147 148 149 154 156 157 161 164 168 170 171 174 175 176 179 180 181 191 192 194 197
17 27 18 19 21 23 24 30 32 33 35 40 41 42 43 48 49 51 52 54 55 57 58 59 63 64 67 68 70 73 74 81 89 100 102 105 106 107 108 109 113 114 116 117 119 123 125 126 127 128 130 134 135 136 138 140 143 144 145 146 148 149 151 154 155 158 160 161 162 163 168 170 172 173 174 178 180 181 187 189 190 192 195 198
18 84 20 22 23 25 26 28 29 30 38 43 44 45 47 48 55 57 58 59 63 64 65 68 69 70 71 77 82 84 85 88 90 94 96 98 99 101 102 103 106 109 111 112 116 118 119 123 127 128 131 132 133 137 138 142 143 144 148 152 154 155 156 164 165 176 178 179 180 181 183 186 188 192 197 199
19 11 22 23 25 26 28 32 33 34 38 42 44 46 49 54 55 59 60 61 64 66 69 72 73 78 81 87 90 91 93 96 97 103 104 111 113 118 127 128 129 133 135 136 141 143 144 145 147 148 149 151 152 153 156 157 160 161 162 166 167 168 169 170 172 176 177 181 182 190 191 193 194 196 199 200
20 73 21 22 23 25 26 27 28 29 30 31 37 38 43 45 47 48 49 50 56 59 63 64 65 66 68 71 73 78 81 85 87 89 91 92 94 102 104 105 107 110 111 113 120 121 125 126 128 132 133 134 135 137 139 140 141 149 150 151 152 153 155 160 165 166 167 170 172 173 174 181 184 187 197 198 199
21 4 23 24 26 29 30 31 46 49 50 60 61 64 71 72 74 75 76 77 78 79 81 84 85 98 99 101 102 104 105 107 108 109 110 111 112 113 114 116 118 127 132 133 135 140 145 146 149 154 158 159 162 164 166 167 170 171 176 178 182 183 184 187 189 191 196
22 78 26 30 40 48 50 54 59 63 65 66 72 74 77 79 81 82 87 96 100 103 104 109 111 113 118 120 123 124 129 130 135 141 142 145 148 150 153 156 158 159 160 161 163 169 170 171 178 183 186 191 192 194
23 44 25 28 32 37 40 42 45 48 52 54 56 58 62 64 69 72 76 77 79 80 84 89 106 107 108 110 111 112 113 114 115 119 121 123 127 130 131 133 136 139 145 148 149 150 155 157 159 160 163 164 165 166 168 169 170 172 175 179 180 182 183 188 191 195 197 199
24 57 26 30 33 36 37 38 39 40 41 42 43 44 46 47 50 57 58 62 64 65 66 71 73 77 79 80 82 83 84 88 90 94 96 98 100 102 105 106 108 110 111 122 124 133 134 136 139 141 143 144 145 146 147 149 155 156 157 158 159 160 162 168 169 170 174 175 176 177 179 180 181 183 185 186 187 188 189 192 193 198 200
25 3 28 32 33 34 36 38 40 41 42 46 47 59 61 65 66 68 69 72 74 76 79 80 82 88 96 99 100 102 104 105 107 108 109 111 112 114 116 118 119 121 141 144 145 146 153 157 160 161 165 167 168 169 171 174 176 177 178 181 183 184 187 188 193 198
26 91 27 29 32 33 39 41 43 49 50 51 56 58 59 62 64 66 73 75 77 78 80 82 85 86 88 89 92 96 98 101 103 108 109 110 111 112 114 116 118 123 127 130 133 142 144 150 151 153 157 160 161 163 166 167 169 172 173 175 178 180 183 187 192 197 198 200
27 68 34 36 37 38 39 40 42 46 47 49 52 53 54 55 56 58 59 64 66 71 72 77 78 83 84 85 88 94 95 96 99 100 101 109 110 112 117 120 121 122 134 136 140 144 147 149 153 157 158 162 166 167 169 173 174 175 176 177 178 179 183 192
28 13 29 30 33 35 36 38 39 42 48 49 54 59 61 62 63 64 66 67 69 78 82 86 88 89 90 95 96 97 100 101 103 105 108 109 110 113 115 126 130 136 138 141 144 145 148 149 151 152 153 161 162 167 168 172 173 175 177 182 185 186 187 188 189 191 193 194 199 200
29 91 31 34 35 37 38 39 40 41 42 43 45 50 54 57 58 59 62 65 66 67 69 72 75 78 79 80 84 93 97 98 102 105 107 110 112 113 117 119 121 123 130 132 134 135 138 139 143 146 149 151 156 161 164 167 168 169 170 171 172 178 179 182 184 187 191 194 195 200
30 46 31 32 35 36 39 43 44 52 56 58 60 61 62 65 72 75 80 83 84 88 89 97 98 102 105 111 114 116 118 119 124 125 129 132 135 140 144 146 147 150 151 152 158 161 162 164 165 167 170 174 175 176 177 178 180 191 194
31 93 32 33 36 37 39 41 42 43 47 51 53 56 57 59 61 64 66 67 68 72 73 78 79 80 81 83 85 86 88 89 90 91 95 97 101 104 105 107 108 110 115 116 119 132 134 136 139 143 144 147 148 153 154 156 161 163 167 171 172 174 175 177 180 182 184 187 188 190 194 196 197 199 200
32 29 33 34 45 46 47 50 59 66 69 74 76 79 82 83 85 87 90 91 93 96 97 102 105 107 108 109 110 112 113 120 124 126 133 137 138 141 142 143 153 156 157 160 169 174 176 177 178 180 182 186 191 194 195 197 198
33 91 34 38 41 49 52 55 56 57 58 59 60 64 65 66 67 68 70 74 75 77 78 79 80 84 87 90 91 92 94 97 99 109 114 118 120 127 130 131 133 134 135 136 138 141 142 143 157 165 168 179 181 184 185 188 196 197 199 200
34 53 37 38 39 40 42 43 51 53 54 56 57 60 61 64 67 68 75 76 77 79 83 85 86 87 92 94 98 99 100 102 107 113 116 117 124 125 126 130 133 134 135 138 139 140 146 147 148 155 157 160 163 165 166 171 173 174 175 178 179 182 183 184 188 189 190 192 194
35 94 36 37 38 39 40 41 42 44 48 49 52 53 54 55 56 57 59 61 63 64 65 66 68 70 73 76 78 83 87 93 94 95 96 99 101 104 105 106 108 112 119 121 122 125 126 132 137 138 145 149 152 155 160 161 165 166 167 168 170 173 180 181 186 190 193 195
36 11 39 43 46 48 50 51 53 54 57 59 60 63 64 66 68 69 71 79 82 86 89 91 92 93 94 95 96 99 100 102 103 104 106 108 111 113 114 123 124 127 128 129 133 135 136 138 140 142 144 148 153 158 160 165 166 167 170 171 173 176 177 179 180 181 183 184 186 187 188 190 193 194 195
37 33 39 45 48 50 51 52 56 57 62 63 65 66 69 72 77 80 83 85 88 89 91 92 93 94 95 98 102 104 105 106 107 108 109 113 114 115 119 120 123 126 127 128 133 137 144 147 150 152 160 164 168 169 172 174 180 182 185 186 190 191 195 197
38 29 40 41 43 44 45 46 48 49 50 51 52 53 57 58 61 63 70 71 75 77 78 79 80 81 84 89 90 91 94 95 98 103 104 106 107 109 110 112 116 117 118 128 129 131 135 137 139 141 144 146 149 154 156 157 158 160 161 162 167 168 169 170 172 173 174 177 181 182 185 188 189 190 193 196 199
39 69 40 43 44 46 48 49 52 55 56 57 58 59 60 64 65 69 71 72 77 81 84 85 86 90 93 99 100 102 104 105 110 113 116 118 119 123 124 130 134 137 138 139 141 145 147 148 152 157 160 162 168 169 170 172 176 177 178 179 183 188 190 192 194 198
40 77 41 42 44 45 47 50 52 53 54 55 57 58 59 60 62 63 69 71 75 79 88 95 100 101 102 103 107 109 112 113 116 117 118 121 123 127 131 134 135 137 139 140 142 144 146 147 149 154 156 158 161 165 168 169 172 175 180 187 189 190 191 200
41 87 42 45 51 58 59 62 63 66 67 68 70 71 72 73 76 78 79 82 85 93 96 100 104 105 109 110 111 112 113 115 117 120 121 124 126 127 128 132 133 136 137 138 142 153 155 157 161 164 165 166 168 169 170 171 172 173 175 178 180 183 184 185 188 191
42 41 45 47 48 51 52 54 56 57 59 60 68 69 70 71 75 76 79 82 83 87 92 95 100 102 109 110 113 120 121 123 125 128 130 133 136 140 142 143 144 145 147 154 155 156 157 159 160 161 162 164 166 167 171 173 174 176 178 183 185 188 189 192 194 195 196 197 200
43 11 44 45 46 52 53 55 57 59 62 65 66 69 75 77 81 82 95 96 97 98 99 101 103 104 105 106 108 115 116 118 119 122 123 124 126 127 131 132 134 135 136 140 147 151 158 159 160 163 165 171 173 175 178 180 182 187 188 191 193 195 199
44 92 46 49 50 51 54 55 57 58 59 60 66 67 69 70 74 75 76 78 80 82 83 84 85 86 96 99 100 101 107 108 110 111 112 116 117 123 125 126 131 132 133 138 141 142 144 148 151 156 160 161 162 163 166 167 170 171 172 173 174 175 176 181 182 185 188 190 192 193 194 196 197 200
45 64 47 49 50 51 52 54 56 57 59 60 62 63 64 65 66 67 70 71 73 81 82 84 85 87 89 90 98 100 102 103 105 106 107 109 111 117 118 126 127 131 133 135 138 140 150 151 152 157 158 160 161 166 170 172 176 177 180 186 187 189 191 192 197 199
46 89 48 49 53 55 60 68 69 70 72 74 75 77 78 88 92 94 95 102 104 105 107 111 113 115 116 117 123 127 130 134 137 138 140 141 144 145 148 154 157 158 160 165 166 167 168 169 170 172 173 175 176 177 179 184 187 191 195
47 94 49 50 51 52 53 56 64 68 70 73 74 75 76 79 84 85 86 89 90 91 93 94 97 99 106 107 108 111 112 117 119 120 122 123 124 125 126 127 128 129 137 140 142 144 146 149 150 159 163 165 166 168 174 175 177 178 184 185 191 193 195 198 199
48 88 52 55 59 61 68 75 79 82 83 89 90 92 95 98 99 103 104 107 108 109 112 113 114 117 118 119 121 126 127 128 131 134 136 137 138 140 142 145 150 153 154 156 158 159 161 163 165 166 170 171 175 177 178 183 184 191 194 197 198 199
49 78 50 56 61 65 66 69 71 76 78 79 80 82 88 90 91 95 96 99 102 103 106 111 112 113 114 115 117 118 120 122 125 130 131 132 137 138 140 142 143 145 152 154 155 156 158 159 161 165 170 175 183 184 185 188 189 193 199 200
50 60 55 63 65 69 73 74 78 79 81 82 85 89 95 97 98 100 106 107 114 115 116 117 119 122 123 125 128 129 132 141 145 146 150 151 152 153 154 158 160 163 165 171 172 173 179 180 181 185 186 189 191 193 194 195 196 197 198
51 100 53 55 56 57 59 61 62 63 66 70 72 73 74 75 77 79 81 86 88 91 93 94 95 98 99 105 106 107 110 111 113 115 120 123 128 130 132 134 135 136 137 138 140 141 143 145 148 154 157 158 163 167 168 171 172 175 178 179 180 181 182 184 186 189 190 191 192 193 194 198
52 25 53 57 58 59 61 63 64 65 67 70 71 72 76 80 82 91 94 95 96 98 100 101 103 104 106 107 110 113 114 116 117 122 123 124 125 127 129 130 131 133 136 137 139 142 143 145 150 153 155 159 164 165 167 169 175 177 179 185 189 191 195 197
53 57 60 63 64 65 66 71 72 77 79 81 83 84 85 87 91 95 98 99 102 104 107 112 115 116 117 118 119 120 123 126 130 131 139 141 142 143 144 148 155 156 162 168 169 171 173 175 176 180 183 185 190 191 192 196 197 200
54 80 55 56 59 61 66 67 69 71 74 77 78 80 81 83 84 85 91 93 97 98 99 101 102 103 104 109 115 120 126 127 129 131 132 133 137 138 140 142 143 144 146 148 158 159 165 167 170 171 172 174 175 176 178 182 184 185 188 192 193 194 195 196 197 198 200
55 92 56 57 59 60 62 70 71 82 83 84 86 93 94 95 96 98 101 107 112 118 121 125 126 127 131 133 136 137 139 141 142 143 147 150 156 161 164 168 172 175 176 183 187 188 196 199
56 52 57 59 60 61 68 69 71 72 75 77 78 81 84 89 93 98 99 101 103 104 105 106 110 115 117 119 120 123 128 131 133 134 135 137 140 144 149 151 153 157 160 169 170 174 175 176 178 179 180 182 185 187 188 192 195 197
57 95 60 62 63 66 68 71 75 76 77 78 81 83 84 87 89 90 94 95 98 100 108 109 110 114 116 117 118 119 121 122 126 127 128 129 138 141 142 143 144 148 151 152 155 157 159 161 163 171 172 176 179 183 184 186 188 191 193 194 196 197 198 199
58 96 68 70 71 72 74 75 77 78 82 84 86 87 88 89 91 92 93 98 99 102 105 106 110 112 113 114 122 124 127 128 130 131 132 133 137 138 140 143 147 148 149 151 152 155 157 158 159 160 161 162 164 165 166 167 172 174 180 181 183 186 194 195 199
59 66 60 64 69 71 73 74 77 79 80 83 86 88 89 93 95 104 106 108 110 115 118 119 120 121 122 123 128 129 131 135 140 141 142 143 144 146 148 149 152 154 157 158 165 167 169 172 178 184 185 192 198 199
60 13 61 62 66 67 68 69 70 72 75 77 84 85 86 89 90 93 96 103 106 112 113 114 116 118 120 121 123 127 129 133 134 135 138 140 144 146 147 149 151 154 162 165 169 174 175 178 180 185 186 190 191 193 194 198 199 200
61 36 64 69 72 77 78 80 83 85 88 98 101 104 105 110 114 116 119 125 127 128 132 133 136 137 139 144 146 147 148 149 154 155 156 159 160 162 163 166 168 184 185 190 192 195 198 200
62 13 64 65 66 68 69 71 72 75 76 78 82 83 84 89 96 99 100 103 104 107 110 113 115 120 122 123 125 131 132 133 134 135 141 147 148 153 154 158 160 162 164 165 166 167 168 171 173 174 178 179 182 186 187 188 189 192 195 198
63 65 65 73 78 81 83 87 88 92 93 94 97 98 102 104 105 106 109 111 112 113 117 120 122 123 127 129 130 131 134 139 141 144 148 152 153 155 162 163 166 167 169 171 174 178 179 180 186 187 188 189 193 194
64 47 65 68 71 72 73 74 80 83 84 85 89 91 106 107 110 112 113 120 121 122 125 127 129 134 136 137 140 141 142 146 147 148 149 152 155 157 159 161 162 163 165 172 175 179 182 184 186 187 188 195 196 198 200
65 80 71 80 81 84 86 89 90 94 97 105 107 110 113 116 123 124 126 130 138 139 142 146 148 150 153 154 159 165 166 169 174 175 176 181 182 184 186 187 189 190 191 192 193 194 195 198 199
66 18 68 69 70 71 73 75 79 80 84 87 92 93 94 98 100 103 106 108 110 111 112 116 120 122 125 128 132 133 135 136 139 140 145 149 151 153 154 155 162 163 164 165 168 169 170 172 173 181 185 187 189 192 193 198 200
67 19 68 74 77 79 80 81 86 88 96 103 105 107 109 110 111 112 113 114 116 121 127 128 129 130 131 135 137 139 146 150 151 154 155 160 161 164 166 167 168 172 173 179 181 183 184 185 186 191 193 194 197
68 59 72 74 75 78 80 81 84 91 93 95 101 105 106 107 109 112 114 115 118 122 126 130 132 133 135 138 142 144 153 155 157 159 160 161 164 166 167 169 174 175 177 182 184 185 190 192 193 194 196 199 200
69 97 70 71 73 75 81 82 84 85 87 91 99 101 104 105 106 107 109 111 115 117 119 121 122 127 136 137 139 142 147 148 149 150 151 152 153 157 160 162 163 166 167 169 170 178 182 186 190 192 200
70 4 71 73 74 75 79 87 88 92 94 96 97 99 103 104 105 106 108 116 118 119 121 124 136 137 140 145 146 147 148 150 153 154 162 163 164 169 170 171 172 176 177 181 185 188 189 192 193 196 198
71 73 73 74 76 78 82 88 89 91 96 97 103 104 105 106 108 110 112 113 114 116 118 125 133 135 142 147 149 150 151 152 155 157 162 163 172 174 178 184 186 192 195 196 200
72 75 73 75 76 79 82 83 84 90 93 94 95 98 99 102 105 108 109 111 115 116 117 118 122 126 129 137 139 140 143 145 149 150 152 154 158 162 167 168 172 174 175 176 182 184 193 199
73 58 76 77 80 81 83 85 86 87 88 91 92 96 98 99 102 104 106 108 110 113 114 115 118 119 120 123 127 129 133 134 135 137 143 144 145 149 152 154 164 167 168 170 171 172 173 176 177 178 180 181 182 183 185 187 189 192 193 196 197 200
74 52 75 76 77 79 81 82 83 88 89 90 98 99 102 103 106 110 111 117 119 125 131 132 134 135 141 143 147 149 151 153 154 156 158 159 161 162 163 164 167 169 171 174 176 178 182 183 184 187 192 196 199
75 67 76 78 81 83 84 87 91 96 99 100 101 107 111 113 115 116 120 124 127 131 134 136 139 144 148 149 150 152 155 157 159 160 161 164 166 168 175 177 178 180 181 182 186 187 191 192 197 198 199
76 83 79 82 85 89 91 92 94 98 100 101 104 106 108 109 111 112 114 118 121 122 123 125 129 134 136 137 139 140 142 143 146 147 148 150 152 155 160 161 162 163 165 167 171 172 174 176 178 185 192 193 196 198 199
77 39 82 83 85 90 92 93 99 105 106 112 114 117 125 128 129 133 136 137 143 146 149 153 154 155 157 158 160 165 173 176 178 179 182 184 186 187 188 191 196 197 199
78 66 81 83 86 90 91 92 93 94 96 97 99 107 108 115 117 119 120 121 122 123 130 133 134 137 138 143 149 151 153 154 158 159 161 163 164 165 169 171 172 173 176 177 178 180 181 184 185 188 191 194 198 199
79 42 81 86 91 94 95 98 100 101 105 108 109 110 115 118 120 122 130 133 134 136 137 141 143 144 145 150 151 153 156 158 159 160 163 164 166 167 175 183 185 186 188 189 190 191 196 197 200
80 64 81 84 87 88 90 91 92 95 98 99 101 102 103 104 108 109 111 112 117 118 122 126 132 134 136 141 143 144 145 147 150 151 152 155 156 158 163 165 167 168 170 173 175 177 180 185 189 191 193 197 200
81 31 82 83 84 85 86 87 89 91 93 94 96 104 107 109 110 113 115 117 119 123 128 129 131 132 134 136 137 152 154 155 159 162 163 164 165 166 168 171 172 173 174 177 180 183 186 192 193 195 196 199
82 11 90 91 95 96 98 99 101 109 110 111 112 116 117 118 120 126 129 131 135 136 145 151 152 153 156 159 163 170 173 174 175 176 177 178 179 180 181 184 188 190 199 200
83 22 84 87 90 93 95 96 99 101 105 106 126 132 134 135 143 146 147 151 156 157 159 161 163 165 176 177 179 181 182 186 187 191 200
84 11 86 89 92 94 97 98 99 103 105 107 108 112 113 115 116 117 119 120 123 125 130 134 136 137 138 139 143 144 146 147 149 156 157 158 159 161 162 163 164 166 168 175 178 179 182 187 188 190 196 197 200
85 10 90 93 98 104 106 107 113 117 119 120 125 129 132 133 138 139 142 143 145 146 147 149 150 151 152 154 156 158 162 166 168 169 170 173 178 182 183 191 192 194 196 198
86 76 99 100 101 102 103 105 106 110 113 115 120 121 123 125 126 128 130 134 141 144 146 147 152 157 160 162 165 166 167 168 169 171 175 178 180 182 190 191 193 194 195 197 198 199
87 67 89 92 95 99 104 106 107 108 110 115 116 117 119 122 123 131 135 139 144 147 151 152 154 155 159 161 163 164 166 168 172 175 178 186 191 197 198
88 43 94 96 100 101 102 105 106 108 109 112 120 125 126 127 128 132 133 136 141 144 152 155 156 157 159 163 165 170 173 174 178 179 180 186 187 188 189 190 191 192 194 200
89 80 90 95 96 98 100 103 104 106 107 108 109 112 113 117 118 122 123 124 125 127 129 130 132 134 135 137 140 141 143 144 147 148 149 150 152 155 161 165 170 172 174 176 178 180 181 182 186 187 195 196 197 198 200
90 87 91 93 95 97 99 102 103 105 106 108 112 114 115 116 118 120 121 123 125 126 127 128 129 132 133 134 137 139 141 142 145 150 154 155 158 160 169 171 172 174 175 177 185 188 189 193 195 198
91 15 93 96 104 110 112 118 120 123 131 135 141 142 143 148 150 151 152 155 159 160 162 164 167 168 173 176 177 179 182 183 184 186 187 190 191 192 194 195 196 199
92 20 94 95 96 97 98 101 103 112 115 117 118 121 122 125 126 129 131 133 134 137 140 143 144 147 151 153 154 161 165 167 168 169 170 171 173 175 177 179 181 183 186 188 191 192 193 195 196 199 200
93 67 94 96 97 99 106 108 109 110 112 113 118 120 128 130 137 149 150 153 156 157 161 162 166 167 168 169 170 171 172 173 176 178 185 186 189 190 191 195 196 198 200
94 1 96 97 99 100 101 104 105 107 108 110 113 114 115 118 123 126 127 129 131 133 136 142 144 146 147 148 150 152 155 157 160 162 166 168 176 183 187 188 189 191 193 194 198
95 40 97 103 110 111 114 117 118 121 122 127 128 129 131 134 135 136 138 140 141 142 143 144 147 149 151 152 161 162 169 170 172 174 182 183 184 189 190 193 197
96 60 99 100 101 103 105 107 111 112 114 115 121 122 128 129 134 136 140 142 146 148 152 153 155 157 158 160 163 165 166 168 173 174 175 177 178 182 184 185 187 189 191 195 196 198 199 200
97 73 100 105 106 107 108 109 110 114 116 118 120 123 124 125 127 129 130 137 140 142 144 145 147 150 152 153 154 160 162 164 166 168 169 170 175 178 180 183 184 191 192 193 197 198
98 11 101 102 103 104 106 109 110 115 116 117 121 124 129 130 132 134 136 140 144 145 147 148 150 151 155 158 160 163 165 171 174 175 180 181 183 184 187 190 192 193 195 199 200
99 27 101 103 104 108 111 113 117 118 119 120 122 125 126 130 131 134 144 146 147 148 152 153 155 159 163 167 170 176 179 181 183 189 190 196
100 49 101 103 104 106 107 108 109 111 113 114 115 118 122 126 127 128 129 133 138 139 140 141 142 144 145 148 149 150 154 155 160 163 168 171 173 174 175 176 177 187 189 192 195
101 46 103 105 107 109 110 111 112 115 120 122 124 131 135 139 142 144 148 152 154 156 158 165 166 167 168 171 175 178 180 182 183 185 189 193 199 200
102 83 106 109 112 116 118 121 123 132 133 134 137 140 142 144 145 147 149 151 153 154 156 157 164 165 174 180 181 182 186 187 188 197 198
103 87 109 110 113 117 118 122 132 135 137 141 146 147 148 152 153 160 163 167 168 177 180 181 185 186 189 190 191 194 198 199
104 78 105 106 107 109 110 111 114 117 118 119 123 130 134 135 137 139 141 142 143 144 146 147 149 152 153 160 165 166 170 171 176 177 179 180 181 182 184 188 192 193 196 197 199
105 2 106 109 113 117 118 119 124 125 126 128 129 133 136 138 140 142 144 145 149 150 153 155 156 160 162 169 173 175 178 180 182 183 184 189 193 197 200
106 68 107 109 110 112 113 115 121 123 125 131 132 138 141 143 144 149 151 153 156 158 163 166 168 170 173 176 178 179 180 181 184 186 188 189 190 191 196 197 198 200
107 33 108 109 111 112 113 117 119 121 123 125 126 127 129 131 133 136 138 143 144 147 148 158 162 166 167 176 181 182 183 186 189 190 192 194 195 196 197 198 200
108 69 110 113 114 115 116 117 122 123 124 127 131 132 141 144 146 147 150 153 154 158 160 162 164 166 168 174 177 179 180 181 183 184 185 186 187 188 191 192 193 195 198 199
109 44 111 113 114 117 119 120 124 125 127 132 134 138 139 140 144 146 147 149 154 159 160 161 162 163 164 170 171 173 174 175 180 181 185 187 188 191 198 199
110 93 113 118 120 123 124 125 136 138 139 142 144 148 157 158 162 165 172 173 176 177 178 179 180 182 185 189 192 197 198 200
111 15 112 117 122 124 125 130 131 133 136 138 139 140 142 143 147 149 152 154 157 158 159 167 169 170 172 175 176 177 179 181 183 190 191 192 195 196 197 198 199
112 31 114 115 116 120 121 122 123 131 135 136 139 140 142 149 150 153 155 156 157 159 161 162 163 166 167 170 172 174 179 181 183 184 186 187 191 192 194 195 197 200
113 13 114 116 118 122 125 127 129 131 135 136 137 139 142 145 154 156 161 164 169 170 171 172 174 177 181 182 183 184 187 192 194 198
114 85 115 117 120 121 124 127 136 140 145 146 147 149 154 156 157 159 165 166 170 174 178 180 182 187 192 193 194 195 196 198 199
115 56 116 117 120 121 122 124 125 128 129 134 137 138 139 141 142 144 145 146 148 151 152 153 155 159 160 163 164 165 167 169 170 172 173 181 187 188 191 195 197 200
116 21 120 121 122 124 125 126 127 128 129 130 131 132 133 136 137 139 147 149 150 151 152 154 158 161 165 171 173 175 177 178 179 180 186 187 188 189 192 198
117 15 118 120 121 122 123 125 128 129 130 132 137 141 143 144 147 149 151 152 157 158 161 169 170 173 176 178 180 182 186 188 192 193
118 39 121 125 129 130 133 136 141 147 153 157 162 163 168 175 176 177 178 190 196 199 200
119 73 120 122 123 124 129 132 135 142 146 147 148 151 156 157 159 164 165 168 171 172 173 180 181 185 186 187 188 189 190 195 200
120 35 121 123 124 125 132 134 135 137 138 139 140 142 143 150 151 153 155 156 157 160 162 168 169 172 174 175 176 179 182 183 184 185 187 188 189 193 194 197 199
121 64 124 129 136 139 141 142 156 157 160 161 168 172 173 176 177 183 184 186 190 191 194 195 196 198 200
122 68 126 129 135 144 147 148 149 151 160 162 163 172 174 181 186 188 192 194 198 199 200
123 33 125 127 130 131 133 136 139 143 144 149 160 162 165 166 170 171 179 180 187 192 195 196 197 198
124 11 127 131 134 140 142 144 147 148 153 154 155 156 160 161 167 171 173 174 175 178 179 181 182 184 186 187 189 191 192 194 196 198 199 200
125 80 131 133 136 140 143 145 146 147 149 154 155 157 159 161 163 164 168 169 170 173 177 178 179 181 182 191 193 194 195 197 199 200
126 48 127 128 130 135 137 141 143 144 146 147 150 156 158 163 164 165 168 169 170 171 173 174 176 179 182 183 184 187 188 192 194 197 198
127 27 129 135 136 137 144 148 149 150 152 155 160 161 164 165 169 171 174 177 178 179 183 184 187 188 189 193 198
128 69 137 143 144 147 149 150 152 157 158 160 162 163 164 165 169 170 174 178 180 181 186 188
129 87 130 132 133 138 139 147 148 149 150 153 154 159 161 162 163 167 169 171 175 179 183 185 187 190 193 197 198 200
130 13 133 134 135 136 137 138 146 149 153 154 155 157 160 161 171 173 174 179 183 184 186 187 188 189 190 194 195 196 199
131 100 132 133 135 136 137 138 142 145 149 151 152 157 162 163 167 168 169 173 177 181 183 184 186 189 192 193 194 195 196 198 199
132 69 140 141 142 143 144 148 149 150 151 153 155 156 158 159 160 161 163 164 165 166 167 168 170 171 174 175 176 178 179 182 183 186 187 188 189 192 199
133 46 134 135 139 141 145 148 151 152 153 154 155 160 163 164 165 174 176 178 179 183 188 189 193 195 198
134 97 135 136 141 143 144 147 149 150 151 153 154 155 156 161 162 163 166 167 173 175 178 180 182 183 185 191 194 195 199 200
135 45 137 145 147 150 151 153 154 155 161 163 166 167 168 169 170 185 190 191 195 199 200
136 14 137 139 141 143 145 146 149 151 152 153 154 156 159 163 170 171 172 173 175 176 187 188 190 192 193 197 199
137 66 138 141 144 145 148 154 155 156 157 158 159 160 161 162 170 171 175 177 178 182 187 192 193 194 198
138 75 139 140 141 142 146 147 152 154 155 156 160 162 167 168 169 171 173 174 175 181 183 185 187 189 190 192 193 194 197 200
139 77 142 143 144 145 150 155 157 159 164 166 169 170 171 173 174 175 178 181 182 183 186 188 192 193 196 197
140 75 142 144 147 150 151 152 156 159 161 162 163 166 176 178 182 183 186 191 193
141 39 142 145 150 152 155 156 158 159 160 162 167 169 172 173 176 178 179 185 186 187 191 194 198 199 200
142 17 143 154 156 157 159 160 161 162 164 166 167 169 174 175 176 177 180 182 183 184 186 195 197
143 98 146 149 150 154 156 157 163 164 167 169 172 175 177 181 183 185
144 62 146 149 153 155 162 163 165 168 169 170 171 175 176 177 181 183 184 185 186 191 198 199
145 25 148 151 154 155 156 157 161 162 163 166 175 177 181 182 183 185 187 190 191 192 193 194 196 198 199
146 97 147 150 154 159 161 164 166 167 168 169 170 171 172 173 175 177 179 182 183 190 191 194 197 200
147 82 149 150 151 152 156 157 158 160 161 162 163 164 167 171 174 175 177 179 180 184 191 192 193 194 195 199 200
148 39 150 153 154 155 160 161 165 170 171 183 186 188 195 196 198 200
149 51 150 151 152 156 158 161 162 164 165 171 174 180 181 182 186 188 190 193 197 198 199 200
150 58 151 153 154 157 159 160 161 164 165 166 168 169 172 173 175 176 179 184 186 187 188 190 192 195 196 198 200
151 71 152 153 154 162 165 168 169 171 172 173 174 176 179 187 188 193 194
152 75 156 157 162 163 165 168 172 174 175 176 178 185 187 190 192 195 199
153 32 161 162 165 167 169 171 174 175 180 181 183 184 185 187 192 197 199 200
154 7 157 158 160 161 163 169 170 172 174 176 177 179 180 182 183 193 194 198
155 39 156 158 162 164 167 168 169 177 178 181 182 184 189 190 196 199
156 52 159 161 165 167 170 172 173 176 180 181 185 186 187 188 191 197
157 97 160 162 164 167 168 173 174 175 178 180 181 182 183 186 187 193 194 197
158 10 160 161 163 165 167 169 171 172 174 175 176 177 180 181 183 184 185 191 192 198
159 84 161 164 167 169 170 173 174 181 182 185 193 200
160 19 161 164 167 170 171 173 175 180 181 182 188 190 192 193 196 198 200
161 12 162 163 164 165 169 170 174 176 177 178 181 184 187 189 191 192 193 194 195
162 73 164 166 168 171 173 174 178 181 182 190 191 192 193 195 200
163 18 165 173 174 175 176 177 179 181 182 184 185 188 189 190 191 193 194 195 198 199 200
164 96 167 168 169 170 173 176 179 180 182 186 187 188 189 190 198 199 200
165 88 166 169 172 173 174 175 178 180 181 186 187 193 197 199 200
166 91 167 168 170 172 174 176 177 178 182 183 187 188 192 196 197 199
167 31 168 170 172 173 176 177 180 181 183 185 186 187 189 191 193 195 196 199 200
168 49 169 173 180 181 184 186 187 188 191 193 195 196 197 200
169 74 171 176 177 182 184 185 190 191 198 200
170 23 171 173 174 178 180 181 182 183 184 186 187 195 196 197 198 200
171 70 174 175 178 179 180 187 190 193 195 197 198
172 11 176 177 179 182 183 189 190 194 195
173 10 175 176 181 182 184 185 186 189 190 192 198 199 200
174 2 175 176 180 182 189 190 192 194 197 198
175 28 178 181 187 191 192 197 198
176 72 178 179 182 185 188 194
177 50 187 189 191 193 200
178 27 179 182 185 186 187 192 197 200
179 83 182 183 185 190 192 195 197 199 200
180 36 182 183 184 186 189 190 193 195 196 198 200
181 24 184 187 189 196 197
182 37 184 186 188 189 190 192 195 197
183 74 184 186 187 191 192 194 197 198 199
184 51 186 187 193 200
185 50 190 191 196 200
186 38 190 191 192 199 200
187 55 190 195 196 199 200
188 3 189 191 195 196
189 71 191 193 198 199
190 56 194 196 199
191 27 192 200
192 95 196 198 200
193 21
194 3 197 199
195 69 200
196 97 198
197 94
198 28
199 86 200
200 91
