200
1 41 9 10 11 14 15 17 21 29 38 40 41 44 45 47 55 57 61 62 65 67 68 69 71 74 79 80 82 84 96 100 102 103 104 105 107 108 109 114 116 117 123 125 126 127 128 135 145 149 152 155 157 162 164 173 174 175 179 182 184 185 186 189 193 195 196 197 200
2 84 5 6 7 8 9 10 15 16 17 18 19 26 30 32 38 39 43 45 51 52 53 54 56 64 66 68 70 71 73 74 75 76 78 81 83 87 89 90 96 98 102 103 105 106 107 109 110 114 115 117 118 120 129 131 133 134 136 140 141 145 146 147 148 149 152 155 156 158 159 167 170 173 174 175 176 177 179 182 183 187 193 194
3 77 6 7 8 14 15 17 21 25 26 27 29 32 35 36 40 42 43 48 52 55 56 57 60 61 65 66 67 70 72 73 74 75 76 78 79 80 81 82 83 84 85 86 87 88 90 91 93 95 97 98 102 108 115 116 120 121 123 129 137 138 142 145 148 151 152 158 161 166 169 170 171 173 174 175 177 178 181 182 188 190 195 196 197 198 200
4 33 8 11 12 13 17 21 25 32 35 36 40 41 43 46 48 49 52 54 55 58 60 64 67 68 71 74 80 83 84 85 86 88 90 91 94 98 100 101 102 110 115 117 119 121 123 127 129 131 133 141 142 145 146 149 150 160 162 165 166 167 171 180 181 182 183 184 188 191 192 194 198 199 200
5 66 6 16 18 20 21 26 28 29 30 32 34 40 48 49 51 53 55 56 57 60 61 63 64 69 71 73 75 78 83 84 89 90 91 95 97 98 102 104 105 106 108 109 110 111 113 115 116 119 124 125 127 129 131 132 133 134 135 136 143 145 147 149 151 153 157 158 159 161 162 163 164 167 169 170 171 173 175 176 177 178 180 181 183 184 185 188 192 195 196 198 200
6 53 7 9 11 14 19 20 21 24 29 30 32 33 38 39 41 42 47 48 49 50 61 62 67 69 71 73 74 75 76 78 82 83 84 85 87 88 90 91 92 95 97 103 106 107 109 110 111 113 117 118 122 125 128 129 130 132 133 134 139 143 144 145 148 154 156 158 160 161 163 165 168 169 170 171 172 177 181 183 185 186 188 189 196 200
7 98 10 12 14 15 19 20 23 24 26 28 30 32 37 39 43 44 46 47 53 56 60 61 64 65 74 75 76 79 80 83 88 89 90 93 94 95 96 97 101 103 104 115 119 121 122 126 127 129 133 136 137 139 142 144 145 147 148 154 160 163 166 167 170 171 174 179 184 188 189 190 195 200
8 99 9 10 11 12 19 22 24 25 28 32 36 41 45 47 49 51 53 58 61 63 65 66 69 70 71 73 75 76 78 79 80 81 84 94 97 98 100 101 103 104 105 108 110 114 115 122 125 131 132 139 140 145 155 156 158 160 166 172 176 183 184 187 188 190 192 194 196
9 86 10 11 12 14 16 18 20 23 26 28 30 31 33 35 37 38 39 46 49 50 51 56 59 63 68 70 73 75 79 80 83 86 87 88 90 95 98 99 100 101 102 110 112 115 118 124 125 127 130 132 133 146 149 151 158 162 163 164 165 166 168 172 175 177 178 179 180 181 182 184 185 186 189 193 194 196 198 199
10 52 12 14 15 21 25 27 29 32 33 34 45 46 47 50 52 53 54 57 60 62 63 67 71 75 77 83 86 87 88 89 90 91 94 96 99 102 104 108 111 112 116 118 119 120 123 124 127 128 131 132 134 135 136 137 138 140 148 150 155 161 163 164 165 168 171 173 175 176 177 178 179 181 182 186 187 188 189 193 194 195
11 59 12 14 16 18 20 22 25 27 28 30 33 36 39 40 46 49 53 54 55 57 58 59 60 61 63 66 68 71 73 74 77 78 79 80 81 85 93 100 103 105 106 107 108 109 110 112 113 116 117 122 123 127 128 129 130 136 138 142 143 144 146 147 148 151 152 153 162 163 164 170 172 175 176 178 179 183 185 186 187 188 190 191 192 193 194 196 197 198 199 200
12 71 15 16 19 20 23 24 28 33 35 36 38 39 40 51 53 54 55 57 59 60 64 65 71 74 75 77 82 85 90 93 94 96 99 105 106 113 115 118 122 125 126 131 132 135 137 138 140 142 145 151 154 156 157 161 162 163 164 172 174 176 178 179 181 183 184 186 188 196 197 198 199
13 84 16 17 18 21 22 23 24 26 30 33 34 35 37 39 40 46 47 51 52 54 59 63 65 68 69 70 72 78 79 82 85 87 88 89 91 92 94 95 97 98 99 101 102 105 109 110 111 113 114 116 117 121 125 128 129 130 131 132 133 136 137 139 140 144 145 153 154 155 158 159 161 162 163 164 165 166 167 168 169 171 173 175 178 179 180 182 183 185 186 189 193 196 197
14 62 16 17 24 28 33 34 35 36 37 41 44 46 47 49 57 66 74 76 80 83 84 86 90 92 95 96 97 99 101 102 106 109 111 116 117 118 119 121 126 128 130 133 138 140 141 144 145 148 150 151 152 153 155 156 161 163 165 166 168 173 176 177 178 179 180 182 184 185 186 187 189 190 191 193 195 198 199 200
15 47 16 19 21 26 29 30 31 37 40 42 48 50 51 54 56 66 83 84 88 91 92 93 94 95 99 102 103 105 106 110 111 116 120 126 127 128 136 139 141 142 144 146 149 150 151 152 154 155 156 159 162 164 165 166 167 172 179 183 186 187 190 191 198 200
16 72 18 19 22 23 27 28 35 36 37 44 47 48 49 53 55 58 63 68 73 75 76 77 80 84 85 86 87 90 92 93 94 98 100 101 102 107 108 110 112 116 121 122 124 125 126 128 132 133 135 138 143 144 146 150 153 157 158 160 161 163 165 167 168 169 170 171 174 175 177 180 184 186 187 188 189 192 194 197 198 200
17 64 19 20 22 23 26 27 28 29 32 33 35 36 41 43 44 46 56 59 60 62 63 65 68 71 75 77 81 82 84 90 95 100 103 104 106 107 109 110 111 113 115 120 122 123 127 129 132 134 138 139 140 141 144 146 148 153 156 158 160 161 162 164 167 168 169 170 173 177 182 184 189 195 198
18 55 21 24 25 26 28 29 31 33 36 42 44 47 51 55 58 61 63 66 67 72 77 79 81 83 84 87 88 90 91 92 99 100 102 105 107 112 113 117 118 120 122 125 126 127 130 131 132 133 134 135 137 138 140 143 145 146 147 150 151 158 162 165 166 167 182 188 190 192 194 196
19 45 20 21 23 24 25 27 31 32 33 34 35 37 39 41 47 50 52 54 55 56 57 59 60 61 63 65 67 72 73 74 78 82 83 86 87 89 91 92 95 101 102 104 106 109 110 112 114 116 119 120 123 124 126 127 128 129 130 134 135 136 137 139 140 141 142 143 145 146 147 149 152 153 159 160 161 162 164 165 167 171 181 182 184 186 188 189 196 200
20 72 21 22 24 26 27 28 29 33 35 37 38 41 42 44 49 53 54 56 59 60 67 69 77 80 82 84 85 86 87 90 91 92 95 97 113 114 121 124 125 127 129 132 133 138 140 143 144 145 148 149 150 154 156 159 161 167 170 173 174 177 183 184 187 188 190 191 192
21 66 30 32 38 40 44 45 50 51 53 54 55 58 65 67 68 70 76 77 79 80 81 84 86 88 89 90 92 94 98 100 101 103 106 108 110 111 113 117 119 123 125 126 127 129 132 133 137 139 144 145 146 150 151 153 154 155 156 157 159 160 163 166 169 176 177 179 180 185 186 188 191 194 195 196 197 198 199
22 28 24 27 28 31 33 35 37 38 43 44 47 48 51 53 54 55 59 60 62 65 67 68 71 72 74 77 78 80 81 82 84 85 90 95 97 98 112 113 116 117 118 120 122 123 127 129 133 141 142 149 150 152 163 164 166 168 169 176 177 178 182 184 186 188 192 196 198
23 23 26 27 28 30 32 33 34 37 38 39 40 41 46 47 48 49 53 56 61 62 66 67 69 70 72 74 76 77 78 85 86 89 91 93 94 98 101 103 104 106 108 113 114 117 120 126 127 129 136 138 145 150 153 157 163 164 166 168 169 171 172 173 175 176 188 189 192 200
24 83 29 30 32 35 37 40 41 43 44 45 48 49 54 56 57 61 63 66 75 76 77 78 79 81 83 86 87 91 92 98 104 108 111 113 117 119 120 121 122 124 125 126 127 129 130 134 138 139 141 142 147 150 151 153 155 156 160 161 162 166 167 168 169 170 171 173 180 182 183 188 192 193 194 195 199
25 80 30 32 35 38 39 44 45 48 49 51 54 55 57 68 70 71 72 75 81 82 83 94 95 98 102 103 109 111 113 114 116 117 118 123 125 130 131 134 135 136 139 140 147 149 150 151 154 156 157 158 160 165 168 171 174 176 178 182 183 189 192 193 194 195 197 198
26 34 29 30 31 33 39 41 42 43 44 46 51 53 56 57 60 62 64 67 68 75 76 80 85 87 93 96 97 98 99 101 102 105 107 111 119 120 124 126 128 132 135 139 144 146 149 150 153 154 159 160 161 171 172 174 175 176 179 182 184 187 188 189 190 192 195 197 199 200
27 86 38 39 44 46 48 50 55 56 61 62 66 67 69 70 72 74 75 79 80 83 84 90 96 97 98 100 103 104 105 106 113 115 117 118 119 123 124 125 128 132 133 134 135 136 137 138 144 148 149 152 155 159 160 165 166 168 169 172 176 184 185 186 189 190 192 195 197 198
28 89 30 32 40 42 50 51 53 55 56 60 61 62 63 66 71 74 75 78 79 80 82 83 85 88 89 90 94 98 99 102 104 105 109 114 120 122 132 133 143 144 145 148 153 155 156 158 159 160 162 164 165 166 170 178 180 186 188 191 197 198 199
29 33 31 33 36 38 40 41 43 45 47 57 58 59 61 64 66 72 73 75 80 81 82 84 87 89 92 93 94 97 98 99 100 102 105 110 111 113 114 116 119 120 123 133 135 138 139 140 141 149 154 156 157 158 159 160 161 162 166 167 172 173 175 176 184 186 187 193 194 197
30 67 34 41 44 48 50 52 53 54 55 56 57 59 62 65 67 69 70 72 73 78 79 80 81 82 87 89 90 92 93 96 99 100 106 108 109 110 111 113 115 116 118 124 126 129 136 137 140 141 142 143 150 151 152 153 156 157 159 160 163 165 166 167 168 173 177 180 182 183 187 188 189 190 191 194 196 199
31 25 33 36 37 38 40 41 45 47 49 50 51 53 56 63 65 68 71 78 81 84 85 90 96 98 99 103 109 114 116 117 118 120 127 129 134 135 136 138 139 140 142 147 150 151 154 158 160 166 168 169 170 171 175 176 177 178 181 183 184 185 188 191 192 193 194 196 197 199 200
32 63 33 34 35 37 40 44 45 51 54 57 60 61 65 72 80 81 83 85 86 93 95 97 98 99 101 102 104 106 107 109 110 112 118 126 127 128 131 133 135 137 141 144 149 151 158 159 166 171 173 178 181 182 185 188 189 193 195 196 197
33 59 34 35 37 39 43 48 49 52 54 56 57 58 62 66 68 70 71 72 73 74 76 79 81 83 85 91 95 101 102 103 104 105 107 109 111 112 114 116 120 121 123 124 125 126 127 128 129 132 133 134 135 136 142 143 144 147 148 150 158 159 161 165 167 172 173 176 177 179 181 183 184 187 192 196 197
34 77 42 46 47 51 58 64 72 73 74 77 80 81 82 83 85 86 87 88 89 90 93 101 104 108 109 110 111 112 114 117 119 121 123 124 126 130 131 132 134 137 138 141 142 143 144 146 147 149 150 153 156 157 160 161 162 163 166 173 177 178 179 181 183 185 192 195 196 197 200
35 88 37 38 39 41 43 48 49 50 58 59 61 63 64 71 80 81 84 86 88 90 94 98 101 102 105 107 109 111 120 121 124 128 129 131 133 136 143 144 146 147 150 161 162 167 169 171 172 175 176 178 180 181 183 185 186 188 189 190 192 193 199
36 55 38 44 49 53 54 56 57 58 60 61 62 65 69 71 72 78 80 85 86 91 92 93 96 97 105 111 116 117 118 119 120 122 123 124 125 130 137 138 141 142 143 144 148 151 154 157 160 161 162 173 176 182 183 185 187 188 189 190 191 192 194 197 199
37 95 43 44 47 51 53 54 57 62 64 66 68 73 80 81 83 84 87 89 90 94 100 102 104 105 107 109 111 118 121 125 127 129 133 138 141 143 148 150 156 158 160 162 164 168 173 179 182 184 186 191 198 200
38 42 42 44 45 46 48 51 55 58 59 60 61 62 63 65 66 70 75 78 79 82 85 86 91 92 95 99 102 104 106 110 113 114 115 116 118 120 122 123 124 127 128 130 131 132 134 136 137 139 140 142 148 152 154 156 161 164 169 171 172 173 175 178 180 181 188 189 192 195 198 199 200
39 49 40 41 47 50 51 53 54 55 58 59 65 68 70 73 74 77 80 82 86 89 90 93 94 95 96 98 99 100 101 103 105 106 108 110 115 117 118 119 123 126 131 133 135 137 138 142 145 149 152 154 156 160 161 162 164 166 167 170 172 175 176 177 178 184 187 189 190 193 194
40 45 41 44 46 47 48 50 54 56 58 61 62 63 64 65 67 68 70 71 75 81 82 83 87 88 90 94 95 96 97 98 99 105 107 108 109 110 111 114 117 119 121 126 130 132 133 134 136 137 138 139 140 141 142 143 152 156 157 159 161 164 166 167 169 170 172 173 178 179 180 184 185 189 190 191 194 196 199
41 81 45 48 53 56 57 58 59 60 63 64 65 66 69 74 77 78 81 82 88 90 94 95 97 99 105 109 113 117 124 126 129 138 143 144 145 146 147 148 151 153 155 156 157 159 160 161 166 170 173 174 175 181 185 193 195
42 59 43 44 46 54 56 57 65 66 73 74 75 76 82 83 85 91 92 95 97 100 102 104 105 106 110 111 117 119 120 122 124 125 129 130 131 132 135 136 137 139 140 142 144 147 153 157 159 160 162 163 165 167 169 173 174 176 177 179 180 181 182 183 185 186 187 191 194 196 200
43 80 45 47 49 52 53 54 55 61 62 63 64 65 66 68 71 73 76 79 84 85 87 88 89 90 91 96 97 101 103 110 114 115 116 121 124 127 129 130 131 132 133 137 138 139 142 147 152 154 157 159 164 165 168 172 174 175 178 181 184 188 189 191 192 197 198 199
44 34 45 49 51 55 56 60 64 65 66 67 69 71 73 74 75 84 89 90 91 94 97 98 99 100 102 103 104 108 110 112 114 115 117 118 121 122 124 126 131 132 133 135 137 139 140 141 143 144 145 147 148 151 153 154 158 159 162 163 166 167 170 175 177 180 181 183 184 185 187 188 192 194 195 196 197
45 20 48 49 55 59 61 65 69 73 74 75 77 80 82 87 90 95 96 99 106 107 116 117 118 121 124 126 127 128 129 133 134 135 137 142 144 146 147 148 149 156 157 163 164 165 170 171 175 178 180 181 184 190 191 194 196 200
46 42 47 50 52 55 59 60 62 63 64 66 68 69 73 78 79 80 85 87 90 91 93 96 97 98 100 101 103 104 111 115 116 119 121 122 127 128 130 134 136 137 138 140 141 142 146 149 156 164 165 170 176 177 179 184 188 189 196 197 200
47 36 51 54 56 57 58 60 61 65 66 67 69 72 80 81 82 84 87 89 92 96 97 99 100 104 106 107 108 110 112 113 115 121 122 123 124 129 130 132 134 137 140 142 143 144 146 149 151 152 156 157 160 161 163 164 168 169 174 175 176 179 183 184 185 187 188 189 191 195
48 72 51 52 53 55 56 57 60 61 62 66 68 69 72 73 74 76 77 82 88 91 92 93 97 98 99 100 101 104 111 117 123 124 127 130 134 136 138 142 145 148 150 156 157 159 163 165 167 169 170 173 177 178 179 182 184 185 188 189 199
49 78 52 54 55 58 61 63 64 65 66 67 69 70 72 73 74 78 79 81 92 93 96 98 101 105 107 109 116 117 123 124 125 127 129 130 132 133 134 137 138 140 141 145 146 148 149 150 151 152 153 160 161 164 169 170 171 173 178 181 182 185 189 191 193 194 197 199
50 63 52 54 55 56 59 63 67 68 71 73 76 77 79 87 90 92 93 95 99 101 102 114 115 119 126 127 128 129 133 136 137 138 139 143 145 151 155 156 159 169 170 172 174 175 177 179 180 181 193 195 199
51 83 52 55 56 57 60 65 66 67 72 75 76 78 82 84 85 87 88 89 91 93 94 95 97 103 106 107 110 113 117 123 126 129 134 135 140 144 146 148 149 150 153 154 156 157 158 162 163 165 167 169 171 174 178 180 182 183 186 187 190 195 196 197 199
52 37 54 61 63 64 65 66 67 69 72 74 77 81 82 83 85 87 88 91 93 95 96 99 103 108 109 113 114 118 119 122 123 124 128 130 131 132 139 143 146 148 149 150 151 152 156 157 158 159 162 166 167 172 173 183 185 186 189 199 200
53 31 56 60 61 63 65 66 68 70 71 75 76 77 78 79 80 84 85 87 89 92 93 94 98 100 101 102 103 109 110 112 113 116 117 118 120 122 125 126 127 129 131 140 143 146 147 148 149 150 152 154 156 161 168 169 170 172 173 175 182 185 187 192 193 195 196
54 95 59 61 65 69 73 75 76 77 79 80 81 83 84 86 88 89 90 91 96 97 99 104 108 109 113 114 116 119 121 122 124 129 137 138 144 151 152 153 154 155 159 160 163 164 166 168 169 172 173 177 178 182 186 187 188 189 192 197 198 199 200
55 77 56 57 62 64 67 68 73 74 75 77 80 85 87 95 107 110 111 112 114 115 117 122 124 126 127 128 130 135 142 147 148 149 150 152 154 155 158 160 163 166 167 168 169 170 171 173 174 181 183 184 186 187 195 197 198
56 84 64 65 66 68 70 71 72 76 77 79 81 83 88 89 90 92 95 97 103 105 107 111 112 114 116 117 119 121 122 123 125 127 130 137 142 144 145 149 150 157 163 164 167 169 171 173 175 178 179 182 185 187 188 190 191 196 197 199
57 32 69 71 72 73 76 79 82 83 84 85 86 90 92 94 95 97 98 99 105 106 108 110 111 121 129 132 133 134 135 137 138 140 145 146 148 149 150 151 152 153 157 159 160 164 167 168 171 172 174 178 179 180 185 188 191 195 197 200
58 41 61 65 69 70 73 74 76 77 80 83 91 94 96 97 98 100 101 106 111 112 114 119 120 121 129 130 131 132 133 134 136 139 140 142 143 147 151 153 154 161 166 175 176 179 182 187 192 195 196 197 200
59 79 60 62 63 65 68 69 70 73 74 75 78 80 85 88 91 93 95 99 101 102 103 107 109 110 111 112 115 117 119 121 122 123 125 126 132 134 135 137 142 146 150 155 161 165 166 167 170 171 172 183 184 185 186 188 189 193 194 195 197 198 199
60 48 61 62 63 65 66 76 80 81 82 84 87 88 91 92 99 100 101 103 105 111 112 113 117 118 121 122 124 125 131 135 136 137 140 142 143 144 145 149 151 153 160 161 165 169 170 171 172 174 175 188 190 192 193 196 197 198
61 73 63 68 70 71 79 80 81 87 93 94 96 99 107 110 118 119 120 123 124 125 128 129 131 137 140 141 149 151 153 162 164 165 166 167 168 170 175 176 178 180 182 187 192 193 195 198 199
62 20 63 66 68 70 74 77 80 81 82 84 91 92 99 100 103 106 109 111 112 113 114 116 117 118 120 121 123 125 128 130 131 134 135 141 144 145 146 147 153 155 158 159 161 162 163 164 167 170 172 173 174 178 180 188 189 190 193 194 195 197 200
63 51 64 65 66 67 69 70 72 83 84 85 89 92 95 96 100 101 104 105 107 111 113 119 120 122 129 130 131 136 138 139 140 141 142 143 146 149 157 158 162 163 167 169 175 177 178 179 180 183 184 185 188 189 190 191 192 198
64 85 68 79 82 83 94 98 101 102 103 108 109 113 120 124 125 126 127 128 129 131 133 135 142 145 148 149 151 153 159 160 161 163 164 167 170 172 175 177 179 182 183 185 186 192 195 196 197
65 93 66 68 70 74 77 78 79 81 83 84 85 92 94 95 97 98 99 100 102 106 111 113 114 115 117 121 122 123 125 127 128 129 132 133 136 145 146 149 151 153 156 159 165 169 172 177 178 182 183 184 185 187 188 190 192 196
66 92 67 69 70 73 78 79 81 88 89 90 91 96 97 98 102 103 109 111 114 121 127 128 130 133 135 136 137 139 140 141 142 153 154 156 157 158 159 160 163 166 169 171 173 174 175 177 179 181 184 186 187 190 191 192 197 200
67 60 69 70 73 74 75 77 78 88 89 90 93 94 95 99 106 108 109 110 114 116 121 123 124 125 127 128 129 133 134 142 144 145 146 147 150 152 154 155 156 158 161 164 167 169 173 174 177 178 179 180 181 193 194 195 197 200
68 24 72 73 74 76 77 79 80 81 83 85 86 88 91 92 94 96 99 100 101 102 106 107 111 112 113 118 120 129 132 134 135 138 139 140 143 149 150 153 154 159 160 162 163 165 166 169 172 182 183 186 188 191 192 195 198 200
69 64 70 74 75 76 77 80 81 82 86 87 91 92 94 99 101 102 105 106 110 113 115 116 120 122 124 125 127 128 132 133 139 140 143 145 147 149 150 151 153 160 164 165 166 168 171 173 176 177 183 192 195 196 199 200
70 51 72 77 78 79 80 82 84 85 89 91 92 93 97 100 101 102 103 105 108 110 112 114 121 124 125 127 130 135 137 138 139 140 142 146 147 148 149 150 151 152 153 155 157 160 165 168 171 172 173 175 177 178 180 181 182 184 185 188 189 196 197 200
71 96 82 83 88 91 93 94 97 98 100 101 104 106 111 112 114 117 118 119 120 123 126 129 132 136 138 143 145 149 152 153 154 158 159 160 161 164 165 167 169 170 174 176 177 181 186 188 189 192 194 198
72 50 73 75 79 82 83 84 85 90 92 93 98 108 109 110 113 117 120 121 123 124 126 127 129 130 133 136 137 139 140 142 143 145 146 147 149 152 153 156 158 161 162 163 164 167 170 171 172 173 177 178 180 186 189 192 196 197
73 67 75 76 77 87 89 91 93 97 102 103 107 108 110 112 113 116 122 125 127 128 132 134 135 137 140 144 147 150 157 159 160 161 163 170 173 174 177 180 184 186 188 189 190 191 192 195
74 64 76 79 80 83 84 85 87 92 97 99 100 101 102 103 109 111 114 115 116 117 119 121 123 126 130 134 137 143 144 148 149 151 152 156 159 161 163 166 167 168 169 170 171 172 177 178 181 182 183 184 186 187 188 189 191 196 200
75 97 78 80 82 85 90 92 94 95 96 98 99 100 104 109 110 112 115 116 117 118 119 121 122 123 126 131 133 139 141 156 157 158 167 177 179 180 183 191 192 195 196 199
76 22 78 79 81 82 83 84 86 87 88 89 90 94 95 99 100 107 108 112 114 116 117 118 119 120 121 123 124 129 130 133 135 145 147 150 151 152 153 156 157 160 161 163 165 166 167 169 170 172 180 181 184 185 186 191 192 196 198 199 200
77 74 81 85 88 93 94 97 99 100 102 103 109 114 119 121 125 131 132 133 134 136 142 143 145 147 151 153 157 161 163 164 165 168 169 171 174 175 176 177 179 181 182 184 193 200
78 62 82 86 87 89 90 96 101 102 104 109 111 112 113 114 116 118 123 127 130 131 132 136 139 140 144 146 148 154 158 161 164 165 169 170 173 177 181 184 190 191 193 198
79 26 80 81 82 83 85 86 91 92 95 96 100 104 105 106 108 109 110 113 116 121 127 131 132 133 134 135 137 140 141 142 143 145 151 154 159 161 162 165 166 168 170 171 174 175 176 178 181 182 187 189 192 200
80 39 81 84 85 86 87 92 93 98 99 102 104 107 109 110 111 113 115 120 123 124 126 128 135 136 137 140 143 145 146 149 150 157 161 164 169 170 173 174 178 179 185 189 190 192 194 200
81 43 84 85 88 93 102 107 110 114 126 129 138 139 140 141 145 153 156 157 158 160 163 164 167 168 169 170 179 181 182 186 187 188 191 192 193 196 199
82 95 84 88 91 93 94 97 101 106 108 110 111 112 117 118 119 122 124 128 129 130 131 132 134 136 138 139 143 145 147 148 150 153 154 155 158 159 161 173 176 180 181 182 184 185 186 191 192 194 197 199
83 89 84 85 88 110 111 112 114 119 122 124 128 131 136 149 150 154 155 162 167 169 171 172 173 175 177 181 182 183 184 188 190 192 194 196 199 200
84 59 85 86 92 93 95 97 98 103 109 111 114 115 117 120 121 125 126 128 129 132 138 139 141 146 147 149 155 158 160 162 166 167 168 171 178 179 181 182 184 186 190 191 192 199
85 24 86 87 88 89 90 92 93 95 97 98 99 102 103 108 109 111 112 113 115 116 123 130 133 135 140 142 143 144 147 155 159 161 166 168 169 170 172 173 175 177 178 180 181 183 186 190 191 192 196 197 198
86 51 88 89 90 94 95 97 101 104 106 110 113 114 115 117 118 121 123 126 131 133 137 140 143 146 147 148 150 153 156 157 160 166 167 168 171 181 185 191 192 194 195 197 200
87 64 92 94 98 100 104 105 106 115 122 127 130 131 133 137 145 146 148 151 156 160 166 168 173 175 176 177 179 180 187 189 190 192 199
88 37 89 92 94 96 99 104 107 110 112 113 114 119 120 122 124 128 131 135 140 141 144 148 154 156 161 162 166 169 178 180 181 184 187 188 189 191 197
89 66 92 95 99 100 102 104 107 109 110 113 115 118 120 124 127 128 131 132 137 138 143 144 148 149 151 154 155 160 162 167 168 169 170 173 176 183 187 189 191 193 194 195 196
90 70 97 99 100 101 102 103 105 108 112 113 114 117 118 119 120 122 123 124 130 136 137 140 142 146 148 152 153 155 158 159 161 163 164 166 167 168 174 176 177 184 189 191 195 196 199
91 92 92 93 97 98 103 104 105 106 110 112 114 117 118 119 120 122 123 124 128 129 130 134 136 138 142 143 144 145 147 148 150 152 153 154 163 165 167 170 172 174 177 178 181 185 188 194 195 197 200
92 95 93 94 104 111 113 114 116 117 120 121 123 124 125 128 129 130 131 133 137 145 148 151 152 158 162 166 167 168 169 171 172 176 178 180 182 183 184 185 187 188 190 194 196 197 198 199
93 53 95 101 104 106 112 113 115 119 120 121 122 126 127 128 129 130 131 132 135 136 137 139 140 143 145 150 151 153 154 158 161 162 163 165 166 167 170 173 184 187 189 192 195 196
94 30 95 101 102 103 104 106 107 113 115 116 119 120 121 125 127 134 136 137 138 139 141 148 150 151 152 153 154 158 159 161 166 169 170 171 175 177 179 180 184 188 191 195 197 199
95 36 101 102 104 108 111 113 117 118 120 124 129 130 134 138 139 140 141 142 146 147 149 152 153 160 166 168 171 172 175 181 189 193 196 199
96 86 99 103 105 106 108 109 110 112 115 118 120 122 123 127 132 136 137 140 141 142 144 145 154 160 161 167 171 173 177 181 182 183 189 195 198 200
97 50 98 99 101 103 108 109 110 111 119 120 121 122 128 131 133 134 136 137 144 147 151 156 162 163 164 166 170 171 172 182 184 186 187 190 191 192 193 195 197 198 200
98 24 100 101 102 106 107 109 116 117 118 120 121 129 135 136 138 140 145 149 162 164 167 169 170 176 177 180 182 188 189 190 193 194 195 196 199 200
99 89 108 110 111 112 114 116 117 120 124 127 131 132 134 136 140 143 145 148 151 152 154 155 158 160 163 165 169 172 173 175 177 182 184 185 188 193 197 199 200
100 76 101 103 105 106 108 115 117 121 123 125 126 127 128 129 130 131 132 135 137 142 145 149 151 152 153 155 156 161 165 176 177 178 183 184 185 187 188 189 192 195
101 74 102 111 114 118 121 125 126 129 133 136 137 139 140 141 143 145 148 149 151 153 160 161 162 164 169 171 176 180 181 182 183 184 185 186 193 198
102 42 103 106 109 110 111 114 115 116 118 119 120 121 123 125 129 131 133 136 139 141 142 147 148 151 158 159 161 163 164 165 168 169 170 173 183 185 186 188 196 197 200
103 45 104 107 110 116 117 118 120 121 122 123 124 125 131 132 134 135 138 139 143 147 148 151 154 160 162 166 177 178 180 183 184 189 190 191 193 195
104 70 105 109 119 123 127 133 135 141 144 146 150 153 157 163 167 168 169 170 173 176 177 180 182 183 186 188 190 193 195 198 200
105 38 106 108 109 111 112 113 115 116 117 119 121 122 124 125 126 130 133 136 137 138 139 145 147 149 151 152 153 155 159 163 166 168 169 177 181 182 184 188 192 193 195
106 27 109 110 111 112 122 126 128 129 130 132 136 139 141 145 146 153 154 165 166 171 174 175 181 186 187 192 194 195 196 198 200
107 98 108 112 114 116 120 121 123 124 126 127 129 130 132 134 136 138 141 143 145 150 160 162 167 169 174 175 176 177 180 182 183 188 190 192 193 194
108 98 111 112 118 120 121 127 129 139 140 142 151 154 156 157 160 161 162 165 168 172 173 174 180 187 188 189 190 193 195 198 199
109 78 110 113 114 115 118 122 123 125 133 134 135 136 137 140 145 149 151 152 155 156 157 159 167 168 171 172 174 178 182 185 186 188 189 193 196 197 199
110 78 111 112 116 117 118 119 121 123 124 126 128 129 131 132 133 136 137 141 144 147 150 152 155 157 159 165 167 169 175 181 182 183 185 186 187 188 192 193 194 198 199 200
111 86 112 114 115 116 120 121 127 128 130 132 136 138 139 140 141 144 145 149 151 155 162 164 165 166 172 173 178 180 183 185 186 187 189 193 195 196 199
112 27 117 118 119 123 124 126 127 128 129 130 135 137 142 145 146 148 152 155 157 158 159 160 161 162 164 165 166 173 175 177 182 184 188 189 192 194 195 197 198 199
113 61 115 119 122 123 124 126 128 130 134 135 137 139 141 144 147 148 150 154 156 157 161 164 167 168 170 173 177 179 181 182 184 185 187 189 191 193 196 197 199
114 30 122 123 125 128 131 135 138 147 150 152 156 157 169 170 171 172 174 176 177 178 182 188 189 193 195 199 200
115 40 116 124 126 129 130 131 132 135 139 143 144 150 151 152 153 154 155 156 160 166 167 174 176 177 179 180 182 183 188 196 199
116 67 119 121 122 123 125 126 127 129 131 136 140 142 144 145 152 153 157 162 163 172 175 185 186 193 194 196 198 200
117 36 119 122 126 127 129 131 133 134 135 143 144 146 147 152 153 154 159 160 162 163 168 171 172 176 183 185 187 194 195 196 197 199
118 27 121 125 126 130 133 136 139 140 143 144 146 148 149 153 156 157 159 160 162 165 166 169 170 174 186 187 191 192 193 196 198 199 200
119 94 120 121 122 124 125 128 129 131 133 136 137 143 144 145 147 153 159 160 163 165 169 170 173 174 175 186 194 195 196 197 199
120 34 128 130 132 136 139 141 143 146 148 149 156 158 159 161 162 163 164 165 166 167 173 174 175 176 177 178 182 183 184 185 186 188 189 194 196
121 86 128 129 131 132 133 139 143 144 146 148 149 154 157 158 159 162 169 171 174 175 177 181 183 186 188 190 193 195 197 198
122 24 123 125 126 127 128 129 130 134 136 138 141 144 145 148 149 150 151 153 155 157 160 164 172 174 175 177 178 181 183 185 188 190 193 197 198 199
123 31 126 133 134 137 138 143 144 149 150 156 157 158 160 161 162 166 169 170 171 173 174 176 178 179 180 182 183 185 187 188 189 190 191 195 196 197 199
124 46 125 128 132 133 135 138 139 141 142 143 144 145 148 149 150 151 152 154 158 163 166 171 175 178 182 185 191 195 196 199
125 60 126 131 134 135 137 138 140 142 143 144 145 152 153 154 155 156 160 166 167 168 170 173 174 175 176 177 178 179 183 185 186 187 192 196 199 200
126 99 129 130 132 136 138 146 147 149 150 153 154 155 158 159 160 162 164 166 167 168 170 171 173 174 178 179 180 181 184 185 187 188 192 196 198 199
127 72 130 131 132 133 134 137 140 142 143 145 148 149 150 151 152 157 161 162 168 170 171 174 176 178 182 186 188 189 192 193 195 198
128 56 132 133 135 138 141 144 145 146 147 148 152 155 158 163 169 174 175 179 181 184 189 199
129 63 130 133 136 137 138 140 142 145 149 151 155 156 157 160 161 163 164 165 167 170 173 176 181 183 187 194 195 196 199
130 63 133 135 136 139 140 141 142 145 147 148 149 156 158 161 164 168 169 172 173 182 185 186 192 194 197 198 199 200
131 32 133 134 137 142 144 145 147 152 154 158 159 164 167 168 170 174 178 180 182 183 186 188 192 193 194 198 200
132 95 139 141 142 145 147 148 149 155 156 157 159 162 169 170 172 174 175 177 182 183 184 185 186 189 190 194 196 197 199
133 85 138 140 141 143 148 152 153 154 156 157 160 161 162 165 166 167 169 170 175 176 177 180 181 182 183 184 185 187 189 192 194
134 74 137 138 143 144 150 152 155 157 159 160 169 170 172 173 175 177 179 180 189 190 192 193 195 199 200
135 69 136 142 143 144 146 150 151 154 156 157 158 161 166 169 175 177 178 181 183 184 185 192 193 194 195 196
136 91 137 138 139 140 142 144 145 148 151 153 154 155 157 158 160 161 164 166 168 170 172 173 174 177 178 181 184 189 190 191 192 195 196 197 200
137 53 139 140 142 147 148 149 156 158 159 160 164 168 173 174 178 179 182 185 188 193 194 196 197
138 37 142 144 145 147 150 151 152 154 156 159 164 165 167 174 181 189 190 191 194 196 198
139 69 140 141 142 143 144 145 146 149 153 155 156 162 166 173 175 177 180 181 182 184 185 186 188 190 191 193 200
140 73 141 142 149 151 154 155 159 160 163 164 165 166 168 169 170 172 173 176 179 180 181 183 187 188 191 195 197 200
141 49 147 149 151 157 161 166 169 172 173 175 178 182 183 184 187 188 191 193 195 196 199 200
142 58 144 149 151 152 156 157 159 161 163 165 167 168 170 171 176 179 184 188 190 191 193 197 200
143 86 147 149 150 151 153 154 156 157 158 160 164 168 169 177 181 182 183 184 186 187 189 192 193 199
144 41 145 148 150 151 153 154 156 158 162 163 165 166 167 168 169 173 178 180 182 183 187 190 194 197 198
145 52 153 154 159 160 166 167 168 172 173 175 176 177 178 180 182 188 189 190 191 194 196 197
146 45 148 152 155 165 166 169 170 173 175 177 180 189 194 199
147 75 149 158 159 164 165 167 169 172 177 179 180 182 183 186 187 188 191 192 197 199
148 63 149 158 159 160 162 164 166 169 172 173 175 176 177 181 182 183 184 185 186 187 190 194 198
149 78 152 156 157 161 162 163 164 165 171 173 176 178 182 184 185 186 187 194 197 199
150 86 151 153 154 155 156 159 160 161 162 164 165 166 169 171 172 173 176 178 180 182 183 184 191 194 197 198 199
151 80 153 155 157 158 162 164 165 169 172 174 175 178 179 180 181 183 184 186 190 193 195 197 198 199
152 40 153 158 161 163 165 167 168 171 178 179 182 187 193 194 196 197 200
153 60 154 159 160 163 166 169 171 172 176 182 183 184 186 192 193 195 196
154 20 156 159 162 164 165 167 172 173 179 180 181 184 191 198 199
155 49 159 160 161 162 163 165 167 168 169 173 175 176 177 178 179 181 184 186 188 191 194 197 200
156 33 160 162 165 167 170 172 177 178 179 185 186 189 192 199
157 40 159 161 163 166 167 168 170 172 173 175 176 185 187 188 192 193 194 195 198
158 82 159 165 170 174 176 178 180 185 188 190 192 193 198 199 200
159 50 163 166 168 169 170 171 173 176 178 179 180 183 184 188 194 196 198
160 99 162 163 165 167 177 178 181 182 183 186 187 188 191 197 199 200
161 84 173 176 180 188 189 193 196 199 200
162 46 163 166 168 169 173 174 175 181 187 188 189 191 194 197 198 200
163 70 165 167 169 171 172 175 176 178 179 180 183 184 185 188 189 190 195 197 198 200
164 41 168 172 175 180 183 184 186 193 198 199
165 81 167 171 173 174 175 176 180 182 183 186 191 192 193 199
166 52 167 169 170 174 178 179 183 185 188 189 190 200
167 59 170 172 176 186 187 189 190 191 193 194 198 200
168 55 171 173 174 176 177 182 183 185 187 188 195 196 197 199 200
169 70 170 171 174 180 181 183 186 195 196
170 78 171 172 175 179 180 181 182 188 195 196 199
171 85 172 175 177 181 182 184 189 193 194 196 200
172 77 173 175 177 178 180 181 184 185 186 191 193 194 195 196 198 199
173 26 174 176 179 181 182 183 184 187 189 190 195 196 198 199 200
174 67 178 181 182 183 184 186 191 193 194 195 196 197 198 199
175 100 179 182 184 187 189 190 193 195 197
176 41 178 179 180 184 191 196 197 200
177 83 181 186 188 191 192 199
178 45 182 186 188 189 196 199
179 97 182 183 187 189 191
180 42 183 184 186 188 189 195 197 198 200
181 23 183 185 188 190 192 195
182 61 185 190 191 193 195 198 200
183 54 187 189 190 191 194 198 199
184 50 191 193 197 198 199 200
185 99 188 189 192 193 197 198 199 200
186 70 187 188 191 193 196 199
187 55 188 192 197 198 200
188 99 190 191 194 196 197 200
189 46 191 194
190 89 195 196 198 199
191 66 193 196 197
192 27 193 199
193 49 194
194 26 195 196 198 199
195 66 197
196 26 197 199 200
197 67 198 199
198 61 199
199 33 200
200 94
