200
1 53 2 3 5 6 7 9 10 12 13 15 16 17 20 21 22 23 26 29 30 31 32 33 35 36 38 40 42 43 44 51 52 53 54 55 56 59 60 61 63 64 65 69 70 71 72 73 74 75 76 77 78 79 81 83 84 86 90 91 93 95 96 98 99 102 103 104 105 106 107 108 109 111 112 113 114 115 117 120 122 124 126 127 128 129 130 131 132 133 135 137 139 140 141 142 144 145 147 148 149 153 154 155 157 158 159 160 162 163 165 166 167 169 172 173 174 176 179 182 184 185 187 188 191 195 196 198 199 200
2 89 3 5 8 9 10 11 14 15 18 20 22 23 24 27 29 30 32 35 37 38 39 40 41 42 45 46 47 48 49 50 51 52 53 54 56 57 59 60 61 62 63 64 65 66 69 70 71 72 74 75 77 81 85 86 93 94 97 98 99 100 101 104 105 108 112 113 114 116 117 121 122 126 129 130 135 137 138 139 142 146 147 148 149 151 152 153 156 158 159 160 163 164 166 167 168 169 173 175 176 179 180 181 184 185 188 190 191 192 194 195 196 197 199 200
3 84 4 6 8 10 11 12 13 14 15 16 17 20 22 23 24 25 26 28 30 31 32 36 37 39 41 43 45 49 50 51 52 57 58 59 60 61 62 63 64 65 66 69 70 71 72 73 75 78 79 82 84 85 86 88 91 92 94 97 99 100 109 110 111 112 113 114 116 117 120 121 122 123 124 125 126 127 129 131 133 134 135 136 138 139 141 142 143 144 145 147 149 150 151 152 153 156 157 158 159 160 161 162 163 164 167 169 172 173 176 177 179 180 183 184 185 186 187 189 191 192 198 199 200
4 68 6 7 8 10 15 17 19 21 22 25 26 27 29 31 32 33 34 35 36 38 40 42 43 44 45 48 49 50 51 53 54 56 57 58 62 63 66 67 68 70 74 75 78 80 83 84 85 87 88 90 93 101 110 112 113 115 116 117 118 122 123 124 126 129 130 133 134 136 139 140 141 144 145 147 149 150 151 154 156 158 159 163 165 167 168 169 172 173 174 176 177 178 181 182 183 186 189 190 191 192 197 198 199 200
5 25 7 14 15 17 19 20 23 24 25 27 28 29 30 31 32 33 37 40 41 42 44 47 48 50 54 55 57 63 64 69 70 71 72 73 74 77 78 81 84 86 87 88 89 91 92 95 98 100 102 106 107 108 110 112 114 115 117 121 123 124 126 127 128 130 131 132 134 135 138 140 141 143 144 146 147 148 149 150 154 155 157 159 160 161 165 167 170 171 173 174 180 181 183 184 186 187 188 189 190 192 193 198 200
6 27 7 8 9 10 11 13 14 17 18 19 20 22 23 24 26 30 33 34 35 36 37 39 40 41 44 45 47 49 50 51 52 54 55 58 59 61 62 63 64 65 66 67 70 75 76 77 78 79 81 83 87 88 90 91 92 93 95 96 97 101 102 103 104 105 106 107 111 113 115 116 117 118 119 120 121 122 123 124 125 127 130 136 137 140 141 144 145 146 147 148 149 150 151 152 155 156 157 158 159 160 165 167 168 169 170 173 174 175 176 177 179 181 182 184 185 187 188 189 191 193 194 195 196 197 199 200
7 52 8 9 10 12 14 15 18 21 22 24 26 27 28 29 30 31 32 33 34 35 37 38 39 40 43 44 45 47 48 49 50 54 55 56 57 58 59 60 61 62 64 65 66 68 69 70 72 74 76 77 78 79 80 81 82 83 84 85 86 88 91 92 93 94 95 96 98 100 101 102 104 106 107 111 112 113 114 115 116 117 120 121 122 123 124 125 126 127 129 130 133 134 135 136 137 138 139 145 147 148 150 151 154 156 157 158 159 160 163 164 165 166 167 168 169 171 172 173 175 177 178 179 180 182 183 184 185 186 187 188 189 191 192 193 194 197 198 200
8 74 9 10 12 13 14 15 16 18 21 22 23 24 25 26 27 28 34 35 36 38 42 43 48 49 50 51 52 53 59 60 61 62 63 64 65 66 67 68 70 72 73 75 79 80 83 84 85 87 89 90 91 92 93 94 95 98 104 105 107 108 109 111 112 113 116 118 119 122 123 124 125 126 127 131 132 134 135 136 137 139 140 143 144 145 146 147 149 150 151 152 153 154 155 156 157 160 161 162 166 167 168 170 173 174 177 178 179 181 183 186 187 188 190 191 193 194 195 196 198 200
9 90 10 14 16 17 23 24 25 27 29 30 32 33 34 37 38 41 44 47 48 50 51 52 55 57 58 60 61 65 66 67 69 72 74 75 83 84 85 86 87 88 90 91 92 95 98 99 101 103 105 107 108 110 111 112 113 114 115 116 117 118 122 123 124 128 130 131 134 136 137 139 140 141 143 146 147 148 150 152 154 157 158 159 161 163 164 165 166 173 175 176 177 178 179 180 181 182 184 187 190 192 193 195 196 197 199 200
10 27 11 12 13 14 15 18 19 20 21 22 23 24 25 26 27 28 30 35 36 37 40 41 42 43 44 46 47 48 49 50 52 54 56 58 59 62 63 64 65 68 69 70 77 79 82 83 84 85 86 88 89 90 91 92 93 94 95 96 98 100 101 102 105 107 109 110 112 113 114 115 117 118 119 120 121 124 125 126 127 129 132 133 135 137 138 139 140 142 145 146 150 151 152 153 154 156 158 159 161 162 167 169 170 171 172 174 175 176 178 179 180 181 183 187 188 190 192 193 194 196 197 199 200
11 13 12 15 17 18 19 21 22 23 24 25 26 27 30 32 35 36 37 38 42 46 47 48 50 51 54 55 56 57 61 63 64 65 68 70 71 73 74 77 79 80 81 82 84 90 92 93 94 96 97 98 99 100 102 103 105 107 108 109 110 111 113 114 117 118 119 120 121 122 126 130 131 132 134 135 141 142 144 146 147 149 151 152 153 154 157 158 160 161 162 163 164 168 170 171 172 173 174 175 177 178 179 180 181 182 183 184 185 186 187 188 190 191 193 195 198 200
12 64 13 16 17 18 19 20 21 24 26 27 28 31 33 34 41 42 43 45 47 48 50 51 52 54 58 59 60 62 64 65 66 71 73 74 76 77 78 79 81 82 83 85 86 88 93 94 95 97 98 102 104 105 107 110 111 112 113 115 116 117 118 121 123 124 125 126 128 129 132 136 138 139 140 143 145 146 147 148 149 150 151 152 154 155 156 158 159 162 164 165 167 168 169 172 173 174 175 176 177 178 179 181 183 185 186 188 192 193 194 195 196 197 198 199
13 56 14 18 19 20 21 22 23 26 27 30 31 32 33 34 35 36 37 41 42 43 44 46 50 51 54 55 57 58 62 63 64 66 69 73 74 77 78 79 80 82 83 84 85 86 87 89 93 95 96 100 104 105 107 108 110 112 113 119 120 122 123 124 125 126 129 130 131 132 133 134 135 136 138 139 140 141 143 144 145 146 147 149 151 152 153 154 155 157 158 159 160 161 163 164 168 169 171 172 173 175 177 180 181 182 183 186 188 189 191 192 193 196 197 198
14 95 15 16 17 19 26 28 29 30 32 34 35 36 37 39 40 41 42 44 45 46 49 50 51 52 54 56 58 60 62 64 65 66 68 69 70 71 74 76 79 80 81 82 83 84 86 87 88 93 95 96 98 99 100 101 102 105 106 109 110 111 115 116 117 118 119 120 121 122 124 125 126 127 128 130 132 133 134 136 138 139 141 142 143 146 147 148 150 151 152 153 156 157 158 159 164 165 166 167 168 169 170 171 172 173 175 179 180 181 183 184 188 191 194 196 197 198 199 200
15 20 17 18 19 22 23 24 25 28 32 33 36 38 39 40 41 42 44 45 46 47 48 50 54 56 57 58 59 60 63 64 65 66 68 70 71 73 74 75 76 77 78 80 82 83 84 85 88 89 90 91 92 93 94 96 99 100 103 105 106 108 109 111 113 116 117 118 120 121 122 123 124 125 126 128 130 134 137 139 140 142 145 146 148 149 150 151 152 153 155 157 158 159 161 165 168 169 170 171 172 174 175 176 180 181 184 185 186 188 189 196 197 199
16 5 17 18 21 22 24 26 28 29 30 33 34 35 37 38 39 40 45 46 48 49 50 51 53 54 55 56 60 64 65 67 68 69 70 74 76 77 79 80 82 83 87 90 92 93 95 98 100 101 102 103 105 108 109 110 112 113 114 116 117 119 123 126 129 131 132 133 136 137 139 140 142 143 144 145 147 149 150 153 155 158 159 160 163 165 166 167 168 170 171 174 175 181 182 184 186 188 190 195 197 198 199 200
17 63 18 20 21 22 23 25 26 27 28 29 31 34 36 37 38 40 44 47 50 51 52 53 54 57 59 60 61 62 63 65 66 67 69 73 76 77 78 79 81 83 84 85 88 90 91 92 99 100 103 104 105 106 107 109 110 111 112 114 115 116 120 124 126 127 128 130 131 133 134 135 136 137 140 143 145 146 150 156 157 159 160 161 162 163 164 166 167 168 170 171 173 174 175 176 177 178 180 181 182 183 184 187 188 191 193 194 195 196 197 199 200
18 14 19 20 22 24 25 26 27 28 30 34 36 39 40 44 45 46 47 48 49 51 52 53 54 56 58 63 65 66 67 68 69 70 71 72 73 75 78 79 80 81 82 83 84 85 86 88 89 94 95 96 97 101 102 104 105 107 109 110 111 113 114 115 118 121 123 124 125 126 127 129 132 136 137 138 141 143 145 148 149 152 153 154 155 156 157 158 159 160 161 163 164 166 168 169 171 172 173 174 176 177 178 180 183 185 186 189 191 192 193 196 198 199 200
19 46 20 23 24 27 28 29 31 32 33 36 42 44 48 50 51 52 53 57 58 62 64 67 70 71 75 77 78 79 82 84 85 88 90 91 92 94 95 97 100 103 104 106 107 108 111 112 113 115 117 120 121 124 125 128 129 130 132 134 136 137 138 139 140 143 144 148 149 150 152 154 155 157 159 162 164 165 166 171 173 174 175 178 180 181 182 183 184 185 187 190 191 193 195 198 199 200
20 58 23 25 27 28 33 34 36 37 39 40 41 43 44 45 46 48 50 51 52 53 55 57 60 62 63 64 65 66 67 70 71 72 73 76 77 79 83 84 85 86 89 90 91 92 93 94 95 97 99 100 101 102 105 106 109 110 112 113 114 119 120 121 122 123 125 128 129 130 132 133 136 138 139 140 141 143 145 148 150 152 153 155 156 157 158 161 162 165 166 167 168 169 170 171 172 173 174 175 176 178 180 181 182 184 185 186 188 190 191 192 193 195 196 198
21 63 22 26 29 35 36 38 39 40 51 57 60 61 62 64 65 70 72 73 75 76 77 79 80 81 83 84 85 87 89 91 93 94 96 97 103 105 108 110 111 113 115 116 117 120 122 123 124 125 126 129 130 131 132 134 136 137 139 140 142 145 146 147 149 150 151 154 158 159 160 161 163 164 165 166 169 177 179 180 181 182 183 184 185 186 187 188 189 190 191 192 194 196 198
22 83 23 24 25 26 30 32 33 34 36 37 38 42 43 44 46 47 51 52 53 56 59 61 62 63 65 66 68 69 70 71 72 73 74 75 76 77 78 79 80 84 86 87 88 90 91 93 94 96 98 100 101 103 104 105 106 108 109 110 111 112 116 119 120 121 122 125 126 127 128 129 132 133 134 135 136 137 138 142 144 145 146 147 149 150 151 152 154 155 158 160 161 162 165 166 167 171 172 174 176 177 182 184 186 187 188 191 192 193 195 196 200
23 90 24 25 27 28 29 30 32 34 36 37 38 39 41 42 44 46 47 48 50 51 52 53 54 55 56 58 59 61 62 63 64 65 66 67 69 70 71 74 75 76 77 78 79 81 86 87 89 91 92 94 95 96 97 98 100 101 102 103 107 108 109 111 112 113 114 118 119 120 121 122 123 124 125 127 128 129 130 131 132 133 139 140 141 142 143 144 145 146 147 150 152 155 156 158 159 164 167 168 169 170 171 172 174 176 179 182 184 185 186 193 194 196 197 199
24 96 26 27 28 30 32 34 36 37 38 39 40 43 47 48 49 50 53 55 56 57 58 59 61 62 63 64 66 67 68 69 70 71 73 74 75 76 77 80 81 83 85 88 90 92 93 94 96 97 98 101 103 105 106 107 108 110 111 113 115 119 120 123 124 126 129 130 131 134 135 136 137 138 139 141 142 144 146 147 148 151 152 153 154 156 158 162 163 166 167 169 170 171 172 176 177 179 180 181 182 184 185 187 190 193 194 196 198 200
25 67 26 29 30 33 34 35 37 39 43 47 48 49 50 51 53 54 56 58 61 62 66 67 68 69 72 73 74 75 76 78 79 80 82 84 85 86 87 88 89 90 91 92 93 95 96 97 99 101 102 103 104 105 106 107 108 109 111 112 113 116 118 119 120 121 123 124 125 126 128 130 131 132 133 134 135 136 137 138 140 142 144 145 146 147 148 149 150 154 155 156 157 158 159 160 161 164 165 166 168 170 172 173 175 176 178 183 185 186 187 188 190 191 192 193 194 198 199 200
26 28 27 28 29 30 31 34 35 36 40 41 42 43 45 47 48 49 51 53 54 55 56 57 58 59 61 64 66 68 70 71 73 75 76 77 78 79 80 82 84 85 87 88 89 90 91 93 99 100 101 104 105 106 107 110 111 112 114 115 118 119 120 122 125 128 129 132 133 135 136 138 139 140 141 144 145 148 149 150 152 153 154 155 156 157 158 159 163 164 166 167 171 174 175 176 177 178 179 181 182 183 184 187 189 190 193 194 197 199 200
27 44 28 32 33 34 35 36 38 39 40 41 42 43 44 45 47 52 53 54 56 57 61 64 66 67 72 76 77 78 81 83 84 88 90 91 92 94 96 101 102 103 105 107 110 111 112 113 116 117 118 120 125 127 128 131 135 136 139 141 144 145 146 147 148 149 150 152 153 156 157 159 160 162 163 164 165 166 168 169 171 173 174 175 179 180 182 184 187 188 191 195 197 198 200
28 80 29 30 31 35 38 40 41 42 44 45 47 48 49 50 51 52 53 55 58 59 61 62 64 65 67 68 69 70 71 73 75 77 78 79 80 81 82 83 86 88 90 92 93 95 96 97 98 99 102 103 105 106 107 108 110 111 112 115 120 122 124 126 127 128 129 131 132 134 135 139 141 142 143 144 145 146 148 150 151 154 155 160 161 164 165 166 167 168 169 170 171 173 174 175 177 178 179 181 184 185 186 187 189 191 196 197 198 200
29 32 32 33 34 35 36 37 38 41 42 43 44 45 46 48 49 50 51 53 54 55 56 57 59 60 61 64 66 67 68 69 70 72 73 75 76 77 78 81 82 84 86 88 93 98 99 100 101 102 103 105 106 107 108 109 110 111 112 114 116 117 118 121 124 125 127 132 133 134 137 138 139 140 143 145 148 150 151 153 155 156 157 159 160 166 167 172 173 174 176 177 178 179 181 184 185 186 187 188 189 193 195 196 197 198 200
30 9 31 33 36 38 40 41 43 45 49 51 52 53 54 55 56 57 58 61 62 63 64 65 66 68 69 70 71 74 75 76 77 79 80 83 85 87 92 94 95 96 97 98 100 101 102 105 106 108 109 111 112 114 115 118 119 120 123 124 125 130 131 134 136 137 141 142 143 144 145 146 147 148 149 150 151 152 154 155 156 157 160 164 165 168 169 170 173 176 177 178 179 181 182 184 187 193 195 196 198 199
31 93 33 34 36 37 39 41 42 43 45 47 48 49 50 51 52 53 56 62 63 66 67 71 74 75 76 77 78 81 83 86 87 88 89 90 91 94 95 97 98 99 100 103 104 105 106 108 115 117 118 119 120 122 123 125 126 127 128 130 134 135 138 139 142 147 149 150 151 152 153 154 155 158 161 164 165 166 167 169 170 171 172 175 178 180 181 184 185 190 195 196 200
32 18 34 35 36 37 38 39 42 46 52 54 55 56 57 58 59 61 64 65 66 67 69 70 72 73 76 77 79 80 81 83 84 85 88 89 90 92 93 94 95 98 99 100 102 103 104 105 106 107 108 109 110 111 112 116 119 120 121 122 126 127 129 132 133 134 137 139 140 141 142 143 145 146 147 148 152 153 154 155 157 159 160 163 164 166 168 171 172 176 178 179 180 181 182 184 185 186 187 191 192 193 194 196 200
33 100 34 35 36 37 38 39 42 47 48 49 50 51 52 53 55 57 58 61 63 64 67 68 69 72 73 74 76 78 83 86 88 90 94 95 96 98 99 102 103 104 106 108 110 111 112 114 115 116 117 119 120 121 122 123 124 128 129 130 132 134 135 136 137 138 140 142 143 146 147 148 150 151 152 154 155 158 162 163 164 165 166 167 168 169 170 173 175 177 178 179 183 184 185 186 187 190 193 194 195 196 197 199
34 59 35 36 38 39 40 42 44 47 50 51 53 54 55 56 58 60 62 63 64 65 66 69 71 73 74 75 79 80 82 83 84 86 87 88 90 93 94 95 96 99 101 102 103 105 106 107 109 110 111 112 113 114 115 116 117 118 119 120 123 126 127 128 129 130 131 133 135 136 137 138 139 140 142 144 147 148 153 154 155 158 159 163 165 169 171 173 174 175 176 179 182 183 184 185 186 190 193 194 197 198 199
35 98 36 38 39 41 42 43 44 47 49 51 53 55 57 58 62 63 65 66 67 68 69 70 72 73 74 76 78 79 81 82 83 84 85 86 95 96 97 99 100 101 102 104 107 109 111 114 115 116 117 118 121 123 125 126 127 129 130 132 133 134 135 136 138 139 140 141 142 143 144 145 147 149 151 153 156 158 162 166 167 169 171 173 175 177 178 180 181 183 184 185 186 190 193 198 199
36 79 37 41 43 44 46 48 49 50 53 55 56 58 59 61 62 63 64 65 67 70 74 75 76 78 81 83 84 85 86 87 91 93 94 95 97 98 99 100 103 104 108 109 111 113 114 115 116 117 118 121 123 124 126 128 132 133 136 137 139 140 141 142 143 145 148 149 152 153 157 161 162 164 165 168 170 171 172 174 175 176 178 180 181 183 184 186 189 190 192 193 194 195 197 199 200
37 56 39 40 41 42 45 47 50 51 53 54 56 58 60 61 62 63 64 65 69 70 72 74 75 76 79 80 81 84 85 87 89 90 93 94 97 105 107 108 111 112 113 115 116 117 118 119 120 127 128 129 131 132 135 137 138 139 142 143 144 145 146 147 148 149 150 151 152 153 155 157 160 161 164 165 167 168 169 170 172 173 175 177 178 179 181 182 186 188 190 192 193 194 195 196 197 199 200
38 80 39 40 41 42 43 44 46 47 48 49 52 53 56 58 59 60 62 65 72 75 77 81 82 83 84 87 88 89 91 94 99 100 101 102 103 105 106 107 108 109 111 114 118 120 121 123 125 126 129 131 132 135 137 138 140 142 143 144 145 148 150 151 154 156 157 158 159 163 165 168 171 172 174 175 177 178 179 180 182 185 186 187 189 195 200
39 44 40 41 42 43 44 45 49 51 53 54 56 57 59 60 63 64 67 71 73 74 75 76 77 80 82 83 84 85 88 91 92 93 95 96 98 99 101 102 103 106 107 108 111 115 116 117 121 123 125 126 128 129 131 132 133 135 136 137 138 140 144 145 147 148 150 151 152 153 155 157 158 159 160 162 163 164 170 172 173 175 176 177 178 180 181 184 185 186 187 188 189 190 192 193 194 195 196 198 199
40 6 41 43 45 46 47 49 52 54 56 57 59 60 61 64 68 69 70 71 72 73 75 76 78 79 80 81 82 85 86 87 89 90 93 95 96 98 99 101 103 104 105 107 108 110 111 112 115 116 119 120 122 123 126 127 129 130 131 132 135 137 138 140 141 143 144 146 147 149 151 152 159 160 161 163 164 165 170 172 174 176 177 178 179 180 182 184 185 186 188 189 192 195 196 197 198 199 200
41 23 44 45 46 47 48 49 50 51 53 54 58 59 60 62 63 64 67 68 69 70 74 75 79 80 83 84 87 88 89 90 95 99 102 104 105 106 110 111 112 114 115 116 117 118 119 121 124 127 129 130 131 134 137 138 139 141 142 145 146 147 148 149 151 156 160 161 162 164 165 166 168 169 172 174 175 176 177 179 180 182 183 184 186 187 188 190 191 192 193 194 198 199 200
42 14 43 44 45 46 48 49 51 54 55 56 57 58 59 60 61 62 65 67 68 73 74 76 77 78 81 82 83 86 88 90 94 95 96 100 101 102 104 105 106 108 109 110 111 112 114 118 119 120 121 122 123 124 125 127 130 133 134 135 140 142 143 145 147 150 152 153 156 157 158 160 161 162 165 166 168 171 172 173 174 175 176 177 178 181 182 183 184 186 187 188 191 192 193 194 195 196 200
43 9 45 47 49 50 51 53 54 55 57 58 61 63 64 65 66 67 69 72 73 76 79 80 81 82 84 86 89 95 96 98 99 100 102 105 106 107 108 109 110 111 112 113 115 116 118 119 120 123 125 126 127 129 130 132 133 134 135 136 137 138 139 143 148 149 150 151 152 156 157 158 159 160 162 163 164 167 169 171 172 174 176 177 178 179 180 182 183 185 187 188 189 190 193 196 197 198 200
44 82 45 46 47 48 51 54 58 59 61 62 63 64 67 68 69 72 73 75 76 78 79 80 81 82 83 84 85 86 87 89 90 91 92 93 95 96 98 100 101 104 106 108 112 114 116 118 120 121 122 124 127 128 129 130 131 133 136 137 140 142 143 146 147 148 149 150 152 153 156 157 158 160 161 162 163 164 165 166 167 169 172 173 174 175 178 179 180 181 182 183 184 185 186 187 188 194 195 196 197 199
45 53 47 48 49 50 51 52 53 54 57 58 59 60 62 63 65 66 67 70 71 72 73 74 75 76 77 78 81 83 85 86 88 91 93 95 96 101 102 103 104 105 108 110 112 113 116 117 118 120 121 123 124 125 127 129 130 131 133 135 136 140 142 144 145 148 149 151 154 156 157 158 159 166 167 168 171 175 176 179 181 183 185 186 187 192 193 195 197 199
46 37 48 50 51 52 53 55 56 57 58 60 61 62 63 65 66 69 71 73 74 75 76 77 78 79 82 83 84 85 86 88 89 96 97 98 99 100 101 105 106 107 108 110 112 117 118 120 122 123 129 130 132 133 136 137 138 140 143 144 145 146 147 148 149 150 151 152 159 160 161 162 165 166 167 170 173 174 178 180 182 183 184 185 186 187 189 190 191 192 193 194 197
47 24 48 53 55 56 57 58 59 60 61 62 65 68 69 70 72 74 75 76 77 80 81 82 83 88 91 92 93 98 99 100 101 102 104 105 107 108 113 114 115 118 119 121 122 124 126 128 129 131 135 136 137 140 141 142 143 146 147 148 150 151 152 154 155 156 159 160 162 163 164 167 168 169 170 172 173 175 176 178 179 180 181 182 184 187 189 190 191 195 197 198
48 3 49 52 54 55 56 57 58 61 62 64 66 67 68 69 70 72 73 76 77 78 79 80 82 86 89 90 91 92 96 97 99 100 103 105 107 108 109 110 111 112 113 114 118 121 123 124 126 130 133 136 137 138 143 146 148 149 150 151 152 153 154 155 156 158 159 160 161 163 164 165 167 169 171 172 173 174 175 177 178 179 180 182 183 187 189 190 191 192 193 195 197 199 200
49 40 50 51 52 53 54 55 58 59 60 62 65 66 67 69 70 71 72 74 75 80 81 82 83 84 86 87 88 89 91 93 94 95 98 100 102 103 104 106 108 109 110 112 113 114 116 117 118 119 120 124 126 127 128 129 131 133 135 136 139 140 142 144 149 150 151 152 154 155 156 157 160 161 162 165 166 167 168 169 170 172 173 174 178 179 180 181 182 185 187 188 189 190 192 193 196 198 199
50 86 51 52 53 55 56 57 58 59 60 61 62 64 65 68 70 73 77 81 82 84 86 87 89 92 93 95 97 98 99 101 102 105 107 115 116 119 124 125 126 128 129 130 131 132 133 134 135 137 138 139 141 142 143 144 145 148 149 151 153 154 156 157 158 159 161 164 166 167 168 169 170 171 172 173 178 179 181 182 183 184 185 188 189 191 192 194 195 196 200
51 83 56 59 62 63 65 66 67 69 70 71 72 73 76 80 83 84 85 86 87 88 89 91 93 95 96 99 100 101 103 105 107 108 109 110 111 112 114 117 118 121 123 124 125 127 132 138 139 140 143 144 145 147 148 149 154 155 157 159 161 163 164 165 166 167 168 169 171 172 173 174 176 178 179 182 184 186 188 191 192 193 194 195 197 198 199
52 16 54 55 58 59 60 61 63 64 66 72 73 74 75 76 77 78 79 80 81 85 86 87 88 89 92 93 96 98 99 100 102 103 108 109 110 111 112 114 115 116 117 120 122 123 125 127 128 132 133 137 141 143 145 146 147 154 155 158 159 162 164 168 170 171 172 174 175 177 180 182 183 184 186 188 190 191 192 193 195 196 197 198 200
53 4 54 55 57 58 63 66 67 68 69 70 71 72 74 76 77 78 79 82 83 85 90 91 93 95 96 98 101 103 104 107 109 111 113 114 115 116 118 119 120 121 122 123 124 126 130 131 135 136 137 138 139 140 141 142 143 144 147 148 151 152 153 154 155 162 163 166 168 169 170 171 172 173 176 177 178 180 183 184 186 187 188 189 192 193 194 195 197 198 199 200
54 53 56 57 58 63 64 67 68 72 73 75 76 77 80 81 82 84 86 88 90 91 94 95 99 102 104 105 108 109 111 112 116 117 118 120 121 122 123 126 127 129 131 133 137 138 139 140 149 152 153 154 156 157 158 160 161 162 167 168 175 178 180 184 185 187 188 189 190 192 193 194 195 196 197 198
55 83 56 57 58 59 60 64 65 66 68 70 71 72 74 75 77 78 85 86 87 88 90 91 92 95 98 100 103 104 105 107 110 113 115 116 118 119 122 124 125 126 127 128 130 131 132 134 136 137 139 140 141 143 145 146 147 149 150 151 152 153 154 155 158 159 162 163 164 166 168 169 173 175 177 178 180 181 182 183 185 186 189 190 191 192 193 195 196 198 199 200
56 62 58 59 60 62 63 64 65 66 68 69 70 71 73 78 79 80 81 82 84 85 87 88 89 92 94 95 96 98 101 105 106 108 110 111 112 114 115 116 118 119 120 121 123 124 129 131 132 133 134 135 136 138 141 142 144 146 148 151 153 154 159 160 164 165 166 168 169 170 173 180 182 184 186 187 193 194 195 196 197 198
57 87 58 59 60 61 64 65 66 67 69 71 74 75 77 78 79 81 83 84 85 86 87 89 92 94 95 97 98 99 102 103 104 105 109 110 111 115 116 118 119 120 124 125 126 127 128 130 131 133 136 138 139 141 142 143 144 145 146 147 149 150 152 155 156 158 159 163 165 166 167 170 172 173 174 175 178 181 182 184 186 187 188 190 191 193 195 196 198
58 85 59 60 61 62 63 64 65 67 69 72 74 75 76 77 79 86 87 88 89 90 91 92 94 95 96 97 100 104 105 108 110 111 112 114 116 118 120 121 123 126 127 130 132 134 135 136 137 138 142 143 145 146 148 149 151 152 153 155 156 158 163 165 166 167 169 171 172 173 174 176 177 178 179 181 183 184 185 186 187 188 190 192 193 196 197 199
59 36 64 65 66 68 69 70 71 72 75 76 78 81 82 83 84 86 88 89 93 95 99 100 101 103 106 110 112 113 114 116 117 118 124 125 127 128 129 130 131 135 136 137 138 140 141 142 145 146 148 150 152 155 156 157 158 159 162 163 165 166 168 169 170 171 172 173 174 178 179 180 182 183 184 185 187 188 189 190 192 193 195 196
60 95 61 62 63 64 65 67 68 71 72 76 77 78 80 81 84 85 86 88 90 91 93 94 95 97 98 99 100 105 106 107 108 111 113 116 119 120 128 130 131 132 133 135 137 138 140 141 143 145 148 149 150 151 152 153 154 156 158 159 160 161 162 164 165 170 171 173 174 175 177 179 185 186 187 188 189 190 191 194 195 196 198
61 95 68 69 71 72 74 75 76 78 79 81 82 86 87 95 96 99 100 101 102 103 104 105 107 111 112 117 118 119 122 123 125 127 131 132 133 135 138 140 141 143 144 147 149 150 152 158 160 161 162 165 169 170 171 172 175 177 179 183 184 185 186 189 190 192 194 195 196 198 200
62 94 63 64 66 67 69 70 72 73 74 75 78 80 85 87 89 91 92 93 94 95 96 100 101 102 107 108 109 110 111 112 113 115 116 117 118 120 122 124 125 126 128 130 131 132 134 135 139 141 142 143 144 145 146 150 151 152 153 157 159 160 163 164 165 166 169 170 173 174 175 180 182 185 189 191 197 198 199 200
63 49 66 68 69 71 74 75 77 80 81 82 83 85 86 87 88 89 93 94 99 100 102 103 104 105 107 108 109 110 111 113 114 115 116 117 118 120 122 123 128 129 130 131 132 133 134 137 139 140 142 147 148 149 151 152 155 156 157 158 159 162 164 165 168 169 170 173 174 175 177 178 179 180 182 185 188 189 190 191 192 193 195 196 197 199
64 11 66 67 68 69 70 73 74 75 78 79 80 82 84 85 86 87 88 89 90 91 92 93 99 100 101 102 103 105 106 107 108 109 110 111 113 114 115 117 119 120 121 124 127 128 129 130 131 133 137 139 140 142 144 145 146 147 149 150 152 154 155 156 157 159 160 163 165 166 168 169 170 171 172 173 174 175 176 177 181 182 186 188 189 192 193 194 195 197 198 199 200
65 33 66 67 69 74 77 78 81 82 83 84 86 87 88 90 91 92 93 95 97 98 102 104 105 106 108 110 111 112 113 115 119 120 121 122 126 127 132 133 135 139 141 142 143 144 146 147 149 151 153 154 155 156 158 160 164 165 167 169 175 179 180 185 186 188 189 191 193 195 200
66 35 67 69 71 72 73 75 76 78 79 82 84 88 91 93 95 96 98 102 106 109 111 112 113 114 115 116 119 122 123 124 125 129 130 131 132 133 134 135 136 137 138 139 141 142 143 145 146 147 148 150 151 152 154 155 156 157 159 160 164 167 168 169 170 175 176 177 178 181 183 184 185 186 189 190 191 193 195 196 198
67 8 68 69 71 72 74 75 76 77 78 79 81 83 84 86 87 88 89 90 91 92 95 96 97 98 100 101 102 103 104 106 107 110 112 113 114 116 117 119 121 123 125 126 127 128 129 131 132 133 134 136 137 139 141 142 143 144 145 146 148 150 152 155 156 157 159 160 161 170 171 172 173 175 177 178 179 180 182 183 184 186 187 188 189 190 191 192 195 196 199
68 64 69 71 72 75 76 78 79 81 82 83 85 87 89 91 92 93 94 96 97 98 99 101 105 107 108 109 110 111 113 114 117 119 120 121 123 124 125 130 132 133 135 136 139 140 147 148 149 151 154 155 158 159 160 163 164 167 168 169 172 174 175 176 177 179 180 183 184 189 192 194 195 198 199
69 74 70 72 73 75 76 78 80 82 83 84 85 88 89 90 92 93 95 98 99 101 103 105 106 109 111 112 113 114 115 117 118 119 121 123 124 125 128 130 133 135 136 141 144 145 147 148 150 151 153 156 157 159 160 161 164 165 166 167 168 170 173 174 175 177 179 181 184 185 186 188 192 193 194 195 196 197 199 200
70 47 74 76 78 79 83 86 87 89 90 92 93 95 96 98 102 105 107 109 110 111 113 114 116 118 119 122 124 125 127 128 129 130 135 136 138 140 143 144 148 151 153 157 158 160 162 165 167 170 171 172 175 176 177 178 179 182 183 187 189 190 193 194 195 197 199
71 54 73 74 75 76 77 78 79 81 83 84 86 87 89 90 91 93 94 96 97 99 102 103 104 105 106 108 109 111 112 113 114 117 118 120 122 123 124 125 126 127 128 130 133 135 136 139 140 149 152 154 155 156 159 160 162 163 164 165 166 167 169 171 173 174 175 177 178 179 180 181 184 185 187 190 191 192 194 196
72 86 73 74 75 78 79 80 81 83 86 88 89 90 91 92 94 98 100 101 102 103 104 105 106 108 109 110 114 117 118 120 124 126 129 131 132 133 136 138 139 140 141 142 143 144 147 150 151 153 155 156 158 159 160 161 162 164 165 166 168 171 172 173 174 175 177 178 179 180 181 182 183 184 186 187 189 190 192 193 195 197 198 199
73 95 75 76 77 78 80 81 83 86 87 88 94 95 96 97 98 100 101 102 104 105 107 110 111 112 113 115 116 117 118 120 122 124 125 126 127 128 130 131 132 133 134 136 137 140 142 148 150 151 152 155 157 158 162 163 165 166 168 169 170 175 176 178 179 180 182 183 185 186 189 190 192 193 195 196 197 198 200
74 26 76 77 80 83 84 87 88 89 92 94 96 97 98 101 102 103 104 105 108 109 111 112 114 115 116 117 118 120 121 124 125 126 129 130 133 134 137 140 141 144 145 146 147 148 149 150 152 153 155 157 158 159 161 162 163 164 165 166 167 168 171 172 174 175 176 177 178 179 180 181 182 183 184 186 189 191 192 193 194 196 198 199 200
75 99 77 82 83 88 93 94 95 96 97 98 99 100 102 103 104 105 106 107 109 111 113 116 117 119 121 122 123 126 128 129 131 134 137 139 140 141 142 143 145 146 147 150 151 154 156 157 158 160 162 163 164 165 170 172 177 180 182 184 186 188 189 190 192 193 195 196 198 200
76 12 77 79 82 84 87 88 89 91 92 93 94 95 97 100 102 103 104 105 107 108 109 113 115 117 118 119 120 121 123 126 127 128 129 132 134 137 139 140 142 144 145 146 147 149 150 151 152 153 154 155 157 160 161 162 163 164 165 166 167 168 169 170 173 174 175 180 182 189 190 193 194 195 196 199 200
77 28 78 79 81 83 84 85 86 87 89 90 91 92 95 96 97 98 99 100 101 104 106 107 108 113 116 117 118 119 120 121 122 126 128 129 130 131 132 133 134 137 138 139 142 143 144 145 148 150 152 153 155 156 157 158 161 162 163 164 167 171 174 176 177 178 179 180 181 185 186 187 189 190 191 192 193 194 196 197 198 200
78 7 79 82 83 85 86 87 88 89 90 91 92 94 97 98 100 103 104 105 107 108 110 111 112 114 115 116 117 118 120 121 122 125 128 132 135 137 138 139 141 143 144 148 149 150 151 153 154 155 157 159 161 162 163 165 166 167 168 173 175 176 177 178 181 182 183 184 188 193 195 197 200
79 68 80 81 88 89 90 93 94 95 96 97 98 99 101 102 103 106 110 111 113 114 115 116 117 118 119 122 124 125 129 131 132 133 134 135 136 137 138 139 140 141 142 143 145 146 147 148 150 151 152 153 154 156 158 161 162 163 168 171 172 173 174 176 178 180 181 182 184 185 186 189 190 191 192 193 196 197 199 200
80 15 83 84 87 88 90 91 92 94 97 100 103 104 105 109 110 111 112 113 115 116 117 118 119 120 121 122 125 126 127 129 132 133 134 136 141 142 143 146 150 151 153 154 156 157 158 159 160 162 163 164 165 166 167 168 169 170 171 176 177 178 179 180 182 183 184 185 186 188 189 190 194 195 196 199
81 65 85 86 89 90 92 93 94 96 97 101 103 107 108 109 110 112 113 115 116 118 120 122 126 127 128 131 132 135 136 138 139 140 141 142 143 145 146 152 153 154 155 156 159 160 161 163 164 166 168 169 170 171 172 174 176 177 179 180 182 183 184 186 187 188 189 192 193 194 199 200
82 38 85 88 92 93 100 102 103 104 106 107 108 110 111 114 115 117 120 122 124 126 127 129 132 134 135 136 138 140 143 144 145 146 147 148 150 151 152 153 155 157 158 161 162 165 166 168 169 170 171 172 177 178 179 182 183 186 187 188 190 191 194 195 196 198
83 6 86 89 90 92 94 97 98 100 103 104 105 106 107 108 110 112 113 115 116 117 118 121 123 124 125 128 130 131 133 134 135 136 137 142 143 145 146 147 151 153 155 156 157 158 159 161 162 163 165 166 167 169 170 174 175 176 177 178 179 181 183 184 185 188 190 193 195 196 198
84 43 85 87 88 89 90 91 92 93 95 96 98 101 102 103 106 110 111 112 113 114 116 117 118 119 120 121 123 124 125 128 129 130 131 136 137 138 139 140 146 149 151 153 155 158 163 168 169 170 171 172 173 174 176 178 179 181 182 186 187 188 189 192 194 196 198
85 58 87 88 89 90 91 94 99 101 102 103 104 105 106 108 111 112 113 120 122 125 126 127 128 129 130 131 132 133 136 137 139 142 143 144 147 148 149 150 152 154 155 156 157 160 161 162 163 165 167 168 169 171 173 174 175 176 179 181 182 185 189 190 192 193 194 195 196 197 198
86 25 90 92 93 94 96 98 99 101 102 103 105 106 108 109 110 111 112 115 116 117 119 120 123 124 126 129 132 136 138 139 140 141 143 144 145 150 151 152 154 156 157 160 161 163 164 167 170 172 173 176 177 179 180 182 184 186 187 188 189 190 192 196 197 198 200
87 47 89 90 91 92 94 95 96 97 98 99 100 104 105 106 107 108 109 110 111 113 114 115 116 117 118 120 121 122 123 124 125 129 130 131 133 136 140 141 142 143 144 146 147 149 153 155 157 158 159 160 164 166 167 168 169 170 171 172 173 174 176 177 178 179 183 185 187 188 189 192 194 196 200
88 79 89 90 93 94 95 98 99 101 102 103 104 106 107 108 109 111 112 115 116 119 121 122 123 126 127 132 133 134 135 136 137 139 140 141 143 145 146 147 149 150 151 153 156 157 158 161 163 164 165 170 171 172 174 176 177 179 181 182 185 186 189 190 191 192 193 197 198 199
89 50 91 92 95 96 98 100 102 103 104 105 107 111 112 113 114 115 116 117 118 119 120 122 123 125 127 130 133 136 137 138 140 141 142 143 145 147 148 149 150 151 152 153 154 155 156 158 164 166 167 170 172 174 176 177 179 180 181 183 184 185 186 189 190 196 197 200
90 19 91 93 94 95 96 97 98 101 104 105 110 111 113 117 118 119 123 126 127 128 129 130 131 132 133 135 137 140 141 142 143 144 148 149 150 152 153 154 156 159 160 161 162 163 165 167 168 170 175 176 180 183 186 187 188 189 191 194 195 196 197 198 200
91 79 92 93 95 96 98 101 103 105 107 109 110 111 114 116 118 119 120 122 123 124 126 128 129 130 131 132 135 137 138 144 145 146 147 149 151 152 153 157 158 159 161 164 165 167 169 171 172 173 174 176 177 178 179 181 182 183 184 185 186 187 189 190 191 192 193 194 195 196 198 199 200
92 9 97 98 102 103 104 105 107 108 109 110 111 112 113 114 115 117 120 122 123 124 126 127 128 129 130 131 132 134 135 136 137 138 140 141 142 143 145 147 148 149 150 151 154 157 158 159 161 162 163 164 165 167 168 169 174 176 177 179 180 182 185 186 189 190 191 192 193 194 195 197 199
93 82 94 96 97 98 100 102 103 104 105 108 110 111 112 115 117 119 122 123 127 130 132 133 134 135 136 137 140 141 142 143 146 148 149 150 151 152 154 155 156 157 159 160 163 164 165 166 167 168 173 174 175 176 178 179 182 186 188 190 193 195 197 200
94 27 95 96 97 98 99 101 103 104 105 106 108 110 111 112 116 117 120 121 122 123 124 128 129 132 133 134 135 139 142 143 144 146 147 148 149 150 151 152 156 157 158 159 160 161 163 164 165 167 168 169 170 171 173 176 178 180 181 183 184 185 186 188 189 192 194 195 197 200
95 99 96 101 103 104 105 106 107 109 110 113 118 119 120 121 125 129 130 131 132 133 134 136 138 139 140 141 142 143 144 145 146 148 149 151 153 154 155 156 158 161 162 163 166 169 172 173 174 176 177 179 181 187 188 191 194 197 198
96 21 98 103 105 106 107 108 110 111 112 114 115 116 117 118 119 120 121 122 124 125 129 131 132 135 136 138 139 140 145 146 148 150 152 153 155 157 159 161 162 164 165 167 168 170 171 172 173 175 178 179 184 185 187 188 190 192 193 195 197 198
97 21 99 100 101 106 107 109 110 112 113 114 115 119 121 122 123 124 125 126 127 129 130 131 134 137 138 139 141 143 144 146 148 150 151 152 153 154 156 157 159 160 161 162 166 168 169 170 171 173 174 175 177 178 179 180 181 182 184 185 186 188 189 191 193 195 197 198 199 200
98 31 99 100 101 104 105 107 108 109 111 112 113 115 117 119 124 127 129 132 133 134 135 136 137 138 139 140 141 143 144 146 147 148 150 151 152 153 155 156 157 159 163 165 166 167 171 176 178 179 181 182 183 184 185 186 188 189 190 192 193 195 196 197 198 199 200
99 94 100 101 103 105 108 109 110 112 114 116 117 118 119 121 124 125 126 127 128 130 132 133 136 137 138 139 140 141 142 143 146 150 151 153 154 155 157 158 159 161 162 163 164 165 166 169 170 171 172 173 176 178 179 182 184 186 189 191 192 193 195 196 200
100 11 101 103 104 105 106 107 108 109 110 111 113 115 116 117 120 121 122 123 124 126 127 128 129 130 134 135 136 137 138 142 145 146 147 148 149 150 152 153 154 157 158 159 160 162 164 166 167 168 169 170 172 173 177 178 179 180 181 184 185 186 187 189 190 192 193 194 195 197 198 200
101 38 102 104 107 110 111 112 113 114 116 117 118 119 121 122 123 124 126 127 130 131 132 133 136 140 141 145 146 147 148 150 152 154 156 157 159 160 161 162 163 164 166 168 170 171 172 174 175 176 177 178 180 185 186 187 188 190 191 197 198 200
102 82 103 105 106 108 109 111 113 114 116 118 121 123 124 126 128 129 130 131 133 135 136 137 138 139 140 141 142 144 145 148 149 152 154 155 158 159 160 161 162 163 166 168 169 170 171 172 173 175 178 179 180 183 186 187 188 190 192 193 194 195 198 200
103 53 104 105 107 108 114 115 116 117 118 119 122 123 124 125 128 131 132 133 134 135 136 137 139 141 142 143 144 145 146 147 148 149 150 152 153 156 157 158 159 161 162 163 166 167 170 171 173 174 175 176 177 178 179 180 181 184 185 186 187 190 191 192 196 197 198 200
104 31 105 106 108 109 111 112 115 116 117 118 121 125 126 127 128 129 130 131 135 136 137 138 139 140 141 143 145 147 148 149 150 154 155 160 161 162 163 164 170 172 173 177 180 181 183 185 187 190 196 197 198 199 200
105 83 108 110 112 113 114 116 117 118 119 120 122 123 124 125 127 128 129 130 133 134 136 137 138 139 141 143 145 146 148 152 153 155 157 159 162 163 168 170 172 174 179 180 181 182 185 186 187 189 190 191 192 193 194 195 197 199 200
106 56 107 108 110 111 115 118 119 120 121 122 123 125 130 131 136 141 143 144 146 147 148 150 151 153 154 155 156 158 160 161 162 163 164 165 168 170 175 176 177 178 179 181 182 184 185 188 191 194 195 196 198 199
107 26 108 109 110 112 113 114 118 120 121 122 125 127 129 134 135 136 138 139 140 142 144 146 147 153 156 157 158 159 161 162 165 166 167 168 173 175 177 179 182 184 185 186 188 189 190 194 195 196 198 199
108 54 109 110 112 114 116 117 118 120 122 123 124 126 127 129 130 134 135 136 139 141 145 147 150 152 156 157 158 159 160 161 162 163 164 165 167 169 171 172 174 176 177 180 181 182 183 185 186 187 190 191 193 196 197 198 199
109 7 110 112 114 115 119 121 123 124 125 126 127 129 130 132 133 134 135 137 138 139 140 141 142 144 145 146 154 155 156 157 159 160 161 162 163 164 165 166 169 171 173 175 176 181 182 183 185 191 193 195 196 198 199 200
110 46 112 113 116 117 118 119 120 121 122 124 126 127 128 129 130 131 132 133 134 135 137 138 139 141 144 147 148 150 154 155 156 157 158 159 160 161 164 165 166 167 169 173 179 181 182 184 186 187 188 190 191 192 194 195 196 198 199 200
111 48 112 113 114 117 121 124 127 128 129 133 134 135 138 139 141 142 143 144 148 150 152 155 157 158 159 160 161 164 165 167 171 172 173 175 176 177 180 181 183 185 186 189 190 191 192 193 194 195 196 197 198 199 200
112 81 113 114 116 117 119 120 121 122 123 125 126 127 128 129 132 139 140 141 142 144 148 150 151 153 154 155 158 161 165 166 167 168 169 170 171 172 173 175 176 177 178 179 180 181 182 184 185 186 187 188 195 196 197 198 199 200
113 48 114 115 116 118 120 121 122 125 126 127 128 129 130 131 132 133 134 137 139 140 141 143 145 151 154 155 156 157 159 160 161 162 163 164 165 166 167 168 170 172 173 174 175 176 177 178 184 189 192 195 196 197 198 200
114 67 115 116 117 118 119 120 121 125 126 127 129 131 132 135 138 139 140 145 146 147 148 149 151 152 154 155 159 161 162 164 165 166 167 169 173 174 176 178 179 180 181 182 183 184 185 186 188 189 192 193 194 195 196 197 198 199
115 44 116 118 121 122 123 124 125 126 127 128 129 132 134 136 137 138 139 141 142 144 149 151 152 154 156 157 159 161 162 164 166 168 169 173 176 177 178 179 180 181 183 184 185 186 188 189 190 192 194 195 198 200
116 73 117 119 121 122 123 125 126 127 128 129 130 132 133 134 136 137 140 141 143 146 147 149 154 157 160 161 162 163 166 167 168 169 171 174 175 176 177 178 180 182 184 185 186 187 188 189 190 191 193 197
117 47 118 119 120 124 125 127 128 129 130 134 135 136 138 141 143 146 147 148 149 150 153 154 155 156 157 158 160 161 162 163 164 167 169 170 171 172 173 174 182 185 187 191 194 195 196 198 200
118 59 124 125 126 128 129 131 132 133 134 135 137 139 148 150 155 157 158 159 160 163 164 165 166 167 168 170 173 174 175 176 178 180 181 182 183 187 188 190 192 193 194 195 196 197 200
119 30 122 123 124 125 126 127 129 132 133 134 137 138 139 140 143 144 146 151 152 153 154 156 160 161 162 163 164 165 166 167 168 169 170 171 175 176 177 178 179 181 183 185 186 188 189 190 192 195 198 199 200
120 34 122 123 124 125 126 127 128 129 130 131 133 134 137 138 139 140 141 144 146 147 150 152 156 161 162 164 169 170 172 174 175 176 177 178 181 183 184 187 188 189 191 192 194 199 200
121 22 122 123 126 128 130 131 132 134 136 139 142 144 145 146 153 156 157 158 159 161 162 163 165 166 167 170 172 173 177 179 180 181 182 183 185 187 190 191 193 195 196 199
122 55 123 124 129 131 135 137 138 139 140 141 142 145 146 148 149 150 151 152 153 156 158 159 162 164 165 166 168 173 174 176 177 178 179 180 181 185 186 187 188 194 195 196 197 199
123 19 125 127 128 129 131 132 133 134 135 136 137 138 140 141 143 144 147 148 149 150 151 152 153 155 157 159 160 162 164 166 167 170 173 175 180 181 182 183 184 185 186 187 188 189 190 194 196 197 198 199
124 19 125 126 127 128 130 131 132 133 135 136 137 139 140 143 144 145 146 147 148 150 152 153 159 162 163 164 165 166 169 170 171 172 174 175 176 178 181 182 184 187 188 189 190 193 194 195 198 200
125 36 126 128 131 133 134 137 138 139 140 141 142 145 146 147 149 152 153 156 157 158 159 160 161 162 163 166 168 169 170 174 175 176 178 182 184 185 186 189 192 193 195 196 198 199
126 7 127 130 131 133 134 136 137 138 139 141 142 143 144 145 148 149 150 152 153 155 158 161 163 164 165 166 168 171 172 173 174 175 176 180 181 184 185 186 188 190 192 195 196 198 200
127 65 129 130 132 133 137 138 140 141 146 147 152 153 154 157 158 164 165 166 167 168 169 171 175 176 182 183 186 187 188 192 194 195 196 199
128 6 129 130 134 136 137 140 141 142 143 144 145 146 147 150 152 153 154 155 160 161 162 163 165 166 167 170 171 172 173 174 175 178 179 181 182 183 184 186 189 190 196 197 198 199 200
129 13 130 131 133 134 135 137 138 140 142 143 144 146 147 149 150 151 152 153 154 155 156 158 159 160 164 165 166 167 168 171 173 175 176 178 179 180 181 182 183 184 186 188 189 192 194 196 198 200
130 28 133 134 135 136 138 139 140 144 148 152 153 154 155 157 158 160 162 163 165 166 167 168 169 171 173 174 175 176 177 180 181 182 185 186 187 188 189 191 196 198 200
131 38 133 135 139 147 149 150 153 156 159 160 162 163 164 165 166 167 168 172 173 177 180 182 184 186 187 188 192 194 195 196 197 199 200
132 99 133 139 140 142 144 145 147 149 150 151 152 153 154 155 156 157 158 159 160 164 166 169 170 171 172 173 174 177 181 182 183 184 185 186 188 190 191 192 193 195 196 197 198
133 33 134 136 139 140 141 145 146 148 150 151 152 154 156 157 158 159 160 162 163 165 166 168 169 170 171 172 173 174 176 177 179 181 182 183 184 185 186 187 189 190 191 193 194 197 198 200
134 52 135 136 137 138 144 145 149 151 152 153 155 156 157 158 159 161 162 164 167 168 170 171 172 173 175 177 178 179 180 182 183 184 185 186 187 188 190 191 194 198 200
135 63 137 138 140 141 143 147 149 151 152 153 159 162 165 167 168 169 170 173 174 178 179 180 181 183 184 185 187 188 189 190 191 192 195 197 198 199 200
136 96 137 139 143 144 147 148 149 150 152 153 155 156 158 159 160 161 163 165 167 168 170 173 174 176 177 179 181 182 185 188 189 190 191 192 193 197 199 200
137 44 138 139 141 143 144 147 148 149 150 151 152 156 160 161 163 164 165 166 168 169 170 171 174 175 176 178 179 181 182 185 186 187 188 192 194 196 200
138 66 139 140 141 142 143 144 145 148 149 154 155 156 157 158 159 163 165 168 170 171 173 174 175 176 177 178 179 181 183 184 185 186 187 189 191 193 194 196 199
139 34 141 142 144 145 147 148 150 151 152 155 156 157 158 159 160 163 164 165 166 167 169 174 176 180 181 185 186 187 188 189 190 191 192 193 194 196 198 199 200
140 96 141 143 145 148 151 154 157 163 164 166 169 171 174 179 180 181 182 183 184 185 190 191 194 195 196 198 200
141 47 143 144 145 147 149 153 154 155 157 158 160 161 162 163 164 168 169 170 171 174 175 177 178 179 181 182 185 186 187 188 189 193 198
142 15 145 147 149 150 151 152 153 154 155 157 158 159 160 162 164 165 166 167 169 170 171 173 174 175 176 178 179 181 182 183 186 187 188 190 194 195 197 200
143 12 144 145 147 148 149 152 153 154 156 157 160 162 166 167 168 169 172 174 175 176 178 180 181 183 185 186 187 189 191 194 195 196 197 198 199 200
144 79 146 147 148 150 152 153 155 156 157 158 159 163 164 165 167 168 169 174 176 177 178 179 180 181 183 186 189 190 193 194 195 197 198 200
145 75 146 149 150 151 153 154 156 158 159 162 163 166 167 171 173 174 175 178 179 180 181 182 183 184 185 187 188 190 193 194 196 197 198 199 200
146 38 148 149 150 151 156 157 158 159 160 161 162 163 164 165 166 167 168 170 172 173 175 176 177 178 179 180 181 182 183 184 185 186 187 189 191 192 193 195 196 197 200
147 33 150 151 152 156 157 158 163 165 167 168 169 170 171 173 174 175 177 178 179 180 182 183 184 186 187 188 189 190 191 193 194 195 196 197 199 200
148 32 151 152 153 154 155 156 157 158 161 163 164 166 167 168 172 174 175 177 179 180 181 182 185 186 187 188 190 191 193 197 198 199
149 21 150 151 153 154 155 156 157 159 160 161 163 164 166 169 171 172 173 175 178 180 181 182 185 186 187 189 190 194 195 196 197 198 199
150 29 151 153 154 156 158 159 160 161 162 163 164 165 167 168 169 170 172 173 175 176 181 182 184 185 186 187 188 189 190 192 193 194 195 197 198 200
151 30 154 155 156 157 159 161 163 164 169 171 172 173 174 175 180 181 182 183 186 187 189 191 192 194 195 197 198 199 200
152 54 153 154 156 157 158 159 163 165 166 167 169 170 171 173 174 176 178 179 182 183 184 185 186 187 188 193 197 198 199
153 47 154 155 156 157 158 160 162 163 164 165 167 168 169 170 172 175 178 182 183 184 185 187 188 189 190 191 192 193 194 195 197 199 200
154 87 157 158 159 160 161 162 167 168 169 170 173 174 175 176 177 180 181 183 184 186 187 188 190 191 194 197 198 199 200
155 2 157 158 159 161 162 163 167 169 171 173 175 177 179 180 181 183 184 185 187 188 189 190 191 192 194 195 197 200
156 8 157 160 165 166 168 169 170 173 175 176 181 182 184 186 187 189 190 193 194 195 196 197 200
157 26 160 161 162 163 164 166 167 170 172 173 174 176 179 180 181 182 185 186 187 188 191 193 194 195 196 197 198 199
158 51 159 160 161 162 163 165 166 168 169 170 171 172 173 174 175 179 180 181 185 186 187 189 190 192 194 199
159 22 160 161 162 163 165 167 168 170 171 174 175 179 183 184 186 187 189 190 193 194 195 196 198 200
160 65 162 164 165 167 169 173 177 178 179 182 184 185 186 191 192 195 196 198
161 36 162 163 166 167 169 170 173 174 176 178 179 181 182 183 184 185 187 188 189 194 195 196 197 199
162 74 163 164 166 167 168 169 170 174 176 177 178 181 182 184 185 188 189 190 192 193 194 195 198 199 200
163 24 164 165 168 170 171 174 175 176 177 178 179 182 184 185 188 189 191 194 197
164 1 165 168 171 172 173 174 175 177 180 181 182 184 185 186 188 191 192 195 198 199
165 74 166 168 169 170 171 172 173 178 180 184 185 186 187 188 192 195 196 197 198 200
166 39 168 169 170 172 177 178 179 181 182 184 185 186 187 189 192 193 194 197 198 200
167 60 168 169 171 172 174 175 176 178 179 181 182 183 184 188 189 190 191 192 193 194 196 198 199
168 81 170 172 173 178 179 180 181 182 183 186 189 190 191 193 195 197 198
169 9 170 172 173 174 177 179 180 183 185 186 187 190 192 193 196 197 198 199 200
170 79 172 175 178 179 180 182 183 184 185 186 187 188 190 191 192 193 195 196 197 198 199 200
171 72 172 176 178 179 180 185 186 187 188 189 192 194 196 197 198 199
172 20 173 174 175 176 177 178 180 181 182 184 185 186 189 190 191 192 193 194 195 197 200
173 31 174 175 176 177 179 180 181 182 183 185 187 190 195 196 197 198 199
174 87 175 177 181 183 184 186 187 188 189 192 193 194 196 197 198 199
175 63 176 177 178 180 181 182 183 184 187 188 189 190 192 194 195 196 197 198 199
176 29 178 181 182 183 186 187 188 189 190 193 194 196 197 199
177 11 178 180 181 182 183 184 185 186 192 194 195 197
178 80 181 182 183 184 185 187 188 189 191 192 194 195 196 198 199 200
179 7 181 182 185 187 190 191 195 200
180 35 181 182 183 185 186 188 189 191 195 196 197 198 200
181 57 184 190 192 193 194 196 197 198 200
182 27 183 185 186 188 189 191 192 193 196 197 198 199 200
183 100 186 187 188 191 195 196 199
184 6 186 188 189 190 192 194 195 196
185 49 186 188 189 190 192 194 195 198 200
186 74 187 191 192 193 195 197 199
187 77 188 189 190 192 193 194 195 196 197 198
188 53 189 190 191 192 193 194 196 198 199 200
189 50 192 193 194 195 196 198 199
190 92 191 192 195 196 197 198 200
191 99 192 194 195 197 200
192 40 194 195 196 200
193 92 196 197 200
194 80 197 200
195 40 197 200
196 75 198 199 200
197 1 198 199 200
198 43 199 200
199 73 200
200 21
