200
1 73 3 4 5 6 7 8 9 11 12 14 15 16 17 20 21 22 23 24 25 27 28 29 31 32 33 34 35 36 37 38 40 41 43 44 45 47 48 50 51 55 56 58 59 60 61 62 63 64 65 66 67 68 69 70 71 73 74 75 76 77 78 79 80 81 83 85 86 87 88 89 90 91 92 93 94 96 98 99 100 101 102 104 107 108 109 111 112 114 115 116 117 119 122 123 124 125 126 127 128 129 130 131 132 133 134 136 137 138 139 140 141 142 143 144 145 147 148 150 151 152 153 154 155 156 157 158 159 160 161 163 164 167 168 169 170 171 173 174 177 178 179 180 181 182 183 184 185 186 187 189 190 191 192 193 195 197 198 199 200
2 52 3 5 6 7 9 10 11 13 14 15 16 17 18 19 20 22 23 26 27 29 30 32 33 34 35 36 37 38 39 40 41 42 43 44 45 46 47 48 49 50 51 52 53 57 59 60 61 63 64 65 66 67 68 69 70 72 73 74 75 76 78 80 81 82 84 85 86 87 88 90 91 93 94 95 96 97 98 99 100 102 103 104 105 106 107 109 110 111 112 113 114 115 116 117 118 119 120 122 124 125 126 128 130 131 134 136 138 140 141 142 143 144 145 146 147 148 151 152 154 155 156 157 158 160 161 162 163 164 165 166 167 168 169 170 171 172 173 175 176 177 178 180 181 182 183 185 187 188 189 191 192 194 197 198 200
3 60 6 8 9 11 15 16 18 19 22 24 25 27 28 29 31 32 33 34 35 36 37 38 39 40 41 43 44 45 46 47 48 49 51 53 54 55 56 57 58 59 60 62 63 64 66 67 68 69 70 71 72 74 76 77 78 79 82 83 84 85 86 88 89 91 92 95 98 101 103 104 106 107 108 109 110 111 112 113 115 116 117 118 119 120 121 122 123 124 125 126 127 128 130 131 132 133 134 135 136 137 138 139 140 142 143 144 145 146 147 148 149 150 151 152 154 155 156 157 158 159 160 161 162 164 165 166 167 171 172 173 174 175 176 177 178 179 180 181 183 186 187 188 189 190 191 192 193 194 195 196 197 198 200
4 69 5 6 8 9 10 11 12 13 14 15 16 17 18 19 20 21 23 25 26 27 28 31 33 35 36 37 38 40 41 42 44 45 46 48 49 50 51 52 53 56 57 58 59 60 61 63 64 65 66 69 70 71 72 73 74 75 76 78 79 80 81 82 83 84 85 87 88 90 91 92 94 95 97 99 100 101 103 104 105 106 107 108 109 111 113 114 116 118 119 120 121 123 124 125 126 127 129 132 133 134 137 138 139 140 142 143 144 145 146 147 148 149 153 154 155 156 158 159 160 161 162 163 164 165 166 167 168 170 171 172 173 174 175 181 183 184 185 186 187 188 189 192 195 196 197 198 199 200
5 75 8 9 11 12 13 14 15 16 17 19 21 22 23 24 25 26 27 28 31 35 38 39 40 41 42 43 44 46 48 49 50 51 52 53 54 55 56 59 60 61 62 63 65 67 68 69 70 72 74 75 76 77 78 81 83 84 85 86 87 88 89 90 91 92 93 94 95 96 97 98 99 100 101 102 105 106 107 108 111 112 113 115 116 117 118 121 122 123 124 125 128 131 132 133 134 136 137 138 139 140 142 143 144 145 146 147 148 149 150 151 152 153 155 156 157 158 159 160 161 162 163 165 166 167 168 169 170 171 172 173 174 176 177 178 179 180 181 182 185 187 188 191 192 193 194 195 196 197 198 199 200
6 57 7 8 9 10 11 12 13 14 15 16 17 18 19 20 21 24 26 27 28 29 32 33 34 35 37 38 39 40 41 42 43 44 45 46 47 48 50 51 52 53 54 55 56 57 58 59 60 61 62 63 64 65 66 67 68 69 70 73 74 75 76 77 80 82 83 85 86 87 88 89 90 91 92 93 94 95 96 97 98 99 100 103 104 106 108 109 110 111 113 115 116 117 118 119 120 121 122 123 124 125 126 128 129 130 131 132 133 134 136 137 138 141 142 143 144 145 147 149 150 151 153 154 155 156 157 159 160 161 162 163 165 166 167 168 169 170 171 172 173 174 175 176 179 181 183 184 186 188 189 190 191 192 193 194 196 197 198 199 200
7 96 9 10 11 12 13 14 15 16 17 18 19 21 22 23 24 25 26 27 28 30 31 32 33 34 35 36 39 40 41 43 44 46 47 48 49 50 51 52 53 54 56 57 58 59 60 61 62 63 65 66 69 71 72 73 74 76 77 78 79 81 82 83 84 86 87 88 89 92 93 95 97 98 99 100 101 102 103 104 105 106 107 108 110 111 112 113 114 115 116 117 118 120 121 123 124 125 126 127 128 130 131 132 133 134 135 137 138 139 141 143 144 146 147 149 150 151 152 153 154 155 156 157 158 159 160 161 163 164 167 172 173 174 179 180 181 183 184 185 187 189 191 192 193 194 195 197 199 200
8 84 9 10 12 13 15 16 17 18 20 21 22 24 25 28 30 31 32 33 34 35 36 37 38 39 41 42 44 45 47 48 49 50 51 53 54 55 57 58 59 60 61 62 66 67 69 71 74 75 76 77 78 79 82 83 84 85 86 88 89 91 92 93 94 95 97 98 99 102 105 106 107 108 111 112 113 114 115 116 117 120 121 124 126 127 128 129 131 132 133 134 135 136 137 138 139 140 141 142 143 144 145 146 149 150 151 152 155 156 157 158 159 162 163 166 168 170 171 172 173 174 175 176 177 178 179 180 181 182 183 184 185 186 187 188 189 190 191 193 194 196 197 198 199 200
9 52 10 11 12 13 16 17 18 19 20 22 23 24 26 27 28 29 30 31 32 33 36 37 38 39 40 41 42 43 44 45 46 47 48 50 51 52 55 56 57 58 59 60 61 62 63 64 65 66 67 68 69 70 72 73 74 75 76 77 78 79 81 82 83 84 85 86 87 88 89 90 93 94 95 96 97 98 100 102 103 104 105 106 107 108 109 111 114 116 117 119 120 122 124 125 128 130 131 132 133 134 135 136 137 138 139 140 141 142 145 146 147 148 149 150 151 152 153 154 155 156 157 158 159 160 161 163 165 167 168 170 174 175 176 179 180 181 183 184 185 187 188 190 191 192 193 196 197 198 199
10 100 11 12 13 14 15 16 19 20 21 23 24 25 26 27 28 29 30 31 33 34 36 37 38 39 40 41 43 44 45 46 47 48 50 52 53 55 56 57 58 59 60 62 64 65 66 67 68 69 71 72 76 77 78 80 81 82 83 84 86 87 88 89 90 91 93 94 95 96 97 98 100 101 102 104 105 106 107 108 110 111 112 113 114 115 117 118 121 122 123 124 125 128 129 130 131 132 133 134 135 136 138 139 140 142 143 144 145 146 147 148 149 151 153 154 155 156 157 158 159 160 161 162 163 164 166 167 168 169 170 171 172 175 176 177 178 179 180 181 183 184 185 186 187 188 191 192 193 194 195 196 197 198 199 200
11 77 12 13 14 15 17 19 20 21 22 23 24 25 26 27 28 29 30 31 32 33 34 35 36 37 38 39 41 43 44 45 46 47 48 49 50 51 52 53 54 55 57 58 59 60 61 62 63 64 65 66 68 69 70 71 72 73 74 76 77 78 79 80 81 82 83 85 87 89 90 92 93 94 96 97 98 100 101 102 103 104 105 106 107 108 109 110 112 113 114 117 118 119 120 121 122 123 124 126 127 128 129 130 131 132 134 135 136 137 139 140 142 143 144 145 146 148 150 152 153 154 155 156 158 159 161 162 163 164 165 166 167 168 170 171 172 173 174 175 176 177 178 181 183 185 186 188 189 190 191 192 193 195 196 198 199 200
12 87 13 14 16 17 18 19 20 21 23 24 25 26 27 28 29 30 32 33 36 37 38 40 41 42 43 44 46 47 49 50 51 52 53 54 57 58 60 61 62 63 64 66 69 70 72 74 76 78 79 80 82 83 84 85 86 87 88 89 90 91 92 94 96 98 99 100 102 105 106 108 109 110 111 112 113 114 115 116 117 119 122 123 124 125 126 127 128 129 130 131 132 133 134 135 136 137 138 139 140 142 144 145 146 147 148 149 150 151 153 154 155 156 157 158 159 160 161 162 164 165 166 167 168 169 171 173 175 176 177 178 179 180 181 183 184 185 186 187 188 190 192 194 195 196 197 198 200
13 51 15 17 18 19 22 23 24 25 26 31 32 33 35 37 38 40 41 42 43 44 45 46 47 48 49 50 51 52 53 55 59 61 62 63 64 65 66 67 69 70 75 76 78 79 80 81 82 83 85 86 87 88 91 92 93 94 95 96 97 99 100 101 102 103 104 105 106 109 110 111 112 114 115 116 117 118 119 120 121 122 123 124 125 126 127 128 129 132 133 136 138 140 141 142 143 144 145 147 148 149 150 152 153 155 156 157 158 160 161 163 164 165 166 167 168 169 170 172 173 174 175 176 177 179 181 182 184 185 186 187 188 189 191 192 193 195 196 197 198 199 200
14 71 15 16 17 18 19 20 24 25 26 27 28 29 30 31 33 34 35 36 37 38 40 41 42 43 45 47 48 49 50 52 53 54 55 56 57 58 60 62 63 64 65 66 68 69 70 71 72 75 76 78 80 82 83 84 85 86 88 89 90 91 92 94 95 96 98 100 102 103 104 105 108 109 110 111 112 113 114 115 118 120 121 122 123 124 125 126 127 129 130 131 132 133 134 136 137 138 139 140 141 142 143 144 145 146 148 150 152 153 154 155 156 158 159 161 162 163 164 166 167 168 169 172 175 177 178 179 181 182 185 186 187 188 189 190 191 192 194 195 196 197 199 200
15 50 17 18 19 20 21 23 24 25 26 27 28 29 30 31 32 33 34 35 36 37 38 39 40 41 42 43 44 45 46 47 49 50 51 52 54 56 57 58 59 60 61 62 63 64 65 66 67 68 69 71 73 74 75 76 77 78 79 80 81 82 83 84 85 87 88 89 90 91 92 93 94 95 96 97 98 100 101 104 105 106 108 110 112 113 114 117 118 119 120 121 122 123 124 125 126 127 128 130 131 132 134 135 136 137 138 139 140 142 144 145 147 148 150 151 153 154 155 156 157 159 160 161 162 163 164 165 166 167 168 170 171 172 173 176 177 178 179 181 182 184 185 187 188 189 190 191 192 194 195 197 199 200
16 84 17 18 19 20 21 22 23 24 25 26 27 29 30 31 33 34 35 37 38 39 40 41 42 43 44 45 46 47 48 49 50 51 52 53 54 55 56 57 58 59 61 62 63 64 65 66 67 68 70 71 72 74 75 76 78 79 80 81 84 85 87 88 89 90 92 93 94 95 96 97 98 99 101 102 103 104 106 107 109 111 112 113 114 115 116 117 118 120 121 122 125 127 128 129 130 131 132 133 134 135 136 137 138 139 140 141 142 143 144 145 146 147 148 149 151 154 156 157 158 160 161 162 163 164 165 166 169 170 171 172 173 174 175 177 178 179 180 182 183 184 185 186 187 188 189 190 191 192 193 194 195 196 198 199 200
17 54 19 20 21 23 24 25 26 27 28 29 30 31 32 34 35 36 38 39 40 41 42 43 46 47 49 50 51 52 53 54 55 56 58 60 61 62 63 64 65 66 67 68 69 70 71 72 74 76 78 79 80 81 82 83 84 86 87 88 89 90 91 92 93 95 96 97 98 99 100 101 102 103 104 105 106 107 108 109 110 111 112 113 114 115 116 117 118 121 122 123 124 125 126 127 128 130 131 132 133 136 137 138 140 141 142 145 146 148 149 150 151 154 155 156 157 158 159 160 161 162 163 164 165 166 167 168 171 172 174 175 176 178 179 181 182 183 184 185 186 187 188 189 191 194 195 196 197 198 199
18 70 21 22 23 24 25 26 27 28 29 30 31 32 33 34 35 36 38 39 40 41 42 43 44 45 46 47 48 49 50 51 52 53 54 55 57 58 59 60 62 63 64 65 66 68 69 70 71 72 74 75 77 78 79 80 81 82 83 84 85 86 87 88 89 91 92 93 94 95 96 98 99 100 102 105 106 107 109 110 111 112 114 115 117 118 119 120 121 122 123 124 125 126 128 129 130 131 132 133 134 135 136 138 142 143 144 145 146 147 149 150 153 154 155 156 157 159 160 161 164 166 167 168 169 170 172 173 174 175 176 177 179 180 181 182 183 184 185 186 187 188 189 190 191 192 195 196 197 198 199 200
19 97 20 21 22 24 26 27 28 29 30 31 32 34 36 37 39 40 42 43 44 47 48 49 50 51 52 57 58 59 60 61 63 64 65 66 67 68 70 71 72 73 74 76 77 79 80 81 83 85 86 87 88 91 92 93 95 97 98 99 100 103 104 106 107 108 109 110 111 113 114 115 116 117 118 119 120 121 122 123 124 125 127 129 130 131 132 133 134 136 137 139 140 141 143 146 147 148 149 150 151 153 154 155 156 157 158 159 160 161 162 163 164 165 168 169 170 171 172 174 175 176 177 179 180 181 182 183 184 185 186 187 188 190 191 192 193 194 195 197 198 200
20 54 21 22 23 24 25 26 27 28 29 31 32 33 34 35 36 37 38 39 40 41 42 43 44 46 47 48 49 51 52 53 54 55 57 58 59 60 62 64 65 66 67 68 69 70 71 73 75 77 78 80 81 82 83 84 85 87 89 90 91 93 94 95 98 101 102 104 105 106 107 109 111 112 113 114 115 116 118 119 120 121 122 123 125 126 127 128 130 133 134 135 136 137 138 140 141 142 144 145 146 147 148 149 150 151 152 153 154 155 156 157 158 159 160 162 163 164 165 166 167 168 170 171 172 173 175 176 178 180 181 182 184 186 188 189 191 192 193 194 195 196 197 198 199 200
21 68 22 24 25 26 28 30 32 34 35 36 39 40 41 42 43 44 45 46 47 48 49 50 51 53 54 55 58 59 61 62 64 65 67 68 69 70 73 74 75 78 80 81 82 83 84 85 86 87 90 91 93 94 95 97 98 99 101 103 104 105 106 107 108 109 110 111 112 113 114 117 118 119 120 121 122 123 126 127 128 130 131 132 133 134 135 136 137 138 139 140 141 142 146 147 149 150 151 152 155 156 157 159 160 161 162 164 165 166 167 168 169 172 173 174 175 176 177 178 179 180 181 182 184 185 186 187 188 189 190 191 192 193 194 195 196 197 198 200
22 88 23 24 25 26 27 28 29 30 31 32 33 34 36 38 40 41 42 43 44 45 46 47 49 50 51 52 53 55 56 57 58 59 60 61 64 65 66 67 68 69 71 72 73 74 75 76 77 78 80 81 82 83 84 85 86 87 88 90 91 92 94 95 96 97 99 100 101 102 105 106 107 110 111 112 114 115 116 117 119 120 123 124 126 127 128 129 130 131 132 133 134 135 138 139 140 141 142 143 144 145 146 147 148 150 151 153 154 156 157 158 159 160 161 162 163 164 165 166 168 169 170 171 172 173 175 177 178 180 181 182 183 184 187 189 190 191 192 193 194 195 196 197 198 199 200
23 97 24 25 26 27 28 29 33 34 35 36 37 38 39 40 41 42 44 45 46 47 49 50 51 52 53 55 57 58 59 60 62 63 64 65 67 68 69 72 73 74 75 76 78 79 82 83 84 86 87 88 90 92 93 94 95 97 99 100 101 102 103 105 106 107 108 110 111 112 113 114 115 116 117 119 120 121 122 123 125 126 127 129 130 131 133 135 136 137 138 140 141 144 145 146 149 150 152 153 154 155 156 158 160 161 163 165 166 169 170 171 172 173 176 177 178 179 180 181 182 183 184 185 187 189 190 191 192 193 194 195 196 197 198 199 200
24 93 25 26 27 28 29 30 31 32 33 34 35 36 37 38 40 41 42 43 44 45 46 49 50 52 53 54 55 56 57 58 60 61 63 65 66 68 69 70 71 72 73 74 75 76 78 79 80 81 82 83 84 85 86 87 89 91 92 93 94 96 98 99 100 101 102 104 105 106 107 108 110 111 113 114 115 116 118 119 120 121 122 123 125 127 128 129 130 131 132 134 135 136 137 138 139 140 141 142 144 145 146 147 148 149 150 151 152 153 155 156 157 158 159 160 161 162 163 166 167 169 170 171 172 173 174 175 176 178 179 180 181 182 183 184 185 187 189 190 191 192 193 194 195 197 198 199 200
25 78 26 27 30 32 33 34 35 36 37 38 39 40 41 42 43 45 46 47 49 51 52 53 54 55 56 57 58 60 61 64 66 67 68 69 70 71 73 74 75 76 77 78 79 81 83 84 85 86 88 89 91 92 93 94 96 98 99 100 101 105 106 107 108 109 110 111 112 114 115 116 117 118 119 121 122 123 124 125 126 127 128 129 130 131 133 134 135 136 137 138 139 140 141 143 145 146 147 148 149 150 151 152 153 154 155 156 157 158 159 160 161 162 163 164 165 166 167 168 170 171 173 174 175 176 177 178 179 181 183 184 185 186 187 189 191 192 193 194 195 196 197 198 200
26 59 27 28 29 31 32 33 34 35 36 38 39 41 44 45 46 47 48 49 50 51 52 54 55 56 59 60 61 62 64 65 66 67 69 70 71 72 73 74 77 79 80 81 82 83 84 85 86 87 88 89 90 91 92 93 94 95 96 97 98 99 100 101 103 104 105 106 107 108 109 110 111 112 113 114 115 116 117 118 119 120 121 122 123 124 125 126 129 130 133 136 137 138 139 142 144 145 146 147 148 149 150 151 152 154 155 157 158 159 160 161 163 164 165 166 168 169 170 171 172 174 175 176 177 179 180 181 182 183 184 185 186 187 188 189 190 191 195 196 197 198 199 200
27 63 28 29 30 33 34 35 36 37 39 40 41 42 43 47 48 49 50 51 53 54 55 56 57 58 59 62 64 65 66 67 69 70 71 72 73 74 76 78 79 81 82 83 84 85 88 89 92 94 95 96 97 99 100 101 102 103 104 105 106 107 108 109 110 111 112 113 114 115 116 117 118 119 120 121 122 124 125 126 127 128 130 131 133 135 136 137 139 141 143 148 150 152 153 157 158 159 160 161 162 163 164 165 167 169 170 171 172 173 175 176 177 179 180 181 182 183 184 185 186 188 189 190 191 192 193 194 196 197 198 199
28 95 29 31 32 33 34 35 37 38 39 40 42 43 44 45 46 47 48 49 50 51 53 56 57 59 60 61 62 63 64 65 66 67 68 69 70 71 72 74 75 76 80 81 82 83 85 87 90 91 94 96 98 99 100 102 103 104 105 106 107 108 109 110 111 113 115 116 117 118 119 120 121 122 123 124 125 127 128 130 131 132 133 134 135 136 139 140 141 142 143 145 147 148 149 150 152 154 155 156 157 158 159 160 161 162 163 164 166 167 168 170 173 175 177 178 179 180 181 182 183 184 185 186 187 188 189 190 192 193 194 195 196 197 198 200
29 73 30 31 32 33 34 35 37 38 40 41 43 44 45 46 47 48 49 50 52 53 55 56 58 59 60 62 63 64 66 67 69 70 71 72 73 75 76 78 79 80 82 83 84 85 87 88 89 91 92 93 94 95 96 97 98 99 100 101 102 104 105 106 107 108 110 111 113 114 115 116 119 120 121 122 123 124 125 127 129 130 131 132 133 136 137 138 140 141 142 143 144 145 146 147 149 150 151 152 153 154 155 156 157 158 159 160 161 162 164 166 167 168 170 172 173 174 175 176 177 179 180 182 183 184 185 186 187 188 189 190 191 192 193 194 199 200
30 99 32 33 34 35 36 37 41 42 43 44 46 47 48 49 50 51 52 54 55 56 57 59 60 61 62 63 65 66 67 69 70 71 72 73 74 75 76 77 79 80 81 82 83 84 85 86 87 88 89 90 92 93 94 95 96 97 98 100 101 102 103 104 106 107 108 109 110 112 113 114 115 117 118 119 121 122 123 124 125 126 127 128 129 131 133 134 135 136 137 139 140 141 143 144 145 146 147 148 149 150 151 152 153 154 156 157 158 159 160 162 163 164 165 167 168 169 170 171 173 174 175 176 177 178 180 181 182 183 184 185 186 187 188 190 191 192 193 194 195 196 197 198 199 200
31 78 32 33 34 35 36 37 38 39 40 42 43 44 45 47 48 49 50 51 53 54 55 59 60 61 62 63 64 65 66 69 70 71 72 73 74 76 77 78 79 80 81 82 83 84 85 86 87 88 89 90 91 92 93 94 95 96 97 98 99 100 101 104 105 106 108 109 110 111 112 113 114 116 117 118 119 121 122 123 124 125 126 128 131 132 133 135 136 137 138 139 141 142 143 145 146 147 148 149 150 151 152 153 154 155 156 159 160 162 163 165 166 168 170 171 172 173 175 176 178 179 180 181 182 183 184 185 187 188 189 190 191 192 193 194 195 197 199 200
32 72 33 34 35 36 37 38 40 41 43 44 45 46 47 48 50 52 53 54 55 56 57 59 60 61 62 63 64 65 66 67 68 69 71 72 73 74 75 76 77 78 79 80 81 82 85 86 87 88 89 93 94 95 96 97 98 99 100 102 103 105 109 111 112 113 114 115 118 119 122 123 124 125 127 128 130 131 132 133 134 135 136 138 139 140 141 142 144 145 149 150 151 152 153 154 155 157 158 160 161 162 163 164 165 166 167 168 169 170 171 172 173 176 177 178 179 181 182 183 184 185 186 187 188 189 190 191 192 193 194 195 198 199 200
33 74 34 35 36 39 41 42 44 45 46 47 48 49 50 51 53 54 55 56 57 58 59 61 62 64 65 66 67 68 69 70 72 73 74 75 76 77 78 79 80 82 83 84 85 86 89 91 92 93 94 95 97 98 99 100 101 102 104 105 107 108 110 111 113 114 115 116 119 121 123 124 125 126 127 128 129 130 131 132 134 135 136 137 139 140 141 142 144 145 146 147 149 150 151 152 153 154 155 156 157 158 159 160 161 162 163 164 165 166 167 168 169 170 171 172 174 177 179 180 181 182 183 185 186 187 188 189 190 191 192 193 194 196 197 199
34 60 36 37 38 40 41 42 43 44 45 46 47 48 49 50 51 52 53 54 55 57 60 62 63 64 65 66 67 68 69 70 71 72 75 76 77 78 79 80 81 82 83 84 87 88 89 90 91 92 93 94 96 97 98 99 100 101 104 105 108 109 110 111 112 114 115 116 117 118 119 120 121 122 123 124 127 128 131 132 133 134 135 137 138 140 141 142 143 144 145 146 147 148 149 150 151 152 153 154 155 156 157 158 159 160 161 162 163 164 165 166 168 169 170 171 172 173 174 176 177 179 181 182 183 184 185 186 187 189 190 191 192 193 194 195 196 197 198 199 200
35 63 36 37 38 39 40 42 43 44 45 46 47 48 49 50 51 52 53 54 55 56 57 58 60 61 63 65 66 67 68 70 71 72 73 74 75 76 78 79 80 82 83 84 85 86 87 88 89 91 92 94 95 96 97 99 100 101 102 103 104 106 110 112 113 114 115 116 117 119 120 122 124 126 127 128 129 130 131 134 135 136 137 138 139 140 141 142 143 144 145 146 147 149 150 152 153 154 155 156 157 159 161 163 164 165 166 167 169 170 171 172 173 175 176 177 178 179 180 181 182 183 184 185 186 188 189 190 191 192 193 194 195 196 197 199
36 70 38 39 40 41 42 43 44 46 47 48 49 52 54 55 56 57 59 60 61 62 63 64 65 66 67 68 69 70 71 72 73 74 75 77 80 81 82 84 85 86 87 88 89 90 91 92 94 96 97 98 99 103 105 106 107 111 112 113 115 116 117 118 119 120 121 122 123 124 126 127 128 129 130 131 134 137 139 140 142 143 145 146 148 149 150 152 154 155 160 161 163 164 165 167 169 170 172 173 174 175 176 177 178 179 180 181 183 184 185 186 187 188 190 192 193 194 196 197 198 199 200
37 77 38 39 41 42 44 45 46 47 48 49 50 51 52 53 54 55 56 57 58 59 60 62 63 64 65 67 68 69 70 71 72 73 75 78 79 80 82 83 84 85 86 87 88 89 90 91 92 94 95 96 97 99 100 101 103 104 105 106 107 108 109 110 111 112 113 114 115 117 118 119 121 122 123 124 125 126 127 128 129 130 131 132 133 135 136 137 138 139 141 142 144 145 146 147 149 151 152 153 154 155 156 157 158 159 160 161 163 164 165 166 167 168 169 171 172 175 176 177 178 179 180 181 182 183 184 185 186 187 188 190 191 192 193 194 197 198 200
38 77 39 40 41 43 44 45 47 48 49 50 51 52 53 54 55 56 57 59 60 61 64 66 67 68 69 70 71 72 74 75 76 77 78 80 81 82 83 85 86 87 88 90 91 92 93 94 95 96 97 99 100 102 105 107 108 109 110 111 112 113 114 115 116 117 118 119 120 121 123 124 125 127 128 130 131 132 133 135 136 137 138 139 140 141 142 145 146 147 148 149 150 151 152 153 154 155 157 158 159 161 162 163 164 165 167 168 170 173 174 175 177 178 179 180 182 183 184 185 186 188 189 191 192 194 196 197 198 199 200
39 78 40 41 43 44 45 46 47 48 49 50 51 52 53 54 55 56 57 58 59 60 61 62 63 64 65 69 70 71 74 75 76 77 79 82 83 85 88 89 90 91 92 95 96 97 98 99 101 102 103 104 105 106 108 109 110 112 113 114 115 116 119 120 121 123 124 126 127 128 129 130 131 132 133 134 135 136 138 139 140 141 142 143 144 145 146 147 148 149 150 151 152 153 154 155 156 157 158 159 161 162 163 164 165 166 167 169 170 171 173 179 180 181 182 184 185 188 189 190 191 192 193 194 195 196 198 199
40 62 41 42 43 44 45 46 51 52 53 55 56 58 59 60 61 63 64 65 66 67 68 69 70 71 72 74 75 76 77 78 80 81 82 84 85 86 87 88 90 91 92 93 94 95 97 98 99 101 102 103 104 105 106 107 109 110 112 113 114 115 116 117 118 119 122 123 126 130 131 133 135 136 137 138 139 141 143 147 148 149 150 151 152 153 154 156 158 160 161 162 164 165 166 167 169 170 171 172 173 174 175 177 179 181 183 184 185 186 187 190 192 193 194 195 196 197 200
41 86 44 46 47 49 50 52 53 54 55 57 59 60 61 62 64 65 66 68 69 70 71 72 73 74 75 76 77 78 80 81 82 83 84 85 86 87 88 89 91 92 93 94 95 96 97 98 99 100 101 102 103 104 105 106 107 108 109 110 111 112 114 115 116 117 118 119 120 121 122 123 124 125 126 128 129 131 133 134 135 136 137 138 139 140 141 143 145 146 147 149 150 151 153 154 155 156 157 158 160 161 163 164 165 166 167 168 169 171 172 174 175 176 177 179 180 181 182 184 186 188 189 190 191 192 193 194 195 196 198
42 97 43 44 45 46 48 49 50 51 52 54 55 56 57 58 59 61 62 63 64 65 66 67 68 69 70 71 72 74 76 77 78 79 81 82 83 84 85 87 88 89 90 91 93 94 95 96 97 98 99 100 101 103 104 105 106 107 108 109 111 112 113 114 115 116 117 118 119 120 121 122 123 124 125 126 127 129 130 133 134 135 136 137 138 140 142 144 145 146 148 149 150 151 152 153 154 155 156 157 158 159 160 161 162 163 164 166 167 171 172 173 174 175 176 177 178 179 180 183 185 186 187 188 190 191 192 193 194 196 197 198 199 200
43 64 44 45 46 47 50 51 52 53 54 55 56 57 59 60 61 63 66 67 68 69 72 73 74 76 77 78 79 80 81 83 84 86 88 89 90 91 93 94 95 96 97 99 100 101 102 103 104 105 106 107 108 109 112 116 118 119 120 121 123 128 129 131 134 135 137 139 140 142 143 146 147 148 149 150 152 153 154 155 156 159 161 162 163 165 166 167 168 169 171 172 174 176 178 179 180 181 182 183 185 186 187 188 189 191 192 193 194 198 199 200
44 99 45 47 50 52 53 54 55 56 57 58 59 60 61 62 63 64 65 68 69 70 71 72 73 74 75 77 78 80 81 82 83 84 85 86 87 88 89 91 92 93 94 95 96 97 98 99 101 102 103 105 107 108 109 110 111 114 115 116 117 118 120 121 122 123 124 125 126 127 131 132 133 134 138 139 142 143 146 147 149 152 154 155 156 157 158 159 160 161 163 164 165 166 167 168 169 170 171 172 174 175 176 177 178 179 180 182 183 184 185 186 187 188 189 191 192 193 194 195 196 198 199 200
45 62 46 47 48 50 51 52 53 54 55 57 59 60 61 62 63 64 65 66 67 68 70 71 72 73 74 75 76 77 78 79 80 83 86 87 88 89 90 92 94 95 96 97 98 99 100 101 102 103 104 105 106 107 108 109 110 111 114 115 117 118 119 120 121 122 123 124 125 126 127 128 130 133 134 135 137 138 139 141 143 144 145 146 147 149 150 151 153 154 155 156 157 158 159 162 163 164 165 167 169 170 172 173 174 176 177 179 180 181 182 183 184 186 187 188 189 190 192 193 194 195 196 197 198 200
46 75 47 48 49 50 51 52 53 54 55 56 57 58 60 61 62 63 65 66 67 68 70 71 74 75 76 78 79 80 81 83 84 85 86 87 88 89 90 92 93 94 95 96 97 98 99 100 101 103 104 105 106 107 109 110 111 112 113 114 115 117 120 122 123 124 125 126 128 129 130 133 134 135 136 137 139 142 143 146 147 149 150 151 152 153 154 155 157 158 160 161 162 163 164 166 167 169 170 171 172 173 174 175 176 177 178 179 180 181 183 184 185 186 187 188 189 191 192 193 194 195 197 198 199 200
47 74 49 50 51 53 54 55 56 57 60 61 62 63 64 65 66 67 68 69 70 71 72 74 75 76 78 79 80 81 82 83 85 86 88 89 90 91 92 93 94 96 97 98 99 100 101 102 103 104 105 106 107 112 113 114 116 117 118 119 120 121 122 123 124 125 126 128 129 130 131 133 134 135 136 137 138 141 143 144 145 147 148 149 150 153 154 155 156 157 158 159 161 162 163 164 165 166 167 168 169 170 171 173 175 176 177 178 179 181 182 183 184 185 186 187 188 190 193 194 195 196 197 198 199 200
48 87 49 50 52 53 54 55 56 57 58 59 60 62 63 64 65 67 68 69 70 71 72 73 74 75 76 79 82 83 84 85 87 88 90 91 94 96 98 99 101 102 103 104 106 108 109 113 114 115 116 117 118 119 120 121 122 123 124 125 126 127 128 129 130 131 132 133 135 136 137 138 139 140 141 142 143 144 145 147 148 149 150 151 152 154 155 156 157 158 159 160 161 162 163 165 166 167 169 171 173 174 175 177 178 179 180 181 182 183 184 185 186 187 189 190 191 192 193 194 195 196 197 198 199 200
49 93 51 52 53 55 56 57 58 59 60 61 62 63 66 68 69 70 71 72 73 74 75 77 78 79 80 81 82 83 85 86 87 88 89 90 91 93 94 95 97 99 100 101 103 105 108 109 110 111 112 113 114 115 116 117 118 119 120 122 123 124 125 128 130 131 132 133 134 135 136 137 138 139 140 142 144 146 147 148 149 150 151 153 154 156 160 161 162 163 164 165 167 168 169 171 172 173 174 175 176 177 178 179 180 181 182 183 186 187 189 190 191 192 193 194 195 196 197 199 200
50 92 51 52 54 55 56 57 58 59 61 62 65 66 67 68 69 70 71 73 74 75 76 77 78 79 80 81 82 83 84 85 86 87 88 89 90 91 92 94 95 96 98 99 100 101 102 105 106 107 108 109 111 112 113 114 116 117 119 120 121 122 124 125 126 127 128 129 130 131 132 134 135 137 139 140 141 142 144 145 146 147 148 149 151 152 153 154 155 156 157 158 160 161 162 163 164 166 167 168 169 171 172 173 174 175 176 177 178 179 180 181 182 183 184 185 186 187 188 189 191 192 193 194 195 196 197 198 199 200
51 73 52 53 54 55 56 57 58 59 60 61 62 63 66 68 69 70 71 72 73 75 76 77 79 81 82 83 85 87 88 89 91 92 93 94 95 96 100 101 102 103 104 108 109 110 111 112 115 118 119 120 121 122 124 125 126 127 128 129 130 132 133 134 135 136 137 138 139 140 141 142 143 144 145 147 148 149 150 151 152 155 156 157 158 159 161 162 163 164 165 166 167 168 169 170 171 172 173 174 176 178 181 183 185 186 188 190 192 193 194 195 198 200
52 88 54 55 56 57 59 61 62 63 64 66 67 68 71 72 73 74 75 77 78 79 80 82 83 84 85 86 89 92 93 94 95 96 97 99 101 102 105 106 108 109 110 111 113 115 116 117 118 119 120 121 122 123 124 125 126 127 128 129 131 132 133 134 135 136 137 138 140 141 142 143 145 146 147 149 150 151 152 153 155 157 158 159 160 161 162 163 165 166 167 168 169 170 171 172 174 175 176 179 181 182 183 184 185 186 187 188 190 191 192 193 194 195 196 198 199 200
53 64 54 55 56 58 60 62 63 64 65 66 67 69 71 72 73 74 75 76 77 78 79 81 83 84 85 86 87 88 89 90 91 92 93 95 96 97 98 100 101 102 103 105 108 109 112 113 114 115 117 118 119 120 121 122 123 124 125 126 127 128 129 131 132 133 135 137 138 139 140 141 142 143 144 145 147 148 151 152 153 154 155 156 157 158 159 161 162 164 165 166 168 169 170 172 173 174 175 177 181 182 183 186 187 188 189 190 192 193 194 195 196 197 198 199
54 55 55 58 59 60 61 62 63 65 66 67 68 69 71 74 75 76 77 79 80 82 83 85 86 87 88 89 90 92 93 94 96 97 98 99 100 101 102 103 104 105 106 109 110 113 114 115 116 118 119 120 121 122 123 125 126 127 128 129 130 134 136 137 138 139 140 141 145 146 147 149 150 151 152 153 154 155 156 157 158 160 162 163 164 166 167 168 169 170 171 174 175 176 177 178 179 180 181 182 183 184 185 187 188 190 191 192 193 195 196 198 199 200
55 88 56 57 59 60 61 63 64 68 69 70 71 72 73 74 75 78 79 80 82 83 84 85 86 87 88 91 93 94 95 96 97 98 100 101 102 103 104 106 107 108 109 111 112 113 114 115 116 117 118 119 120 121 122 123 124 125 126 129 130 131 132 133 135 136 137 140 143 144 145 146 147 148 149 150 151 152 153 154 155 156 159 160 161 162 163 164 165 167 169 170 171 172 173 176 177 178 179 180 181 184 185 186 187 188 190 191 192 193 194 195 196 197 198 200
56 83 57 59 60 65 66 67 70 72 73 74 75 76 77 78 79 80 81 83 84 85 87 88 89 90 91 92 93 94 95 97 98 99 100 101 102 103 104 106 107 108 109 110 111 112 113 114 115 117 118 119 120 122 123 124 125 126 127 128 129 130 131 132 133 134 135 136 137 138 139 141 142 143 144 145 146 147 148 149 151 152 153 154 155 156 157 158 159 160 161 162 165 167 168 169 170 171 172 173 175 176 177 179 181 183 184 185 186 187 188 189 190 191 192 193 194 195 196 197 198 199 200
57 59 58 59 61 62 63 64 66 67 68 69 70 71 72 73 74 77 78 81 82 84 85 86 87 88 89 90 91 92 94 96 97 98 100 101 104 105 106 107 108 109 110 111 113 114 115 116 117 118 119 120 121 122 123 124 125 129 131 134 135 136 137 138 139 140 141 143 144 145 146 147 148 150 151 152 154 155 156 157 158 159 160 161 162 164 165 167 168 169 170 171 172 174 175 177 178 181 182 183 185 187 188 189 190 192 194 195 196 198 200
58 61 59 60 61 62 63 64 65 67 68 69 70 71 72 73 74 75 76 77 78 79 80 81 83 84 86 87 88 89 90 91 92 93 94 96 97 98 99 100 101 103 104 105 106 107 108 109 110 111 112 113 114 115 116 117 118 119 121 123 124 126 127 128 129 130 131 132 133 134 135 136 138 140 141 144 145 146 147 148 150 151 152 153 154 155 156 157 158 159 160 161 162 163 164 165 166 167 168 170 171 172 174 175 177 178 179 180 181 182 183 184 185 187 188 189 190 191 192 193 194 196 197 199 200
59 92 60 61 62 64 65 66 68 69 70 71 72 73 74 75 76 77 78 79 80 81 83 84 85 86 87 88 89 90 91 92 94 95 97 100 101 102 103 104 105 107 108 109 110 111 114 115 116 117 118 119 120 121 122 123 124 125 126 127 128 130 133 134 135 136 137 138 139 140 141 142 143 144 146 147 148 150 151 152 153 154 155 156 157 159 160 161 162 163 165 166 167 168 169 171 173 174 175 176 177 178 179 180 184 185 186 188 189 190 191 192 193 194 195 196 197 198 199 200
60 67 61 62 63 64 65 66 67 68 69 70 71 73 74 75 77 78 79 81 84 85 86 87 88 89 90 91 93 94 95 96 97 99 100 101 102 103 104 105 106 109 110 111 112 113 114 116 118 119 120 121 122 127 128 129 130 131 132 133 134 136 137 138 139 141 142 143 144 145 146 148 149 150 151 152 153 154 155 157 158 159 160 161 162 163 164 166 167 168 169 171 172 177 181 182 183 184 185 186 187 188 189 191 192 194 195 196 197 199
61 92 62 63 64 65 66 67 68 69 70 71 72 73 74 75 76 79 80 81 82 83 85 86 87 88 89 90 91 92 93 94 96 97 98 99 100 101 102 106 107 108 109 110 111 112 113 114 115 117 118 120 122 123 124 125 126 127 129 130 131 132 133 134 136 137 138 139 140 141 142 143 144 146 147 148 149 150 151 152 154 155 156 158 159 160 161 162 163 164 165 167 168 169 170 171 172 174 175 176 177 178 179 180 181 182 183 184 185 186 187 189 190 191 192 193 194 196 197 198 200
62 57 63 65 66 68 69 70 71 72 73 74 75 76 77 80 81 82 83 84 85 86 87 88 89 90 91 92 93 94 95 97 98 99 100 102 103 104 105 107 110 111 112 113 114 115 122 124 125 127 128 129 130 131 132 133 135 136 137 138 139 140 141 142 143 144 145 146 147 148 149 150 152 153 154 155 156 157 159 160 161 162 164 165 166 167 168 169 170 171 172 173 174 175 177 178 179 180 181 182 183 184 185 187 188 189 190 191 192 193 194 195 196 197 198 199
63 53 64 65 66 67 69 70 72 74 75 76 77 78 79 80 81 82 83 84 85 86 87 88 89 90 91 93 94 95 96 97 98 99 100 101 102 103 104 105 106 107 109 110 111 112 113 114 115 118 119 120 121 122 123 124 125 126 128 129 130 131 132 133 134 135 136 139 140 141 142 143 144 145 146 147 148 149 150 154 155 156 157 158 159 160 161 162 163 164 165 166 167 168 169 170 172 173 174 176 177 178 179 181 182 183 184 185 186 187 188 189 191 192 193 194 195 196 198 199 200
64 67 65 66 67 68 69 70 71 72 73 75 76 77 78 79 80 81 82 83 84 85 87 88 89 90 91 92 93 94 95 96 97 99 101 102 103 104 105 106 107 108 109 110 111 112 114 115 116 117 118 119 120 121 122 123 126 127 128 129 131 132 133 134 135 136 137 138 139 140 141 142 143 144 145 147 148 150 151 152 153 157 159 160 161 164 165 166 168 170 172 173 174 175 176 177 178 179 180 181 182 184 186 187 188 189 190 191 192 194 195 196 197 198 199
65 97 66 67 68 69 70 71 72 73 74 75 77 78 80 81 82 84 85 86 87 88 89 90 91 92 93 95 96 97 98 99 100 102 103 104 105 106 107 108 110 111 112 113 114 115 116 117 118 119 120 121 123 124 125 126 127 128 129 130 132 133 134 135 136 138 139 140 141 142 143 145 146 147 148 149 150 151 152 153 154 156 157 158 159 160 161 162 163 164 168 169 171 172 173 174 175 178 179 180 181 182 183 185 186 188 189 191 192 193 194 195 196 197 198 200
66 99 67 68 69 71 72 75 76 77 79 80 81 82 83 84 85 86 87 88 89 91 92 95 96 97 98 99 100 101 102 103 104 106 107 108 109 110 111 112 113 114 115 117 119 121 122 125 126 127 128 129 130 131 133 136 137 138 139 140 141 142 143 144 145 146 147 150 151 152 153 154 155 156 157 158 159 160 163 164 166 167 168 169 170 171 174 175 176 177 178 179 180 182 183 184 185 186 187 188 189 191 192 193 194 195 196 197 198 199 200
67 85 68 69 70 72 73 74 75 76 77 78 79 80 81 82 84 86 88 90 91 92 93 94 95 96 97 99 100 103 104 105 106 107 109 110 111 112 113 114 115 116 117 118 119 120 121 122 123 124 125 127 128 130 131 132 135 136 137 138 140 145 146 147 148 150 151 152 153 154 155 157 158 159 160 161 162 163 164 165 166 167 169 171 172 173 174 175 176 177 178 179 180 183 184 186 189 190 191 193 194 195 196 197 198 199 200
68 87 69 71 72 73 74 75 76 77 78 79 80 81 82 84 85 87 88 89 90 92 93 94 96 97 98 100 101 102 103 104 106 107 108 110 111 112 113 114 118 119 121 122 123 124 125 127 129 130 131 132 133 135 136 137 138 139 140 141 143 144 145 146 147 148 149 150 152 153 154 155 156 157 158 159 160 161 162 164 166 167 168 169 171 173 174 175 176 177 178 179 180 181 182 183 184 185 186 187 188 189 190 191 192 193 194 196 197 198 199
69 67 70 71 72 73 76 77 78 79 81 83 84 86 87 88 89 90 91 93 94 95 96 97 98 99 100 101 102 103 105 106 108 109 110 111 112 113 114 115 116 117 119 120 122 123 124 126 128 129 130 132 134 135 136 137 138 139 142 143 145 147 148 150 151 152 153 154 157 158 159 160 161 163 165 166 167 168 169 170 171 172 173 175 176 178 179 181 182 183 184 185 187 188 189 190 193 194 196 197 198 199 200
70 86 72 73 74 75 76 77 78 79 80 81 82 83 84 85 86 89 90 91 92 95 97 99 101 106 107 108 110 111 112 113 114 115 116 118 120 122 123 125 126 127 128 131 132 133 134 135 136 137 138 139 141 142 143 144 147 148 150 151 152 153 154 155 157 158 159 160 161 162 163 164 166 167 170 171 172 173 175 176 178 179 181 182 183 184 185 187 189 190 191 192 193 194 195 197 199 200
71 79 72 73 74 75 76 78 79 80 81 82 83 84 85 86 87 88 89 90 91 92 93 94 95 96 97 98 99 101 102 103 104 105 106 107 108 109 110 111 112 113 115 116 117 118 119 120 121 123 124 125 127 128 129 131 132 134 135 137 138 139 141 142 144 145 146 147 148 149 150 151 152 154 155 156 157 158 160 161 162 163 164 165 166 167 168 169 170 171 172 173 175 177 178 179 180 181 183 184 185 186 187 188 189 190 191 192 193 194 195 196 197 198
72 80 73 76 77 78 79 84 85 86 88 89 91 92 93 94 95 96 98 99 100 101 103 106 109 110 111 112 113 116 117 118 119 120 121 122 124 126 127 128 129 130 131 132 133 134 135 136 137 139 140 142 143 144 145 146 147 148 150 151 152 154 155 156 157 158 159 161 162 164 165 167 168 169 170 171 172 173 174 175 176 178 179 180 181 182 183 184 186 187 189 190 191 192 194 195 196 197 198 199 200
73 72 77 78 80 83 84 86 87 91 92 93 94 95 96 97 98 99 100 102 103 106 107 108 109 110 112 113 114 115 116 117 119 120 122 123 124 125 126 127 128 129 130 131 132 133 134 135 136 137 139 140 142 143 144 145 146 147 148 149 151 152 153 154 155 156 157 158 159 160 161 162 163 164 165 166 168 169 170 171 172 173 174 176 177 178 179 180 182 183 184 185 186 187 188 190 191 192 193 195 198 199 200
74 75 75 77 78 80 83 84 85 86 87 88 89 91 92 94 95 96 97 98 99 100 103 104 105 106 107 108 109 110 112 113 114 115 117 118 119 120 121 122 123 124 125 126 127 128 129 130 131 132 133 134 135 137 138 140 141 142 143 145 146 147 148 149 150 151 153 154 155 158 159 160 161 162 163 164 166 167 168 169 170 172 173 175 177 178 181 182 183 185 186 187 189 190 191 193 194 195 196 198 199 200
75 98 76 77 78 79 80 81 82 83 84 85 86 87 88 89 90 91 92 94 96 97 98 99 100 101 102 103 104 108 110 111 112 113 114 115 116 117 119 120 122 125 126 127 128 129 131 132 133 134 135 136 137 138 139 141 142 145 146 147 148 149 150 151 152 153 154 155 156 157 158 159 160 161 162 163 164 165 166 167 168 169 170 171 172 173 174 177 179 180 181 182 183 184 185 186 187 189 190 191 192 193 194 195 196 198 199
76 56 77 79 80 81 84 85 86 87 88 89 90 92 93 94 95 97 98 100 101 102 104 105 107 109 110 111 112 114 115 117 118 119 120 122 123 124 126 128 129 130 131 132 133 134 135 137 138 139 140 141 142 143 144 146 147 148 149 150 151 152 153 155 156 157 158 159 160 161 163 164 165 166 167 168 169 170 171 172 173 174 175 176 177 178 180 181 182 183 184 185 186 187 189 190 193 194 196 197 198 199 200
77 68 78 79 82 83 84 85 86 87 89 90 91 92 94 96 97 98 99 100 101 103 104 105 106 107 108 110 112 113 115 116 117 120 121 122 123 124 125 126 128 129 130 132 133 134 135 136 137 138 139 140 141 142 143 144 145 146 147 148 151 152 153 154 155 156 158 160 161 162 163 164 166 167 168 169 170 173 175 176 178 179 180 182 183 184 185 186 188 189 190 193 194 195 196 198 199 200
78 90 79 80 81 82 84 85 86 87 88 91 92 93 94 96 97 98 99 100 101 102 103 104 105 106 107 108 109 111 113 114 115 116 117 118 119 121 123 125 126 127 128 129 130 133 134 136 137 138 139 140 141 142 143 144 145 146 147 149 150 151 152 153 154 155 156 157 158 159 160 161 163 164 165 166 167 169 171 172 174 175 176 178 179 180 181 182 184 186 187 189 191 193 194 195 196 198 200
79 76 80 81 82 83 84 85 86 87 88 89 90 93 94 95 96 97 98 99 100 102 103 104 105 106 107 110 111 112 113 114 115 117 118 119 120 121 122 123 124 125 126 127 128 129 130 132 134 136 138 139 141 144 146 147 148 150 151 152 153 154 155 157 160 162 164 165 166 168 169 171 173 174 175 177 179 180 181 182 183 184 185 186 187 188 190 193 194 195 196 197 198 200
80 64 81 82 83 84 85 86 87 88 89 90 91 92 93 94 95 96 97 98 99 100 102 105 107 108 110 111 112 113 117 118 119 120 121 122 123 124 125 127 128 130 131 132 133 135 136 137 138 139 140 144 145 147 148 150 151 152 154 156 157 158 160 161 162 164 165 166 167 168 170 171 172 173 175 176 177 178 179 180 181 182 183 184 185 186 187 188 189 190 191 192 193 194 195 196 197 198 199
81 82 82 83 85 87 89 90 91 92 93 94 95 96 97 98 99 101 102 103 106 107 108 109 110 111 112 113 114 115 116 117 118 120 121 122 123 124 125 127 129 130 131 132 133 134 135 137 138 139 140 141 142 143 144 145 146 147 148 149 150 151 152 153 154 155 156 158 159 161 163 164 165 166 169 170 171 172 173 174 175 176 177 178 179 182 183 185 186 187 188 189 190 191 192 193 194 195 196 197 199 200
82 89 84 85 87 89 90 91 92 93 94 95 96 98 99 100 101 102 104 106 107 108 109 110 111 113 114 115 116 118 119 120 122 123 124 127 128 129 130 132 133 134 135 136 137 138 139 141 142 143 144 145 146 147 149 150 151 152 153 154 155 156 157 158 160 161 162 163 164 165 166 167 168 169 170 171 172 173 174 175 176 177 178 179 180 181 184 185 186 187 188 189 190 191 192 194 195 197 198 200
83 87 84 85 88 89 90 91 92 93 94 95 96 97 98 99 101 103 105 107 108 109 111 112 114 116 117 120 121 122 124 125 126 127 130 131 132 134 135 136 137 139 141 142 143 144 145 146 147 148 149 150 152 153 154 155 156 157 158 159 160 161 162 163 164 167 168 169 171 172 173 174 176 177 178 179 180 181 184 185 187 190 191 192 193 194 196 197 198 199
84 62 85 86 87 88 89 90 91 92 93 94 96 98 99 100 101 102 103 104 106 107 108 109 110 112 113 114 116 118 119 120 121 122 123 124 126 128 129 132 133 134 135 136 137 138 139 140 141 142 143 144 145 146 149 150 151 152 153 156 157 158 159 160 161 162 164 166 167 168 170 171 172 175 176 177 179 180 181 182 184 185 187 188 189 190 191 192 194 195 197 198 199 200
85 74 86 87 88 90 91 92 93 94 95 96 97 98 99 101 102 103 104 106 108 109 110 111 112 113 114 115 116 118 119 120 121 122 123 124 125 126 127 128 129 130 131 133 134 135 136 137 138 139 140 141 142 143 144 145 146 147 148 149 151 155 156 158 159 160 161 162 163 164 166 167 168 169 171 172 173 175 176 178 179 180 182 183 184 185 190 192 193 194 195 196 197 198 199 200
86 68 87 88 89 90 91 92 93 94 95 96 97 98 99 100 102 103 104 105 107 108 110 111 112 113 114 115 116 117 118 119 121 123 125 127 128 129 130 131 132 133 137 139 141 142 143 144 146 147 148 149 150 151 152 154 156 158 159 160 161 162 164 165 166 169 171 172 173 174 175 176 177 178 179 180 182 183 184 185 186 189 190 191 192 193 197 198 199 200
87 89 88 90 91 92 93 94 96 97 98 100 102 105 106 107 108 111 112 113 114 115 116 117 118 120 121 122 123 124 125 128 130 131 132 133 136 137 138 139 140 141 145 146 147 148 150 152 153 155 156 157 158 162 163 164 165 166 167 168 169 170 171 172 173 174 176 178 179 180 184 185 187 188 189 190 191 192 193 194 195 197 198 199
88 71 89 90 91 92 93 95 97 98 99 100 101 102 103 105 106 107 108 109 110 111 112 113 114 115 117 119 120 122 123 124 125 126 127 128 129 130 131 133 134 135 136 137 138 139 140 141 142 143 144 146 147 149 151 152 153 154 155 156 158 159 160 161 162 163 164 165 166 168 169 171 173 174 175 176 177 178 179 180 181 182 183 184 186 187 188 189 190 191 193 194 196 197 198 199 200
89 74 90 92 94 95 97 98 100 101 102 103 104 105 106 107 108 109 110 111 112 113 114 115 117 118 119 121 122 123 124 126 128 129 130 131 132 133 135 136 137 139 142 143 144 145 147 148 150 151 152 153 154 155 156 157 158 159 160 161 162 163 165 166 167 168 169 170 171 172 173 175 176 177 178 179 180 181 182 183 184 185 186 187 188 189 191 192 194 195 196 197 198 200
90 85 91 92 93 94 95 96 97 98 99 101 103 104 105 106 107 108 109 110 111 112 113 114 115 116 117 118 119 121 122 123 124 125 127 128 129 130 131 133 134 136 138 142 143 144 145 147 148 149 150 151 152 154 155 156 157 159 161 162 163 164 166 167 168 169 172 174 175 176 177 178 179 180 181 182 183 185 187 188 189 190 191 193 194 195 197 198 199 200
91 51 92 93 94 95 96 97 98 101 103 104 106 107 108 109 110 111 112 113 114 115 116 118 119 120 121 123 124 125 126 127 129 130 131 132 133 134 135 136 137 138 139 140 141 144 147 148 149 150 151 152 154 155 156 159 160 161 163 164 166 168 169 170 171 172 173 174 175 176 177 179 180 181 182 183 184 185 186 188 189 190 192 194 195 196 197 198 199 200
92 65 93 94 95 96 99 100 102 103 106 107 109 110 111 112 113 114 115 116 117 118 119 121 122 123 124 125 127 129 131 132 134 135 136 137 138 139 140 141 144 145 146 147 148 149 150 151 152 153 157 158 159 160 161 162 163 167 168 170 171 172 173 174 175 176 177 178 181 183 184 185 186 187 188 190 191 192 193 194 196 198 200
93 72 94 97 98 99 105 106 108 110 111 112 113 115 116 117 118 119 120 121 122 123 124 127 128 129 130 134 135 136 137 138 140 142 143 144 146 147 148 149 150 151 152 153 154 157 158 159 160 161 162 163 165 166 167 171 172 174 177 178 179 180 182 183 184 185 186 188 190 192 193 194 195 196 197 198 200
94 56 95 96 98 101 102 103 105 107 108 109 110 111 112 113 114 115 118 120 121 122 123 124 126 127 128 129 130 132 134 135 136 138 141 143 144 145 146 147 148 149 150 151 152 153 154 155 156 158 159 160 161 163 164 165 166 168 171 172 173 174 175 176 177 180 181 182 183 184 185 188 189 190 192 193 194 195 196 198 200
95 79 97 98 99 100 101 102 103 104 105 107 108 110 111 112 113 114 116 117 118 119 120 122 123 124 127 128 129 131 132 133 134 135 136 137 138 139 140 141 143 144 146 147 148 150 151 153 154 155 156 157 158 159 160 161 163 166 167 168 169 170 171 172 174 175 178 179 181 182 183 185 186 187 189 190 191 193 194 195 196 197 198 199 200
96 51 97 98 99 100 101 103 104 105 106 108 109 110 111 113 114 115 116 117 118 119 120 121 122 123 124 126 128 130 131 132 133 134 135 136 137 138 139 140 141 142 143 144 146 147 148 150 152 153 154 155 156 157 158 159 160 161 162 163 165 166 167 169 170 171 172 173 174 175 176 177 178 179 181 182 186 188 189 190 192 193 195 196 197 198 199 200
97 84 98 99 100 101 102 103 104 106 107 109 110 111 112 113 114 116 117 119 120 121 123 126 129 130 132 133 134 135 138 139 140 141 142 143 144 145 146 147 148 150 152 153 154 156 157 159 160 161 162 163 164 165 166 167 168 170 172 173 174 175 178 179 180 181 182 184 189 190 191 192 194 195 196 197 198 199 200
98 53 99 100 101 102 104 105 106 107 108 109 110 111 112 113 114 116 117 119 120 121 122 123 125 126 127 129 131 133 134 135 136 138 139 140 143 144 145 146 147 148 149 150 151 152 154 156 157 158 160 162 164 167 169 170 171 172 173 174 175 176 177 178 180 181 182 184 185 188 190 191 192 193 194 195 197 200
99 76 100 101 102 103 104 106 107 109 110 111 112 113 115 116 117 118 119 120 121 122 123 124 125 126 127 128 129 130 131 132 133 134 135 137 140 141 142 144 145 146 147 148 149 150 153 154 155 156 157 158 159 160 161 162 164 165 166 167 168 170 171 172 174 175 176 177 178 179 181 182 183 184 185 186 187 188 189 190 191 192 193 194 195 196 197 198 200
100 82 101 102 104 105 106 108 109 111 112 113 114 115 116 117 120 122 123 124 125 126 127 128 129 130 131 132 134 135 136 137 138 140 142 143 144 145 147 149 150 151 152 153 154 155 157 158 159 160 161 163 164 165 166 167 169 170 172 173 174 176 177 178 179 181 182 183 185 186 187 188 189 190 191 194 197 198 199 200
101 62 102 103 104 105 106 108 109 110 111 112 113 114 115 116 119 121 122 123 124 125 126 127 128 129 130 131 132 133 134 135 136 137 138 139 140 141 142 146 147 149 150 151 152 153 154 155 156 158 159 160 161 162 163 164 165 166 167 168 169 170 172 174 175 176 178 179 180 181 182 184 185 186 188 189 190 191 192 193 194 195 197 198 199 200
102 97 104 105 106 107 108 109 111 112 113 114 115 117 118 119 120 121 122 123 124 125 126 127 128 129 132 133 134 136 137 138 139 140 143 145 146 147 148 149 150 151 153 154 155 157 158 159 161 162 164 165 166 167 168 169 170 171 172 173 175 176 178 179 180 181 182 183 184 185 186 187 188 189 190 191 195 196 197 199
103 73 106 108 109 110 111 112 113 114 115 116 117 119 120 121 124 125 126 127 128 129 130 131 132 133 134 135 136 137 138 139 140 141 142 143 144 145 146 147 149 150 152 153 154 155 156 157 158 159 160 161 163 165 166 167 168 169 170 172 174 175 176 177 178 179 180 181 182 183 184 185 188 189 190 192 193 194 195 196 197 198 199 200
104 72 105 106 107 108 109 110 111 112 113 114 115 116 117 118 120 121 122 124 125 126 127 128 129 130 131 132 133 135 136 137 138 139 140 141 142 143 144 145 147 148 149 151 152 153 155 156 157 158 159 161 162 164 165 166 167 168 169 170 171 172 173 174 175 176 177 178 179 180 181 182 183 185 186 188 189 191 193 194 195 196 197 198 199
105 69 106 107 108 110 111 112 113 114 117 118 119 120 121 123 126 127 128 130 131 132 134 135 136 137 138 139 140 141 142 143 144 145 147 148 152 153 154 155 156 157 158 159 160 161 163 164 165 166 167 168 170 171 172 173 174 175 176 177 178 179 180 181 182 183 184 185 186 187 190 191 195 196 198 199
106 72 107 108 109 110 111 113 114 115 116 117 119 120 121 123 124 125 126 127 128 129 130 131 132 133 134 136 137 138 139 141 142 143 144 145 147 148 151 152 153 154 156 158 159 160 161 162 163 165 166 167 168 169 170 171 172 173 174 175 176 177 179 181 182 183 185 186 187 188 189 190 194 195 196 197 198 199 200
107 72 108 109 111 115 116 118 119 120 121 122 123 124 125 126 127 130 131 132 133 135 136 137 139 141 142 143 144 145 146 148 149 150 151 152 153 155 157 158 160 161 164 165 166 167 168 169 170 171 172 173 174 175 176 177 178 180 182 183 184 185 186 187 188 190 192 194 195 198 199 200
108 94 109 110 112 113 114 115 116 117 119 121 122 124 125 126 127 128 129 130 131 133 134 135 136 138 139 143 145 146 147 148 150 152 153 154 158 159 160 161 162 163 164 165 167 168 169 170 172 173 174 175 176 179 180 181 182 183 185 186 188 189 191 192 194 195 196 197 198 200
109 82 110 111 114 115 116 117 118 120 121 122 123 124 125 126 127 128 130 132 133 134 135 136 137 138 139 140 141 142 143 144 145 146 148 149 150 152 153 154 155 156 157 160 161 162 163 164 165 166 167 169 170 171 172 173 174 175 176 177 178 180 181 182 183 184 185 186 188 189 190 191 192 193 195 196 197 198 199 200
110 88 111 113 114 115 116 117 118 119 120 121 122 123 124 125 126 127 128 131 132 133 134 135 136 138 140 144 145 147 148 149 150 151 152 153 155 157 158 159 161 162 163 164 165 167 168 169 170 172 175 176 177 178 179 180 182 183 187 188 189 190 192 193 194 195 197 198 199 200
111 57 112 113 114 115 116 118 119 120 121 122 123 124 125 128 130 133 134 136 138 139 140 141 142 143 144 145 146 147 149 150 151 152 154 155 156 157 158 159 160 161 163 166 167 168 169 170 171 174 175 176 179 180 181 182 184 185 186 187 189 190 192 193 194 195 196 198 200
112 75 113 114 115 119 120 121 122 124 125 126 127 128 129 130 131 132 134 135 136 138 139 140 141 142 143 144 145 148 149 150 151 152 153 154 155 157 158 159 160 161 162 164 165 166 167 170 171 172 174 175 176 177 179 181 182 183 184 186 187 188 189 190 191 192 193 194 195 197 198 199 200
113 58 114 119 124 126 127 128 129 131 132 133 134 135 136 137 138 140 141 143 144 146 147 148 149 150 151 152 154 156 157 158 163 164 165 166 167 171 172 176 177 178 179 180 181 182 183 184 185 187 188 190 192 194 195 198 200
114 67 115 117 119 121 122 123 124 125 127 128 129 130 131 132 134 135 137 138 139 140 143 144 145 146 148 149 150 151 153 154 155 156 157 158 159 160 161 162 163 164 165 167 168 169 170 171 172 173 174 175 176 177 178 179 180 182 183 184 185 186 187 188 189 190 191 192 193 194 196 197 198 199 200
115 89 116 117 119 120 121 122 123 124 125 126 127 128 129 130 131 132 133 134 135 136 137 139 140 142 143 145 146 147 148 149 150 151 153 155 156 157 158 160 161 163 164 165 166 167 168 169 170 171 173 174 176 177 178 179 180 181 182 183 184 185 186 187 188 189 190 191 192 193 195 196 197 198 199 200
116 91 118 119 120 121 122 123 124 126 127 128 130 131 133 135 137 138 140 142 143 144 145 146 147 148 149 150 151 152 153 154 156 157 158 159 161 162 163 164 166 167 168 171 173 174 175 176 177 178 179 180 181 182 183 184 185 186 187 189 190 191 192 193 194 195 196 197 198 199 200
117 72 118 120 121 122 123 125 126 127 128 129 130 132 134 136 138 139 140 141 142 143 144 145 146 147 148 149 150 152 153 154 155 156 157 158 159 160 163 164 165 166 167 168 169 171 172 173 174 175 177 178 179 180 181 183 184 185 187 188 189 190 191 192 193 195 196 197 198 199 200
118 66 119 120 121 122 123 124 126 127 128 129 130 132 135 137 138 139 140 141 142 143 144 145 148 149 150 151 154 155 156 157 158 159 160 161 162 163 164 165 166 167 168 170 172 173 174 175 176 178 179 180 181 182 183 184 185 186 187 188 189 190 191 192 193 194 195 196 198 199 200
119 87 120 121 122 123 124 125 126 128 129 130 131 132 133 134 135 136 137 138 139 140 141 142 145 147 148 149 151 152 154 156 157 158 159 160 161 162 163 164 165 166 167 168 169 170 171 172 173 175 176 177 178 179 180 181 182 183 184 185 186 187 188 189 191 193 194 195 196 197 200
120 53 121 122 125 126 127 128 130 131 133 134 135 136 137 138 139 140 144 145 146 147 149 150 151 152 153 155 156 157 158 160 162 164 165 166 168 169 170 171 172 173 175 177 178 179 180 181 183 184 187 189 190 191 192 193 194 195 196 197 198 199 200
121 99 122 125 126 127 128 129 130 131 132 133 134 135 136 137 140 141 142 143 144 146 147 148 149 151 152 154 155 156 158 159 160 161 162 163 164 165 166 167 169 170 171 173 174 176 177 178 179 182 184 186 188 189 190 191 192 195 197 198 199 200
122 59 123 124 125 126 127 128 129 130 131 133 134 135 136 137 138 139 141 143 144 145 146 147 149 150 151 153 154 156 157 158 159 160 161 162 163 164 165 166 168 169 170 171 172 173 174 175 176 178 179 180 181 184 186 187 188 189 190 192 193 194 197 198 199 200
123 61 124 125 127 128 130 131 132 133 134 135 138 139 140 142 143 144 145 147 148 149 150 151 152 153 154 155 156 157 158 159 161 162 163 164 165 168 169 170 171 172 173 175 176 178 179 180 182 183 184 185 186 187 188 189 190 194 195 196 197 199 200
124 96 126 128 129 130 131 132 133 134 135 136 137 138 139 140 143 144 145 146 147 150 151 152 154 155 156 157 158 159 161 163 165 167 168 169 171 172 173 174 176 178 180 181 182 183 184 186 187 188 190 191 192 193 194 195 196 197 198 199 200
125 60 127 128 129 130 131 132 133 135 136 137 138 140 141 145 146 147 149 151 153 154 156 157 158 159 161 162 163 164 165 166 167 168 169 170 171 172 173 174 175 176 177 179 180 182 183 185 186 187 188 189 190 191 192 193 194 195 197 198 199 200
126 69 127 128 130 131 132 133 134 135 137 139 140 142 143 144 146 149 150 151 152 153 154 155 156 157 158 159 160 162 163 166 167 168 169 170 174 176 177 179 180 181 182 183 186 187 188 189 191 192 194 196 197 198 200
127 95 128 129 130 131 132 133 134 135 137 138 140 141 142 143 145 146 147 148 149 150 151 153 155 156 157 158 159 160 161 162 163 164 165 166 167 169 170 171 172 173 174 175 176 177 178 179 180 181 182 183 184 185 186 187 188 190 191 192 193 194 195 196 197 198 199 200
128 68 130 131 132 133 134 136 137 138 139 140 141 142 143 144 145 146 147 148 150 151 152 153 155 156 157 158 159 161 162 165 166 167 168 169 170 172 173 174 176 177 178 179 181 182 183 184 185 188 189 190 192 193 194 195 198
129 65 130 131 132 133 135 136 137 138 139 140 141 142 143 144 145 146 147 148 154 155 156 157 158 159 160 162 163 164 166 167 168 169 171 172 173 174 175 176 177 179 180 181 184 185 186 187 188 189 192 194 195 196 198 199 200
130 98 131 132 133 134 135 136 137 138 139 140 141 142 143 145 146 147 148 150 151 152 153 154 155 157 159 160 161 162 164 165 166 168 169 170 171 173 174 175 176 177 178 179 180 182 183 184 185 187 189 191 192 193 194 195 196 197 198 199 200
131 86 132 134 135 136 137 138 139 140 142 143 145 146 148 149 150 152 153 154 155 157 158 159 160 161 162 163 164 165 166 167 168 169 170 171 173 174 175 177 178 180 181 182 183 184 186 189 190 191 193 196 197 198 199
132 68 133 134 136 138 139 142 143 144 145 146 147 148 149 150 153 154 156 157 158 159 160 161 162 163 164 165 167 168 169 170 172 174 175 176 177 178 179 181 182 183 184 185 186 187 188 191 192 193 194 195 196 197 198 199 200
133 94 134 136 137 138 139 140 141 142 143 144 145 146 148 149 150 151 152 153 154 155 156 158 159 160 161 162 163 166 167 168 169 170 171 172 173 174 175 176 177 178 179 180 182 183 187 188 189 190 191 192 195 196 197 198 199 200
134 78 135 136 137 139 140 142 143 144 145 147 148 150 151 152 153 154 155 156 158 159 160 161 162 163 165 166 167 169 170 172 173 176 177 178 179 180 181 183 184 185 187 188 190 191 192 193 194 195 196 197 198 200
135 63 136 137 138 140 141 142 144 145 147 148 149 151 152 153 154 155 156 158 159 160 161 164 165 168 170 171 172 173 174 175 178 179 181 182 183 184 185 186 187 190 191 192 193 194 195 196 198 199 200
136 95 137 138 139 141 142 143 144 145 146 147 148 149 151 152 153 154 156 157 158 159 160 162 163 164 165 166 167 168 169 170 171 172 173 174 175 176 177 178 179 180 181 182 183 184 188 189 190 191 192 193 194 195 196 197 198 199 200
137 72 138 140 141 142 143 144 145 147 148 149 150 151 153 154 155 156 157 158 159 161 162 163 164 165 166 168 169 170 171 172 173 174 175 176 177 178 179 180 181 182 183 184 185 186 187 188 189 190 191 192 193 194 197 199 200
138 62 139 140 141 142 143 144 145 146 149 150 151 152 153 154 156 159 160 161 162 164 165 166 168 169 170 171 172 173 175 177 178 179 180 182 183 184 185 186 187 188 190 191 192 193 194 195 197 200
139 82 140 141 142 143 144 145 146 147 148 149 150 151 152 153 154 155 156 157 158 159 160 161 162 164 165 166 167 168 169 170 171 172 174 175 176 177 178 179 180 181 183 184 185 186 188 189 190 191 192 193 194 195 196 197 199 200
140 89 141 142 143 144 145 146 147 149 150 151 154 156 157 158 159 160 161 162 163 164 165 166 167 168 169 170 171 172 173 174 175 176 177 178 179 180 181 182 184 185 188 189 190 192 194 195 197 198 199 200
141 83 142 143 144 145 146 147 148 149 150 152 153 154 155 156 157 158 159 160 161 162 163 164 165 166 167 168 170 171 173 174 175 176 177 178 181 183 184 185 187 188 189 190 191 193 194 195 196 197 198 199 200
142 96 143 144 145 146 147 148 150 151 153 154 155 156 157 158 159 160 162 163 164 165 166 168 170 171 172 173 174 175 176 180 181 182 183 184 187 189 190 191 193 194 196 197 198 199 200
143 96 144 145 148 150 151 155 156 158 159 161 162 163 164 165 166 167 168 169 170 172 173 174 176 177 178 179 180 182 183 185 186 187 188 189 190 192 193 194 195 196 198 199 200
144 99 147 148 149 150 151 152 153 154 155 156 157 158 159 160 161 162 163 164 167 168 169 173 174 175 176 177 178 179 180 181 182 183 187 188 189 190 191 192 194 195 198 199 200
145 97 146 147 148 149 151 152 153 154 155 157 158 159 160 161 162 163 164 166 168 169 171 173 174 176 178 180 181 182 183 184 185 186 188 189 190 191 192 193 194 196 197 199 200
146 62 147 148 150 152 153 155 156 157 160 161 162 163 164 165 166 167 168 170 172 174 175 177 179 180 181 183 184 186 187 188 190 191 192 193 194 195 196 199 200
147 79 148 149 150 151 152 153 154 156 157 159 160 161 162 163 164 166 168 169 170 172 173 174 175 176 177 178 179 180 181 182 183 184 186 187 188 189 190 192 193 195 196 197 198 199 200
148 82 150 152 153 154 155 157 158 159 160 161 163 164 165 166 167 168 170 171 172 173 176 177 178 179 181 182 183 184 185 186 187 188 189 190 192 193 194 195 196 197 199 200
149 96 150 152 153 154 155 156 157 158 159 160 161 163 164 165 167 168 170 171 172 173 174 175 176 177 178 179 180 181 182 183 184 186 187 188 189 190 191 193 194 195 196 197 199 200
150 99 151 152 153 154 155 156 157 158 159 160 161 162 163 164 165 166 167 168 173 174 175 176 177 179 180 181 182 183 184 185 186 188 189 191 192 193 194 195 196 198
151 99 152 154 155 156 157 158 159 162 163 165 166 167 168 169 170 171 172 173 174 175 176 177 178 179 180 181 182 183 184 185 186 187 188 189 190 192 193 194 197 198 199 200
152 94 153 154 157 158 160 161 162 164 166 167 168 169 170 171 172 173 174 176 177 178 181 184 185 186 187 188 189 191 192 193 194 195 196 197 198 199 200
153 99 155 156 159 161 162 163 164 165 166 167 168 169 170 172 173 174 175 176 177 178 179 180 181 182 183 184 186 187 188 189 190 191 192 193 194 195 196 197 198 199 200
154 50 155 156 157 158 160 161 162 164 165 166 168 169 171 172 173 174 175 176 177 178 179 180 181 182 183 184 185 186 187 189 190 191 194 195 196 197 198 199 200
155 92 156 157 158 162 163 164 165 168 169 170 171 174 175 176 177 178 179 180 181 182 184 185 186 187 188 189 191 192 193 194 196 197 200
156 59 157 158 159 160 161 163 164 165 166 167 168 169 170 171 173 174 175 176 177 178 179 180 181 182 183 184 185 186 187 188 189 190 191 192 193 194 195 196 197 198 199 200
157 68 158 159 160 161 162 163 164 165 166 168 169 170 171 173 174 175 176 178 181 182 183 184 186 187 188 189 190 191 192 193 194 195 197 198 199
158 78 159 160 161 163 164 166 167 168 169 170 171 172 173 175 176 178 179 180 181 182 183 184 185 186 191 193 194 196 197 198 199 200
159 66 163 164 165 166 168 169 170 171 172 173 175 176 177 178 179 180 182 184 185 186 187 188 190 191 193 195 196 198 199 200
160 82 162 163 164 165 166 167 168 171 172 173 174 175 178 179 180 181 182 183 185 188 189 190 191 194 195 196 197 198 199 200
161 60 162 163 165 166 167 168 169 171 172 174 175 176 177 178 179 180 181 182 183 184 185 186 187 188 189 190 191 192 193 194 196 197 199 200
162 83 163 164 165 166 168 169 170 171 172 173 176 177 178 179 180 181 182 183 185 188 189 190 191 192 193 194 196 197 198
163 66 164 166 167 168 169 171 173 174 175 177 178 179 180 182 183 184 185 186 187 188 189 190 192 193 194 196 197 198 199 200
164 100 165 167 168 169 171 172 173 174 175 176 177 178 179 180 181 182 183 184 185 186 187 188 190 191 192 193 194 196 197 198 200
165 56 166 167 168 169 170 171 172 173 174 175 176 177 178 179 180 182 183 184 185 189 192 193 194 195 196 198 199
166 59 168 169 171 172 173 174 175 178 179 180 184 186 188 189 190 191 193 197 198
167 79 168 169 170 171 172 174 176 177 180 181 182 183 184 185 186 187 188 189 190 191 193 194 195 196 197 198 199 200
168 71 169 170 171 172 173 174 177 178 179 180 181 182 184 185 186 187 189 190 191 192 193 194 195 197 198 199 200
169 68 170 171 173 174 175 176 177 178 179 180 181 182 183 184 186 187 188 189 191 192 193 196 197 198 199
170 50 171 172 173 174 175 177 178 179 180 181 182 184 185 186 187 188 189 190 191 192 193 194 195 196 197 199
171 73 172 173 174 175 176 178 179 180 181 184 185 186 187 188 189 190 191 192 195 196 198 199 200
172 65 173 174 175 177 178 179 181 182 183 184 185 186 187 189 190 191 192 194 195 197 198 199 200
173 62 174 175 176 177 178 179 180 181 182 183 184 185 186 187 188 190 191 192 193 194 195 196 198 199 200
174 50 177 178 179 180 181 182 183 184 185 186 187 188 189 190 191 192 196 197 198
175 96 178 179 180 181 182 184 187 188 189 190 191 192 194 195 199 200
176 83 177 178 179 182 183 185 186 188 189 190 191 192 193 194 195 196 197 198 199 200
177 61 178 179 180 181 182 183 184 185 186 187 189 190 192 194 195 196 197 198 199 200
178 94 181 182 183 184 185 188 189 190 191 192 193 194 195 196 197 198 199 200
179 61 180 184 185 186 187 188 191 192 193 196 197 198 199 200
180 90 181 182 183 184 186 187 188 189 192 194 197 198
181 97 182 183 184 185 186 187 188 189 190 191 192 193 194 195 197 199 200
182 72 183 184 186 187 188 190 193 194 195 196 197 198 199 200
183 65 184 185 186 187 188 190 191 192 193 195 196 199 200
184 78 185 188 189 190 193 194 195 196 197 198 199 200
185 81 186 187 188 189 190 191 192 193 194 195 196 197 199 200
186 53 187 189 190 191 192 193 194 195 196 197 198 199
187 65 189 190 191 192 194 195 196 197 199
188 50 189 190 191 192 193 194 195 196 197 198 199 200
189 67 191 193 194 196 197 198 199 200
190 73 191 193 194 195 196 197 198 199 200
191 87 193 194 195 196 197 198 199 200
192 77 193 195 196 198 199 200
193 79 194 195 196 197 198 199 200
194 97 195 196 197 198 199 200
195 73 196 197 198 200
196 79 197 198 199 200
197 59 198 199 200
198 76 199 200
199 75
200 100
