200
1 22 2 3 9 15 16 19 20 21 23 24 25 27 28 29 30 33 39 40 41 43 44 45 50 51 52 59 60 61 62 65 70 71 72 74 76 77 79 81 83 84 85 87 89 90 91 92 94 103 104 105 107 108 109 112 113 115 118 121 123 126 127 128 130 135 136 137 141 142 144 148 152 156 157 158 159 160 166 169 171 172 174 181 184 185 187 188 190 191 193 194 195 196 198 200
2 47 5 7 8 9 11 12 13 14 16 19 26 29 30 32 34 38 40 41 42 43 47 48 50 52 53 58 59 60 63 67 68 70 73 78 79 80 82 86 88 90 91 93 96 99 102 104 106 108 111 113 114 115 118 119 121 122 126 128 130 131 134 137 138 141 144 146 147 149 150 151 154 155 157 159 161 162 164 171 173 176 177 179 180 181 183 184 185 186 187 188 189 191 192 193 194 195 196 197 198 199
3 93 4 5 6 11 13 17 18 29 30 33 38 39 41 43 46 48 49 50 53 55 66 67 69 72 74 75 76 77 78 79 81 94 95 96 97 98 103 105 106 109 112 113 114 115 118 120 122 123 124 125 127 128 129 130 131 132 135 136 139 144 146 147 149 150 151 154 155 156 157 158 163 164 165 166 172 174 175 177 178 179 180 182 184 185 189 191 192 195 200
4 29 5 6 7 8 9 11 12 17 18 20 21 24 25 26 32 33 34 35 36 39 44 47 48 50 55 58 59 62 68 70 71 72 73 76 77 81 82 87 88 89 90 91 92 94 96 97 99 101 102 103 104 105 107 109 112 115 116 118 119 121 124 127 129 135 136 146 147 149 150 151 152 155 156 160 162 165 167 168 171 172 174 177 179 180 183 186 187 190 192 193 197 198 199 200
5 33 7 8 10 13 14 17 20 21 22 23 24 25 29 30 33 34 35 36 40 41 44 46 47 50 53 56 59 64 65 66 67 73 75 76 78 80 81 82 84 85 87 88 91 93 94 95 97 101 102 103 104 105 108 109 111 113 114 116 117 119 120 122 123 125 127 128 130 131 132 133 135 136 138 140 141 142 143 147 149 150 152 154 156 157 159 160 161 162 164 169 177 178 179 180 182 183 186 188 189 190 197 198 200
6 33 15 17 19 20 21 23 27 28 29 31 33 37 38 39 40 48 49 52 53 54 57 63 69 72 73 75 77 78 79 80 81 88 89 90 93 94 95 96 100 101 103 106 110 111 114 115 120 124 126 128 130 133 135 136 137 139 140 142 145 146 147 150 152 155 156 158 159 160 162 164 165 167 168 170 172 174 176 178 179 180 182 183 186 188 191 194 197 198
7 70 8 10 11 13 15 16 19 20 21 22 23 24 25 26 27 28 29 30 32 34 36 37 38 42 46 48 49 51 52 55 56 60 61 62 64 67 68 69 70 71 72 73 74 75 76 77 78 81 82 83 87 88 89 91 94 95 100 101 106 108 114 115 116 117 119 122 126 131 133 136 137 139 142 143 145 148 149 155 159 161 162 164 165 168 169 170 171 172 173 175 176 177 180 181 182 183 184 186 188 190 194 197 198 199
8 72 9 10 11 12 14 15 16 17 19 20 22 25 26 27 29 31 32 33 34 35 36 37 39 41 44 45 46 47 48 49 50 52 54 55 57 61 64 68 72 76 79 80 82 83 85 86 89 90 92 93 94 95 97 99 103 106 107 110 111 113 117 118 119 120 122 128 129 131 132 134 137 139 140 141 145 147 148 151 152 153 154 156 162 163 164 165 166 167 169 170 172 174 176 177 178 186 187 189 190 191 192 193 195 197 199 200
9 69 10 11 15 19 20 22 24 26 27 29 30 33 34 36 38 41 42 43 44 46 47 48 53 56 58 61 63 64 65 75 77 78 79 81 82 88 93 97 101 102 103 105 108 110 111 112 113 114 115 117 118 119 120 121 122 125 128 130 131 132 134 135 137 138 142 144 146 149 151 152 154 156 157 158 160 162 163 166 167 172 174 175 178 181 182 186 187 190 191 192 193 194 196 197 198 199 200
10 47 12 14 19 27 30 32 34 35 39 40 44 45 47 48 49 51 52 53 54 56 57 58 59 61 62 64 65 68 72 75 76 78 82 83 87 89 90 94 96 97 98 102 103 106 107 108 109 111 114 118 119 121 122 123 124 132 134 137 138 139 141 142 146 147 148 150 151 153 156 158 164 167 168 170 174 175 179 181 182 185 186 189 196 197 200
11 59 12 13 14 19 21 22 23 26 28 29 33 34 35 37 38 42 44 46 48 49 50 51 52 53 55 68 71 72 73 76 77 86 88 91 92 98 99 100 101 102 107 108 109 110 112 113 114 115 116 117 118 121 122 124 125 127 129 130 133 137 138 140 141 143 145 147 148 149 153 154 160 162 166 171 172 173 178 179 180 183 184 185 188 190 192 193 195 198 199
12 27 13 14 15 17 18 29 30 31 32 37 38 39 42 43 45 47 49 51 52 54 57 59 60 62 63 65 67 68 74 76 77 78 80 84 85 88 89 94 95 97 98 100 101 102 104 107 108 110 116 117 118 124 125 126 129 131 132 133 134 137 138 139 140 143 144 146 147 152 153 154 155 158 159 161 162 163 165 166 167 170 171 174 175 176 178 179 182 183 185 186 187 190 191 195 196 197 199 200
13 65 15 16 22 25 26 30 31 33 36 37 38 39 40 42 45 47 48 50 53 54 56 59 62 63 65 68 69 70 71 72 73 74 77 78 80 83 84 87 91 94 95 96 98 101 102 103 107 108 109 111 112 113 118 119 125 127 129 131 132 137 138 139 140 146 148 149 153 154 155 156 160 163 164 166 167 170 172 176 177 180 182 183 187 193 194 196 197 198 199
14 62 15 17 19 22 23 24 28 32 33 34 36 38 41 43 44 45 46 47 49 50 52 57 58 59 60 61 63 64 66 67 68 70 71 77 78 81 82 83 87 89 91 99 100 104 106 107 108 110 111 114 118 119 121 122 123 124 125 127 128 129 132 133 136 137 138 141 142 144 145 146 149 152 153 154 156 159 163 165 169 170 172 173 174 178 179 181 182 184 186 195 196 197 199
15 42 16 22 24 25 26 28 31 34 36 37 38 39 41 42 43 45 46 47 53 56 57 58 60 62 66 70 71 72 73 75 76 80 82 83 85 87 89 91 93 94 95 97 98 99 103 106 107 109 111 113 114 115 117 120 121 122 127 128 129 130 131 134 135 136 137 142 143 144 145 147 148 150 154 155 157 160 162 167 169 171 174 175 176 180 182 183 185 187 190 191 192 195 198 199 200
16 45 19 21 22 24 26 32 33 34 38 39 40 42 44 45 47 50 52 53 55 56 57 58 59 61 62 63 65 66 67 68 71 74 75 78 79 81 89 93 97 98 99 100 103 106 107 111 113 114 121 125 130 132 133 134 135 136 138 139 140 142 144 145 146 147 148 150 152 153 163 164 165 166 167 169 170 175 176 177 179 180 182 185 186 187 192 194 196 197 199 200
17 41 20 22 26 28 32 33 37 41 45 47 48 50 55 56 57 59 62 63 66 67 70 72 75 77 78 79 80 82 83 84 85 86 88 89 92 93 94 95 97 98 99 100 102 103 105 108 109 112 113 114 115 119 120 123 126 130 131 133 135 137 138 141 142 145 146 151 152 154 155 156 162 163 164 165 166 168 169 170 171 174 175 176 177 178 181 185 187 188 190 191 192 195 196 197
18 85 19 22 26 27 28 32 33 34 35 36 37 41 43 44 46 47 48 50 51 53 57 60 61 68 69 74 75 76 78 79 83 84 85 86 87 88 91 92 94 95 97 100 102 104 107 110 111 112 114 116 117 118 119 120 121 122 125 126 127 129 130 132 135 136 139 142 146 148 149 150 152 154 156 159 163 166 168 170 171 174 175 176 179 180 181 183 186 187 188 189 191 193 195 197 200
19 82 21 24 28 29 30 31 36 37 38 43 44 46 47 48 50 53 54 56 58 62 64 65 66 68 73 77 80 90 91 92 94 95 96 98 101 103 104 107 108 112 113 117 118 122 124 125 126 128 130 132 134 138 139 141 149 150 153 157 158 159 160 163 164 167 172 177 179 180 182 184 185 189 192 193 194 197
20 45 22 25 26 27 28 29 32 33 35 36 37 39 40 43 45 50 51 52 53 54 55 56 58 60 62 64 65 66 70 71 72 75 79 80 81 83 88 89 91 92 93 98 99 101 103 104 105 107 111 112 113 114 117 118 120 121 122 123 128 129 133 136 139 140 142 145 148 150 152 154 155 158 163 165 166 168 172 173 175 176 178 180 183 189 191 194 196 197 199 200
21 39 25 27 30 31 34 36 37 43 44 45 48 49 51 52 56 57 60 61 64 66 67 68 70 71 74 75 78 79 80 81 84 88 90 91 94 96 99 100 102 104 105 106 109 112 115 118 121 123 124 125 126 127 128 129 135 136 137 140 142 144 146 148 149 152 154 156 160 161 162 163 164 166 167 169 171 172 175 176 177 178 179 181 183 184 187 188 191 193 197
22 71 23 25 26 31 33 35 36 37 38 39 41 43 44 45 47 49 50 53 54 55 56 57 58 61 62 63 65 67 68 70 73 74 75 76 77 80 81 83 85 86 89 91 94 96 100 101 102 104 105 109 110 111 112 114 115 116 119 123 124 125 129 131 134 135 136 137 139 141 144 145 146 147 148 150 158 159 163 164 166 168 169 172 176 177 178 179 180 181 182 183 184 185 186 187 188 194 196 198 200
23 27 24 28 30 31 32 33 36 37 38 42 44 47 48 51 54 57 61 62 63 64 66 69 72 79 80 82 83 86 87 88 89 90 94 95 97 98 101 102 104 106 110 112 113 115 124 125 126 130 131 133 134 137 138 141 142 143 144 145 146 147 148 152 153 155 157 160 164 167 168 169 170 171 172 174 180 182 184 186 188 192 195 200
24 89 25 28 30 33 35 37 39 42 44 45 46 47 53 55 56 58 61 63 64 65 66 70 71 72 74 78 79 80 83 85 88 90 92 94 97 99 100 103 104 105 108 109 110 111 113 114 115 118 122 123 124 126 128 131 132 135 136 137 139 141 142 143 144 145 147 151 152 155 158 160 163 164 165 168 170 171 172 173 174 175 176 178 179 182 183 185 186 189 190 192 195 196 197 198 199
25 52 27 28 31 33 34 35 36 38 40 42 43 44 45 47 49 51 54 55 56 57 59 61 64 66 68 69 70 71 72 73 76 79 80 81 83 85 86 87 89 91 93 94 95 96 97 98 101 103 105 109 110 113 115 117 119 122 123 125 131 132 134 135 137 138 139 140 141 143 145 149 151 154 157 160 162 164 167 169 170 171 172 173 174 176 185 186 189 190 193 195 196 197 198 199
26 24 28 30 32 33 34 35 36 38 41 42 46 47 49 50 54 59 61 63 64 65 73 74 75 77 78 82 85 88 91 92 93 99 101 106 110 114 119 120 121 122 123 124 125 126 129 130 135 141 142 145 151 152 155 157 161 165 166 169 170 172 173 174 177 178 180 181 182 187 188 189 190 191 194 195 199 200
27 31 33 34 35 37 39 40 42 43 44 45 49 50 51 52 54 55 56 57 58 62 63 64 66 67 68 70 71 72 74 75 76 78 79 80 81 84 86 87 88 89 90 93 95 96 97 98 100 102 104 107 108 109 113 114 115 117 118 123 126 127 129 130 131 133 135 136 140 141 142 144 146 147 148 150 152 154 158 161 162 163 168 171 172 175 177 178 179 181 183 184 185 188 189 191 192 193 194 200
28 70 29 30 31 34 37 38 41 43 44 45 47 48 51 53 56 57 58 60 62 63 68 70 72 74 75 76 77 78 79 80 82 85 86 87 88 89 91 92 93 94 97 98 99 100 101 102 105 106 107 108 113 114 116 117 121 123 125 126 127 128 130 133 134 135 136 137 138 142 143 147 148 149 150 154 155 163 164 166 167 170 172 176 177 178 179 182 184 185 187 189 190 191 192 193 194 197 198
29 87 30 31 36 38 39 43 45 46 47 51 52 53 54 55 57 59 66 69 71 72 73 78 81 84 85 87 88 91 92 93 94 95 97 99 101 103 105 107 109 113 114 116 119 120 121 122 124 127 130 131 132 133 137 139 140 142 143 146 150 151 152 154 155 156 157 159 160 162 163 165 166 167 170 171 173 174 176 177 178 181 182 183 187 188 189 190 192 195 197 198
30 32 31 34 35 36 37 42 47 48 49 51 57 61 63 64 66 67 68 69 71 72 79 82 85 86 87 88 89 92 93 94 97 99 100 101 105 106 107 108 109 110 112 113 115 117 118 120 121 123 124 126 128 130 131 134 136 138 140 141 142 143 144 145 147 149 152 155 159 161 162 163 164 166 167 169 170 174 178 180 181 182 184 185 188 191 193 198 199 200
31 43 32 35 36 37 38 39 40 41 42 45 48 49 51 54 55 56 58 61 64 67 68 70 77 78 79 80 81 82 85 87 88 89 90 91 92 94 97 99 100 101 102 103 105 106 108 110 112 113 117 120 124 128 131 132 135 136 142 143 146 147 151 153 154 157 159 160 161 166 167 169 170 175 177 179 180 181 183 185 190 195 196 197 198 199
32 26 34 35 36 37 38 41 43 44 45 46 47 49 50 51 52 55 57 58 62 63 64 68 70 73 75 76 79 80 81 82 89 93 94 96 97 99 101 102 103 104 106 112 113 114 117 118 120 122 124 125 126 127 128 131 133 134 136 137 138 140 143 144 147 150 152 153 154 157 159 160 162 165 166 167 170 172 173 174 175 182 184 185 186 187 188 191 196 199 200
33 28 35 41 43 44 45 46 48 49 50 51 52 53 57 58 61 62 64 70 74 76 80 81 85 87 89 91 94 95 96 97 103 104 105 106 107 108 109 110 111 112 114 115 120 121 122 123 124 127 128 129 130 132 133 139 141 144 145 148 151 152 154 156 159 161 162 166 168 170 174 175 176 177 178 180 188 189 190 192 193 197 199
34 61 35 45 47 48 49 50 54 59 61 64 70 72 77 78 81 82 83 89 92 93 100 101 105 106 107 111 115 117 120 121 122 123 125 128 129 131 132 137 143 144 145 149 152 153 154 155 158 160 162 163 165 166 167 168 170 171 172 173 174 176 178 179 180 182 183 184 185 186 187 189 191 192 193 194 196 199 200
35 44 41 42 45 47 49 52 53 55 56 57 58 59 61 63 64 65 70 71 72 74 76 78 80 85 86 87 88 95 100 102 103 106 107 108 110 112 114 117 119 123 124 127 129 131 132 134 137 141 142 145 146 149 150 151 157 158 159 160 166 169 172 173 178 182 184 185 188 189 191 192 193 195 196 199 200
36 98 37 38 39 40 41 42 43 47 51 52 58 61 64 65 66 70 72 74 75 78 80 81 83 86 88 89 92 93 100 102 103 104 107 118 121 123 124 125 127 130 131 134 135 146 147 150 151 154 157 159 162 163 165 166 167 168 169 170 171 173 174 175 176 179 180 183 184 190 191 192 193 196 200
37 34 40 42 43 45 47 48 49 50 52 53 54 55 56 59 62 63 66 67 68 69 70 71 73 75 78 81 83 85 87 88 89 92 93 94 95 98 99 100 101 102 104 106 107 108 111 114 115 121 122 125 129 130 131 135 138 139 147 149 150 151 153 155 156 158 162 166 168 169 170 171 172 173 176 177 184 186 188 189 191 193 194 196 198
38 46 39 43 45 46 48 49 54 55 56 58 60 61 64 68 72 73 76 77 81 82 83 89 90 93 94 97 98 100 101 103 106 110 112 116 117 118 119 121 122 129 131 132 134 137 140 141 142 143 144 147 149 151 156 159 160 161 162 163 165 166 169 171 172 174 177 179 181 182 183 184 186 189 192 193 194 195 197 198 199
39 92 42 46 47 52 55 60 63 64 68 69 71 72 73 77 79 81 82 87 89 93 94 97 101 103 105 108 109 110 117 119 120 123 124 125 126 127 128 131 133 134 137 138 139 142 146 149 150 151 153 155 156 159 160 161 164 167 168 171 172 173 174 178 180 181 182 183 187 194 195 197 198
40 64 42 43 44 46 47 51 54 55 56 60 61 62 64 66 67 71 73 75 76 77 79 81 82 84 85 88 89 90 92 95 96 97 98 99 101 102 104 108 109 111 112 113 114 116 118 120 125 127 128 129 130 131 133 135 137 140 143 146 147 152 153 155 159 160 164 165 173 174 175 180 181 182 184 185 187 188 189 191 192 193 194 195 197 198
41 73 42 50 51 53 54 56 57 62 64 67 69 72 73 74 75 77 80 81 82 84 86 87 88 90 91 92 94 96 97 99 100 101 102 103 104 105 107 108 109 110 111 112 114 116 117 118 121 122 124 125 126 127 128 131 132 135 136 137 138 140 143 144 147 148 150 151 153 155 156 157 159 160 161 162 164 165 166 169 171 172 174 177 180 181 182 183 186 188 189 190 192 194
42 30 43 44 45 46 48 49 51 53 54 55 57 58 59 60 61 62 63 64 65 70 71 77 79 81 83 85 87 89 91 97 98 101 103 106 107 108 111 112 114 116 118 119 121 122 123 125 126 128 129 135 136 137 140 143 150 151 155 156 158 159 160 163 165 172 173 175 176 177 178 179 180 185 186 187 189 191 192 196 197 198
43 96 45 48 49 54 55 56 57 58 59 60 63 66 67 69 72 73 74 76 79 80 81 84 86 87 88 94 95 97 101 103 104 105 106 107 110 111 112 113 115 116 117 118 119 120 124 125 127 128 129 130 131 132 133 134 145 147 148 149 150 151 153 154 155 158 160 163 165 166 167 169 170 171 173 175 176 178 180 182 183 186 187 188 190 192 193 194 195 196 198 199 200
44 57 45 50 52 55 57 60 62 63 64 65 71 73 76 77 78 82 84 86 88 89 91 92 93 94 95 97 98 100 101 104 107 110 113 115 118 120 121 123 124 126 127 128 130 134 136 137 142 144 149 151 152 153 154 157 158 160 161 163 166 168 170 171 172 173 174 175 176 179 181 182 184 187 188 190 193 195 196 198 199
45 48 48 49 50 51 54 57 62 63 64 65 69 70 74 78 80 82 84 85 86 88 92 93 95 99 100 103 104 109 110 111 112 116 118 120 123 129 130 131 133 134 135 137 142 145 146 149 154 155 156 157 158 161 162 165 167 168 170 171 172 173 175 176 177 179 180 182 183 186 187 188 191 194 195 198
46 83 48 49 52 53 55 57 58 63 65 67 69 72 73 77 79 80 83 84 86 88 97 98 100 101 106 108 109 110 113 116 118 119 121 124 125 129 130 131 133 134 136 140 141 142 148 151 152 153 154 157 162 165 168 169 170 172 174 175 177 178 180 183 185 186 189 190 191 194 197 199 200
47 56 48 51 53 54 59 60 63 64 65 67 68 69 70 71 72 73 74 76 79 83 84 88 89 90 91 94 95 96 97 99 100 102 107 108 110 112 113 114 115 116 118 120 121 123 125 127 128 129 130 131 132 133 134 137 139 140 141 142 143 147 149 150 152 157 158 159 160 166 169 172 173 174 175 180 181 182 185 186 188 191 192 193 194 199 200
48 59 49 50 51 54 55 57 59 62 64 65 66 68 71 74 75 80 81 82 84 86 88 90 91 92 94 95 96 97 98 99 100 101 103 105 108 109 114 116 119 120 121 122 124 125 126 127 129 133 134 135 138 139 140 142 144 146 147 148 149 150 152 157 158 160 161 162 164 165 166 169 171 173 174 176 182 183 184 187 190 191 193 194 195 196 197 199
49 33 51 52 56 57 61 62 63 70 71 74 75 76 77 80 81 84 85 88 89 90 91 92 93 95 97 99 100 102 104 105 107 108 109 110 114 116 118 120 121 123 125 127 129 132 133 137 139 142 143 146 147 148 149 153 156 158 159 161 162 163 165 166 168 170 172 173 174 176 177 183 187 188 189 190 191 194 196 199 200
50 60 51 52 60 62 63 64 66 67 69 71 72 73 77 78 79 82 84 85 86 87 88 89 91 96 97 98 101 105 106 112 114 115 116 119 122 123 125 126 129 130 131 132 133 134 136 139 140 141 142 143 145 149 153 157 159 162 163 164 167 169 171 172 173 174 176 180 184 187 188 189 190 191 194 196 197 198 199 200
51 67 53 54 55 60 61 62 63 64 66 68 71 74 75 76 79 81 84 85 86 87 89 90 93 94 98 99 100 107 110 116 119 122 124 126 130 132 133 134 135 143 145 147 149 153 156 160 165 166 167 168 169 174 176 178 179 181 182 183 188 189 191 192 198
52 96 53 55 59 60 61 66 67 70 71 72 78 79 80 82 84 85 87 88 89 91 92 93 94 95 96 97 99 102 104 105 106 107 109 111 112 116 117 118 119 120 121 123 124 125 126 129 132 137 138 140 143 144 146 148 149 150 151 152 157 162 164 166 167 168 169 171 172 173 174 175 177 178 179 182 184 186 189 192 194 195 199
53 93 54 58 59 60 61 62 63 64 65 66 67 72 73 75 76 79 80 81 82 83 84 85 86 88 89 92 95 97 98 99 104 108 109 112 116 117 119 120 121 123 130 132 133 134 135 136 138 139 141 144 145 146 147 150 152 162 163 165 167 168 171 172 177 179 180 181 185 186 187 188 190 191 192 193 195 196 197
54 92 55 56 58 60 63 65 66 68 73 74 75 76 77 81 82 83 85 86 89 90 91 93 95 96 97 100 102 107 108 109 110 112 113 114 116 117 120 121 122 125 126 128 129 130 131 133 137 138 141 143 144 147 148 149 151 153 154 155 157 159 161 162 163 166 171 172 175 176 177 178 179 180 183 187 188 189 193 194 196 198 199 200
55 87 57 61 64 65 67 73 75 79 81 84 85 94 98 104 107 110 112 113 114 116 117 119 120 124 126 127 128 129 130 133 137 138 139 140 142 144 147 148 149 150 152 153 156 157 158 159 160 162 163 167 168 169 171 174 175 177 179 181 183 184 185 187 190 192 197
56 26 58 59 60 64 66 67 69 74 77 78 79 81 82 84 87 89 90 93 94 95 97 98 99 101 102 103 105 107 110 111 114 117 122 123 125 130 140 143 146 147 149 152 154 155 158 162 163 166 167 168 169 171 172 173 178 182 185 186 187 189 190 191 195 196 200
57 49 63 64 66 67 68 69 71 74 76 77 79 80 81 82 83 84 87 90 94 96 98 99 103 106 109 111 112 113 116 117 118 121 125 126 132 133 135 136 139 141 142 146 148 149 150 152 153 154 155 156 157 158 159 160 163 170 173 175 178 179 180 181 183 185 186 187 189 191 192 193 196 198 199
58 59 62 63 66 67 68 69 72 73 75 76 79 80 82 83 85 87 88 89 91 95 96 98 100 101 102 104 105 106 107 108 109 110 112 113 115 116 118 120 122 123 125 127 129 132 133 135 136 137 138 140 141 144 146 148 150 151 152 153 154 156 160 169 171 172 173 174 175 176 179 182 186 188 190 193 194 196
59 55 63 65 66 70 73 77 79 80 81 83 84 88 89 90 92 94 97 98 99 102 105 107 109 111 112 114 115 116 118 119 120 123 124 125 130 134 135 136 138 143 150 155 157 159 162 167 168 169 172 173 175 176 178 180 181 182 183 185 188 195 197 198 199
60 32 66 67 69 70 73 74 75 76 77 79 80 82 83 84 85 86 88 91 92 93 95 96 99 100 101 103 105 109 111 112 114 115 116 120 121 124 126 129 130 131 132 135 136 137 138 139 140 144 145 146 148 149 151 152 157 158 159 162 163 164 167 169 170 172 173 174 180 182 183 184 185 186 189 195 196 197 198
61 32 63 64 66 67 70 71 73 76 80 81 82 83 84 85 88 90 94 96 100 101 103 105 107 108 110 112 113 115 117 118 120 123 125 127 128 129 131 132 133 134 138 139 140 142 143 144 145 146 147 148 149 153 157 158 159 160 164 165 167 168 170 172 174 176 178 180 181 185 188 190 192 194 195 198 199
62 85 65 67 70 71 73 76 77 79 81 82 83 88 90 92 94 95 96 99 100 102 103 110 111 114 115 117 119 122 123 124 127 128 130 132 135 136 138 139 140 141 144 146 147 148 150 151 152 156 159 162 167 168 169 171 173 182 184 187 188 190 191 193 195 196
63 45 65 66 69 71 73 74 75 76 81 82 83 84 87 89 90 91 92 96 97 100 101 104 106 108 109 112 113 114 115 116 118 119 121 122 123 125 127 128 131 134 135 136 141 143 146 148 149 151 153 154 158 159 162 167 168 171 173 178 179 182 185 187 188 190 191 192 194 195 199
64 64 70 73 74 76 77 79 80 81 82 83 84 85 86 88 91 96 98 99 101 102 103 104 105 107 108 109 111 113 114 115 116 118 121 124 125 128 129 131 133 135 140 141 142 147 154 157 160 161 162 163 164 166 168 169 171 173 174 177 179 180 184 185 186 187 190 193 195 196 197 199 200
65 59 67 68 69 70 71 73 74 75 76 77 78 79 80 83 86 88 89 91 94 95 97 101 103 105 106 107 108 109 113 117 118 120 121 123 124 125 126 129 130 132 133 139 144 152 153 154 155 156 157 159 160 161 163 173 174 175 177 178 179 184 186 187 191 192 193 196 197 198 199 200
66 67 69 71 74 76 79 81 82 83 84 85 87 89 96 98 102 103 104 105 109 110 112 113 115 116 117 119 121 123 124 126 128 129 130 132 133 136 137 139 142 143 145 146 147 152 154 158 161 164 165 167 168 171 176 179 180 181 182 186 189 194 195 198 199 200
67 62 70 74 75 80 82 83 86 87 88 90 91 92 93 95 96 99 102 105 106 109 110 111 113 116 117 118 119 121 123 124 126 128 130 133 135 137 138 141 142 145 147 149 150 153 154 159 160 161 163 168 169 175 176 178 184 185 186 187 191 192 193 195 200
68 73 70 72 73 77 78 79 81 82 84 89 93 96 99 102 104 105 106 110 113 115 116 118 122 124 125 126 127 129 138 140 143 145 147 153 154 156 157 159 160 162 166 168 169 170 171 176 178 179 182 186 193 197 199 200
69 73 71 72 75 76 77 78 79 80 81 83 84 86 88 89 91 93 94 99 103 107 109 110 111 112 115 116 119 120 121 123 124 126 127 129 130 132 134 135 136 137 138 139 140 142 145 146 150 151 152 153 154 155 156 157 160 161 163 167 168 170 171 172 173 174 175 179 180 181 184 185 186 193 194 195 196 198 199 200
70 22 71 74 78 79 84 85 86 88 89 92 93 95 96 97 98 99 101 107 108 109 111 112 116 117 119 121 122 123 124 125 127 129 131 132 133 134 137 138 139 140 145 146 151 154 156 159 160 161 164 165 168 173 178 180 182 185 187 188 190 192 194 195
71 70 73 75 83 84 86 89 93 94 97 98 100 102 103 105 107 108 111 112 114 115 117 119 123 125 127 130 131 133 136 137 138 141 144 145 146 147 149 150 154 156 159 161 162 163 164 166 168 169 170 173 178 180 182 183 184 188 189 192 193 198
72 89 73 75 77 78 79 80 83 87 88 89 93 94 95 96 102 104 107 111 112 116 120 122 124 125 126 127 130 133 136 137 138 141 143 144 145 146 147 148 150 152 154 156 159 162 163 164 165 167 168 171 172 174 175 176 180 181 183 184 187 188 189 191 199
73 41 74 75 76 77 80 81 87 88 89 90 91 94 96 99 100 101 103 104 105 107 110 111 113 117 119 121 122 126 127 128 131 133 134 135 136 140 142 143 147 149 150 151 152 153 154 156 160 161 162 163 164 166 167 168 169 173 174 177 181 183 184 186 187 188 191 192 193 199 200
74 87 75 78 79 85 87 88 89 90 91 96 99 100 102 103 104 105 111 115 116 117 119 121 124 125 127 130 133 134 136 137 138 139 140 145 146 147 148 151 153 154 158 159 163 164 165 168 170 173 174 175 177 179 181 182 185 187 188 190 191 192 193 196 198
75 85 79 81 82 83 85 87 90 94 95 96 98 102 103 105 106 108 109 112 113 114 115 116 119 121 123 124 125 128 131 133 136 138 139 140 142 144 145 146 147 148 150 151 153 154 155 157 159 160 161 162 164 165 167 168 169 172 173 174 175 177 179 181 185 186 187 188 189 192 193 194 195 198
76 44 78 83 86 88 89 90 92 93 94 95 96 98 99 101 102 104 105 107 113 114 115 118 121 123 124 125 128 129 130 131 132 133 137 138 139 141 142 148 152 153 156 157 158 163 164 167 170 171 172 174 175 180 182 183 184 186 187 188 190 192 194 195 196 198 200
77 88 78 82 84 86 87 90 91 93 94 95 97 101 103 104 105 109 111 112 114 118 119 121 124 125 129 130 131 136 137 138 139 140 141 143 144 145 146 147 152 153 154 157 158 159 161 162 163 166 167 169 172 175 176 177 179 180 183 186 187 193
78 78 79 80 82 83 85 87 88 89 93 94 99 100 104 105 107 108 110 112 114 115 120 123 124 125 132 135 138 139 144 147 150 152 153 154 155 156 157 158 164 166 167 168 169 170 171 176 177 182 183 184 192 193 195 197
79 37 83 84 85 86 88 89 90 92 93 95 97 101 103 105 106 107 110 111 112 116 119 121 129 132 135 136 137 138 140 141 143 145 146 147 148 153 154 161 162 167 170 171 172 173 175 176 182 184 185 187 190 191 192 194 195 198 199 200
80 94 82 83 84 85 87 89 91 92 93 94 95 97 98 100 102 104 105 109 110 111 112 113 115 117 119 120 121 122 123 125 126 132 134 135 136 140 141 142 143 146 147 149 150 151 153 155 157 162 165 166 167 168 172 174 176 179 181 184 187 189 190 191 192 194 199 200
81 31 85 86 87 88 89 90 92 95 97 98 100 101 102 105 106 110 113 114 116 119 121 124 126 128 129 130 131 133 135 137 139 140 142 147 149 150 151 153 154 155 163 165 169 173 174 178 180 181 182 184 189 190 193 197 199 200
82 52 83 86 87 88 90 91 95 96 97 99 101 102 103 104 105 106 107 111 113 115 116 118 121 125 127 128 130 131 132 134 135 136 141 143 146 151 153 154 156 158 161 162 163 164 166 167 170 172 173 174 181 182 185 186 189 190 191 194 195 200
83 59 89 91 94 95 96 97 99 100 101 104 105 107 108 110 113 114 115 116 119 120 121 122 123 125 126 127 128 129 133 134 135 139 142 143 145 146 147 148 152 154 156 157 160 162 167 168 170 171 172 173 177 178 179 185 186 187 191 192 193 195 196 200
84 40 86 91 93 97 98 99 101 106 107 110 114 117 120 121 122 124 125 126 129 130 132 134 135 138 139 142 143 144 145 147 148 149 150 152 153 156 158 165 166 173 174 176 178 180 181 183 187 189 193 195 196 197 199 200
85 72 87 88 89 92 95 97 99 102 104 107 110 111 112 115 116 123 125 126 127 128 129 131 133 134 137 145 149 150 152 156 157 160 162 163 164 166 169 171 173 174 175 183 184 185 186 187 192 193 194 196 197 200
86 64 87 88 89 91 92 93 94 98 102 104 106 108 109 111 113 114 116 118 119 120 122 123 124 127 128 130 131 136 139 140 141 144 147 151 153 154 155 156 159 161 162 164 167 169 173 175 176 178 179 181 182 183 185 191 193 194 195 196 199
87 69 88 89 93 94 97 99 100 101 103 104 105 106 108 111 113 114 115 118 119 120 121 124 129 130 133 137 138 139 140 142 145 148 149 151 153 155 156 159 160 164 165 166 167 168 169 170 171 173 174 175 180 182 184 186 187 189 190 191 192 193 196 199 200
88 64 90 95 96 97 99 100 105 106 107 108 109 111 112 114 117 119 123 125 126 128 129 131 134 137 138 142 144 145 146 147 148 150 151 155 158 160 161 162 163 164 165 168 169 171 174 175 177 178 180 185 186 189 191 193 195 196 198 199 200
89 57 91 92 93 94 98 99 101 103 104 107 108 110 111 113 114 115 117 118 119 129 131 132 134 135 136 137 140 142 144 146 147 149 150 152 154 156 157 159 160 161 166 167 169 170 172 178 180 182 184 188 189 190 191 193 195 197
90 82 91 92 93 96 98 99 100 102 104 106 108 112 116 122 126 127 128 135 136 138 140 141 142 144 145 146 148 149 152 153 156 158 159 163 164 167 168 169 171 173 175 176 178 181 182 187 188 189 191 194 195 197 199
91 57 92 94 98 99 102 103 104 106 115 116 118 119 125 126 127 131 133 134 138 143 147 148 149 150 152 153 154 155 157 158 160 164 165 167 168 169 170 172 174 175 176 177 180 182 183 185 186 188 190 193 198
92 84 94 95 101 103 104 105 109 113 114 115 117 118 119 120 122 125 126 130 131 134 135 136 140 141 142 143 144 147 149 151 152 153 157 158 161 167 168 169 170 171 175 179 181 182 183 184 186 189 192 197 198 199 200
93 49 95 97 98 99 101 103 104 107 108 109 112 113 114 115 116 117 118 119 120 122 123 124 125 128 130 133 135 136 139 140 142 143 146 147 148 149 150 155 156 159 160 164 166 167 169 170 172 174 175 176 177 179 180 181 182 186 188 192 194 196 198
94 36 96 100 101 103 105 111 112 113 114 116 117 121 123 127 128 133 135 137 138 141 142 146 148 151 155 156 161 162 164 167 172 174 175 176 178 184 185 188 190 192 193 197 199 200
95 92 96 97 101 102 103 107 112 113 114 115 116 118 121 122 124 126 127 128 129 130 131 132 133 134 136 137 140 147 149 152 153 154 155 157 159 160 162 163 164 165 166 169 172 173 175 177 182 183 185 187 188 190 191 194 196 197 198 199
96 20 97 101 103 104 106 107 108 110 111 113 114 115 116 117 118 119 123 124 126 130 133 135 138 139 143 148 150 151 153 155 156 158 159 161 162 163 165 166 167 170 173 174 175 176 177 178 179 181 182 183 184 185 186 188 189 191 193 196 197 198 200
97 93 101 108 113 114 117 118 122 124 125 126 129 130 132 133 136 138 140 141 143 147 153 154 155 157 158 161 162 165 167 168 169 170 172 174 178 180 181 183 189 190 191 192 194 196 197 199 200
98 65 101 104 108 110 111 113 114 115 116 118 119 120 122 124 126 129 131 132 135 136 138 139 140 141 142 143 144 147 149 150 151 152 153 155 160 162 163 166 168 169 172 174 176 177 178 180 182 184 190 191 194 196 197 199 200
99 89 100 101 103 104 105 106 108 109 111 113 114 115 116 119 121 127 128 129 136 137 141 142 143 146 147 148 149 154 155 159 160 163 164 165 167 170 173 174 182 183 184 185 187 189 191 193 196 197 199 200
100 70 105 106 109 112 114 117 119 120 121 122 123 125 130 131 132 137 138 139 144 145 146 148 149 151 152 154 155 156 157 158 161 162 163 165 167 168 169 171 172 173 176 177 178 180 182 183 184 185 190 191 192 194 195 197 198
101 70 102 104 105 106 107 108 109 111 113 115 116 119 120 122 126 127 129 133 134 136 137 138 139 140 141 144 145 146 147 148 149 150 154 155 156 158 159 160 161 167 169 171 179 181 184 185 186 187 189 191 192 194 195 197 199 200
102 62 103 105 106 107 108 110 111 115 117 118 119 120 123 124 125 128 129 130 131 132 133 134 135 137 138 139 140 142 143 146 150 152 154 155 157 158 160 164 167 169 170 171 173 176 179 180 181 184 185 187 189 190 191 193 194 196 198 199
103 48 105 106 108 111 115 116 117 118 125 126 127 129 131 133 134 137 138 140 141 143 144 145 147 152 153 155 159 160 161 162 163 164 166 168 171 172 173 175 176 180 185 188 192 194 195 196 197 198
104 30 106 109 110 111 112 113 115 123 128 130 131 132 133 134 136 144 147 148 150 152 153 154 157 161 162 163 164 166 167 168 169 171 172 173 174 175 176 178 180 181 185 186 187 188 189 190 191 193 194 195 196 200
105 22 107 110 112 113 115 116 121 122 123 125 126 127 131 132 133 134 136 137 139 141 144 145 146 149 152 154 161 164 168 169 171 174 175 176 177 178 179 182 183 184 186 187 190 191 195 196 198 199
106 98 109 111 113 114 115 116 118 119 120 123 127 128 129 132 137 138 139 140 141 143 144 145 148 150 151 152 154 158 164 165 167 168 170 171 172 176 177 179 182 185 186 187 188 191 192 193 195 199 200
107 78 112 114 116 118 120 124 125 126 127 129 131 136 137 138 139 140 147 148 152 153 157 158 159 161 165 166 167 169 170 172 173 175 177 178 182 183 184 187 189 190 191 192 193 194 196 198 199
108 89 111 114 115 116 121 122 123 124 125 126 127 128 131 132 133 134 138 139 140 142 144 146 147 148 150 151 156 157 158 160 161 162 165 169 171 172 174 175 177 179 180 182 183 184 188 189 190 192 193 196 198 199
109 59 110 111 114 115 120 121 122 124 125 127 129 133 134 136 137 139 142 143 144 148 150 153 154 155 156 157 159 163 166 168 169 172 174 175 176 177 178 181 184 187 188 189 190 192 193 194 195 196 197
110 39 117 118 119 122 123 127 128 132 135 137 138 139 142 143 145 148 149 150 152 154 156 157 160 162 164 165 168 169 172 173 174 176 179 181 182 187 189 190 191 193 194 196 198 199
111 32 113 115 116 118 119 121 125 127 129 130 131 133 134 135 137 139 140 141 142 145 146 147 148 149 152 153 157 158 160 161 163 165 166 167 168 170 171 172 174 176 180 181 184 185 186 188 189 195 196 197
112 31 115 117 118 120 125 127 128 131 132 133 134 136 137 138 140 142 143 144 145 147 151 153 154 156 160 161 163 164 166 170 174 181 183 184 188 189 190 191 194 195 197 198
113 88 118 120 121 123 124 127 128 129 132 134 135 138 142 143 144 145 146 148 149 155 160 161 162 164 169 171 173 179 182 185 187 188 189 190 192 194 195 197 198 199
114 85 116 119 120 127 134 138 139 140 142 143 146 148 149 152 153 155 157 158 160 163 174 175 176 177 179 180 181 183 187 188 191 196 197 198 200
115 82 116 118 120 121 122 123 124 126 129 130 132 133 136 139 140 145 146 147 149 151 152 158 159 160 161 162 164 165 166 169 170 172 173 175 176 178 180 186 187 189 191 192 193 196 197 198
116 70 118 121 122 123 124 127 128 134 135 138 139 140 144 145 146 148 149 153 154 155 158 165 167 169 172 173 175 178 179 183 186 187 189 190 191 192 194 195 197 200
117 68 119 122 125 126 130 131 133 134 135 136 137 139 141 143 145 148 151 152 153 154 155 157 158 161 162 163 164 166 167 168 172 174 175 176 177 181 183 187 189 191 193 194 196 197 199
118 52 122 124 125 127 128 129 130 133 135 136 138 142 145 146 150 152 153 154 155 156 161 164 167 168 169 173 174 175 176 177 178 180 181 185 186 188 191 193 194 195 196 200
119 40 120 121 125 127 128 129 130 133 134 135 139 140 141 142 144 145 146 153 154 156 158 159 162 163 164 166 173 174 175 176 180 181 185 187 190 191 193 195 197 199
120 23 124 125 128 129 130 138 140 141 145 147 150 152 154 155 159 161 162 166 169 170 171 175 177 178 179 181 186 187 188 190 194 196 197 198
121 73 127 128 130 132 134 136 137 142 143 144 145 151 152 153 155 157 158 161 164 166 168 170 171 172 173 176 177 185 186 188 189 191 194 196 197 198
122 40 123 124 129 131 134 135 137 141 142 143 146 149 150 151 156 159 161 162 163 168 169 172 173 174 175 176 177 180 181 182 183 185 186 193 195 196 197 199
123 50 124 126 129 130 132 139 140 141 142 143 146 147 150 156 157 158 159 160 165 169 174 176 177 179 181 183 184 187 189 190 191 192 194 196 197 198 200
124 40 125 126 128 129 131 133 134 135 136 137 139 141 142 145 146 149 153 155 156 160 163 165 169 171 173 180 187 191 192 193 194 196 200
125 64 126 127 128 130 131 132 134 135 136 138 139 141 143 144 146 147 148 151 153 156 160 161 163 164 165 166 167 168 172 174 175 176 178 181 184 185 186 187 189 190 192 193 195 196 199
126 44 127 129 130 132 133 136 137 138 140 144 146 147 148 150 151 152 153 158 160 162 163 168 169 173 176 177 178 180 182 183 184 185 186 188 190 192 193 196 197 198
127 51 128 129 130 131 132 133 136 137 138 141 142 144 145 147 148 149 150 153 156 159 161 163 170 171 173 175 177 178 180 182 186 189 191 192 194 196 199 200
128 74 129 132 133 137 142 145 148 149 151 152 153 155 156 157 158 160 161 162 164 167 169 173 174 175 176 177 180 182 184 187 189 190 193 194 196 197 198 199
129 95 131 133 135 136 137 141 145 146 148 149 150 155 159 161 163 164 165 168 171 172 175 178 180 181 183 185 186 187 190 192 193 194 195 196
130 27 131 134 135 136 138 142 145 148 150 151 153 154 156 159 163 165 167 168 169 170 171 172 174 175 176 181 185 186 187 188 189 190 192 194 199 200
131 69 134 136 141 142 146 147 148 150 153 157 158 159 160 164 166 170 172 177 178 180 182 187 189 190 192 196 200
132 33 134 135 137 139 141 142 145 146 147 148 149 151 152 153 155 156 159 160 169 171 172 175 179 180 182 184 185 187 188 190 191 193 194 196 197 198 200
133 49 136 138 142 143 148 149 150 153 156 157 158 165 166 167 168 170 171 173 174 178 180 184 185 190 191 196 197 199
134 33 139 142 143 145 146 148 151 153 154 155 156 157 158 159 165 166 170 172 173 174 175 176 178 180 182 184 186 189 190 191 192 193 199
135 34 138 140 141 142 146 147 149 150 153 156 157 158 160 161 163 164 165 166 167 168 174 175 176 177 180 181 182 184 185 186 187 192 193 194 196 199
136 46 138 139 141 145 147 148 149 150 151 153 155 156 157 158 159 160 162 163 167 168 172 173 176 177 180 181 182 183 186 188 190 191 194 196 197 200
137 43 143 144 145 147 148 149 150 152 154 160 161 162 163 164 167 168 171 175 176 177 178 179 180 182 185 186 187 191 192 195 200
138 79 143 145 146 147 151 155 156 157 159 162 164 165 166 167 168 172 174 175 177 178 179 180 181 182 186 187 191 193 195 196 197 198 199 200
139 50 140 141 142 149 158 160 162 163 164 170 171 172 174 177 179 180 184 188 191 192 195 196 197 199 200
140 45 142 143 145 149 152 153 154 155 157 158 160 162 163 165 166 167 168 169 170 171 173 174 175 176 179 180 184 185 186 187 190 192 193 194 195 196 199 200
141 21 142 143 144 146 147 150 151 152 153 154 158 159 161 164 165 166 167 168 171 174 175 178 179 180 182 184 185 186 189 191 192 195 196 199 200
142 51 144 145 146 150 152 153 154 157 161 163 164 165 166 167 168 169 170 172 176 178 180 183 184 188 189 192 194 197 199
143 48 148 150 151 152 154 156 158 159 162 163 165 170 171 174 175 176 177 178 179 181 182 184 186 187 191 193 194 195 197 198 200
144 28 146 147 148 149 151 153 156 158 160 163 164 168 170 175 176 177 178 179 180 181 183 184 186 188 194 196 197
145 76 147 148 149 153 154 155 156 157 158 159 161 164 165 166 168 170 171 173 175 177 178 182 184 185 187 189 190 191 193 195 198 199 200
146 77 147 150 152 156 157 158 159 160 161 165 166 167 168 169 171 173 174 177 178 179 181 183 185 188 189 190 191 192 193 195 196 197 198 199 200
147 81 148 149 150 151 153 154 155 156 157 159 160 162 166 167 168 169 171 172 175 176 177 178 179 182 183 184 186 187 191 192 193 194 196 199
148 46 149 150 151 152 154 155 161 163 164 166 167 168 169 170 171 172 173 174 175 177 179 183 184 186 187 188 189 190 191 192 194 195 197 199 200
149 35 150 151 154 155 156 159 162 164 165 166 174 177 179 181 182 183 184 185 186 187 188 189 190 191 194 195 196 197 198 199 200
150 53 152 153 155 156 157 158 159 161 166 169 173 176 178 180 181 182 184 188 190 191 193 198 199 200
151 29 152 153 154 157 160 164 165 166 168 171 172 173 176 177 178 179 180 181 182 183 189 190 191 192 196 197 198
152 79 153 155 159 163 164 165 166 167 172 173 174 176 179 182 185 187 192 193 195 198 199 200
153 77 155 157 158 161 163 164 165 166 168 170 172 174 175 176 177 178 179 183 184 187 188 191 192 194 195 197 198
154 96 156 157 158 159 160 161 163 169 170 173 174 175 176 181 185 186 190 191 194 196 197 198 200
155 52 160 161 165 171 172 174 178 179 180 184 186 189 191 195 198
156 32 162 163 168 169 172 173 174 175 178 180 182 183 184 185 186 188 193 194 197 199
157 28 160 161 162 165 166 167 170 172 173 174 175 177 178 180 183 185 187 188 189 191 198 199 200
158 39 160 162 163 164 165 167 169 170 171 172 174 175 176 177 178 179 181 182 183 185 188 189 192 194 195 196 198
159 73 163 164 166 167 169 170 172 174 175 178 180 181 182 183 184 185 186 187 190 192 194 196 197
160 36 161 163 164 166 167 170 171 172 173 174 176 181 182 186 187 189 193 195 196 200
161 89 163 166 167 168 169 171 173 175 178 179 180 182 184 186 189 191 194 197 200
162 57 165 167 168 169 170 171 174 175 178 179 180 181 184 185 187 189 190 192 193 194 195 196 200
163 29 166 169 170 174 178 179 181 183 185 188 191 192 193 195 196 200
164 60 166 168 170 171 172 174 175 176 177 179 180 190 193 194 195 200
165 55 168 170 175 178 179 180 181 184 185 188 191 194 195 196 197
166 62 167 169 170 171 172 175 176 178 179 180 181 183 184 189 193 194 196 197 199
167 80 170 173 174 175 176 177 179 180 181 183 184 185 186 187 189 190 193 195 196 197 198 199 200
168 87 171 172 173 176 177 181 182 184 186 189 190 192 193 194 195 197
169 35 170 171 174 180 181 184 187 188 192 193 196 200
170 97 174 176 177 178 179 180 185 186 189 192 195 197
171 61 174 180 182 189 194 197 198 199
172 80 173 175 178 179 180 182 186 189 190 191 192 194 195 197 198
173 55 174 175 178 181 183 184 186 188 189 191 192 194 195 196 199
174 50 176 178 180 184 186 189 191 195 196 198
175 57 177 178 181 184 185 188 192 194 199
176 31 184 186 188 190 191 192 193 200
177 93 178 180 181 183 186 187 189 190 191 192 193 194 195 196 198
178 79 181 182 183 184 186 189 192 196 197 199
179 85 181 183 184 185 188 189 193 194 197 198 199
180 63 181 182 183 185 186 195 196 200
181 31 183 184 185 186 194 196 197 198 200
182 78 183 185 186 188 190 191 192 193 194 195 198
183 28 185 187 188 189 190 192 194 197 199
184 34 185 186 188 189 190 191 192 193 194 196 198 200
185 30 187 190 191 194 195 197 199
186 61 189 191 194 196 197 198 199 200
187 82 188 189 192 196 197 198
188 23 189 193
189 74 190 192 193 196 197 198
190 43 191 193 194 197 200
191 27 193 194 197 198 199 200
192 71 194 195 196 197 198 200
193 83 194 199 200
194 72 196 199 200
195 81 196 198 199
196 83 198 199 200
197 76 198 199
198 41 199 200
199 35
200 53
