200
1 46 2 3 4 5 6 9 10 11 12 13 16 17 18 19 20 21 23 24 25 26 27 28 29 30 31 33 34 36 37 38 39 40 42 43 44 46 48 49 50 51 52 53 54 55 56 57 58 59 60 61 62 63 64 65 66 68 69 71 72 74 75 77 78 79 80 81 82 83 85 86 87 88 90 91 93 95 96 97 98 99 100 101 102 103 106 107 110 112 113 114 115 116 117 118 119 120 121 122 123 125 126 127 128 129 130 131 132 133 135 136 137 138 139 140 141 142 145 146 147 148 149 150 151 152 153 154 155 156 157 158 159 160 161 163 166 167 168 170 171 173 174 175 176 177 178 179 181 182 183 184 185 186 187 188 190 191 193 195 196 198 199 200
2 43 3 4 7 8 10 13 14 15 16 17 18 19 20 21 22 23 24 25 26 27 28 29 30 31 32 33 34 35 36 37 38 39 41 43 44 48 50 51 52 53 55 56 57 58 59 60 61 62 63 64 65 66 67 68 70 71 72 73 74 75 76 77 78 79 80 81 83 84 85 86 88 89 90 91 93 95 96 97 98 99 100 101 102 103 104 105 106 107 108 109 110 111 112 113 114 115 117 118 119 120 121 122 123 124 125 126 127 128 129 130 131 132 133 134 136 137 138 139 140 141 142 143 144 145 146 147 148 149 150 151 153 154 155 156 158 159 160 161 162 163 164 166 167 168 171 173 174 175 178 179 180 182 184 185 186 187 188 189 190 191 192 193 194 195 196 197 198 200
3 28 4 7 8 10 11 12 13 15 17 18 19 20 21 22 23 25 26 27 28 29 30 31 32 34 35 37 38 39 41 43 45 46 48 49 50 51 55 56 57 58 59 60 63 64 66 68 69 70 71 72 73 74 75 76 77 78 79 80 85 86 87 89 90 91 92 93 94 95 96 97 98 100 102 103 104 105 106 107 110 111 112 113 114 115 116 117 119 120 121 122 123 124 125 126 127 128 129 130 131 132 134 135 137 138 139 140 142 143 144 145 148 149 150 151 152 153 154 155 158 159 160 161 162 163 164 165 166 167 168 169 170 171 172 173 175 176 177 178 180 181 183 184 186 187 188 189 190 191 193 195 198
4 93 6 8 9 10 12 13 16 17 19 20 22 23 24 25 28 29 30 31 32 34 35 36 37 38 39 40 41 42 44 47 48 50 51 52 53 54 56 59 60 62 63 64 65 66 67 68 69 70 71 72 73 74 76 77 78 79 80 81 82 83 84 85 86 87 88 89 90 91 92 93 95 96 97 98 99 100 101 102 103 104 105 106 108 109 110 111 114 115 116 117 118 120 121 122 123 124 126 127 130 131 132 133 134 135 136 137 138 139 141 142 143 144 145 146 147 148 149 150 152 153 154 156 157 158 159 160 161 162 163 164 165 166 168 169 173 174 175 176 177 181 182 183 184 185 187 188 189 190 191 192 193 194 195 197 198 199 200
5 95 6 8 9 10 14 15 16 17 18 19 20 21 22 23 27 28 29 30 31 32 33 34 35 36 37 38 39 40 41 42 43 46 47 48 49 50 52 53 54 55 56 58 60 61 62 64 65 67 68 70 72 74 76 78 81 83 84 87 89 90 91 92 93 95 96 97 99 100 102 103 104 105 106 107 108 109 110 111 112 113 114 115 116 117 118 119 120 121 122 123 124 125 126 127 128 130 131 132 133 134 135 136 137 138 139 140 141 142 143 144 146 147 149 150 151 152 154 158 159 160 161 163 164 165 166 167 171 174 175 176 177 178 179 180 181 183 184 185 186 187 188 189 190 191 193 194 195 196 197 198 199 200
6 48 7 8 9 10 13 14 15 16 17 18 19 20 21 22 23 25 26 27 28 29 30 31 33 34 36 37 38 39 40 41 42 43 45 46 47 48 49 52 53 54 55 56 57 59 60 61 62 63 64 65 66 67 68 69 70 72 74 75 77 78 80 81 82 83 84 86 87 89 90 92 93 94 95 96 98 99 100 101 106 108 111 112 113 116 117 118 120 122 123 124 125 126 127 128 129 130 131 132 134 135 136 137 138 140 141 142 143 144 145 147 148 150 151 153 154 156 157 158 159 160 162 163 164 165 167 168 169 170 171 173 174 175 177 178 180 182 183 184 186 187 188 190 191 192 193 194 195 196 197 199 200
7 90 9 10 11 13 14 15 16 17 18 19 20 21 22 24 25 27 30 31 32 33 34 36 37 38 39 40 42 44 45 46 47 48 49 50 51 52 53 54 55 56 57 59 60 61 62 64 65 66 67 69 70 71 72 73 74 75 76 77 79 80 81 82 83 84 85 86 87 88 89 90 91 92 93 94 95 96 97 98 100 102 103 104 105 106 109 110 112 113 115 117 118 119 121 122 123 124 125 126 127 128 129 130 133 134 135 136 137 138 139 140 141 142 143 144 145 146 147 148 149 150 152 153 154 156 157 158 159 160 161 165 167 168 170 172 173 175 178 179 180 182 184 186 187 188 189 190 192 195 196 197 198 199 200
8 84 9 10 11 12 13 14 15 16 17 20 21 23 24 25 26 27 29 30 32 33 34 35 36 37 38 39 40 41 42 43 44 45 46 47 48 49 50 51 52 53 54 57 58 59 61 64 65 66 67 68 69 70 72 73 74 78 79 80 81 82 83 84 85 86 87 88 89 91 92 94 95 97 98 99 100 101 105 106 107 108 109 110 113 114 119 121 122 124 125 126 127 128 129 130 132 133 134 135 136 137 138 139 140 141 142 143 144 145 146 147 148 150 152 153 154 155 156 157 159 160 161 162 163 164 165 166 168 169 170 172 173 174 175 176 177 178 180 183 184 185 186 187 188 191 192 193 194 195 198 199 200
9 65 10 11 12 13 14 15 16 17 19 20 21 22 23 24 25 26 27 28 29 31 33 34 35 36 37 38 39 40 41 42 43 45 46 47 48 50 51 53 54 55 56 58 59 60 62 63 64 65 66 67 68 69 70 72 73 74 75 76 78 80 81 83 84 85 86 87 88 89 90 91 92 93 94 95 96 98 99 100 101 102 104 105 108 109 110 115 116 118 119 120 121 123 125 127 128 129 130 131 132 133 134 135 136 138 139 141 142 143 144 145 146 147 148 149 150 151 152 153 155 156 157 159 160 161 162 163 164 166 167 168 169 170 172 176 178 179 181 182 183 184 185 186 187 188 190 191 192 193 194 195 196 198 200
10 98 11 12 13 15 16 17 18 19 20 22 23 25 26 27 28 29 30 31 32 33 34 35 36 37 38 39 41 42 43 44 47 48 49 50 52 54 55 56 57 58 59 60 61 62 64 66 67 68 69 70 72 73 74 75 76 78 81 82 84 85 86 87 89 90 92 93 94 95 96 97 98 99 103 104 105 106 107 108 111 112 113 114 116 117 118 119 120 121 122 124 125 126 128 129 130 131 132 133 134 135 136 137 138 139 140 143 144 145 147 148 149 150 151 152 153 154 155 156 157 158 159 160 162 163 164 165 166 167 168 169 170 172 174 175 176 177 178 179 180 181 182 183 184 185 186 187 191 192 193 194 195 197 198 199 200
11 29 12 13 14 15 16 18 19 20 21 22 23 24 25 27 28 29 31 33 34 35 37 41 43 44 45 46 47 49 50 51 53 55 56 57 58 60 61 62 63 64 66 68 69 70 73 74 75 78 79 80 81 82 84 85 86 87 88 92 93 94 95 96 98 99 100 101 103 104 105 106 107 108 112 113 114 115 117 118 119 120 122 123 125 126 128 129 130 132 134 135 136 137 138 139 140 141 142 143 144 145 147 148 149 151 152 153 154 155 156 157 158 159 162 163 164 165 166 167 168 170 172 173 174 175 177 178 179 180 181 182 183 184 186 187 188 189 190 191 192 193 194 196 197 198 200
12 73 13 14 15 16 17 18 19 20 21 22 23 24 25 26 27 28 29 30 31 32 33 35 36 37 38 40 41 42 43 45 46 47 48 49 51 52 53 55 57 58 61 63 64 65 66 67 68 69 70 71 72 73 74 75 76 77 78 79 81 82 84 86 87 88 90 91 92 93 94 95 96 98 99 100 101 103 105 106 107 109 110 111 112 113 115 116 117 118 119 122 123 124 125 126 127 128 129 130 131 132 133 134 135 136 137 138 139 141 142 143 144 145 147 148 150 151 152 154 155 156 157 158 160 161 162 163 164 165 166 168 170 172 174 175 176 177 179 180 181 183 184 185 186 187 188 189 190 191 192 194 195 196 197 199 200
13 46 14 15 16 18 19 20 21 22 23 24 25 26 27 28 29 30 31 32 33 34 35 36 37 39 40 41 43 44 47 48 49 50 51 52 53 56 57 58 59 60 62 63 64 65 66 69 70 71 73 75 76 77 78 80 81 82 84 85 86 87 88 89 90 92 93 95 96 97 98 101 102 103 104 105 106 108 109 110 111 113 114 115 116 117 118 120 121 122 127 128 129 130 131 136 137 139 140 141 142 143 144 145 147 149 150 151 152 153 154 155 156 157 158 159 162 164 166 167 168 170 171 172 173 174 175 178 179 180 181 183 184 186 188 189 190 191 192 193 194 195 196 197 198 200
14 42 16 17 18 19 20 21 22 24 25 26 28 30 31 33 35 36 37 38 39 40 41 42 43 44 45 46 48 49 50 51 52 53 55 56 57 60 61 65 66 67 69 70 71 72 73 74 75 76 77 78 80 81 82 83 84 85 86 87 88 89 91 92 93 94 95 96 98 99 100 101 102 105 107 108 110 112 113 114 115 116 117 118 119 120 121 122 123 125 129 130 131 133 134 135 137 138 139 140 141 142 143 145 146 147 148 149 150 151 152 153 154 155 156 157 158 159 160 161 162 163 164 165 166 167 168 169 170 171 172 175 176 177 178 179 180 182 183 184 185 187 188 189 192 193 194 195 196 197 198 199 200
15 75 18 19 21 22 23 24 26 27 28 29 30 31 32 33 34 35 36 37 38 40 41 42 44 46 47 48 49 50 51 52 54 55 56 57 58 59 60 61 63 64 66 68 70 72 73 74 75 77 78 81 82 84 85 86 87 88 89 90 91 92 94 95 97 98 99 100 101 102 103 104 105 108 110 111 112 114 115 116 118 119 120 122 123 124 125 126 127 128 129 130 131 133 134 135 136 137 139 140 141 142 143 145 147 149 150 151 152 153 154 155 156 158 160 161 162 163 164 165 166 167 168 169 170 171 172 174 175 176 177 178 179 180 181 182 184 185 186 187 189 190 191 192 193 194 195 197 199 200
16 89 17 18 19 20 21 22 23 24 26 27 28 29 30 31 32 33 34 36 38 39 40 41 42 43 45 46 48 50 52 53 55 56 57 58 60 61 62 64 65 67 68 69 70 71 73 74 75 76 77 79 80 81 82 83 84 87 88 89 90 91 92 93 94 95 97 99 100 101 102 103 104 105 106 107 108 110 112 113 114 115 117 118 119 120 121 122 124 125 126 127 128 129 130 131 133 136 137 138 139 140 141 142 143 144 145 146 147 148 149 150 151 152 153 154 155 156 157 158 159 160 161 162 164 165 166 167 168 169 172 173 175 177 178 180 181 183 184 185 186 187 188 189 190 191 192 195 196 197 198 199 200
17 95 19 21 22 23 24 25 26 27 28 29 30 31 33 34 35 39 40 41 42 44 45 46 47 48 49 51 52 54 56 59 60 62 63 64 65 66 67 68 69 70 71 73 74 76 77 78 79 80 81 82 85 86 87 88 89 90 91 92 94 95 96 97 98 100 101 103 104 105 106 107 108 109 110 111 112 113 114 115 116 117 118 120 121 122 124 125 126 127 128 129 130 131 132 134 135 136 137 138 139 140 142 143 144 145 147 150 151 152 153 154 156 157 158 160 161 162 164 165 168 170 171 173 174 175 176 177 178 179 180 181 182 183 184 185 186 187 189 190 191 192 193 194 195 197 198 199
18 26 19 21 22 23 25 26 27 28 29 30 31 32 33 34 36 37 39 40 41 43 44 45 46 47 48 49 51 52 53 56 57 58 59 60 61 63 65 66 67 68 69 70 71 72 73 74 75 76 77 78 79 81 82 83 84 85 88 89 90 91 92 93 94 95 96 98 100 102 103 105 107 108 109 110 111 112 113 114 115 117 119 120 121 122 124 126 127 128 130 131 133 134 136 138 139 140 143 144 147 148 150 151 152 153 154 155 156 157 158 159 160 161 162 165 166 168 169 170 171 173 174 175 176 177 179 180 181 182 183 184 186 187 188 189 190 191 194 197 198 199 200
19 70 20 21 22 24 25 27 28 30 31 32 33 34 36 37 38 39 40 41 42 43 44 45 46 47 48 49 50 51 52 53 54 55 56 57 58 59 60 61 62 63 64 65 66 67 68 69 70 71 73 74 75 76 78 79 80 81 83 84 85 86 87 89 90 91 92 93 94 95 96 97 99 104 105 106 107 108 109 111 112 113 114 115 117 119 122 123 125 126 127 128 130 131 132 134 135 136 137 138 139 140 143 144 145 146 147 148 149 150 151 153 154 155 156 157 159 160 162 163 164 165 166 167 169 170 171 172 173 174 175 176 178 179 180 181 182 187 188 189 190 192 193 194 195 199
20 43 22 23 25 26 27 28 29 30 31 32 33 34 35 36 37 38 39 40 41 42 43 44 45 46 47 48 50 51 52 54 55 56 57 58 61 62 63 64 65 68 69 70 71 72 73 75 76 78 79 80 83 86 87 88 90 91 92 93 94 95 96 97 98 100 101 102 103 104 105 107 108 110 111 112 113 114 115 116 117 118 119 120 121 122 123 125 126 127 128 129 130 131 132 133 134 136 137 138 139 141 142 143 144 145 146 147 148 149 152 154 156 157 158 160 161 162 163 164 165 166 167 169 170 171 172 173 174 175 176 180 181 182 183 184 185 187 188 190 191 192 193 194 195 196 197 198 199 200
21 32 22 23 24 25 26 27 29 30 33 34 36 38 39 40 41 42 43 44 45 46 47 48 49 51 52 53 55 56 57 58 59 61 62 63 64 65 66 67 68 69 70 71 72 73 74 75 77 80 81 82 83 84 85 88 89 90 91 92 93 94 95 96 97 99 100 101 102 103 104 105 106 107 109 110 111 112 113 114 115 118 119 120 121 122 123 124 126 127 128 129 130 131 133 134 135 137 138 139 140 141 142 143 144 145 146 147 148 149 150 151 152 154 156 158 159 160 162 164 165 166 167 168 169 170 171 172 173 175 176 177 178 179 180 181 183 184 185 186 188 191 192 193 194 195 196 197 198 199 200
22 45 23 24 25 26 28 29 30 31 32 34 36 37 38 39 41 42 43 45 46 47 48 49 50 51 52 53 54 56 57 58 59 60 61 62 63 64 65 66 67 68 71 72 73 74 75 76 77 78 80 81 83 85 86 87 88 89 90 91 93 94 96 97 98 99 101 102 104 105 107 108 109 110 111 113 115 116 117 118 119 120 122 124 125 126 127 128 129 131 135 136 138 139 141 143 144 145 146 147 149 150 152 153 154 155 156 157 159 161 163 164 165 166 167 168 170 171 172 173 174 175 176 177 179 180 181 182 183 184 186 187 188 189 190 192 193 195 196 197 200
23 22 24 25 26 27 28 29 30 32 35 37 38 39 40 41 42 43 44 45 46 47 48 49 50 51 52 53 54 55 56 57 59 60 61 65 66 69 70 71 72 73 74 75 76 77 78 79 80 81 82 83 84 85 86 87 88 89 90 91 92 93 94 95 96 97 98 99 100 101 102 103 106 107 108 109 110 111 113 114 115 116 117 118 119 120 121 122 123 124 125 126 127 128 129 130 131 132 134 135 136 137 138 139 140 141 142 145 147 148 149 152 153 154 156 157 158 159 160 161 162 163 164 165 166 169 170 171 172 173 174 175 177 178 179 180 181 182 183 184 185 186 187 188 189 190 192 193 194 195 196 197 198 199 200
24 51 25 26 27 28 29 30 31 32 35 37 38 39 40 41 43 44 45 46 47 48 49 51 52 53 55 57 58 59 60 61 65 66 68 69 70 71 72 73 74 75 76 77 78 79 80 81 83 84 85 86 87 88 91 92 93 94 96 97 98 99 101 102 103 105 106 108 109 110 111 112 115 116 117 118 119 121 123 125 126 127 128 129 130 132 133 134 135 138 139 140 141 142 143 145 147 149 150 151 152 153 154 155 156 158 159 161 162 163 164 165 166 167 168 169 170 171 172 173 174 175 176 177 178 179 180 181 182 184 185 186 187 189 190 192 194 195 196 197 198 199 200
25 86 26 27 28 29 30 31 32 36 37 38 39 40 41 42 43 44 45 46 47 48 49 51 52 54 56 58 59 60 63 64 65 67 68 69 70 71 72 73 74 76 77 78 80 81 82 83 84 85 87 88 89 90 91 92 93 94 95 96 97 98 100 101 103 104 105 106 109 110 111 114 116 117 118 119 120 121 125 127 128 129 130 131 132 133 134 135 136 137 138 140 141 142 143 145 147 148 151 152 154 155 157 158 159 162 163 164 167 168 169 170 172 173 174 176 177 179 180 181 182 183 184 185 186 187 188 190 192 193 194 195 196 197 198 199 200
26 58 27 29 30 31 32 33 34 35 37 38 39 40 41 42 43 45 47 49 51 52 53 55 56 57 59 60 61 64 65 66 67 68 69 71 73 74 75 77 78 79 80 81 82 83 85 87 88 89 90 92 93 94 95 96 97 99 100 101 102 103 104 105 106 107 108 109 110 113 114 115 116 118 119 120 121 122 123 124 125 126 127 128 129 131 132 133 134 135 136 137 139 140 141 142 143 144 146 147 148 150 151 152 154 155 156 157 158 159 160 161 162 164 165 166 167 168 169 170 171 172 173 174 175 176 177 178 180 182 183 184 186 187 188 189 190 191 192 193 194 195 197 198 199 200
27 92 28 29 30 31 32 33 35 36 37 39 40 41 42 43 44 45 46 47 48 49 51 52 53 54 55 56 58 60 62 63 64 65 66 67 68 71 72 73 74 75 76 77 78 79 80 81 83 84 86 88 89 90 91 92 93 94 95 97 98 99 100 103 104 105 106 107 108 110 111 112 113 115 116 117 118 119 120 121 122 123 124 128 130 131 132 133 134 135 136 137 138 139 141 144 145 146 147 148 150 151 152 153 154 155 156 157 158 159 160 161 164 165 166 169 170 171 172 173 174 175 176 177 178 180 181 182 183 184 186 187 188 189 190 191 194 195 196 198 199 200
28 52 29 30 31 32 34 35 36 37 38 39 40 41 42 44 45 46 48 49 52 53 54 55 56 57 59 62 65 66 67 70 73 74 75 76 77 78 80 81 82 83 84 85 86 88 89 90 92 94 95 97 98 99 100 102 104 105 106 107 108 109 111 112 114 115 116 117 118 119 120 121 124 125 126 127 128 129 131 133 134 135 136 138 139 140 141 143 144 145 146 147 149 150 151 152 154 155 156 157 158 159 160 161 162 163 164 167 168 170 172 173 174 175 176 177 178 180 181 183 184 185 187 188 190 191 192 193 194 195 196 197 198 199 200
29 39 30 31 32 33 34 35 36 37 39 40 41 42 43 44 45 46 47 48 49 50 51 52 53 54 56 57 60 61 62 63 64 65 68 69 71 73 74 75 77 78 79 80 81 82 85 86 88 90 91 93 95 96 98 100 101 102 103 104 105 106 107 109 110 111 112 114 115 116 117 118 119 120 121 122 123 124 125 126 127 128 129 130 131 133 134 135 137 139 140 141 142 143 144 145 146 148 149 151 153 155 156 157 158 159 160 161 162 164 166 169 170 171 172 173 175 176 177 180 181 182 183 184 185 187 188 190 191 192 194 195 196 197 198 200
30 27 31 32 33 35 36 38 39 41 42 44 46 47 48 49 50 51 53 55 56 57 58 59 61 62 63 64 65 66 67 68 69 70 72 73 74 75 76 77 79 81 82 83 84 85 86 87 88 89 90 91 92 93 95 97 98 99 101 102 103 104 105 106 107 108 109 110 111 112 113 114 115 116 117 121 123 124 125 127 128 129 130 132 133 134 135 136 137 138 139 140 141 143 144 145 146 147 148 149 150 151 152 153 154 155 156 157 158 159 161 163 164 165 167 168 169 170 171 172 173 174 176 178 179 181 182 183 184 185 186 187 188 189 190 191 192 193 195 196 197 198 199 200
31 75 32 33 34 35 39 41 42 43 44 45 46 47 48 49 50 51 52 53 54 56 59 60 62 63 64 66 67 69 71 73 74 75 77 78 81 82 83 84 85 86 87 88 90 91 92 93 94 95 96 97 98 100 101 102 103 104 105 107 109 111 113 114 115 116 117 118 120 121 122 123 124 125 126 127 128 129 130 131 132 133 134 135 136 137 139 140 141 142 143 144 146 148 150 152 153 154 155 156 157 158 159 160 161 162 163 165 166 167 168 169 170 171 172 176 178 179 180 181 182 183 184 185 186 187 188 189 191 192 193 194 195 197 198 199 200
32 28 33 35 36 37 38 39 40 41 42 43 45 46 47 48 49 50 52 53 54 55 56 57 58 59 60 61 62 63 65 66 67 68 69 70 71 72 73 74 75 76 77 78 79 81 83 85 86 88 89 90 91 92 93 94 95 96 98 100 101 102 103 104 105 106 107 108 109 110 112 113 114 115 116 117 118 120 121 122 124 125 127 128 129 130 131 132 133 134 135 136 138 139 140 141 142 144 145 146 147 148 149 150 151 152 153 154 155 156 157 159 160 161 162 163 164 165 166 167 168 169 171 172 173 174 176 180 181 182 184 185 186 188 189 190 191 192 193 194 196 197 198 199 200
33 22 34 35 36 39 40 41 42 44 45 49 50 53 54 55 56 57 58 59 60 61 62 63 64 66 68 69 70 71 72 74 75 76 77 78 79 80 81 82 83 84 85 86 89 91 92 93 94 95 96 97 98 99 101 102 103 104 105 106 108 109 111 113 114 116 117 118 119 121 122 123 124 126 128 129 130 131 132 133 135 137 138 139 140 141 142 144 146 148 149 150 151 152 154 155 156 158 159 162 164 166 167 168 169 170 171 173 177 178 179 180 181 183 184 185 187 188 189 190 191 192 193 195 198 199
34 91 37 40 42 43 44 45 47 50 51 52 53 54 55 56 57 58 59 60 61 63 65 68 69 70 71 72 73 74 75 76 77 78 80 83 84 85 86 87 88 89 90 91 92 93 94 95 96 97 99 100 101 102 103 105 106 108 109 110 111 112 113 114 116 117 118 119 121 122 124 126 127 130 132 133 135 138 139 140 141 142 143 144 145 146 147 149 150 152 153 154 155 156 157 159 160 161 162 163 164 165 166 168 169 170 171 172 173 174 175 176 179 181 182 184 185 187 188 189 191 192 194 196 198 199 200
35 34 36 38 39 40 41 43 44 45 46 47 49 50 51 52 53 55 56 58 60 61 62 65 67 68 69 71 72 73 74 75 76 77 78 79 81 82 83 84 85 87 91 93 94 95 97 98 99 101 102 104 105 108 109 111 112 113 114 115 116 117 118 120 121 122 123 124 125 126 127 129 130 131 132 133 134 137 138 139 140 141 142 143 144 145 146 147 148 150 151 152 153 154 155 157 158 159 160 161 162 163 164 166 167 168 169 170 171 172 173 174 175 177 178 179 181 183 184 185 186 187 188 190 191 192 193 194 195 196 197 198 199 200
36 93 37 39 41 42 43 44 46 47 48 49 51 52 53 54 56 57 58 59 60 61 62 63 65 66 67 68 70 71 74 75 76 77 78 79 80 82 83 84 85 86 87 88 89 90 91 94 95 96 97 98 99 100 103 104 105 106 108 109 112 114 115 116 118 119 120 121 122 126 128 129 130 131 132 133 134 136 137 138 139 140 141 142 144 146 147 148 149 152 153 154 155 157 158 159 160 161 162 163 164 167 168 170 171 175 178 179 180 181 182 183 184 185 186 187 190 191 192 195 196 197 198 200
37 27 38 40 41 42 43 44 45 47 48 49 50 51 52 53 55 56 58 59 60 61 62 63 65 66 67 68 69 70 71 72 73 74 75 77 78 79 81 82 83 84 85 86 87 88 89 91 94 95 96 98 99 101 102 103 104 105 106 108 109 110 112 113 116 117 118 119 120 121 122 124 126 127 128 129 130 131 132 133 134 135 136 137 138 139 140 141 142 143 144 145 148 149 150 151 153 154 155 158 159 160 162 164 165 166 168 169 171 172 173 175 176 177 178 179 180 181 183 184 185 186 187 188 190 191 192 193 194 195 196 197 198 199
38 52 39 40 41 42 44 45 47 48 49 50 51 52 55 56 60 62 63 64 65 66 68 69 70 71 72 73 76 77 78 79 80 81 82 83 84 85 86 87 88 89 91 92 93 94 95 96 98 100 101 102 103 104 106 107 108 109 110 112 113 114 115 116 118 119 120 121 122 123 124 125 126 128 130 131 133 134 136 137 139 140 142 143 144 145 146 147 148 149 150 151 152 154 155 156 157 159 160 163 164 165 166 167 168 169 171 173 175 176 177 179 180 182 183 184 185 186 187 188 189 192 193 194 196 197 198 200
39 63 40 41 44 45 46 47 48 49 50 51 52 53 55 56 57 58 59 60 61 63 64 65 66 68 70 71 72 73 74 75 76 77 78 80 81 82 84 85 86 87 88 89 90 91 92 93 94 95 96 97 99 100 101 102 103 104 105 107 108 110 111 112 114 115 116 117 118 119 120 123 124 125 127 128 129 130 133 134 135 136 137 138 139 140 141 142 144 145 147 148 149 150 151 152 153 154 156 157 158 159 160 161 162 163 164 166 168 169 170 172 173 175 176 177 178 179 180 181 182 183 184 186 188 189 191 192 193 194 195 197 198 199 200
40 55 41 45 46 47 49 50 51 52 53 54 55 56 57 58 59 62 63 64 65 66 67 68 69 71 72 73 74 75 76 77 78 79 81 82 83 84 87 88 89 90 91 92 93 95 96 97 98 99 100 101 102 104 105 107 110 111 114 115 116 117 118 121 122 123 125 126 128 131 132 133 135 136 137 138 140 141 142 143 144 145 147 149 151 153 154 155 156 157 158 160 162 163 164 165 166 167 168 169 170 171 173 174 175 176 177 178 179 180 181 182 184 185 186 187 188 189 191 192 193 194 195 196 197 199 200
41 86 42 43 44 45 46 47 48 50 51 52 53 55 56 57 59 60 61 62 63 64 66 67 68 69 71 72 74 75 76 77 78 79 84 85 86 87 88 89 90 91 92 93 94 96 97 98 99 100 101 102 103 104 105 106 107 108 110 111 112 113 114 115 116 117 118 120 121 122 123 124 125 127 128 129 130 131 132 133 134 135 136 137 138 139 140 141 142 143 144 145 147 148 149 150 151 152 153 156 157 158 160 161 162 164 166 168 169 170 171 172 174 175 176 178 179 180 181 182 184 185 186 187 188 189 190 192 194 196 197 198 200
42 93 44 45 47 48 49 50 51 52 53 54 55 56 57 58 60 62 63 64 65 66 67 68 69 73 75 76 77 78 79 80 81 82 83 84 85 86 87 88 89 91 92 93 94 96 97 98 99 100 102 104 105 106 107 109 110 111 112 113 114 115 116 117 118 119 120 122 125 126 127 128 130 131 132 133 134 135 137 140 141 144 145 146 147 148 149 150 151 152 153 154 155 156 157 158 159 160 161 162 163 164 165 167 168 170 173 174 175 176 178 179 180 182 183 185 186 187 188 192 193 194 195 196 198 199 200
43 83 44 45 46 47 48 49 50 51 53 54 55 56 57 59 60 61 62 63 64 68 71 72 73 74 77 78 79 81 82 83 84 85 86 89 91 92 93 94 96 97 98 99 100 101 102 103 104 105 106 107 108 110 111 112 113 115 116 117 118 121 123 124 125 127 128 129 130 131 132 133 134 135 136 137 138 139 140 141 142 143 145 146 148 149 150 151 153 154 155 157 158 160 161 162 163 165 166 167 168 170 171 172 173 174 175 177 178 179 180 181 183 184 185 187 188 189 190 191 192 193 194 195 196 197 198 199 200
44 62 45 46 47 49 51 52 53 54 55 56 57 58 59 60 63 64 66 68 69 70 71 72 73 75 76 78 79 82 83 84 85 87 88 89 90 93 94 95 96 99 100 101 103 104 105 106 107 109 112 113 114 115 116 117 118 119 121 123 124 125 126 128 129 130 131 132 133 134 135 136 139 141 142 143 144 145 146 147 148 149 150 151 152 153 155 156 158 159 160 162 163 164 165 166 167 168 169 170 171 172 173 174 175 176 178 179 180 181 182 183 184 186 188 189 191 192 193 195 196 197 198 199 200
45 51 46 47 48 49 50 51 52 53 54 56 57 58 59 60 61 62 63 67 68 69 70 71 72 73 74 75 76 77 78 80 82 84 85 86 87 88 90 91 92 93 94 95 97 98 99 100 101 102 103 104 105 106 107 108 109 110 111 112 113 114 115 116 117 118 119 120 122 123 124 125 126 127 128 129 130 131 133 135 136 137 138 139 141 142 143 144 145 146 150 151 152 153 155 156 157 158 160 161 163 164 165 166 167 168 170 171 174 175 176 177 178 179 180 181 182 183 184 185 186 188 190 191 192 193 195 196 197 198 199 200
46 56 47 48 49 51 54 56 57 58 59 60 61 62 63 64 66 67 68 70 71 72 73 74 75 76 77 78 80 82 83 84 85 86 87 88 89 91 92 93 94 96 97 98 99 100 101 103 104 105 106 107 108 109 110 111 112 114 116 117 118 119 120 123 125 126 127 128 129 130 134 135 136 138 140 142 144 145 146 147 148 150 151 152 153 155 156 157 158 159 160 161 163 164 165 166 167 168 169 170 171 173 174 175 176 177 178 180 181 182 183 184 185 187 188 189 190 191 192 193 194 195 196 197 198 200
47 89 48 49 50 51 54 55 56 57 58 59 60 61 62 63 64 65 67 68 69 71 72 73 74 75 76 77 79 80 81 83 85 86 88 89 90 91 92 93 94 95 96 97 98 99 100 101 102 103 105 106 108 109 110 111 112 113 114 115 116 117 118 119 120 121 122 123 124 125 126 127 128 129 130 131 132 134 135 136 137 138 139 140 141 142 143 144 145 146 147 148 149 150 151 152 153 154 155 156 157 158 159 160 161 163 164 165 166 167 168 169 171 172 173 174 175 176 178 179 180 181 183 185 186 187 188 190 194 195 197 198 199 200
48 88 50 51 52 55 57 58 59 60 61 62 63 64 65 66 67 72 73 74 75 77 78 79 80 81 82 83 84 85 86 87 88 90 91 93 94 95 99 100 102 103 104 105 106 107 108 109 111 113 114 115 116 117 118 119 121 122 123 124 126 127 128 129 130 131 132 133 136 137 138 139 140 141 143 144 145 146 147 148 149 150 152 153 155 156 158 160 162 163 164 165 166 167 168 169 172 173 174 175 176 177 178 179 180 181 182 184 185 186 187 188 189 190 191 192 193 194 195 196 197 198 199 200
49 99 50 52 54 55 58 59 60 61 62 63 64 65 66 67 69 70 71 72 73 74 75 76 77 78 81 82 83 85 86 87 88 89 91 92 93 94 96 97 98 99 100 101 102 103 105 106 109 110 111 112 114 115 117 118 119 120 121 122 124 125 127 128 129 130 131 132 133 134 135 137 138 140 141 142 143 145 146 147 151 152 154 155 157 158 159 160 161 162 163 164 165 166 167 168 169 170 171 172 173 174 176 177 178 179 180 182 183 184 185 186 187 189 191 192 193 194 196 197 198 200
50 64 51 52 53 55 57 59 60 61 65 66 67 68 69 70 71 72 73 74 75 76 78 79 80 81 82 83 84 85 86 87 88 89 90 92 93 94 95 96 97 98 99 100 101 102 103 104 106 107 108 109 110 111 112 113 114 115 116 117 118 119 120 121 122 123 124 125 126 127 128 129 130 131 132 133 135 136 137 138 139 140 141 142 144 145 146 147 148 149 150 151 152 153 154 156 157 159 160 161 162 163 164 165 166 167 168 171 172 173 174 175 176 177 178 179 181 185 186 187 188 189 190 191 192 193 194 196 198 199 200
51 56 53 55 57 58 59 61 62 65 67 68 69 71 73 74 75 76 77 79 80 81 82 83 85 86 87 88 89 90 91 92 93 94 97 98 100 101 102 103 104 105 107 108 109 111 112 113 114 115 117 119 120 121 122 123 126 128 130 132 133 134 135 136 137 138 139 141 142 143 144 145 146 147 148 149 151 152 153 154 155 156 157 158 159 161 162 164 165 166 167 169 170 171 173 174 175 177 178 180 181 182 183 184 186 188 190 191 192 193 195 196 197 199
52 92 53 54 55 56 57 58 59 60 62 65 66 67 69 70 71 72 73 74 75 76 77 78 79 80 81 82 83 84 85 86 88 89 90 91 92 94 95 96 98 99 100 101 102 103 104 105 106 107 108 111 112 113 114 116 117 118 119 120 121 122 123 124 125 126 127 128 129 131 132 133 136 137 138 141 142 144 145 146 147 148 149 150 151 152 153 154 155 156 157 158 159 160 161 162 163 164 165 166 167 168 169 170 172 174 175 176 177 178 179 182 183 184 185 186 187 188 189 190 191 192 193 194 195 196 197 198 200
53 86 54 55 57 59 61 62 63 64 66 68 69 70 71 72 74 75 76 77 80 81 82 83 84 85 86 87 88 90 91 92 93 96 97 98 100 103 104 105 106 107 108 109 110 111 112 115 116 117 118 119 120 121 122 123 124 126 127 128 129 130 132 133 134 135 136 137 138 139 141 143 144 145 147 148 149 150 152 153 155 156 158 160 161 162 163 164 165 166 169 170 171 172 176 178 179 180 182 183 185 186 187 188 189 190 191 193 194 195 196 197 198 199 200
54 81 55 57 58 59 60 62 63 64 65 66 67 68 69 70 71 72 73 75 76 78 79 81 82 83 84 86 88 89 91 92 93 94 95 96 98 99 100 101 102 103 105 106 108 110 111 112 114 115 116 117 118 119 120 121 123 124 125 126 128 130 131 132 133 134 135 137 138 139 140 141 143 144 145 146 147 148 149 150 151 152 153 154 155 156 157 159 160 161 162 163 165 166 167 168 169 171 174 175 176 178 179 180 181 182 183 184 185 186 187 188 189 190 191 192 193 194 195 196 197 199
55 72 56 57 58 59 60 61 62 63 64 65 66 68 69 70 71 73 74 75 76 77 78 80 82 83 84 86 87 88 89 90 91 92 93 94 96 97 98 99 100 101 102 103 104 105 108 109 110 111 112 113 114 115 116 117 118 119 120 121 122 123 124 125 126 127 128 130 131 132 133 134 136 137 138 139 140 141 142 143 145 146 147 148 149 150 152 154 155 156 157 158 159 160 161 162 163 164 165 167 168 171 173 174 175 176 178 179 180 181 183 184 185 186 188 189 190 191 192 193 194 195 196 197 199 200
56 79 57 59 60 61 62 63 64 65 66 67 68 69 70 71 72 73 74 75 76 79 80 81 82 83 84 85 86 87 89 91 92 93 94 95 96 99 100 101 102 103 104 105 106 108 109 110 111 112 113 115 116 117 118 119 123 127 128 130 131 132 135 136 137 138 139 140 141 142 144 145 146 148 149 151 152 154 155 156 157 158 159 160 162 163 165 166 167 168 169 170 171 172 173 174 175 176 177 178 180 182 183 184 185 188 189 190 191 192 193 194 195 196 198 199 200
57 33 59 60 61 62 63 64 65 66 67 68 69 70 72 74 75 77 78 79 80 81 82 83 85 86 87 88 90 91 92 93 94 95 96 97 98 99 100 101 102 103 107 108 109 110 111 112 113 114 116 118 121 122 123 124 125 126 127 128 129 130 131 132 133 134 135 136 137 138 139 140 141 142 143 144 146 147 149 151 152 153 154 155 156 157 160 162 163 165 166 167 168 170 172 173 174 175 176 177 178 179 180 182 183 184 185 186 189 190 191 193 195 198 199 200
58 51 59 60 61 64 65 67 68 69 70 71 72 74 76 79 80 81 82 83 84 85 86 88 89 90 92 93 94 95 97 99 100 102 103 104 107 108 109 110 111 112 114 115 116 117 118 119 122 124 126 127 128 129 130 131 134 135 136 137 138 139 140 142 144 147 148 149 150 152 153 154 157 160 161 163 164 165 167 175 176 177 178 180 181 182 183 184 185 186 190 191 192 193 194 196 197 198 199 200
59 80 60 62 63 64 66 67 68 69 70 71 72 73 74 75 76 77 78 79 80 81 83 84 85 86 89 90 92 93 94 95 96 99 100 101 102 103 105 106 108 109 110 112 113 114 115 116 117 118 119 120 121 123 124 125 127 129 130 131 133 134 135 137 138 139 140 141 143 145 147 149 150 151 152 153 154 155 157 158 160 161 162 163 164 165 166 168 169 171 172 173 175 176 177 178 179 180 182 183 185 186 187 188 189 190 191 192 194 195 196 198 199 200
60 38 63 64 65 66 67 68 69 70 72 74 75 76 77 79 80 81 82 83 84 85 86 87 89 90 91 92 94 95 96 97 99 100 101 102 103 104 105 107 109 110 111 112 113 117 119 120 121 122 123 124 126 127 128 129 133 134 135 136 137 138 139 140 142 143 144 145 146 147 148 150 151 152 153 154 155 156 157 158 161 162 163 164 165 167 168 169 173 175 176 177 178 179 180 181 182 183 184 186 187 188 189 190 191 192 193 194 196 197 198 199 200
61 85 62 64 65 66 67 68 69 71 73 74 75 76 77 78 80 81 82 87 88 89 90 91 92 93 96 97 98 99 100 101 102 104 105 106 107 108 109 110 113 114 117 118 120 121 123 124 125 126 129 130 131 132 137 138 139 141 143 146 148 150 151 152 155 156 157 158 159 162 163 164 165 166 167 169 170 171 172 173 174 175 176 177 178 179 180 181 182 183 184 185 187 188 189 190 191 192 193 194 195 197 198 199 200
62 71 64 65 66 67 68 69 70 71 72 73 75 76 78 79 80 82 83 84 87 88 89 90 91 92 93 95 96 97 98 99 100 101 102 103 105 106 107 108 109 112 113 114 115 116 117 118 119 120 121 122 123 125 127 128 130 131 133 134 135 137 138 140 141 143 144 145 146 147 149 150 151 152 153 154 156 157 158 159 160 161 162 163 164 165 166 167 168 169 170 171 172 173 174 175 176 177 178 179 180 181 182 183 184 185 186 187 188 189 190 191 192 193 194 195 196 198 199 200
63 31 65 66 67 70 71 72 73 74 75 76 77 78 79 80 81 82 84 85 86 87 88 90 92 93 94 95 97 98 100 102 103 105 106 107 108 109 110 111 112 113 114 116 117 118 121 122 124 125 126 127 128 129 130 131 132 133 134 135 137 138 139 140 141 142 143 145 146 147 148 149 151 153 154 156 157 158 160 161 162 164 166 168 169 170 171 172 173 174 175 178 179 180 181 182 183 184 186 188 189 190 191 192 193 194 195 196 197 198 199 200
64 96 66 67 68 69 70 71 72 74 75 76 79 80 81 82 83 84 86 87 88 90 91 92 94 95 96 97 98 99 101 102 103 104 105 106 107 109 110 111 112 116 117 121 122 123 124 125 126 127 128 129 130 131 133 134 136 137 138 139 140 141 142 143 144 145 146 148 149 150 152 154 155 156 157 159 161 162 163 164 165 166 167 168 170 171 172 174 175 176 177 178 179 180 181 182 183 184 185 186 188 189 190 191 193 194 195 196 197 198 200
65 43 66 67 68 69 70 71 72 73 74 75 76 77 78 79 81 82 85 86 87 89 90 91 93 96 97 98 99 101 102 103 105 106 107 109 111 112 113 114 117 118 120 121 122 123 124 126 127 128 129 131 132 134 135 137 138 139 140 141 142 143 144 145 146 147 149 151 152 156 157 158 159 161 162 163 164 165 166 167 169 170 171 174 175 176 177 178 180 181 182 184 185 186 188 189 191 192 193 195 196 197 199
66 55 67 68 69 70 71 72 74 75 76 77 79 80 82 83 84 85 86 87 88 91 92 94 96 97 98 100 102 103 104 105 106 107 110 111 113 114 115 116 117 118 119 120 121 123 125 127 128 130 131 132 133 134 135 136 138 140 141 142 144 145 148 149 151 152 153 155 156 161 162 163 164 165 166 167 170 172 173 174 175 176 180 181 182 183 184 186 187 188 189 190 191 192 193 195 196 197 200
67 73 69 70 72 73 74 75 76 77 79 80 81 82 83 84 85 88 89 91 92 93 94 97 99 100 101 103 104 105 106 108 109 111 112 113 114 115 116 117 118 119 122 123 125 126 127 128 130 131 132 133 134 135 136 137 138 141 142 143 144 146 147 148 150 151 152 153 154 155 156 157 158 159 160 161 162 164 165 166 167 168 169 170 171 172 173 174 175 176 177 179 180 181 183 184 185 186 187 188 190 191 192 193 194 195 196 197 198 200
68 78 69 70 72 73 74 75 76 77 78 80 81 82 83 84 86 87 88 89 90 92 93 94 95 97 98 99 101 103 104 105 106 107 109 110 111 112 113 114 115 116 117 118 119 120 121 123 124 126 127 128 131 132 134 135 136 137 139 141 145 146 147 148 150 151 152 153 155 156 157 161 162 163 164 165 167 168 169 170 171 172 173 175 176 177 178 179 180 181 182 185 186 187 192 193 196 197 198 199 200
69 62 70 71 72 73 74 76 77 78 79 80 81 82 83 85 86 87 88 92 93 94 96 97 99 100 101 102 103 104 105 106 107 108 109 111 112 113 114 117 118 120 121 122 123 124 125 128 129 130 131 132 133 134 135 136 138 139 140 142 143 145 147 148 150 151 152 155 156 157 158 159 160 161 162 163 164 165 167 168 169 170 171 172 173 174 175 176 178 179 180 181 182 183 184 185 187 188 189 190 192 193 194 195 196 197 198 199 200
70 46 71 72 73 74 75 76 77 78 79 80 81 82 83 84 85 86 87 88 89 90 91 92 93 94 95 96 98 100 101 102 104 105 106 108 109 110 112 113 114 115 116 117 121 123 124 125 126 127 128 129 130 133 134 135 136 137 139 140 141 142 143 144 145 146 147 148 151 154 155 156 157 158 160 162 163 165 166 169 170 171 172 173 175 176 177 178 179 180 185 187 188 189 191 192 193 194 195 196 197 198 200
71 51 72 73 75 76 78 79 80 81 83 84 85 86 88 89 90 91 92 93 94 95 96 97 99 100 103 107 108 110 111 112 113 114 115 116 117 118 119 120 121 122 123 124 125 126 127 128 129 130 131 132 135 136 137 138 140 141 142 143 144 145 146 147 148 149 150 151 153 154 157 158 159 160 161 162 163 164 165 166 167 168 169 170 171 172 173 175 177 178 179 180 181 182 183 184 185 186 187 188 189 190 191 192 194 195 196 198 200
72 96 73 74 75 78 79 80 81 82 84 85 86 87 88 90 92 93 94 95 96 99 100 101 102 103 104 105 106 107 109 110 111 113 114 115 120 121 123 124 125 127 128 130 131 134 135 136 137 138 139 140 141 143 144 145 146 148 149 150 151 153 155 156 157 158 159 160 161 162 165 166 168 169 170 171 172 173 175 176 177 178 179 181 182 185 186 187 190 191 192 193 194 195 196 197 198 200
73 98 74 75 76 77 78 79 81 82 83 84 86 87 88 90 91 92 94 95 97 98 99 100 101 102 103 105 106 108 109 110 112 113 114 115 116 117 119 120 121 122 125 126 128 130 131 132 133 134 135 136 137 139 140 141 144 146 147 149 151 152 153 154 155 156 157 158 159 160 161 166 168 170 171 172 173 175 176 178 179 180 181 182 184 185 186 187 188 189 190 191 192 193 194 195 196 197 198 200
74 64 76 77 78 79 80 81 82 84 86 87 88 89 90 92 94 95 97 98 99 100 101 102 103 104 105 106 107 108 110 111 113 114 115 116 117 119 121 122 123 125 126 127 128 129 130 131 132 133 134 135 136 137 138 139 140 141 142 143 144 146 147 149 151 152 153 154 155 156 157 158 159 160 161 162 163 164 165 166 167 168 169 170 171 172 174 176 177 180 181 182 183 184 185 186 187 188 189 190 191 192 193 194 195 196 197 198 200
75 35 76 77 78 80 82 83 84 86 87 88 90 91 92 93 95 96 97 98 99 100 102 103 106 109 113 114 116 118 119 120 121 122 123 124 125 126 127 128 129 131 132 133 134 135 136 137 138 139 140 141 142 143 144 145 146 147 149 150 151 152 153 154 155 156 157 159 160 162 163 164 166 167 168 169 170 171 172 173 174 175 177 180 181 183 185 186 188 190 191 192 194 195 197 198 199 200
76 61 77 78 79 80 81 83 84 85 86 87 88 89 90 91 92 93 94 95 96 97 98 100 101 102 104 106 108 110 111 112 113 116 117 119 120 121 123 124 125 126 128 130 131 132 133 134 136 137 138 139 140 141 142 143 144 146 147 148 149 150 151 152 154 155 156 157 158 160 161 162 163 164 165 166 167 168 169 171 172 173 174 175 177 178 179 181 183 184 186 187 188 189 190 191 193 194 195 199 200
77 95 78 79 80 81 83 84 86 87 88 89 90 92 93 95 96 98 99 100 101 102 103 104 105 106 107 108 109 110 111 112 114 115 116 117 120 121 122 123 124 126 127 128 129 130 132 133 134 135 136 137 138 139 140 141 142 143 144 146 148 149 150 151 152 155 157 159 160 161 162 163 165 166 169 171 174 175 178 179 181 183 184 185 186 187 188 189 190 192 193 194 195 196 198 200
78 81 79 80 81 83 84 86 87 88 90 92 95 96 97 98 99 101 105 106 107 108 109 110 111 112 113 114 116 118 119 120 121 122 123 124 125 126 127 128 130 131 132 133 135 136 138 140 141 142 144 145 146 149 150 151 156 157 160 161 162 163 165 166 167 169 170 171 172 173 174 176 177 178 179 180 181 184 185 186 187 188 189 190 191 193 194 198 199 200
79 21 83 84 85 86 87 90 91 92 93 94 96 97 98 100 101 102 103 105 106 107 108 109 110 112 113 114 115 116 117 119 120 122 124 126 127 128 129 130 131 132 133 134 135 137 138 140 141 142 143 145 146 147 148 150 151 152 153 154 155 156 157 159 160 161 162 164 165 166 167 168 170 171 172 173 175 176 177 178 179 180 181 182 183 184 185 186 187 188 189 191 192 193 194 195 196 197 198 199 200
80 70 81 82 83 84 85 87 88 91 92 93 96 97 99 100 101 102 103 104 105 106 107 108 109 110 112 113 114 115 117 118 119 120 121 122 123 124 125 126 127 128 129 130 131 132 133 134 136 137 138 140 143 144 145 146 147 148 150 151 153 154 157 158 160 161 162 163 165 166 167 168 169 173 174 175 176 177 178 179 180 181 182 183 186 187 188 189 190 193 197 198 199 200
81 41 82 84 85 86 87 91 92 93 94 95 97 99 100 102 103 104 105 106 108 110 111 112 113 115 116 117 119 120 121 122 123 124 126 127 128 129 130 131 132 134 137 138 139 140 141 142 143 144 145 146 147 148 149 150 151 152 153 154 155 156 157 158 159 160 161 162 163 165 166 168 169 170 171 172 174 175 176 177 178 179 180 181 182 183 184 186 188 189 192 193 194 196 198 199 200
82 60 83 85 86 87 88 89 92 93 94 95 96 97 98 99 100 102 103 104 105 106 107 108 109 111 113 115 116 117 118 119 120 121 122 123 124 125 126 127 128 129 130 131 132 133 136 137 138 141 142 143 144 146 147 148 149 150 152 153 154 155 156 157 158 160 161 162 163 165 167 168 169 170 171 172 173 174 175 176 177 178 179 180 181 182 183 184 187 189 193 195 197 198 199 200
83 39 84 85 86 87 88 89 90 91 92 94 95 96 97 98 99 100 101 102 103 104 105 106 107 108 110 111 113 115 117 118 119 120 122 123 124 126 127 128 129 130 131 132 133 134 135 138 140 142 143 144 146 147 149 150 152 153 155 156 157 158 159 161 162 163 164 165 167 168 171 172 173 174 175 176 177 178 179 181 182 183 184 185 186 187 189 190 191 192 194 195 196 197 198 199 200
84 42 85 86 87 88 89 90 91 92 93 94 95 96 98 99 100 101 102 104 105 106 107 108 109 110 111 114 115 116 117 118 120 121 123 124 125 126 127 128 130 131 132 133 134 135 136 138 139 141 142 143 145 146 147 150 151 152 153 154 155 156 158 160 161 162 163 164 165 167 168 169 170 171 172 173 174 175 176 177 178 181 182 185 186 187 188 190 191 192 193 194 195 199 200
85 23 86 87 88 89 93 94 95 96 97 98 99 100 101 102 103 104 105 106 108 109 110 111 112 113 115 116 117 119 120 123 124 126 128 130 131 132 135 136 138 139 141 143 144 145 146 148 150 151 152 153 154 155 157 158 159 160 161 162 163 164 165 166 167 168 173 174 175 176 177 178 180 181 182 183 185 186 187 189 190 191 192 194 195 196 197 198 199 200
86 93 87 89 90 91 92 93 94 95 96 97 98 99 100 101 102 103 104 105 106 107 110 112 114 115 116 117 118 119 122 123 124 125 127 128 129 131 132 133 134 135 137 140 141 142 144 145 146 148 149 151 154 155 156 157 158 159 161 162 163 164 165 166 168 169 170 171 172 173 174 175 177 178 179 180 182 183 184 185 186 187 188 191 192 193 194 195 196 197 198 199 200
87 28 88 89 90 91 92 93 95 96 98 99 101 102 104 105 106 107 110 111 112 113 115 116 117 118 119 121 122 123 124 125 126 127 128 129 130 131 132 134 135 136 137 138 139 140 141 142 143 144 146 147 148 149 150 152 153 156 157 158 159 160 161 162 163 164 166 167 168 169 171 173 174 175 176 177 178 180 181 182 184 185 186 189 190 192 193 194 196 198 199
88 74 89 90 91 92 93 96 97 98 99 100 101 103 106 107 108 109 110 111 113 115 117 120 121 123 124 125 126 129 130 131 132 133 134 135 136 138 139 142 144 145 146 147 148 150 151 152 153 154 156 157 158 160 161 162 163 165 168 170 172 173 174 175 176 177 178 180 182 183 185 186 187 189 190 191 192 194 195 196 197 199
89 52 90 91 92 93 95 96 98 99 100 101 102 103 104 105 106 107 108 109 110 112 113 114 115 116 117 118 120 121 122 123 125 126 127 128 129 130 131 132 133 135 136 137 138 139 141 142 143 145 147 148 149 150 151 152 153 154 155 156 157 158 159 160 162 163 164 165 167 168 170 171 172 173 174 177 178 179 180 181 183 184 185 186 187 188 189 191 192 194 195 197 198 199
90 75 91 92 93 94 95 96 97 99 100 101 102 104 105 106 107 108 109 110 111 112 113 114 115 116 117 119 120 121 123 124 125 126 127 128 130 132 133 134 136 137 138 139 140 141 142 144 145 146 147 149 150 152 154 155 156 157 158 159 161 162 165 166 167 168 169 170 171 172 173 174 175 176 177 178 179 180 181 182 183 184 185 186 188 189 190 191 192 193 195 196 198 199 200
91 59 92 93 94 96 97 98 99 101 103 104 105 108 109 111 113 115 117 118 119 120 121 122 123 124 125 127 130 131 132 133 134 135 136 137 139 140 141 142 143 144 145 146 147 148 149 150 151 152 153 155 156 157 158 160 161 162 163 164 166 167 168 170 171 173 174 175 176 177 178 179 180 181 182 183 184 185 187 188 189 190 192 193 194 195 196 197 198 199 200
92 54 93 94 96 98 99 100 103 104 106 107 108 109 111 112 113 114 116 118 120 122 124 125 126 127 128 129 130 131 132 133 135 139 140 141 142 144 146 147 148 149 150 151 152 153 154 155 156 157 158 159 160 161 162 163 165 166 167 168 169 171 172 173 174 175 176 177 178 179 181 183 184 185 186 187 188 190 191 192 193 195 196 197 198 199 200
93 36 94 95 97 98 100 101 102 103 104 105 106 107 108 109 110 111 112 113 115 116 117 118 119 121 122 123 124 125 127 129 130 132 133 134 135 136 137 139 140 141 142 144 145 146 148 149 150 151 152 154 156 157 158 159 160 161 162 163 164 165 167 168 169 170 172 173 174 175 176 177 178 179 180 181 182 183 184 185 186 187 188 189 190 191 192 193 195 196 197 199 200
94 88 95 96 99 100 101 102 104 105 106 107 109 110 111 113 114 117 119 120 121 122 124 125 127 129 130 131 132 133 134 136 138 139 140 141 142 143 144 145 147 148 149 151 152 153 154 156 157 158 159 160 163 164 165 166 167 169 170 171 172 173 174 175 177 178 179 180 181 182 183 184 185 186 187 188 189 190 191 192 194 195 198
95 29 96 97 98 99 100 101 103 105 106 107 108 109 110 111 112 113 115 116 117 118 120 121 122 123 125 126 127 128 129 130 131 132 134 135 136 137 138 139 140 141 142 145 146 148 150 152 153 154 155 158 159 160 161 163 164 165 166 167 168 170 171 172 173 174 176 180 181 183 184 185 187 188 189 191 192 193 194 195 196 197 198 199 200
96 72 97 98 99 100 101 102 103 104 106 107 108 112 113 115 117 121 122 123 124 126 127 128 129 130 131 133 137 138 139 140 141 143 144 145 146 147 148 149 150 151 152 154 155 156 159 160 161 162 163 165 166 167 169 170 172 174 175 177 179 180 181 182 183 186 187 189 191 193 194 195 196 197 198 199
97 73 98 99 100 101 102 104 105 106 107 108 109 110 111 112 113 114 115 116 117 118 119 120 122 123 124 125 127 128 129 130 131 132 136 137 138 139 140 141 142 143 144 146 147 148 149 150 151 152 153 154 155 156 157 159 160 162 163 164 165 167 168 169 170 171 172 173 174 175 176 177 178 180 181 184 185 186 187 188 189 191 192 195 196 197 198
98 54 99 102 103 104 105 108 109 110 112 113 114 115 116 117 118 119 120 121 125 126 128 130 131 132 133 134 135 136 137 140 141 142 143 146 147 148 149 150 151 152 153 154 155 157 158 160 161 162 164 165 166 167 168 169 171 172 173 174 175 176 177 178 179 180 181 182 183 184 185 186 187 188 190 191 192 193 195 196 197 199 200
99 55 100 101 102 103 104 105 106 107 108 109 111 112 113 114 115 116 117 118 119 120 121 122 123 124 125 126 127 129 130 133 134 135 136 137 138 139 140 141 142 143 144 147 148 149 150 151 155 156 157 158 159 164 165 166 167 168 169 170 171 172 173 174 175 177 178 179 180 181 182 184 186 187 189 191 192 193 194 196 197 198 199 200
100 100 103 105 106 107 108 109 110 111 112 113 114 115 116 117 118 119 120 121 122 123 124 125 127 128 129 131 132 133 134 135 136 137 138 139 140 141 142 144 147 148 149 151 152 153 155 156 158 159 160 164 165 166 167 168 169 170 171 172 174 175 176 177 179 180 181 182 183 184 185 186 187 189 190 191 192 193 194 196 197 198 199 200
101 67 103 104 105 106 107 109 110 111 112 113 114 115 116 117 118 119 120 121 123 124 127 128 129 130 131 132 133 134 135 136 137 138 139 140 141 142 143 144 145 146 147 148 149 150 151 152 153 154 158 159 160 162 163 164 165 166 167 168 169 170 171 172 173 174 175 176 177 178 180 181 182 184 185 186 187 189 190 191 193 195 196 197 198 200
102 46 103 104 105 106 108 109 110 112 113 114 115 116 117 119 121 122 123 124 125 126 127 130 131 132 133 134 135 136 137 139 140 141 142 143 144 145 147 149 150 151 153 155 156 157 159 161 162 163 164 165 166 167 168 170 171 172 173 174 175 176 177 180 181 183 184 185 186 187 188 189 190 191 192 193 194 195 196 197 198 199
103 28 104 105 106 107 108 110 111 112 113 116 117 118 119 120 121 123 124 125 126 127 128 129 130 131 132 133 135 136 137 138 139 141 142 143 144 147 148 149 150 151 152 153 154 155 156 157 158 159 160 162 164 165 166 168 169 170 171 172 173 174 176 177 178 179 180 181 182 183 184 185 186 187 189 191 192 193 194 195 199 200
104 70 105 106 109 111 112 114 115 116 117 118 120 122 123 124 125 126 127 129 130 131 132 133 134 135 136 137 138 139 141 142 144 147 148 149 150 151 152 153 154 155 156 158 159 160 161 162 164 165 166 168 169 170 171 172 174 175 178 179 180 181 182 183 184 185 186 187 189 190 191 194 195 196 197 198
105 53 107 109 110 111 112 114 115 117 118 119 120 121 123 124 125 127 128 130 131 132 133 134 135 138 139 140 141 143 144 146 148 150 151 152 153 154 155 156 157 158 159 160 161 162 163 164 165 166 167 168 170 171 173 174 175 177 178 179 181 183 184 185 186 187 189 190 191 192 193 194 195 196 197 198 199 200
106 92 107 108 109 110 111 112 113 114 115 116 118 119 121 122 124 125 126 127 130 131 132 134 135 136 137 138 139 140 142 144 145 146 147 148 149 150 151 152 153 154 155 156 157 158 159 160 161 162 163 164 165 168 169 170 171 172 173 174 175 176 177 179 180 181 182 183 185 186 188 189 190 193 194 196 197 198 199 200
107 70 108 109 110 111 112 113 114 119 120 122 123 124 126 127 129 130 132 133 134 135 136 138 139 140 141 142 143 144 145 146 147 149 150 151 152 153 154 155 156 157 158 159 161 162 163 164 165 166 167 168 169 171 173 174 175 176 178 179 180 182 183 186 188 189 191 192 193 194 195 198 199 200
108 28 109 110 111 112 113 114 115 117 118 119 121 122 123 124 125 126 127 128 129 130 131 132 134 135 136 137 139 140 141 143 144 145 146 147 148 149 150 152 153 155 156 157 158 159 160 161 162 163 164 165 166 167 169 170 173 174 175 176 177 178 179 180 181 182 186 187 189 190 191 192 193 194 195 196 197 198 199
109 79 110 111 112 113 114 115 118 119 120 121 123 124 125 127 131 133 134 135 136 137 138 140 141 143 145 146 147 148 149 151 152 153 154 155 156 157 158 159 162 163 164 165 166 167 168 169 170 171 172 174 177 178 179 181 182 183 184 185 187 188 190 191 192 193 194 195 196 197 198 200
110 24 112 114 115 116 117 118 120 121 123 124 125 126 127 128 129 130 131 132 133 134 135 138 139 140 141 142 143 144 145 146 147 149 150 151 152 154 155 156 157 158 160 161 162 163 164 166 167 169 170 171 172 173 174 175 176 177 178 179 180 181 182 184 185 186 187 188 189 190 191 192 195 196 198 200
111 89 112 113 115 116 117 118 119 120 123 124 125 126 127 128 129 130 131 132 133 135 136 137 138 139 140 141 142 143 145 146 147 148 150 151 152 154 155 156 157 158 159 162 163 164 165 166 167 169 170 171 172 173 175 176 177 178 179 180 181 182 183 185 186 187 188 189 190 191 192 193 194 195 196 197 199 200
112 55 113 114 116 117 118 119 120 121 124 125 126 127 128 129 130 131 132 133 134 135 136 138 139 140 141 142 144 145 147 148 149 150 151 152 154 155 156 157 158 161 162 163 164 165 166 167 168 169 170 171 172 173 174 176 177 179 180 181 182 183 184 186 188 189 190 191 194 196 197 198 199 200
113 41 114 115 116 117 118 119 120 121 123 124 125 126 127 129 130 131 132 133 134 135 136 137 139 140 142 144 145 146 148 149 150 151 152 153 154 155 156 157 158 159 160 161 162 164 165 166 167 168 170 173 174 175 176 178 179 180 181 182 183 184 185 186 187 188 190 191 192 194 196 197 198 199 200
114 79 115 116 118 119 120 121 122 123 124 125 126 127 129 130 132 133 134 135 137 138 139 140 141 142 143 144 145 146 147 148 149 150 151 153 155 156 157 158 159 160 161 163 164 166 167 168 169 170 171 172 173 174 175 176 177 178 179 180 181 182 183 184 186 187 188 189 190 191 192 193 194 195 196 197 198 199 200
115 93 116 117 118 119 121 122 123 124 125 126 127 128 129 130 131 132 133 136 139 140 141 142 143 144 145 146 147 151 152 154 155 156 157 158 159 161 162 163 164 165 166 167 168 169 173 174 175 176 177 178 179 180 181 182 183 185 186 187 188 189 190 191 192 193 194 197 198 199 200
116 21 117 118 119 121 123 124 125 127 128 129 130 131 132 133 134 135 136 137 138 139 140 143 145 146 147 148 149 150 151 152 153 154 156 158 159 160 161 162 163 164 166 167 168 169 170 171 172 173 174 176 177 178 179 180 181 182 183 185 186 187 188 189 190 191 192 193 194 195 196 197 198 199 200
117 44 118 119 120 121 122 123 124 125 126 127 128 129 130 131 134 135 136 137 138 139 140 141 142 143 145 146 148 149 150 151 153 155 157 158 159 160 161 162 163 164 165 166 167 168 169 170 171 172 173 174 175 176 178 179 180 181 182 183 184 185 187 188 189 191 192 193 195 196 197 198 199
118 64 119 120 122 123 125 126 127 128 129 130 131 132 133 134 136 137 139 140 141 142 143 144 145 147 148 149 151 152 153 155 156 157 158 159 160 161 162 163 164 165 167 168 170 171 172 173 174 175 176 177 178 180 181 182 183 184 185 186 187 188 189 191 192 193 195 199 200
119 45 120 121 122 123 124 125 126 130 132 133 134 135 137 138 140 141 142 143 144 145 146 147 148 149 150 152 153 154 155 156 157 158 159 161 162 164 165 166 167 168 169 172 173 174 175 176 177 179 180 182 183 184 185 186 187 189 190 191 192 193 194 195 196 197 198 199 200
120 76 121 122 123 124 125 126 128 129 130 131 132 133 136 137 138 141 142 143 144 146 147 148 149 150 151 152 154 156 157 158 160 161 162 164 167 168 169 170 171 172 173 174 175 176 177 179 180 181 182 183 184 185 186 187 188 190 191 192 193 194 195 196 198 199 200
121 45 122 124 125 127 128 130 131 132 133 134 135 136 137 138 139 140 141 142 143 144 145 146 147 148 149 150 151 152 154 155 156 157 158 159 160 161 162 163 164 165 166 167 168 169 170 171 172 173 174 175 177 178 179 180 181 182 183 184 185 186 187 190 191 192 195 196 197 198 199 200
122 34 124 125 126 127 128 129 132 134 135 136 137 138 139 140 142 143 144 145 146 149 150 151 152 153 154 155 156 157 158 159 160 161 162 163 165 166 167 170 171 172 173 174 175 176 177 178 179 180 182 183 184 186 187 189 191 192 193 194 195 196 197 198
123 90 125 126 127 129 131 132 133 134 135 136 137 139 140 141 142 143 146 149 150 151 152 154 155 157 158 159 161 163 164 165 166 167 168 169 170 172 173 176 178 179 180 181 182 183 185 186 187 188 189 191 192 193 195 196 197 198 199 200
124 95 125 126 127 128 129 131 132 135 136 139 140 142 143 144 145 146 147 148 149 150 151 152 154 155 156 158 159 161 163 167 168 171 172 173 174 175 177 180 181 182 184 185 187 188 189 190 191 192 193 194 195 196 197 198 199 200
125 90 126 127 128 130 131 132 133 137 138 140 141 142 143 144 145 146 147 149 150 151 152 153 154 156 157 158 159 161 162 164 165 166 167 168 170 172 173 174 176 177 178 181 182 183 184 185 186 187 188 189 190 191 192 193 194 195 196 197 198 199 200
126 74 127 129 130 131 133 134 135 137 138 139 140 141 143 145 146 147 150 151 153 154 155 156 157 158 159 160 161 163 165 166 167 168 170 171 173 174 175 178 179 180 182 183 184 186 188 189 190 191 192 193 194 195 197 198 199 200
127 24 128 130 132 133 134 136 137 138 139 141 142 143 144 145 146 147 148 149 150 151 152 154 155 156 158 161 162 163 164 165 166 167 168 169 170 171 172 173 174 175 176 177 178 179 180 181 182 183 184 185 186 189 190 191 192 193 196 198 200
128 35 129 130 131 132 133 134 135 136 137 138 139 140 141 142 144 145 146 147 148 149 150 151 152 153 154 155 156 157 158 159 160 161 162 163 164 166 167 168 169 170 171 172 173 174 176 177 178 179 180 181 182 183 185 186 187 188 189 191 192 193 194 195 196 198 199 200
129 64 130 132 135 137 138 139 140 141 143 144 146 147 148 149 150 151 154 157 158 159 160 161 162 163 164 166 168 169 171 175 176 177 178 179 180 181 182 183 184 185 186 187 188 189 190 191 192 193 195 196 197 198 199 200
130 96 131 132 133 134 135 136 137 139 141 142 143 144 145 147 148 149 151 152 153 154 156 158 159 160 161 162 164 165 166 167 168 170 171 173 174 175 176 177 178 179 180 181 182 184 185 186 187 188 189 190 191 194 195 196 197 198 199 200
131 52 132 134 135 136 137 138 139 140 141 142 143 145 147 148 149 150 151 152 153 154 155 156 157 158 159 160 161 162 163 164 165 166 167 169 170 171 172 173 174 177 178 179 180 181 183 185 186 187 188 189 190 191 192 193 194 195 196 198 199 200
132 42 133 134 135 136 137 138 139 140 141 142 143 144 146 147 148 149 152 153 154 155 156 157 159 161 162 163 164 165 168 169 171 172 174 176 177 178 179 180 181 182 183 184 185 187 188 189 191 192 193 195 196 197 198 199
133 93 134 135 136 137 138 139 140 141 144 145 146 147 148 149 150 151 153 154 155 156 157 158 159 160 163 164 165 166 167 168 169 171 173 174 175 177 178 179 181 183 185 186 188 189 191 192 193 194 195 196 197 198 199
134 82 135 136 137 138 139 142 143 144 145 149 150 151 152 153 156 157 158 159 160 161 163 164 165 166 167 168 169 170 172 173 174 175 176 177 178 179 180 181 182 183 185 186 187 188 189 190 191 192 193 195 196 197 198 200
135 90 137 138 139 140 141 142 143 144 145 146 147 148 151 152 153 155 156 157 158 159 160 161 163 164 165 166 168 169 170 171 172 173 174 175 177 181 182 183 187 188 189 190 192 193 194 195 196 197 198 200
136 31 137 138 139 140 141 142 143 145 146 147 148 152 153 154 155 156 157 160 161 162 163 164 165 166 168 169 170 171 173 175 177 178 179 181 182 183 184 185 186 187 188 189 190 192 193 194 195 197 198 200
137 50 138 139 140 143 144 145 146 147 149 151 152 153 154 155 156 157 158 160 161 163 164 165 166 167 168 169 171 172 173 175 176 179 180 181 182 185 187 188 189 190 191 192 193 195 196 197 198 199 200
138 68 139 140 142 143 145 146 147 148 149 153 154 155 156 157 158 160 161 162 163 164 165 166 167 168 169 170 171 175 178 180 181 182 183 184 185 186 187 188 189 190 191 192 193 196 197 199 200
139 48 140 141 142 143 144 145 146 147 148 149 150 151 153 154 155 156 157 158 160 162 163 164 165 166 167 168 169 170 171 172 174 175 176 178 179 180 182 184 186 187 188 189 190 191 192 193 194 195 196 197 198 199 200
140 75 141 142 143 144 145 146 147 148 149 151 153 154 159 160 161 162 163 164 165 166 167 168 172 174 175 176 177 178 179 180 181 182 183 185 186 187 188 189 190 191 192 193 195 196 197 198 199 200
141 90 142 143 144 145 146 147 148 149 150 152 153 154 157 160 161 163 164 165 166 169 170 171 173 174 176 177 178 179 180 181 182 183 185 186 188 189 190 191 192 193 194 195 196 197 199
142 49 143 144 145 146 147 148 150 151 152 153 154 155 157 158 159 160 161 162 163 164 165 166 167 169 170 171 172 173 175 176 178 179 180 181 182 183 184 185 186 187 188 189 192 193 194 195 196 197 198 199 200
143 65 144 145 146 147 148 150 152 153 154 156 157 158 160 162 163 164 165 166 167 168 169 170 171 172 173 175 176 177 178 179 180 182 183 184 185 186 188 189 190 191 192 193 194 195 198 199 200
144 98 145 146 147 148 149 150 151 152 153 154 155 156 158 159 160 161 162 163 164 165 167 168 169 170 172 173 175 176 178 179 180 181 182 183 184 187 189 190 191 192 193 194 195 198 199
145 41 146 147 149 150 151 152 153 154 155 156 157 158 159 160 162 163 165 166 167 168 169 171 172 173 175 176 177 178 182 183 184 186 187 188 189 190 191 192 194 195 196 198 199 200
146 74 147 148 149 150 151 152 153 154 155 156 157 158 159 160 161 162 163 164 165 166 167 168 169 170 171 172 173 174 175 176 177 178 179 181 182 183 185 186 187 188 189 190 191 192 193 194 195 196 197 198 200
147 48 149 150 152 153 154 155 156 157 158 159 160 161 162 163 164 165 166 167 169 170 171 172 173 175 176 177 178 179 180 181 182 185 186 187 188 189 190 191 193 194 195 196 197 198 200
148 70 151 152 155 156 157 158 159 160 161 163 164 165 166 167 168 169 170 171 172 174 176 177 178 179 180 181 182 183 184 185 186 187 188 189 190 193 194 195 197 198 199 200
149 49 151 152 153 154 155 156 158 159 160 161 162 163 164 165 166 167 168 169 170 171 172 173 174 175 176 177 178 179 181 182 183 184 185 186 187 188 191 192 193 194 195 196 197 199 200
150 68 151 152 153 154 155 156 157 158 159 160 161 162 164 165 166 167 168 169 170 171 173 174 175 177 178 179 182 183 184 186 189 192 193 194 197 198 199
151 80 154 156 157 158 159 160 161 162 164 165 167 168 169 170 171 172 174 176 177 178 179 180 181 182 183 184 185 186 188 189 190 191 192 193 194 195 197 198 199
152 74 153 155 156 157 158 159 160 161 162 163 164 166 168 170 171 173 174 175 176 177 179 181 182 183 184 185 186 187 188 190 191 192 193 194 195 196 197 198
153 60 154 155 156 157 158 159 160 162 163 164 166 167 168 169 170 173 174 175 176 177 178 179 180 181 182 183 184 186 187 188 189 191 192 193 194 195 196 198 200
154 48 156 157 158 159 160 161 162 163 164 165 166 167 168 169 171 172 173 175 176 177 178 179 180 182 183 184 185 186 187 188 189 190 191 192 193 194 195 196 197 198 199 200
155 77 156 157 158 160 162 164 165 167 168 169 170 171 172 173 174 175 176 177 178 179 180 183 184 185 186 189 190 191 193 194 195 196 199 200
156 68 157 158 159 160 161 162 163 164 165 167 169 170 171 172 174 177 178 179 180 181 182 183 184 186 188 190 191 192 194 195 196 197 198 199 200
157 61 158 159 160 161 163 164 166 167 169 170 172 173 174 175 176 177 180 181 182 184 185 187 189 190 191 192 193 194 195 196 197 198 199 200
158 36 159 161 162 164 165 166 167 168 169 171 172 173 174 175 177 178 179 180 181 182 183 184 185 186 187 188 189 190 191 192 194 195 196 198 199
159 92 160 161 162 163 164 165 166 167 168 169 170 171 172 173 175 176 177 178 179 180 182 183 184 185 186 187 188 189 190 191 192 193 194 195 197 198 199 200
160 93 161 162 163 164 165 166 167 168 169 170 171 173 174 176 177 178 179 180 181 182 183 185 187 188 189 190 191 192 194 196 197 199 200
161 28 162 163 164 165 166 168 169 170 171 173 174 175 177 178 180 181 182 184 186 187 188 189 190 191 193 194 195 196 197 198 199
162 82 163 164 165 166 167 168 169 171 172 173 174 176 177 179 180 181 183 184 185 186 187 188 189 190 191 192 194 195 197 198 199 200
163 60 164 165 166 167 168 169 170 172 173 176 177 178 179 180 181 182 183 184 185 186 187 188 189 191 192 194 195 196 197 199 200
164 100 165 166 167 168 169 170 171 172 173 174 175 176 177 178 180 181 182 183 185 186 187 188 189 191 193 195 196 197 198 200
165 53 167 168 169 170 171 172 174 175 176 179 180 181 183 184 185 186 187 188 191 192 193 194 195 196 197 198 199
166 31 167 168 169 170 171 172 173 174 175 178 179 180 181 182 183 184 186 187 189 192 193 194 196 198 199 200
167 52 168 169 170 172 173 174 176 177 178 179 180 181 182 185 186 187 188 189 190 191 192 193 194 195 197 198 199
168 68 169 170 171 173 175 176 177 178 179 180 181 184 185 186 187 188 189 190 191 192 193 194 195 196 197 198 199 200
169 87 170 171 173 174 175 177 178 179 181 182 183 184 185 186 187 190 192 193 194 195 196 197 198 199 200
170 98 171 172 173 174 175 176 178 179 181 183 184 185 187 189 190 191 192 193 194 196 198 200
171 77 174 175 177 178 181 185 187 189 190 191 192 193 194 195 196 197 198 199 200
172 64 173 176 177 178 181 182 183 184 185 186 187 190 191 192 193 194 195 196 197 198 199 200
173 77 174 175 176 177 178 179 180 181 182 183 184 185 186 187 188 189 190 193 194 195 197 198 199 200
174 89 175 176 178 179 180 181 182 183 184 185 186 187 188 189 190 191 192 195 196 197 198 200
175 89 178 181 182 184 185 186 187 188 191 192 193 195 196 197 198 199 200
176 41 177 179 181 182 183 186 188 189 190 191 192 193 194 196 199 200
177 44 178 179 181 182 183 184 185 186 187 189 190 191 193 194 197 198 199 200
178 55 179 180 181 182 183 186 187 189 190 192 193 195 196 197 198 199 200
179 63 180 181 183 184 186 187 188 189 190 191 192 193 194 195 196 197 198 199 200
180 59 181 182 183 184 185 187 188 189 190 191 193 194 197 198 200
181 43 184 185 186 187 188 190 191 192 194 195 196 197 198 199 200
182 32 183 184 185 186 190 191 192 193 194 195 197 198 200
183 50 184 185 186 187 188 189 190 192 195 196 197 198 199
184 93 185 186 187 189 190 193 195 196 197 198 199 200
185 47 186 187 188 190 191 194 195 197 199 200
186 48 187 188 190 191 192 194 195 196 198 199 200
187 88 188 190 192 193 194 195 197 198 199 200
188 33 189 190 191 192 193 195 196 197 198 199 200
189 31 190 191 192 194 196 199 200
190 75 191 192 193 194 195 196 197 198 200
191 31 192 193 194 195 196 199
192 67 193 194 195 196 197 198 199
193 42 194 195 196 197 198 199
194 47 195 196 197 199 200
195 76 196 197 198 200
196 61 197 199 200
197 43 198 199 200
198 29 199
199 96
200 58
