200
1 25 2 3 4 5 6 7 8 9 12 13 14 15 16 17 18 19 21 23 24 25 26 27 28 29 30 32 33 34 35 37 38 39 40 41 42 43 44 45 46 47 48 50 51 52 53 54 55 56 57 58 59 60 61 62 63 64 65 66 67 68 69 70 71 72 73 74 75 77 78 79 80 81 82 83 84 85 86 88 89 90 91 92 93 94 95 96 97 98 99 100 101 102 103 104 105 106 107 108 109 110 111 113 114 115 116 117 118 119 121 122 124 126 128 129 130 131 132 133 134 135 136 137 138 139 140 142 143 144 145 146 147 148 149 151 152 153 154 155 157 158 159 160 161 162 163 165 168 169 170 171 172 173 174 175 176 178 179 181 182 183 184 185 186 187 188 189 190 191 193 194 195 196 197 198 199 200
2 88 3 4 5 6 8 10 11 12 13 14 15 16 17 18 19 21 22 23 24 25 26 27 28 29 31 33 34 35 36 37 38 40 41 42 43 44 45 46 47 48 49 50 51 52 53 55 57 58 59 60 61 62 63 64 65 66 67 68 69 70 71 72 73 75 76 77 78 79 80 82 83 84 85 86 87 88 89 90 91 93 94 95 96 97 98 99 100 101 102 103 104 105 106 107 108 109 110 111 112 113 114 115 116 117 118 119 120 121 122 123 125 126 127 128 129 130 131 132 133 134 135 136 137 138 139 140 141 142 143 144 145 146 147 148 149 150 151 152 153 154 155 156 157 158 159 161 162 163 164 165 166 168 170 171 172 173 174 175 177 178 179 181 182 183 184 185 186 187 188 189 190 191 193 194 195 196 197 198 199 200
3 63 4 5 6 8 9 10 11 12 13 14 15 16 17 18 19 20 21 22 23 24 25 26 27 29 30 31 33 34 35 36 37 38 39 40 41 42 43 45 46 47 48 49 50 51 52 54 56 57 58 59 60 61 62 63 64 65 66 67 68 69 70 71 72 73 74 76 77 79 80 81 83 84 85 86 87 88 89 90 91 92 93 94 95 96 97 98 99 100 101 102 103 104 105 106 107 108 109 110 111 112 114 115 116 117 118 120 121 122 123 125 126 127 128 130 131 132 133 134 137 138 139 142 143 144 145 146 147 148 149 150 151 153 154 155 156 157 158 159 160 161 162 163 164 165 166 167 168 169 171 172 173 174 175 176 177 178 179 180 181 182 183 184 185 186 187 188 190 191 192 193 194 195 196 197 198 199 200
4 78 5 7 8 9 10 11 12 13 14 15 16 17 18 19 20 21 22 23 24 25 26 27 28 29 30 31 32 33 34 35 36 37 38 39 40 41 42 43 44 45 46 47 48 49 50 51 53 54 55 57 58 59 60 61 62 63 64 65 66 67 68 69 72 73 74 78 79 80 81 82 83 84 85 86 87 88 89 90 91 92 93 94 95 96 97 98 99 100 101 102 103 104 105 106 107 109 110 111 112 113 114 116 117 118 119 120 121 122 123 125 126 127 128 129 130 131 133 134 135 136 137 139 140 141 142 143 144 145 146 147 148 149 150 151 152 153 154 155 156 157 158 159 161 162 163 164 165 166 167 168 169 170 171 172 173 174 175 176 177 178 179 180 181 182 183 184 185 186 187 188 189 190 191 192 193 194 195 197 199 200
5 80 6 7 8 9 10 12 13 15 16 17 19 20 21 22 23 24 26 27 28 29 30 31 32 33 34 35 37 38 39 40 41 42 43 44 45 46 47 48 49 50 51 52 53 54 55 56 57 59 60 61 62 63 64 65 66 67 68 69 70 71 72 73 74 75 76 78 79 80 81 82 83 84 85 86 87 88 89 90 91 92 93 94 95 96 98 99 100 101 102 103 105 106 107 108 109 110 111 112 113 114 115 116 117 118 119 120 121 122 123 124 125 128 129 130 131 132 133 134 135 136 137 138 139 140 142 143 144 145 146 148 149 151 152 153 154 155 156 157 158 159 160 161 162 163 165 166 167 168 169 170 171 172 173 174 176 177 178 179 180 181 182 183 184 185 186 187 188 189 190 191 192 193 194 195 196 198 199 200
6 57 7 8 9 10 11 12 14 15 16 17 19 20 21 22 23 24 25 26 27 28 29 30 31 32 33 34 35 36 37 38 39 40 41 42 45 46 48 49 50 51 52 54 55 56 58 59 60 61 62 63 64 65 66 67 68 69 70 71 72 73 74 76 77 78 79 80 81 82 83 84 85 86 87 88 89 90 91 93 94 95 96 97 98 99 100 102 103 104 105 106 107 108 109 110 111 112 114 115 116 117 118 119 120 121 122 123 124 125 126 127 128 129 130 131 132 133 134 135 136 137 138 139 140 141 142 143 144 146 149 150 151 152 153 154 155 156 159 160 161 162 163 164 165 166 167 168 169 170 171 172 173 174 175 176 177 178 179 180 181 182 183 184 185 186 187 188 190 191 192 193 194 195 196 197 198 200
7 25 8 9 10 11 12 13 14 15 16 17 19 20 21 22 23 24 25 26 27 28 29 30 31 32 33 34 37 38 39 40 41 42 43 44 45 46 47 48 49 50 51 52 53 54 55 56 57 58 59 60 62 63 64 66 67 68 69 70 71 72 75 76 77 78 79 80 81 82 83 84 85 86 87 88 89 91 92 93 94 95 96 97 98 101 102 103 105 107 109 110 111 112 113 114 115 116 117 118 119 120 121 122 123 124 125 126 127 128 129 130 131 132 133 134 135 136 137 138 139 140 141 142 143 144 145 146 147 148 149 151 152 153 154 155 156 157 158 159 160 161 162 163 164 165 166 167 168 169 170 171 172 173 175 176 177 178 179 180 181 183 184 185 186 187 188 189 190 192 193 194 195 196 197 198 199 200
8 40 9 10 11 12 13 14 15 16 17 18 19 20 21 22 24 25 26 27 28 29 30 31 32 33 34 35 36 37 38 40 41 42 43 44 45 46 48 49 50 53 56 57 58 59 60 61 63 64 65 66 67 68 69 70 71 72 73 74 75 76 77 78 79 80 81 82 83 84 86 87 88 89 90 91 92 93 94 95 96 97 98 99 100 101 102 103 104 105 106 107 108 109 111 112 113 114 115 116 117 118 119 120 121 122 123 125 126 127 128 129 130 131 132 133 134 136 137 138 139 140 141 142 144 145 147 148 149 150 152 153 154 155 157 158 159 160 161 162 163 164 165 167 168 169 170 171 172 174 175 176 177 178 180 181 182 183 184 185 186 187 188 189 191 192 193 194 196 197 198 199 200
9 47 10 11 12 13 16 17 18 19 20 21 22 23 24 25 26 27 28 29 30 31 32 33 34 35 36 37 38 40 41 42 43 44 45 46 47 48 49 50 51 52 53 56 57 58 59 60 62 63 64 65 66 67 68 69 70 71 72 73 74 75 76 77 78 79 80 81 82 83 85 86 87 88 89 91 92 93 94 96 97 99 100 101 102 103 104 105 106 107 108 109 110 111 112 114 115 116 117 118 119 120 121 122 123 124 125 127 129 130 131 132 133 134 135 137 138 139 140 141 142 144 145 146 147 150 151 152 153 154 155 156 157 158 159 160 161 162 163 164 166 167 168 169 170 171 172 173 174 176 177 178 179 180 181 182 184 185 186 187 188 189 190 191 192 193 194 195 197 198 199 200
10 76 11 12 13 14 15 16 18 19 20 21 22 23 24 25 26 28 29 30 31 33 34 35 36 37 38 40 41 42 43 44 45 46 48 49 50 51 52 53 54 55 56 57 58 59 60 61 62 63 64 65 66 67 68 69 70 71 72 73 74 75 76 77 78 79 80 81 82 83 84 86 87 88 89 90 91 93 94 95 96 97 98 99 100 101 102 103 104 105 106 107 108 109 110 111 112 113 114 115 116 117 119 120 121 122 123 124 125 128 129 130 131 132 133 134 135 136 137 138 139 140 141 142 143 144 145 146 148 149 150 151 152 154 155 156 158 159 160 162 163 164 165 166 167 168 170 171 172 173 174 176 177 178 179 180 182 183 184 185 187 188 189 190 191 192 193 194 195 196 197 198 199 200
11 65 12 13 14 16 17 18 19 20 21 22 23 24 25 28 29 30 31 32 34 36 37 38 40 41 42 43 44 45 46 47 48 49 50 51 52 55 56 57 58 59 61 62 63 64 65 67 68 69 71 72 74 75 76 77 78 79 80 81 82 83 85 86 87 89 91 92 93 95 97 98 99 100 101 102 103 105 106 107 108 109 110 112 113 114 115 116 117 118 119 120 121 122 123 124 125 126 127 128 129 130 132 133 134 135 136 137 138 139 140 141 142 143 145 146 147 148 149 150 151 152 153 154 155 156 157 158 159 161 162 163 164 165 166 168 169 170 171 173 174 176 177 178 179 180 181 182 183 184 185 186 187 188 189 190 191 192 193 194 195 196 197 199
12 36 13 14 15 16 17 18 19 20 21 22 23 24 25 26 27 28 29 30 32 33 34 35 36 37 38 39 40 41 42 43 44 45 46 47 48 49 50 51 52 54 55 56 58 59 60 62 63 64 66 67 68 70 71 73 74 75 76 77 78 79 80 81 82 83 84 85 87 88 89 90 91 92 93 94 95 96 98 99 100 101 102 103 104 105 106 107 108 109 110 112 113 114 115 116 117 118 119 120 121 122 123 124 125 126 127 128 129 130 131 132 134 135 136 137 139 140 141 142 143 144 145 146 147 148 149 150 152 153 154 155 156 157 158 160 161 162 163 164 165 166 169 170 171 173 174 175 176 177 179 180 181 182 183 184 185 186 187 188 189 191 192 194 195 196 197 199 200
13 99 15 16 18 19 20 21 22 24 25 26 27 28 29 30 31 32 33 34 36 37 38 40 42 43 44 45 46 47 48 49 50 51 52 53 54 55 56 57 58 59 60 62 64 65 66 67 68 69 71 72 73 74 75 76 77 78 79 80 82 83 84 85 86 87 88 90 91 92 93 94 95 96 97 98 99 100 101 103 104 105 106 107 108 109 110 111 112 113 114 115 116 117 119 121 122 123 126 127 128 129 130 131 132 133 134 135 136 139 141 142 143 144 145 146 147 148 149 150 151 152 153 154 155 156 158 159 160 161 163 164 165 167 169 170 171 172 173 174 175 176 177 178 180 181 182 183 184 185 187 188 189 190 191 192 193 195 196 197 199 200
14 22 15 16 17 18 19 20 21 22 23 24 26 27 28 29 30 31 32 33 34 35 36 37 38 39 41 43 44 45 47 48 49 50 51 52 53 54 55 56 57 58 59 60 61 62 63 64 65 67 68 69 70 71 72 73 74 75 76 77 78 79 81 82 83 84 85 86 87 88 90 91 92 93 94 95 96 97 98 99 100 101 102 103 104 105 106 107 108 109 110 111 112 113 114 115 116 117 118 119 120 121 122 123 124 125 126 127 128 129 130 131 132 133 134 135 136 137 138 139 140 141 142 143 144 145 146 147 148 149 150 151 152 153 154 156 157 158 159 160 161 162 163 164 165 166 167 168 169 170 171 172 174 175 176 177 178 179 180 181 182 184 185 187 188 189 190 191 192 193 194 195 196 197 198 199 200
15 71 16 17 18 19 20 21 22 23 24 25 26 27 28 29 30 31 32 33 34 35 36 37 38 40 41 42 43 44 45 46 47 48 49 52 53 54 56 57 58 59 60 61 62 63 64 65 66 67 68 69 70 72 73 74 75 76 77 78 80 81 82 84 85 86 87 88 89 90 91 93 94 95 96 97 98 99 100 101 102 103 104 105 106 107 108 109 110 111 112 113 114 116 117 118 119 120 121 122 123 124 125 126 127 128 129 130 131 132 134 135 136 138 139 140 141 142 143 144 145 146 147 148 149 150 151 152 153 154 155 156 157 158 159 160 161 162 163 164 165 166 167 169 171 172 173 174 177 178 179 180 181 182 183 184 185 186 187 188 189 190 191 193 194 195 196 197 198
16 40 17 18 19 20 21 22 23 24 25 26 27 28 29 30 31 32 33 34 35 36 37 38 39 40 41 43 44 46 47 48 49 50 51 52 53 54 55 56 57 58 59 60 61 63 64 65 66 67 68 69 72 73 75 76 77 78 79 80 81 83 84 85 86 87 88 89 90 91 92 93 94 95 96 98 99 100 101 102 103 104 105 106 107 108 110 111 112 113 114 115 116 117 118 119 120 121 122 123 124 125 126 127 128 129 130 131 132 134 135 136 137 138 139 140 141 142 143 144 145 147 148 149 150 151 153 154 155 156 157 158 159 160 161 162 163 164 165 167 168 169 170 171 172 173 174 175 176 177 178 179 180 181 182 183 185 186 187 188 189 190 192 193 194 195 196 197 198 199 200
17 60 18 19 20 21 22 23 24 25 26 27 28 29 30 32 33 34 35 36 38 39 40 41 42 43 44 45 46 47 48 49 50 51 52 53 54 55 56 57 58 59 60 61 62 63 64 65 66 67 68 69 70 71 72 73 76 77 78 79 80 81 82 84 86 87 88 90 91 92 93 95 96 97 98 99 100 101 102 103 104 105 106 107 108 109 110 111 112 113 114 115 116 117 118 120 121 123 124 125 126 127 129 130 131 133 134 135 136 137 138 139 140 141 142 143 144 145 146 148 149 150 151 152 153 154 155 156 157 158 159 160 161 162 163 164 165 166 168 169 170 171 173 174 175 176 177 178 180 181 182 183 184 185 186 187 188 189 190 191 193 195 196 197 198 199 200
18 91 19 20 21 23 24 25 26 27 28 29 30 31 32 33 34 36 37 38 40 41 42 43 44 45 46 47 48 49 50 51 52 53 54 55 56 57 58 59 60 61 62 63 64 65 66 67 68 69 70 71 72 74 75 76 77 78 79 80 81 82 83 84 85 86 87 89 90 91 92 93 94 95 96 97 98 99 100 101 102 103 104 105 107 108 109 110 111 112 113 114 115 116 117 118 119 120 121 122 123 124 125 127 129 130 131 133 134 135 136 137 138 139 140 141 142 143 144 145 146 148 149 150 151 152 154 156 157 158 159 161 162 163 164 165 166 168 169 170 171 172 173 174 175 176 177 178 179 180 181 182 183 184 185 186 187 188 189 190 191 192 193 194 195 196 197 198 200
19 82 20 21 22 23 25 26 27 28 29 30 32 33 34 36 37 38 41 42 43 44 45 46 47 48 49 51 52 53 54 56 57 58 59 60 61 62 63 64 65 66 67 68 69 70 71 72 74 75 77 78 80 81 82 83 85 86 87 88 89 90 91 92 93 94 95 96 98 99 100 101 102 103 104 105 106 107 108 109 110 111 112 113 114 115 116 117 118 119 121 122 123 124 125 126 127 128 129 130 131 132 133 134 135 136 137 138 139 141 142 143 144 146 147 148 149 150 151 152 153 154 155 156 157 158 159 161 162 163 164 166 167 168 169 170 171 172 173 174 175 176 177 178 179 180 181 182 183 184 185 186 187 188 189 190 191 192 193 194 195 198 199 200
20 35 22 23 24 25 26 27 28 29 30 31 32 33 34 37 38 40 41 42 43 44 45 46 47 48 49 50 51 53 54 55 56 57 59 61 63 65 66 67 68 69 70 72 73 74 75 76 77 78 79 80 81 82 83 84 85 86 87 88 89 90 91 92 93 94 95 96 97 98 99 100 101 102 103 104 105 106 107 108 109 110 111 112 113 114 115 117 118 119 120 121 122 123 124 126 127 128 130 131 132 133 134 136 137 138 139 140 141 142 143 144 145 146 147 148 149 150 151 153 154 155 156 157 158 161 162 163 164 165 166 168 169 170 171 172 174 175 176 177 179 180 181 182 183 184 186 187 189 190 191 192 194 195 196 197 198 199 200
21 57 22 23 24 25 26 27 29 30 31 33 34 35 36 37 38 39 40 42 43 44 45 46 47 48 49 51 52 53 54 55 56 57 58 59 60 62 63 64 65 67 68 69 70 71 72 73 74 75 76 78 79 80 83 84 85 87 89 90 91 92 93 94 95 97 98 99 100 101 102 103 104 105 106 107 108 109 110 111 112 113 114 116 117 118 119 120 122 123 124 125 126 127 129 130 131 132 133 134 135 136 137 138 139 140 141 142 143 144 145 146 147 148 149 150 151 152 153 154 155 156 157 158 159 160 162 163 164 165 166 167 168 169 170 171 172 173 174 175 176 177 178 179 181 182 184 185 186 187 189 190 191 192 193 194 195 196 198 199 200
22 28 23 24 25 26 27 29 30 31 32 33 34 35 36 37 38 39 40 41 42 43 44 45 47 48 49 50 51 52 53 54 57 59 60 61 62 63 65 66 70 71 72 74 76 77 79 80 81 83 84 85 87 88 89 90 91 92 94 95 96 97 98 99 100 101 102 103 105 106 107 108 109 110 111 112 113 114 115 116 118 119 120 121 122 124 125 126 127 128 129 130 131 132 133 134 135 136 137 138 139 140 141 142 143 144 145 146 147 148 149 150 151 152 154 155 156 157 158 159 160 161 162 163 164 165 166 167 168 169 170 171 172 173 175 176 177 178 179 180 181 182 185 186 187 188 189 190 191 192 193 194 195 196 197 198 199 200
23 28 24 25 26 27 28 29 30 31 32 33 35 36 37 38 39 40 41 42 43 45 46 47 48 49 50 51 52 53 54 55 56 57 58 59 60 61 62 63 64 65 66 67 69 71 72 73 74 75 76 77 78 79 80 81 82 83 84 85 86 87 88 89 90 91 92 93 94 95 96 97 98 99 101 102 103 104 105 106 107 108 109 110 111 112 113 114 115 116 118 120 121 122 123 124 125 126 127 128 130 131 132 133 134 135 136 137 138 139 140 141 142 143 144 145 146 147 148 149 150 151 152 153 154 155 156 157 158 159 160 161 162 163 164 165 166 167 168 169 170 171 172 173 174 175 176 177 178 179 180 182 183 185 186 187 188 189 190 191 192 193 195 196 198 199 200
24 22 25 26 27 28 29 30 31 32 33 34 35 36 38 39 40 41 42 43 44 45 47 48 50 51 52 53 54 55 56 57 58 59 60 61 62 63 65 66 67 68 69 71 72 73 74 75 76 77 78 79 80 81 82 83 85 86 87 88 89 90 91 92 93 95 96 97 98 99 101 102 103 105 106 107 108 110 111 112 113 114 115 116 118 120 121 122 123 124 125 126 127 128 129 130 131 132 133 134 135 136 137 138 139 140 141 142 143 145 146 148 149 150 151 152 153 154 155 156 157 158 159 160 161 162 163 164 165 166 168 169 170 171 172 173 174 175 176 177 178 179 180 181 182 183 184 185 186 187 188 189 190 191 192 193 194 195 196 197 199 200
25 27 26 27 28 29 31 32 33 34 35 36 37 38 39 40 41 43 44 45 46 47 48 49 50 51 52 53 54 56 57 58 59 60 61 62 63 64 65 66 67 68 69 70 71 72 74 75 76 77 79 82 83 84 85 86 87 88 89 90 91 92 93 94 95 96 97 98 99 100 101 102 103 104 105 106 107 108 109 110 111 112 113 114 115 116 117 118 119 120 121 122 123 124 125 126 127 128 130 131 133 134 136 138 139 140 141 142 144 145 146 147 148 149 150 151 152 153 154 155 156 157 158 159 160 161 162 163 164 165 166 167 168 169 170 171 172 173 174 175 176 177 179 180 181 182 183 184 185 186 187 188 189 190 191 192 193 194 195 196 197 198 199 200
26 22 27 28 29 30 31 32 33 34 35 37 38 40 41 42 43 44 45 46 47 48 50 51 52 54 55 56 57 58 59 61 62 63 64 65 66 67 68 69 70 71 72 73 74 75 77 78 79 80 81 82 83 84 85 86 88 89 90 91 92 93 94 95 97 98 99 100 101 102 103 104 105 106 108 109 110 111 112 113 114 115 117 118 121 122 123 124 125 126 127 128 129 130 131 132 133 134 135 136 137 138 139 140 141 142 143 144 145 146 147 148 149 150 151 152 153 154 155 156 157 158 159 160 161 162 163 164 165 166 167 168 169 170 172 173 175 176 177 178 179 180 181 182 183 184 185 186 187 189 190 191 192 193 194 195 196 197 198 199 200
27 48 28 29 30 31 32 33 34 35 36 37 39 40 41 42 43 44 45 46 47 48 49 50 51 52 53 54 55 56 57 58 59 60 61 62 63 64 65 67 68 69 70 71 72 73 74 75 76 77 78 79 80 81 82 83 84 85 86 87 88 89 90 91 92 93 94 95 96 97 98 99 100 101 103 106 108 109 110 111 112 113 114 115 116 117 118 119 120 121 122 124 125 126 127 128 129 130 131 133 134 135 136 138 139 140 141 142 143 144 145 146 147 148 149 150 151 153 154 155 156 157 158 159 162 163 164 165 166 168 169 170 171 172 173 174 175 176 177 178 179 181 182 183 184 185 186 187 188 190 192 193 194 196 197 198 199 200
28 93 29 30 31 33 34 35 36 37 38 39 40 41 42 43 44 45 48 49 50 51 52 53 54 55 56 57 58 59 60 61 62 64 65 66 67 68 69 70 71 72 73 74 75 76 77 78 80 81 82 83 84 85 86 87 88 90 91 92 94 95 96 97 98 99 100 101 102 103 104 105 106 107 108 109 111 112 113 114 115 116 117 118 119 120 121 122 123 124 126 127 128 129 130 131 132 133 134 135 136 137 138 139 140 141 142 143 144 145 146 147 148 149 150 151 152 154 155 156 157 158 160 161 164 165 166 167 168 170 171 172 173 174 175 177 178 179 180 181 183 184 185 186 187 188 189 190 191 192 193 194 196 197 198 200
29 57 30 31 33 34 35 37 38 39 40 41 42 44 45 46 47 48 50 51 53 54 55 56 57 58 59 60 61 62 64 65 66 69 70 71 72 73 74 75 76 77 78 79 80 81 82 83 84 85 86 87 88 89 90 92 95 96 97 98 99 100 101 102 103 105 106 107 108 109 110 111 112 113 114 115 116 117 118 119 120 121 122 123 124 125 127 128 129 130 132 133 136 137 138 139 140 141 142 144 145 147 148 149 150 151 152 154 155 157 159 161 162 163 164 165 166 167 168 169 170 171 172 173 174 175 176 177 178 179 180 181 182 184 185 186 187 188 189 190 191 192 193 194 195 196 198 199 200
30 39 31 32 33 36 38 39 40 41 42 43 44 45 46 48 49 51 52 53 54 56 57 58 59 60 61 62 63 64 65 66 67 68 69 70 71 72 73 74 75 76 77 78 79 80 81 82 83 84 85 86 87 88 89 90 91 92 93 94 97 98 99 100 102 103 105 106 107 108 109 110 111 112 113 114 115 116 118 119 120 121 122 123 124 125 126 127 128 129 130 131 133 134 135 136 138 139 140 141 142 143 144 145 146 147 148 150 151 152 153 154 155 156 157 159 160 161 164 165 166 167 168 169 170 171 172 173 175 176 177 179 180 181 182 183 184 185 186 187 188 189 190 191 192 193 194 196 197 198 199 200
31 74 32 33 34 35 36 37 38 39 40 41 42 43 44 46 47 48 49 50 51 52 53 54 55 56 57 58 59 60 61 62 63 64 65 66 67 68 69 70 71 72 73 74 75 76 77 78 79 80 81 82 84 85 86 87 88 89 90 91 92 93 94 96 97 98 99 100 102 103 104 105 106 107 108 109 110 111 112 113 114 115 116 117 118 119 120 121 124 125 126 127 128 129 130 131 132 133 135 136 137 138 139 140 141 142 143 144 145 146 147 148 149 150 151 152 153 154 155 156 158 159 160 161 162 163 164 165 166 167 168 169 170 171 172 173 174 175 177 178 179 180 181 182 183 184 185 187 188 189 190 192 193 194 196 197 199 200
32 36 33 34 35 36 37 38 39 40 41 42 43 44 45 46 47 48 49 50 51 52 53 54 55 56 57 58 59 60 61 63 64 65 66 67 69 70 71 72 76 77 80 81 82 83 84 85 86 87 88 89 90 92 93 95 97 98 99 100 101 102 103 104 105 107 108 109 110 111 112 113 114 115 116 117 118 119 120 121 122 124 125 126 127 128 129 130 131 132 133 134 135 136 139 140 141 142 144 145 146 147 148 149 150 151 152 154 155 156 157 159 160 161 162 163 164 165 166 167 168 169 170 171 172 173 175 176 177 178 179 180 181 182 183 184 185 186 187 188 189 191 192 193 194 195 196 197 198 199 200
33 58 35 36 37 38 39 40 41 42 43 44 45 46 47 48 49 50 51 52 53 55 57 58 60 61 62 64 65 66 67 68 69 70 72 74 75 76 77 78 79 80 82 83 84 85 86 87 88 89 90 91 92 94 95 96 97 98 99 101 102 103 104 105 106 107 108 109 110 111 112 113 114 115 116 117 118 119 120 121 122 124 125 126 127 128 129 131 132 133 134 135 136 137 138 140 141 143 144 146 147 148 150 151 152 153 154 155 156 157 158 160 162 163 164 165 166 167 168 169 170 171 172 173 174 175 176 177 178 179 180 181 182 183 185 186 187 188 189 190 191 192 193 194 195 196 197 198 199 200
34 63 35 36 38 39 40 41 42 43 44 45 46 47 48 49 50 52 53 54 55 56 57 58 59 60 61 62 63 64 65 66 67 68 69 71 72 73 74 75 76 77 78 79 80 81 82 83 84 85 87 88 89 90 91 92 93 94 95 96 97 101 102 103 104 105 106 107 109 110 111 112 113 114 115 116 117 118 119 120 121 122 123 124 125 127 128 129 130 131 132 134 135 137 138 139 140 141 143 144 145 147 148 149 150 151 152 153 154 155 156 158 159 160 161 162 163 165 166 167 168 169 170 171 172 173 175 176 177 178 179 181 184 185 186 187 188 189 190 191 192 193 194 195 196 197 198 199 200
35 88 36 37 38 39 41 42 43 44 45 46 47 48 50 51 52 53 55 56 57 59 60 61 62 63 64 65 67 68 70 71 73 74 75 76 77 78 79 80 81 82 83 84 85 86 87 88 89 90 91 92 93 94 95 96 97 98 99 100 101 102 103 104 105 106 107 109 110 111 112 113 114 115 116 117 118 119 120 121 122 123 124 125 126 127 128 129 130 131 132 133 134 135 136 137 138 139 140 141 142 143 144 146 148 149 150 151 152 153 154 155 156 157 158 159 160 161 162 163 164 165 166 167 168 169 170 171 172 173 174 175 176 177 178 179 180 181 182 184 185 186 187 188 189 190 191 192 193 194 195 196 197 198 199 200
36 62 37 38 39 40 41 43 44 46 47 48 49 50 51 52 53 54 55 56 57 59 60 61 62 64 65 66 67 68 70 71 73 74 75 76 77 78 79 80 81 82 83 84 85 86 87 88 89 90 91 92 93 94 95 96 97 98 99 100 103 104 105 106 107 108 109 110 111 112 113 115 117 118 119 120 121 122 123 124 125 126 127 129 130 131 132 133 134 135 136 137 138 139 140 141 142 144 145 147 148 150 151 152 153 154 155 156 157 158 159 160 161 162 163 164 166 167 168 170 171 172 173 174 175 176 177 179 180 181 182 183 184 185 186 187 188 189 190 191 192 193 194 195 197 198 199 200
37 93 38 39 40 41 42 44 45 46 47 48 49 50 51 52 53 54 55 57 58 59 60 62 63 64 66 67 68 69 70 71 72 73 74 76 77 78 79 80 81 82 83 84 86 88 89 90 91 93 94 95 96 97 98 99 100 101 102 103 104 105 106 107 108 109 110 111 112 113 114 115 116 118 119 120 121 122 123 124 125 126 127 128 129 130 131 132 134 135 137 139 140 141 142 143 144 145 146 147 148 149 150 151 152 153 154 155 156 157 158 159 160 161 162 163 164 165 166 167 168 169 170 171 172 173 175 176 178 179 180 181 182 183 184 185 186 187 189 190 191 192 193 194 195 196 197 199 200
38 31 39 40 41 42 44 45 47 48 49 50 52 53 54 55 56 57 59 60 61 62 63 64 65 66 67 68 69 70 71 72 73 74 75 76 77 78 80 81 82 83 84 85 86 88 89 90 91 92 93 95 96 97 98 99 100 101 103 104 105 106 107 108 109 110 111 112 113 115 116 117 118 119 120 122 123 124 125 126 127 128 129 130 131 132 133 134 135 136 137 139 140 141 142 143 144 145 146 147 148 149 150 151 152 153 154 155 156 157 158 159 160 161 162 163 164 165 166 167 168 169 170 171 172 173 174 175 176 177 178 179 180 181 182 184 185 186 187 188 189 190 191 192 193 194 195 197 198 199 200
39 82 40 41 42 43 44 45 46 47 48 49 50 51 52 53 55 57 58 59 60 61 62 63 64 65 66 67 69 70 71 72 73 74 75 76 77 78 81 82 83 84 85 87 88 89 90 91 92 93 94 95 96 97 98 99 100 101 102 103 104 105 106 107 110 111 112 113 114 115 116 118 119 121 122 123 124 125 126 127 128 129 131 132 133 134 135 136 138 139 140 141 142 143 144 145 146 147 148 149 150 151 152 153 154 155 156 157 158 159 160 161 162 163 164 165 167 169 170 171 172 173 174 175 176 177 178 179 180 181 183 184 185 186 187 189 190 191 192 193 194 195 196 197 198 199 200
40 93 41 42 43 44 45 47 48 49 50 51 52 53 54 55 56 57 58 59 60 62 63 64 66 67 69 70 71 73 74 76 77 78 79 80 81 82 83 84 85 86 87 88 89 91 92 93 94 95 97 98 99 102 104 105 106 107 108 110 111 112 113 114 115 117 118 119 120 121 122 123 124 125 126 127 129 130 131 132 133 134 135 136 137 138 139 140 141 142 143 144 145 146 147 148 149 150 151 152 153 154 155 156 157 158 159 160 161 162 163 164 165 166 168 169 171 172 173 174 177 178 179 180 182 183 184 185 186 187 188 189 190 192 193 194 195 196 197 198 199
41 23 42 43 44 45 46 47 48 49 52 53 54 55 56 57 58 59 61 62 63 64 65 66 67 68 69 70 71 72 73 74 75 76 77 78 79 80 81 82 84 86 87 88 89 90 91 92 93 94 95 96 97 98 99 100 101 102 103 104 105 106 107 108 109 110 111 112 113 114 115 116 117 118 119 120 121 122 123 125 126 127 129 130 131 132 134 135 136 137 138 139 140 141 142 143 144 145 146 147 149 150 151 152 154 155 156 157 158 159 160 161 162 163 165 166 167 168 169 170 171 172 173 174 175 176 177 178 179 180 181 182 183 184 185 186 187 188 189 191 192 194 195 196 197 198 199 200
42 79 43 44 45 46 47 48 49 50 51 52 53 54 55 57 58 59 60 61 62 63 64 65 66 67 68 69 70 71 72 73 74 75 76 78 79 80 81 82 83 84 85 86 88 89 90 91 92 93 94 95 96 97 99 100 101 102 103 105 106 107 108 109 110 111 112 113 114 115 116 117 119 120 121 122 123 124 125 126 127 128 129 130 131 132 133 134 135 136 137 138 139 140 141 142 143 144 146 147 148 149 150 151 152 153 154 155 156 157 158 160 161 162 163 164 165 166 167 168 169 170 172 173 174 176 177 178 179 180 181 182 183 184 185 186 188 189 190 191 192 193 194 195 196 197 198 199 200
43 68 44 45 46 47 48 49 50 52 53 54 55 56 57 58 59 60 61 62 63 64 65 67 68 69 71 73 74 75 76 77 78 79 80 81 82 84 85 86 87 88 90 93 94 95 96 97 98 99 100 101 103 104 105 107 108 109 110 111 112 114 115 116 117 118 119 120 121 122 123 124 125 126 127 128 129 130 131 132 133 134 135 136 138 139 140 142 143 144 145 146 147 148 149 150 151 152 153 154 155 156 157 158 159 160 161 162 163 164 165 166 167 168 169 170 171 172 173 174 175 176 177 178 179 180 181 182 183 184 185 186 187 188 189 190 192 193 194 195 196 198 199 200
44 97 45 47 49 50 51 52 53 54 55 56 57 58 59 60 61 62 63 64 65 66 67 68 69 70 71 72 73 74 75 76 77 78 79 80 81 82 83 84 86 87 88 89 90 91 92 93 94 95 96 97 98 99 100 101 102 103 104 106 107 108 109 110 111 112 113 114 115 116 118 119 120 121 122 123 124 125 126 127 129 131 132 134 135 136 138 139 140 141 143 145 146 147 148 149 150 151 152 154 155 156 157 158 159 160 161 162 163 164 165 166 167 168 169 170 171 172 173 174 175 176 177 178 179 180 181 182 183 185 186 187 188 191 192 193 194 195 196 197 198 199 200
45 37 46 47 49 50 51 52 53 54 55 56 58 59 60 61 63 64 65 66 67 68 69 70 71 72 73 75 76 78 79 80 81 82 83 84 86 87 88 89 90 91 92 93 94 95 96 97 98 99 100 101 102 103 105 106 107 108 109 110 111 112 113 114 115 116 117 118 119 120 121 122 123 124 125 126 127 128 129 131 132 133 134 135 136 137 138 139 140 141 142 143 144 145 146 147 148 149 150 151 152 153 154 155 157 158 159 160 161 162 163 164 165 166 167 168 169 170 171 173 174 175 176 177 178 179 180 181 182 183 185 186 187 188 189 190 191 192 194 195 196 197 198 199
46 33 47 48 49 50 51 52 55 56 57 58 59 60 61 62 63 64 65 66 67 68 70 71 72 73 74 75 76 77 78 79 80 82 83 84 85 86 87 88 89 90 91 92 94 95 97 98 99 100 101 102 103 104 106 108 109 110 111 112 113 115 116 117 118 119 120 121 122 123 124 125 126 127 128 129 130 133 134 135 136 137 138 139 140 141 142 143 144 145 146 147 148 149 150 151 152 153 155 156 157 160 161 162 163 164 165 166 167 168 169 170 171 172 173 174 175 176 178 179 180 181 182 183 184 185 187 189 190 191 192 193 194 195 196 197 198 199 200
47 60 48 49 50 53 55 56 57 58 59 60 61 62 63 64 65 67 68 69 70 71 73 74 75 76 77 78 79 80 81 82 83 84 86 87 88 89 90 91 92 93 95 96 97 98 99 100 101 102 103 104 105 108 109 110 111 112 113 114 115 116 117 118 119 120 121 122 123 124 125 126 127 128 129 130 131 132 133 134 135 136 138 139 140 141 142 144 145 146 147 148 149 150 151 152 154 155 156 157 158 159 160 161 162 163 164 165 166 167 168 169 170 171 172 173 174 175 176 177 178 179 180 181 183 184 185 186 187 188 189 190 191 192 193 194 195 196 197 198 199 200
48 47 49 50 51 52 53 54 55 56 58 59 60 61 62 63 64 65 66 67 68 69 70 71 72 73 74 76 77 78 79 80 82 83 84 85 86 87 88 89 90 91 92 95 96 97 98 99 100 101 102 103 104 105 106 108 109 110 111 113 114 115 116 117 118 119 120 121 123 124 125 126 127 128 129 130 131 132 133 135 137 138 139 140 141 142 143 144 145 146 147 148 149 150 151 152 153 154 155 156 157 158 160 161 162 163 164 165 166 167 168 169 170 171 175 176 177 178 179 180 181 182 183 184 185 186 187 189 190 191 192 193 194 195 196 197 198 199
49 74 50 52 53 54 55 57 58 59 60 62 63 64 65 66 67 69 70 71 72 73 74 75 76 77 79 80 81 83 84 85 86 88 89 91 92 93 94 95 96 97 98 99 100 102 103 104 105 106 108 110 111 112 113 114 116 117 120 121 122 123 124 125 126 127 128 129 130 132 133 134 135 136 137 139 140 141 142 143 144 145 146 147 148 149 150 151 152 153 154 155 156 157 158 159 160 161 162 163 164 165 166 167 168 169 171 172 173 174 175 176 177 178 179 180 182 183 185 186 187 188 189 191 192 193 194 195 196 197 198 199 200
50 77 51 52 53 54 55 57 58 59 60 61 62 63 64 65 66 67 68 69 70 71 72 73 74 77 78 79 80 81 82 83 84 85 86 87 88 89 90 91 92 93 95 96 97 98 100 101 102 103 104 105 107 108 109 110 111 113 114 115 116 117 119 120 121 122 123 124 125 126 127 128 129 130 131 132 133 134 135 136 137 138 139 140 141 142 143 144 145 148 149 150 151 153 154 155 156 157 158 160 161 162 163 165 166 167 168 169 170 171 172 173 174 175 176 177 178 179 180 181 182 183 184 185 186 187 188 189 190 191 192 193 194 196 197 198 200
51 46 52 53 54 55 57 58 60 61 63 64 65 66 67 68 69 70 71 72 74 75 76 78 79 80 82 84 85 86 87 88 89 90 91 93 94 95 97 98 99 100 102 103 104 106 107 108 109 110 111 113 114 115 117 118 119 121 122 123 124 125 126 127 128 129 130 131 133 135 136 137 138 141 142 143 144 145 146 147 148 149 150 151 152 153 154 155 156 157 158 159 160 161 162 163 164 165 166 167 168 169 170 171 172 173 174 176 177 178 179 181 182 183 184 185 188 189 191 192 193 194 195 196 197 198 199 200
52 33 53 54 55 56 61 62 63 64 65 66 67 68 69 71 72 74 75 76 77 78 79 80 81 82 83 84 85 86 87 88 89 91 92 93 94 95 96 97 99 100 101 102 103 104 105 108 109 110 111 112 114 115 116 118 119 121 122 123 124 125 127 128 129 130 131 132 133 134 135 136 137 138 139 140 141 142 144 145 146 147 148 149 150 151 152 153 154 155 156 157 158 159 160 162 163 165 166 167 168 169 172 173 175 176 177 178 179 180 181 182 183 184 185 186 187 188 190 191 192 193 194 195 196 197 198 199 200
53 40 54 55 56 57 58 59 60 61 62 63 64 65 66 67 68 69 70 71 72 74 75 76 77 78 79 80 81 82 83 84 85 86 87 88 89 90 91 93 94 95 96 97 98 99 100 101 102 103 104 105 108 109 110 111 112 113 114 115 116 117 118 119 120 121 122 123 124 125 126 129 130 131 132 133 134 135 136 137 138 139 140 141 142 143 144 145 146 147 148 149 150 151 152 153 154 155 156 157 159 160 161 162 163 164 165 166 167 168 172 173 174 175 176 177 178 179 180 181 182 183 184 185 186 188 189 190 191 192 193 194 195 196 197 199 200
54 55 55 56 57 58 59 60 61 62 64 65 66 67 69 70 71 72 73 74 76 77 79 80 82 83 84 85 86 87 88 89 90 91 92 93 94 95 96 97 98 99 100 101 103 104 105 106 107 108 109 111 112 113 114 115 116 117 118 119 120 122 123 124 125 126 127 128 129 130 131 132 133 134 135 136 137 138 139 141 142 143 144 145 146 147 148 149 150 151 152 153 154 155 157 158 159 160 161 162 163 164 165 166 167 168 169 170 171 172 173 174 175 176 177 178 179 180 181 182 183 184 185 187 188 191 192 193 194 195 196 197 198 199 200
55 42 57 59 60 61 62 63 64 65 66 67 68 69 70 71 72 73 74 75 76 77 78 80 81 82 83 84 85 86 87 88 89 90 91 92 93 94 95 96 97 98 99 100 101 102 103 104 105 106 107 108 109 110 111 112 113 114 115 116 117 118 119 121 122 123 124 125 126 127 128 129 130 131 132 133 134 135 136 137 138 140 142 143 144 145 146 147 148 149 150 151 152 153 154 155 156 157 158 160 161 162 163 164 165 166 167 168 169 170 171 172 173 174 175 176 177 178 179 181 182 183 184 185 186 187 188 189 190 191 192 193 194 195 196 197 198 199 200
56 92 57 58 59 60 62 63 64 65 66 67 68 69 70 71 72 73 74 77 78 79 80 81 82 83 84 85 88 89 90 91 92 93 94 95 96 97 98 99 100 101 102 103 104 105 106 107 108 111 113 114 115 116 117 119 120 121 122 123 124 126 127 128 129 131 132 133 134 135 136 137 138 140 141 142 143 146 147 148 150 151 152 153 154 155 156 157 158 159 161 162 165 166 167 168 169 170 171 173 174 175 176 177 178 179 180 181 182 183 184 185 186 187 188 189 192 193 194 195 196 197 198 199 200
57 34 58 59 60 62 63 64 65 66 67 68 69 71 72 73 74 75 76 77 78 79 80 81 82 83 84 85 86 87 88 89 90 91 92 93 94 95 96 100 101 102 105 106 107 108 109 110 111 114 115 116 117 118 120 121 122 123 124 125 126 127 128 129 130 132 133 135 136 138 139 141 142 143 145 146 147 148 149 150 151 153 154 155 156 157 158 159 160 161 163 164 165 166 167 168 169 170 171 172 173 174 175 177 178 179 180 181 183 184 185 187 188 190 191 192 193 194 195 196 197 199 200
58 80 59 60 61 62 64 65 66 69 70 71 72 74 75 76 77 78 79 80 81 83 84 85 86 87 88 89 90 91 92 93 94 95 96 98 99 101 102 103 104 105 106 107 108 109 110 112 113 114 115 116 117 118 119 120 121 122 123 124 125 126 127 128 129 130 131 132 133 135 136 138 139 140 141 142 144 145 146 147 149 150 151 153 154 155 157 158 160 161 162 163 164 165 166 167 168 170 171 172 173 174 175 176 177 178 179 180 181 182 183 184 185 187 188 189 190 191 192 193 194 195 196 197 198 199 200
59 82 60 61 62 63 64 65 66 67 68 69 70 71 72 73 74 75 76 77 78 79 80 81 82 85 86 87 88 89 90 91 92 93 94 95 96 97 98 100 101 102 103 104 105 106 107 108 109 110 112 113 114 115 117 118 119 120 121 122 123 124 125 126 127 128 129 130 132 133 134 135 136 137 138 139 140 141 142 143 144 145 146 147 148 149 150 151 152 153 154 155 156 157 159 160 161 162 163 164 165 166 167 168 169 171 172 173 174 175 176 177 178 179 180 181 182 183 184 185 186 187 188 189 190 191 192 193 194 195 196 197 198 199 200
60 32 61 62 64 65 66 67 68 69 70 71 72 73 75 76 77 78 79 80 81 82 83 84 85 86 87 88 89 90 91 92 93 94 95 96 97 98 99 100 101 102 103 104 105 106 107 108 110 111 112 113 114 115 116 117 118 119 120 121 122 123 124 125 126 127 128 132 133 134 135 137 138 139 140 141 142 144 145 146 148 149 150 151 152 153 154 155 156 157 158 159 160 162 163 164 165 166 167 168 169 170 172 173 175 176 177 178 179 180 181 182 183 184 185 187 188 189 190 191 192 193 194 195 196 197 198 200
61 55 62 63 64 65 66 67 68 69 70 71 72 73 74 76 78 79 80 81 82 83 84 85 86 87 88 89 90 91 92 93 94 95 96 97 98 99 100 101 102 103 104 105 106 108 109 110 111 113 114 115 116 117 118 119 120 121 123 124 125 126 127 128 129 130 131 132 133 134 135 137 138 139 140 141 142 143 144 145 147 148 149 150 151 152 153 155 156 157 158 159 160 161 162 163 164 166 167 168 169 170 171 173 174 175 176 178 179 180 181 182 183 184 185 186 187 188 190 192 193 194 195 196 197 198 199 200
62 69 64 65 66 67 68 69 70 71 72 74 76 77 79 80 81 83 85 86 87 88 89 90 91 92 93 94 95 96 97 98 99 100 101 102 103 104 105 106 107 108 109 110 111 112 113 114 115 116 117 118 119 120 121 122 123 124 126 127 128 129 130 131 132 133 134 135 136 137 138 139 140 141 142 143 145 146 147 148 149 150 151 153 154 155 156 157 158 159 160 161 162 164 165 166 167 168 169 170 171 172 174 175 176 178 179 180 181 182 184 185 186 187 188 189 190 191 192 193 194 195 196 197 198 199 200
63 65 64 65 66 67 68 69 70 71 72 73 74 75 76 78 79 80 81 82 83 84 85 86 87 88 89 91 92 93 94 95 96 97 98 99 100 101 102 103 104 105 106 108 109 110 111 112 114 115 116 117 118 119 120 121 123 124 126 127 128 129 130 131 132 133 134 135 136 137 138 140 141 142 143 146 147 149 150 151 152 153 154 155 156 157 158 159 160 161 162 163 164 165 167 168 170 171 172 173 174 176 177 178 179 180 181 183 184 186 187 188 190 191 192 193 194 195 196 197 198 199 200
64 20 65 66 67 68 69 70 71 72 73 74 75 76 77 79 80 81 82 83 84 85 86 87 88 89 90 91 92 93 94 95 96 97 98 99 100 101 102 103 105 106 107 108 109 110 111 112 113 114 115 116 118 119 120 121 124 125 126 127 128 129 130 131 132 133 134 135 136 137 138 139 140 141 142 143 144 145 146 147 148 149 150 152 153 154 155 156 157 158 159 160 161 163 164 165 166 167 168 169 170 171 172 173 175 176 177 178 179 181 182 183 184 185 186 187 188 189 192 193 194 195 196 197 198 199 200
65 23 66 67 68 69 70 71 72 73 74 75 76 77 78 80 81 83 85 86 87 88 89 90 91 92 94 96 97 98 99 100 101 102 103 105 106 108 110 111 112 113 114 115 116 117 118 119 120 121 122 123 124 126 128 129 131 133 134 135 136 137 138 139 140 141 142 144 145 146 147 148 149 150 151 152 153 154 155 156 157 158 159 160 161 162 163 164 165 166 167 168 169 170 171 172 173 175 176 177 178 179 180 181 182 183 185 186 187 188 189 190 191 192 193 194 195 196 197 198 199 200
66 53 67 69 70 71 72 73 74 75 76 77 78 79 80 81 82 83 84 85 86 87 88 89 90 91 92 93 94 95 96 97 98 99 101 102 103 104 105 107 110 112 113 114 115 116 118 119 120 121 122 123 124 125 126 127 128 129 130 131 132 133 134 135 136 137 138 139 140 141 142 145 146 147 148 149 150 151 152 153 154 155 156 157 158 159 160 161 162 163 164 165 166 167 168 169 170 172 173 175 176 177 178 179 180 181 183 184 185 186 187 188 189 190 191 192 193 194 195 196 197 198 199 200
67 59 68 69 70 71 72 73 74 75 76 77 78 79 80 81 82 83 84 85 86 87 88 89 90 91 92 93 94 95 96 97 98 99 100 101 102 103 104 105 106 107 109 110 111 112 113 114 115 116 117 118 120 121 122 123 124 125 126 127 128 129 131 132 133 134 135 136 137 138 139 140 141 142 143 145 146 147 148 149 150 151 152 153 154 156 157 158 159 160 161 162 163 164 165 166 167 168 169 170 171 172 173 174 175 176 177 178 179 180 181 182 183 184 185 186 187 188 189 190 191 193 194 196 197 198 199 200
68 61 69 70 72 73 74 75 77 78 79 80 81 82 83 84 86 87 88 89 90 91 93 94 95 96 97 98 99 100 101 102 103 104 105 106 107 108 110 111 112 113 114 115 116 117 118 119 120 121 122 123 124 125 126 128 129 130 131 132 133 134 135 136 137 138 139 140 141 142 143 145 146 147 148 149 151 152 154 155 156 157 158 159 160 161 162 164 165 166 167 168 169 170 171 172 173 175 176 177 178 180 181 182 183 184 185 186 187 188 189 190 191 192 193 194 195 196 197 198 199 200
69 92 70 71 72 74 75 76 77 78 79 80 81 82 83 84 85 86 87 88 90 91 92 93 94 95 96 98 99 100 101 102 103 104 105 106 107 108 109 110 111 112 113 115 117 118 119 120 121 122 123 124 125 126 127 128 129 130 131 132 133 134 135 136 137 138 139 140 141 143 144 145 146 147 148 150 151 152 153 154 155 156 157 158 159 160 161 162 163 164 165 166 167 169 170 172 173 174 175 176 177 178 179 180 181 182 183 184 185 186 187 188 189 190 191 192 193 194 195 196 198 199 200
70 39 71 72 73 74 75 76 77 80 81 82 83 85 86 88 89 90 91 92 93 94 95 96 98 99 100 101 102 103 104 106 107 110 111 112 114 115 116 117 118 119 120 121 122 123 124 126 127 128 129 130 131 132 133 135 136 137 138 139 140 141 142 143 144 145 146 147 148 149 151 152 153 154 155 156 157 158 159 160 161 162 163 164 165 166 167 168 169 170 171 172 173 174 175 176 177 178 180 181 182 183 185 187 188 189 190 191 192 193 194 195 196 197 198 199 200
71 76 72 73 74 75 77 78 79 80 81 82 83 84 85 86 87 88 89 90 91 92 93 94 95 96 97 98 99 101 102 103 104 105 106 107 108 109 110 112 113 114 115 116 117 119 120 121 122 123 124 125 126 127 128 129 130 131 132 133 134 135 136 137 138 139 140 141 142 143 144 145 146 147 149 150 151 153 154 155 156 157 158 159 160 161 162 163 164 165 167 168 169 170 171 172 173 174 175 176 178 179 181 182 183 184 185 186 187 188 189 190 191 193 194 196 197 198 199 200
72 59 74 75 76 77 78 82 83 84 85 86 87 88 89 90 91 92 93 94 95 97 98 99 100 101 102 103 104 105 107 109 110 111 112 113 114 115 116 117 118 120 121 122 123 124 126 127 128 129 130 132 133 134 135 136 137 138 139 140 141 142 143 144 145 146 147 148 150 151 152 153 154 155 156 158 160 161 162 164 165 167 168 169 170 171 172 173 174 175 176 177 178 179 180 181 182 184 185 186 188 189 190 191 192 193 194 195 196 197 198 199 200
73 28 74 75 76 77 78 79 80 81 83 84 85 86 87 88 89 90 91 93 94 95 96 97 98 99 100 101 102 103 105 106 107 108 109 110 111 112 113 114 115 116 117 118 119 120 121 122 123 124 125 126 127 129 130 131 132 133 134 136 137 138 139 141 142 143 144 146 147 148 149 150 151 152 153 154 155 156 157 158 159 161 162 163 165 166 167 168 170 171 172 173 174 175 176 177 178 179 180 181 182 183 184 185 186 187 188 190 191 193 194 195 196 197 198 199 200
74 35 75 76 77 78 79 80 81 82 84 85 86 87 88 89 90 91 92 93 94 95 98 99 100 101 102 103 105 106 107 108 109 110 111 113 114 115 116 117 118 119 120 121 122 123 124 126 127 128 129 130 131 132 134 135 136 137 138 139 140 142 143 144 145 146 147 148 149 150 151 152 153 154 156 157 158 159 160 161 162 163 164 165 166 167 168 169 170 171 172 173 174 175 176 177 179 180 181 182 183 184 185 186 187 188 189 190 191 192 193 194 195 196 197 198 199 200
75 86 76 77 78 79 80 81 82 83 85 86 87 88 89 90 91 92 94 95 96 97 98 99 100 101 102 103 104 105 106 107 109 110 111 112 113 114 115 116 117 118 119 120 121 122 123 126 129 130 132 133 134 135 136 137 138 139 140 141 142 143 144 145 146 147 149 150 151 152 154 155 156 157 158 159 161 162 163 165 166 167 169 170 171 172 173 174 175 176 177 179 180 181 182 183 184 185 186 187 188 189 190 192 193 194 195 197 198 199 200
76 79 77 79 80 81 83 84 85 86 87 88 89 91 92 94 95 96 97 98 99 100 101 102 103 104 105 106 107 108 109 111 112 113 114 115 116 117 119 120 121 122 123 124 125 126 127 128 129 130 131 132 133 135 136 137 138 139 140 141 142 143 144 145 146 147 148 149 150 151 152 153 154 156 157 159 160 161 162 163 164 166 167 168 169 170 171 172 173 174 175 176 177 178 179 180 182 183 184 185 186 187 188 189 190 191 192 193 194 195 196 197 198 199 200
77 88 78 79 80 81 82 83 84 86 87 88 89 90 91 92 94 95 96 97 98 99 100 101 102 103 104 105 106 107 108 109 110 111 112 113 114 115 116 118 119 120 121 122 123 124 125 126 127 128 129 130 131 132 133 135 136 137 138 139 140 141 142 144 145 146 147 148 149 150 151 152 153 154 155 156 157 158 159 160 161 164 165 166 167 168 169 170 171 172 174 177 178 179 180 181 182 183 184 185 186 187 188 189 191 192 193 194 195 196 197 198 199 200
78 84 79 80 81 82 83 84 85 86 87 89 90 91 92 93 94 95 96 97 98 99 100 102 103 104 105 106 108 109 110 111 112 114 115 116 117 118 119 120 123 124 125 126 127 129 130 131 132 133 134 135 136 137 139 140 141 143 144 145 146 147 148 149 150 151 152 153 154 155 156 157 158 160 161 162 163 164 165 166 167 168 169 170 171 172 173 174 175 176 177 178 179 180 181 182 183 184 186 187 188 189 190 191 192 194 195 196 198 199 200
79 96 80 81 82 83 85 86 87 88 89 90 91 92 93 94 95 96 97 98 100 101 102 103 104 105 107 108 110 111 112 113 114 115 116 117 118 119 120 121 123 124 126 127 128 131 132 133 134 135 136 139 141 143 144 145 146 147 148 150 151 152 153 154 155 156 157 159 160 161 162 163 164 165 166 167 168 169 170 171 172 173 174 175 176 177 178 179 180 181 182 183 186 187 188 189 190 191 193 194 195 196 197 198 199 200
80 69 81 82 83 84 86 87 88 89 90 91 92 93 94 95 97 99 100 101 102 103 104 105 106 108 109 110 111 113 114 115 116 117 118 119 120 121 122 123 124 125 126 127 128 129 130 131 132 133 134 135 136 137 138 139 140 141 142 143 144 146 147 148 150 151 152 153 154 155 156 158 159 160 161 162 163 164 165 166 167 168 169 170 171 172 174 175 176 177 178 180 181 182 183 184 185 186 187 189 190 192 193 194 195 196 197 198 199 200
81 60 83 84 85 87 89 90 91 92 93 94 95 96 97 98 99 101 102 103 104 105 106 107 108 109 110 111 112 113 114 115 116 117 118 119 120 121 122 123 124 125 126 127 128 129 130 131 132 133 134 135 136 137 138 139 140 141 142 143 144 146 147 148 149 150 151 152 153 154 155 156 157 158 159 160 161 162 163 164 165 168 169 170 171 172 173 174 175 176 177 180 181 182 184 185 186 187 188 189 190 191 192 193 194 195 196 197 198 199 200
82 91 83 84 85 87 88 89 90 91 93 94 95 96 98 99 100 102 103 104 105 106 107 108 109 110 111 112 113 114 115 116 117 118 119 120 121 122 123 124 125 126 127 128 131 132 133 134 135 136 137 138 140 141 142 143 144 145 146 148 149 150 151 152 155 156 157 158 159 160 162 163 164 165 166 167 168 169 170 171 172 173 174 175 176 179 180 181 182 183 184 185 186 187 188 189 191 192 193 194 195 196 197 198 199 200
83 91 84 85 86 87 88 89 90 91 92 93 94 95 96 97 98 99 100 101 102 103 105 106 107 108 109 111 112 113 114 115 116 117 118 119 120 121 122 123 124 125 126 128 129 130 131 132 133 134 136 137 138 139 140 141 143 144 145 146 147 148 149 150 151 152 153 154 155 156 157 158 159 160 161 162 163 164 165 166 167 168 170 171 172 173 174 175 176 177 178 179 180 181 183 184 187 188 189 190 191 192 193 194 195 196 198 199 200
84 100 85 86 87 88 91 92 93 94 95 96 97 98 99 100 101 102 103 104 105 106 107 108 109 112 115 116 117 118 119 120 121 122 123 124 125 126 127 128 129 130 131 132 133 134 135 137 138 140 141 144 145 146 147 148 149 150 151 152 154 155 156 157 158 159 160 161 162 163 164 165 166 167 168 169 170 171 172 173 176 178 179 180 181 182 183 185 186 187 188 189 190 191 192 193 194 195 196 198 199
85 22 86 87 88 89 90 91 92 94 95 96 97 98 99 100 101 102 103 104 105 106 108 109 110 111 112 113 114 115 117 118 119 120 121 122 123 124 125 126 128 129 130 131 132 133 134 135 136 137 138 139 141 142 143 144 145 146 147 150 151 153 154 155 156 157 158 159 160 161 162 163 165 166 167 168 169 170 171 172 173 174 175 176 177 178 179 180 181 182 184 185 186 187 188 189 190 191 192 193 194 195 196 197 198 199 200
86 42 87 88 90 91 92 93 94 95 97 99 100 101 103 104 106 107 108 109 110 111 112 113 114 116 117 118 119 120 121 122 123 124 125 126 127 128 129 130 132 133 134 135 136 137 139 140 141 142 143 144 145 146 148 149 150 151 152 153 154 155 156 159 160 161 162 163 164 165 166 167 168 169 170 171 172 173 174 175 176 177 178 179 180 181 182 183 184 185 186 187 188 189 190 191 192 193 195 196 197 198 199 200
87 64 88 89 90 91 92 93 94 95 96 97 98 100 101 103 104 105 106 107 108 109 111 112 113 114 115 116 117 118 119 120 121 122 123 124 125 126 127 128 130 132 133 134 136 137 138 141 142 143 144 145 146 148 149 150 151 152 153 154 155 156 158 159 161 162 163 164 165 166 167 168 169 170 171 172 174 175 176 177 178 179 180 181 182 183 184 185 187 188 189 190 191 192 193 194 195 196 197 198 199 200
88 80 90 91 92 93 94 96 97 98 99 100 101 102 103 104 105 106 107 108 109 110 111 112 113 114 115 116 117 118 120 121 123 124 125 126 127 128 129 130 131 132 133 134 135 136 137 138 140 141 142 143 144 145 146 147 148 149 150 151 153 154 155 156 157 158 159 160 161 162 163 164 165 166 167 168 169 170 172 173 174 175 176 178 179 180 181 182 183 184 186 188 189 190 191 192 193 194 195 196 197 198 199 200
89 72 90 91 92 93 94 95 96 98 99 100 101 102 103 105 106 107 108 109 110 111 112 113 114 116 117 118 119 120 122 123 124 125 126 127 128 129 130 131 132 133 134 135 136 137 138 140 141 142 143 144 145 146 147 148 150 151 152 153 154 155 157 158 159 160 161 162 163 164 165 167 168 169 170 171 172 173 174 175 176 177 178 179 180 181 182 183 184 185 187 188 189 190 191 192 193 194 195 196 197 198 199 200
90 57 91 92 93 94 95 96 98 99 100 101 102 103 104 105 106 107 108 109 110 111 112 113 114 115 116 117 118 119 120 121 122 123 125 126 127 128 129 130 131 132 133 134 135 136 137 139 140 141 142 143 144 146 147 148 149 150 151 152 153 154 155 157 158 159 161 162 163 164 165 166 167 168 169 170 171 172 173 174 175 177 178 179 180 181 183 185 186 187 189 190 191 192 193 194 195 196 197 198 199 200
91 87 92 93 94 95 96 97 98 99 100 101 102 103 104 105 106 107 108 110 111 112 113 114 115 116 117 118 119 120 121 122 124 125 126 127 129 130 131 132 133 134 135 137 138 140 141 142 143 144 145 146 147 148 149 150 151 152 153 154 155 156 157 158 159 160 161 162 163 164 165 168 169 170 171 172 173 174 175 176 177 178 179 180 181 182 183 184 185 186 187 188 189 190 191 192 194 195 196 198 199 200
92 69 93 94 95 96 97 98 99 100 103 104 105 106 107 108 109 110 111 112 113 114 115 116 117 118 119 120 121 122 123 124 125 126 127 128 129 130 131 132 133 135 136 137 138 140 141 142 143 144 145 147 148 149 150 151 152 153 154 155 156 158 160 161 162 164 165 166 167 168 169 170 171 173 174 175 176 177 178 179 180 181 182 183 184 185 186 187 188 189 190 191 192 193 194 195 196 197 198 199
93 45 94 95 96 97 98 99 100 101 102 103 104 105 106 107 109 111 112 113 114 116 117 118 119 120 121 123 125 126 127 128 129 130 131 132 133 134 135 136 137 139 140 141 143 144 147 148 149 150 151 152 153 154 155 156 157 158 159 160 161 163 164 165 166 167 168 169 170 171 172 173 174 176 177 179 180 181 183 185 186 187 188 189 190 191 192 193 194 195 196 197 198 199 200
94 61 95 96 98 99 101 102 103 105 106 107 108 109 110 111 112 113 114 115 116 117 118 119 120 121 122 124 125 126 127 128 130 131 132 133 134 135 136 137 138 139 140 141 142 144 145 146 147 148 149 150 151 152 153 154 155 156 157 158 159 160 162 164 166 167 168 169 170 171 172 173 174 175 176 178 179 180 181 182 183 184 185 186 187 189 190 191 192 194 195 196 197 198 199 200
95 21 96 97 98 99 100 101 102 103 104 105 106 107 108 109 110 112 113 114 115 116 117 118 119 120 121 122 123 124 125 126 127 129 130 131 132 133 135 138 139 141 142 143 144 145 146 147 148 149 150 151 153 154 155 157 158 160 161 162 163 164 165 167 168 169 170 171 172 173 174 175 176 177 178 179 180 181 182 183 184 185 186 187 188 189 190 191 192 193 194 195 196 197 198 199 200
96 73 97 98 99 101 102 103 104 105 106 107 108 109 110 111 112 113 114 115 116 118 119 120 121 122 123 126 128 129 131 132 133 135 136 137 138 139 140 141 142 143 144 145 146 147 148 149 150 151 152 153 155 156 157 158 159 160 161 162 163 164 165 166 168 169 170 171 172 173 174 175 176 177 178 179 181 183 184 185 186 189 190 191 192 193 194 195 196 197 198 199 200
97 57 98 99 100 101 102 103 104 105 106 107 108 109 110 111 113 114 115 116 117 118 119 120 122 123 124 125 126 127 128 129 130 131 132 133 134 135 136 137 138 139 140 141 142 143 145 146 147 148 149 150 151 152 153 154 156 157 158 159 160 162 163 164 165 166 167 168 169 170 171 172 173 174 175 176 177 178 179 180 181 182 183 184 185 186 187 188 190 191 192 193 194 196 197 198 199 200
98 77 99 100 101 102 103 104 105 106 107 109 110 111 112 113 114 116 117 118 119 120 121 122 123 124 125 126 127 128 129 130 131 132 133 134 135 136 137 138 139 140 141 142 143 144 145 146 147 148 149 150 151 152 153 154 155 156 157 158 161 162 163 164 165 167 168 170 171 173 174 175 176 177 178 179 180 181 182 183 184 185 186 187 188 189 191 192 193 194 195 196 197 198 199 200
99 23 100 101 102 103 104 106 107 108 109 110 112 113 114 115 117 118 119 120 121 122 123 124 125 128 129 130 132 133 134 135 136 137 138 139 140 141 142 143 144 146 147 148 149 150 151 152 153 154 155 156 157 158 159 160 161 162 163 164 165 166 167 168 169 170 171 172 173 174 176 177 178 179 180 181 182 183 184 185 186 187 188 189 190 191 192 194 195 196 197 198 199
100 37 101 102 103 104 105 106 107 108 109 110 111 112 113 114 115 116 117 118 119 120 121 122 123 124 125 126 127 128 129 130 131 132 133 134 135 136 137 138 140 141 142 143 144 145 146 147 148 149 150 151 152 153 154 155 156 157 158 159 160 161 162 163 164 166 167 168 169 170 171 174 176 177 179 180 181 182 183 184 185 186 188 189 191 193 194 195 196 197 198 199 200
101 49 102 103 104 105 106 107 108 109 110 111 112 113 114 116 117 118 119 120 121 122 123 124 125 126 127 128 129 130 132 133 134 136 138 139 140 141 142 143 144 145 146 147 148 149 150 151 152 153 154 156 157 158 159 160 161 162 163 164 165 166 167 168 169 170 172 173 174 175 176 177 178 179 180 181 182 183 184 186 187 188 189 190 191 192 193 194 195 196 197 198 199 200
102 97 103 104 105 106 107 108 109 110 111 112 113 114 115 117 118 119 120 121 122 123 124 125 126 127 128 129 132 133 135 136 138 139 140 141 142 143 144 145 146 148 149 150 151 152 153 155 156 157 158 159 160 162 163 164 165 166 167 168 169 170 171 172 173 174 175 176 177 178 179 180 181 183 187 188 189 190 191 192 193 194 195 196 197 198 200
103 57 104 105 106 107 108 109 110 111 112 114 115 116 118 120 121 122 123 124 125 126 127 128 129 130 131 132 134 135 136 137 138 139 140 143 144 145 146 147 150 151 152 153 154 155 156 157 158 159 160 162 163 164 165 166 168 169 171 172 174 175 176 177 178 179 180 181 182 183 184 185 186 187 188 189 190 191 192 193 194 195 196 197 198 199 200
104 55 105 106 107 108 109 110 112 113 114 115 116 117 118 119 121 122 123 124 125 126 127 128 129 130 132 133 134 135 136 137 139 140 141 142 144 145 146 147 148 149 150 151 152 153 154 155 156 157 158 159 160 161 162 163 164 165 166 167 168 169 170 171 172 173 174 176 178 179 180 181 182 183 184 185 186 187 188 189 190 191 192 193 194 195 196 197 198 199 200
105 61 106 107 109 110 111 112 113 114 115 116 117 118 119 120 122 123 124 125 127 129 130 131 133 134 135 136 137 138 139 140 141 142 143 144 145 146 147 149 150 151 152 153 154 157 158 159 160 161 162 163 164 165 166 168 169 170 171 172 173 174 175 176 177 178 179 180 181 183 184 186 187 188 190 191 192 193 194 195 196 197 198 199
106 50 107 108 109 110 111 113 114 115 117 118 119 120 121 122 123 124 125 126 127 128 129 130 131 132 133 134 136 137 138 139 140 141 142 143 144 145 146 148 150 151 152 154 156 157 158 159 160 161 162 163 164 165 166 167 168 169 170 171 172 173 174 175 176 177 178 179 180 181 182 183 184 185 186 188 189 190 192 193 194 195 196 197 199 200
107 72 108 109 110 111 112 114 115 118 119 120 121 122 123 124 125 126 127 129 130 131 132 133 134 135 136 137 139 140 141 142 143 144 145 146 147 148 149 150 151 152 153 154 155 156 157 158 160 161 162 163 164 165 166 167 168 169 170 171 172 174 175 176 177 178 180 181 182 183 184 186 187 188 189 190 191 192 193 194 195 196 199 200
108 53 109 110 111 112 113 115 116 118 120 121 122 123 124 125 126 127 128 129 130 131 132 133 135 136 137 138 139 140 141 143 144 145 146 147 149 150 151 152 153 154 155 156 157 158 159 160 161 162 163 164 165 166 167 168 169 170 171 172 173 174 175 176 177 178 179 180 181 182 183 184 185 186 187 188 189 190 191 192 193 194 195 196 197 198 199 200
109 59 110 111 112 113 114 115 116 117 118 119 120 121 122 123 124 125 126 127 128 129 130 131 132 133 134 135 139 140 142 143 144 145 148 149 151 153 155 156 157 158 159 160 161 162 163 164 165 166 167 168 169 170 171 173 174 175 178 179 180 181 182 183 184 185 186 187 188 189 190 191 192 194 195 196 197 198 199 200
110 42 111 112 113 114 115 116 117 118 119 120 121 122 123 124 125 126 127 128 130 131 132 133 134 136 137 138 139 140 141 142 143 144 145 146 147 148 149 150 151 152 153 154 155 156 157 158 159 160 161 162 163 164 165 166 167 168 169 170 171 173 174 176 177 178 179 180 181 182 183 184 185 186 187 188 189 190 191 192 194 195 199 200
111 26 112 113 115 116 117 118 120 121 122 123 125 126 128 129 130 132 133 134 135 136 137 138 139 140 141 142 143 144 145 146 147 148 149 150 151 152 153 154 155 156 157 158 159 160 161 162 163 164 165 166 167 168 169 170 171 172 173 174 175 176 177 178 179 180 182 183 184 185 187 188 189 190 191 192 193 194 195 196 197 198 199 200
112 99 113 114 115 116 118 119 120 121 122 123 124 126 127 128 129 130 131 132 133 134 135 136 137 138 139 140 141 143 144 145 146 147 148 149 150 151 152 153 155 156 158 159 160 161 162 163 164 166 167 168 169 170 173 174 175 176 177 178 179 180 181 182 183 184 185 186 187 188 190 191 192 193 194 195 196 197 198 199 200
113 64 114 115 116 117 118 119 120 121 122 123 124 126 127 129 130 131 132 133 134 135 136 137 138 139 140 141 142 143 144 145 146 147 149 150 151 152 153 155 156 157 158 160 161 162 163 164 166 167 168 169 170 171 174 175 176 177 178 179 180 181 182 183 184 185 186 187 189 190 191 192 193 194 195 196 197 198 199 200
114 98 115 116 117 118 119 120 121 123 124 125 126 127 129 130 131 132 133 134 135 136 137 138 140 141 142 143 144 145 146 147 148 149 150 151 152 153 155 156 157 158 159 160 161 162 163 164 165 166 167 168 170 171 172 173 175 176 177 178 179 180 181 182 183 184 185 186 187 188 189 190 191 192 193 194 195 196 197 198 199 200
115 22 116 117 118 119 120 122 123 124 125 126 127 128 129 130 131 132 133 134 135 136 137 138 139 140 141 142 143 144 145 146 147 148 149 150 151 152 153 155 156 157 158 159 160 161 162 163 164 167 168 169 170 172 174 175 176 177 178 179 180 181 182 184 185 186 187 188 189 190 191 192 193 194 195 196 197 198 199 200
116 30 117 118 119 120 121 122 123 124 125 126 128 129 130 131 132 133 136 137 138 139 140 141 142 143 144 145 146 147 148 149 150 152 153 154 155 157 158 159 160 161 162 163 164 165 166 167 169 170 171 172 173 174 175 176 177 178 179 180 181 182 183 184 185 186 187 188 189 190 191 193 194 195 196 198 199 200
117 70 118 119 120 122 123 124 125 126 127 128 129 130 131 132 133 134 135 136 137 138 139 140 141 142 143 144 146 147 148 149 150 151 152 153 154 155 156 157 158 160 161 162 163 164 165 168 169 171 172 173 174 175 176 177 178 179 181 182 183 184 185 186 187 188 189 191 192 193 194 195 197 198 199 200
118 53 119 120 121 122 123 124 125 126 127 128 129 130 131 132 133 134 135 136 138 140 141 142 143 144 145 146 148 149 150 151 152 153 154 157 158 159 160 161 162 163 164 165 166 167 168 169 171 172 173 174 175 176 177 178 179 180 181 182 183 184 185 186 188 189 190 191 192 194 195 196 197 198 199 200
119 83 122 123 124 125 126 127 128 129 130 132 133 134 135 136 137 138 139 140 141 142 143 144 145 146 148 150 151 152 153 155 156 159 160 161 162 163 164 166 167 168 169 170 171 172 173 174 175 176 177 178 179 180 182 183 184 185 186 187 188 189 190 191 192 193 194 195 196 197 198 200
120 34 122 123 124 125 126 127 128 129 130 131 132 133 135 136 137 138 139 141 142 143 145 146 147 148 149 151 152 153 154 155 156 157 158 160 161 162 163 164 165 166 167 168 169 170 171 172 173 174 175 176 177 178 179 180 181 182 184 185 186 187 188 189 190 191 192 193 194 195 196 197 198 199 200
121 91 122 123 124 125 126 127 128 129 130 131 132 133 134 135 136 137 138 139 140 141 142 143 144 145 147 148 149 150 152 153 155 156 157 158 160 161 162 163 164 165 166 167 168 169 170 171 172 173 174 175 177 178 179 181 182 184 185 186 187 188 189 192 193 194 195 196 197 198 200
122 41 123 124 125 127 128 129 130 131 132 133 134 135 136 137 138 139 140 141 142 143 144 145 146 147 148 149 150 151 152 153 154 155 156 157 158 159 160 162 163 164 165 166 167 168 169 170 171 172 173 174 175 176 177 178 179 180 181 182 183 184 185 186 187 188 189 190 191 192 194 195 197 198 200
123 60 125 127 128 129 130 131 132 133 134 135 136 137 138 140 141 142 143 144 145 146 147 148 149 150 151 152 153 154 155 156 157 158 159 160 162 163 164 166 167 168 169 170 171 172 173 174 175 176 177 178 179 180 181 182 183 184 185 186 187 188 189 191 192 193 194 195 196 197 198 199 200
124 70 125 127 128 129 130 131 132 133 134 136 137 138 139 140 141 142 144 145 146 147 148 149 150 151 152 154 155 156 157 158 159 160 161 162 163 167 168 169 170 171 172 173 174 175 176 177 178 179 180 181 182 183 184 187 188 189 190 191 192 193 194 195 196 197 198 199 200
125 51 126 127 128 129 130 132 134 136 137 138 139 140 141 142 143 144 145 146 147 148 149 150 151 152 153 154 155 156 157 158 159 160 161 162 163 164 165 166 167 168 169 170 171 172 173 174 175 176 177 178 179 180 181 182 184 185 186 187 188 189 190 191 192 193 194 195 196 198 199 200
126 52 127 129 130 132 133 134 135 136 137 138 139 140 141 142 143 144 145 146 147 148 149 150 151 152 153 154 155 156 157 158 159 160 161 162 163 164 165 166 168 169 171 172 173 174 175 176 177 178 179 181 182 183 184 185 186 187 188 189 190 191 192 194 195 196 197 198 199 200
127 95 128 129 131 132 133 134 135 136 137 138 139 140 141 142 143 145 146 147 148 149 150 151 152 153 155 156 157 159 161 162 163 164 165 166 167 168 170 171 172 176 177 178 179 181 182 183 184 185 188 189 190 191 192 193 195 196 198 199 200
128 80 129 130 131 132 133 134 135 136 137 138 139 140 141 143 144 145 146 147 148 149 150 151 152 153 154 155 156 157 158 160 161 162 163 164 165 166 167 168 169 170 171 173 175 176 177 178 179 182 183 184 185 186 187 188 189 190 191 192 193 194 195 196 197 198 199
129 33 130 131 132 133 134 135 137 138 139 140 142 143 144 145 146 147 148 149 150 151 152 153 154 155 156 157 158 159 160 161 162 163 165 166 168 169 170 171 172 173 174 175 176 177 178 180 181 183 184 186 187 188 189 190 191 192 193 194 195 198 199 200
130 46 131 132 133 134 135 136 137 138 139 140 141 142 143 144 145 146 147 148 149 150 151 152 153 154 155 156 157 158 159 161 162 163 164 166 167 168 169 170 171 172 173 176 177 178 179 180 181 182 183 184 186 187 188 189 191 192 193 194 195 196 197 198 200
131 29 132 133 134 135 136 137 138 139 140 141 142 143 144 145 146 147 148 149 150 151 152 153 154 155 156 157 158 159 160 161 163 164 165 166 167 168 169 170 171 172 174 175 176 177 178 179 180 181 182 183 184 185 186 188 190 191 192 193 194 195 196 197 198 199 200
132 25 133 135 137 138 139 140 141 142 143 144 145 146 148 149 150 151 152 153 154 155 156 158 159 160 161 162 163 164 165 166 167 168 169 170 171 172 173 174 175 176 177 178 179 180 181 182 183 184 185 186 187 188 189 190 191 192 193 194 195 196 197 198 199 200
133 43 134 135 136 138 140 141 142 143 144 146 148 149 150 151 153 154 155 156 157 158 159 160 161 162 163 164 165 166 167 168 169 170 171 172 173 174 175 176 177 178 179 180 181 183 184 185 186 187 188 189 190 191 192 193 195 196 197 198 200
134 74 135 136 137 138 139 140 141 142 143 145 146 147 148 149 150 151 152 153 154 155 156 157 158 159 160 161 162 164 165 166 167 168 169 170 171 172 173 174 176 179 180 181 182 183 184 185 186 187 188 189 190 191 192 195 196 197 198 199 200
135 36 136 137 138 139 140 141 142 143 144 145 146 148 149 150 152 153 154 155 156 157 158 159 160 162 163 164 165 166 167 168 169 170 171 172 173 174 175 177 178 179 180 181 182 183 184 185 187 188 189 190 191 192 193 194 195 196 197 198 199
136 65 137 138 139 140 141 142 143 144 146 147 148 149 151 152 153 154 155 156 159 160 161 162 163 164 165 166 167 168 169 170 171 173 174 175 176 177 178 179 180 181 182 183 184 185 186 187 188 189 190 191 192 193 194 195 196 197 198 199 200
137 24 139 140 141 142 144 145 146 147 148 149 150 152 153 154 155 156 158 160 161 162 163 164 165 166 167 168 169 170 171 172 173 174 175 176 177 178 179 180 181 182 183 184 185 186 187 188 189 190 191 192 194 195 196 197 198 199 200
138 34 139 140 141 142 143 145 146 147 148 149 150 151 152 153 154 155 156 157 158 159 160 161 162 164 165 166 167 168 169 170 171 172 173 174 175 176 177 178 179 180 181 182 183 184 185 186 188 189 190 191 192 193 194 195 196 197 198 199 200
139 68 140 141 142 143 144 146 147 148 149 151 152 154 156 157 158 159 160 161 162 163 164 165 166 167 168 169 170 171 172 174 175 176 177 178 179 180 181 182 183 184 186 187 188 190 191 192 193 194 195 196 197 198 199 200
140 81 141 142 143 144 145 146 147 148 149 152 153 154 155 156 159 160 162 163 164 165 166 168 170 171 172 173 175 176 177 178 179 180 181 182 183 184 185 186 187 188 189 190 191 192 193 194 195 196 197 198 199 200
141 24 142 143 144 145 146 147 148 149 150 152 153 156 158 159 161 162 163 164 165 166 167 168 169 171 172 173 174 175 176 177 178 179 180 181 182 183 184 185 186 187 188 189 190 191 192 193 194 195 196 197 198 199 200
142 32 143 144 145 146 147 149 152 153 154 155 156 157 158 159 160 161 162 164 165 166 167 170 171 172 174 175 176 177 178 179 180 181 182 183 186 187 188 189 190 191 193 194 195 196 197 198 200
143 65 144 145 146 147 148 149 150 151 152 153 154 155 156 157 158 159 160 161 162 164 166 167 168 169 170 171 172 173 174 175 176 177 178 179 180 181 182 183 184 185 186 187 188 189 190 191 192 193 194 195 196 197 198 200
144 78 145 146 148 149 150 151 152 153 154 155 156 157 159 160 161 162 163 164 166 167 168 169 170 171 172 173 174 175 176 177 178 179 180 181 182 183 184 185 186 187 188 189 190 191 192 193 194 195 196 197 198 199 200
145 32 146 147 149 150 151 152 153 154 155 156 157 158 159 160 162 163 164 165 166 167 168 170 171 172 173 174 175 176 177 179 180 181 182 183 184 185 186 187 188 189 190 191 192 193 194 195 196 197 198 199 200
146 33 147 148 149 150 151 152 153 154 155 156 157 158 159 160 161 162 163 164 165 166 167 168 169 170 171 172 173 174 175 176 177 178 179 180 182 183 184 185 186 187 188 189 190 191 193 194 195 196 197 198 199
147 51 148 149 150 153 154 155 156 157 158 159 160 161 162 163 164 166 167 168 169 170 171 172 173 175 176 177 178 179 180 181 182 183 184 185 186 187 188 189 190 191 192 193 194 195 196 197 198 199 200
148 97 149 150 152 153 154 155 156 157 159 160 162 163 164 165 166 167 168 169 171 172 173 174 175 176 177 178 179 181 182 183 184 185 187 188 189 190 191 192 193 196 197 198 199 200
149 30 151 152 155 156 157 158 159 160 161 162 163 164 165 166 167 168 169 170 171 172 173 174 175 176 177 178 179 180 182 183 184 185 186 187 188 189 190 191 192 193 194 195 196 197 198 199 200
150 83 152 154 155 156 157 158 159 160 162 163 164 166 167 168 169 171 172 173 174 175 176 177 178 179 180 181 182 183 184 185 186 189 190 191 192 193 194 195 196 197 198 200
151 51 152 153 154 155 156 158 159 160 161 162 163 164 165 167 168 169 171 172 173 175 176 177 178 179 180 181 182 183 184 186 187 188 189 190 191 192 193 194 196 197 198 199 200
152 39 153 154 155 156 158 159 160 161 162 164 165 166 167 168 169 170 171 172 173 174 175 176 177 178 179 180 181 182 183 184 185 187 188 189 190 191 192 193 194 195 196 198 199 200
153 24 154 156 157 158 159 160 161 162 163 164 165 166 167 168 169 170 171 172 173 174 175 176 177 178 179 180 181 182 184 186 187 188 189 190 191 192 193 194 195 196 197 199 200
154 92 155 157 158 159 160 161 162 163 164 166 167 168 169 170 171 172 173 174 175 176 177 178 179 180 181 182 183 184 185 186 187 188 189 190 191 192 193 194 196 197 198 199 200
155 84 156 157 158 159 160 161 163 164 165 166 167 168 169 170 172 173 174 175 176 177 178 179 180 181 182 183 184 186 187 188 189 190 191 192 193 194 195 196 197 198 199 200
156 53 157 158 159 160 161 162 163 165 166 168 169 170 172 173 175 176 177 178 179 180 181 182 183 184 185 186 187 188 189 190 191 192 193 194 195 196 197 198 199 200
157 35 158 159 160 161 162 163 165 166 167 168 169 170 171 172 173 174 175 176 178 179 180 181 183 184 185 186 187 188 189 190 191 192 193 194 195 196 197 198 199 200
158 90 159 160 161 162 163 164 165 166 167 168 169 170 172 174 175 176 177 178 179 180 181 182 183 184 185 186 187 190 192 193 195 196 199 200
159 77 160 163 164 165 166 167 169 170 171 172 173 174 175 176 177 178 180 182 184 185 186 189 190 191 192 193 194 195 196 197 198 199 200
160 42 161 162 164 165 167 168 169 172 173 174 175 176 177 178 179 180 181 182 183 184 185 186 187 188 189 190 191 192 193 194 195 196 197 199 200
161 52 163 164 165 166 167 168 170 171 172 173 174 175 176 177 178 179 180 181 183 184 186 188 189 190 191 192 193 194 195 196 197 198 199 200
162 82 163 164 165 166 167 168 169 170 172 173 175 176 177 178 179 180 181 182 183 184 185 186 189 190 191 192 193 194 197 199 200
163 48 164 165 166 167 168 170 171 172 173 174 176 177 178 179 180 181 182 183 184 185 187 188 189 190 191 193 194 195 196 197 198 199 200
164 52 165 169 170 171 173 174 175 176 177 178 179 181 182 183 184 186 187 188 189 190 191 192 193 194 195 196 197 198 200
165 92 166 167 168 169 170 171 173 174 175 176 178 179 180 181 182 183 185 186 187 188 190 192 193 194 195 196 197 198 199 200
166 93 168 169 170 171 172 173 174 175 176 177 178 179 180 181 182 183 184 185 186 187 188 189 190 191 192 194 195 196 197 198 199 200
167 68 168 169 170 171 172 173 174 175 177 178 179 180 181 182 184 185 186 187 189 190 191 192 193 194 195 196 198 200
168 28 170 171 172 173 174 176 177 178 179 180 181 182 183 184 185 186 187 188 189 190 191 192 193 194 195 197 198 200
169 41 170 171 172 173 174 175 176 177 178 179 180 181 182 183 184 185 188 189 190 192 193 194 195 196 197
170 34 171 173 174 175 176 177 178 179 180 181 182 183 184 185 186 187 188 189 190 191 193 194 195 196 197 198 199 200
171 35 172 173 174 175 176 177 178 179 180 181 182 183 185 187 188 189 190 191 192 193 195 196 197 198 199 200
172 57 174 175 176 178 179 180 181 182 183 184 185 186 187 189 190 191 192 193 195 196 197 198 199 200
173 79 174 176 177 178 179 180 181 182 183 184 185 186 187 188 189 190 191 192 193 194 195 196 197 198 199 200
174 28 175 176 177 178 179 180 181 182 184 185 186 187 190 191 192 194 195 196 197 198 199 200
175 65 176 177 178 179 180 181 182 183 184 185 186 187 189 190 191 192 195 196 198 199 200
176 66 177 178 179 180 181 182 183 184 185 186 187 188 189 190 192 193 195 196 197 198 199 200
177 57 178 179 180 181 182 184 185 186 187 188 189 190 191 192 193 194 195 196 197 198 199
178 48 179 180 181 182 183 184 185 187 188 189 190 191 192 193 194 195 196 197 198 199 200
179 68 180 181 182 183 184 186 187 188 189 190 191 192 193 194 195 196 197 199
180 83 181 182 183 184 185 186 187 188 189 190 191 192 193 195 196 197 198 199
181 94 182 183 184 185 188 189 190 191 192 193 194 195 196 197 198 199 200
182 60 184 185 186 187 188 189 190 191 193 194 195 196 197 198 199
183 44 184 185 186 187 188 189 190 191 192 193 194 195 196 198 200
184 48 185 187 188 189 190 191 192 193 194 195 196 197 199 200
185 27 186 187 188 189 190 192 193 194 195 196 197 198 199 200
186 82 187 189 191 192 193 194 195 196 197 198 199 200
187 80 188 190 191 192 193 194 195 196 197 198 199 200
188 30 189 190 191 192 193 194 195 196 197 200
189 63 190 192 193 195 196 197 198 199 200
190 77 191 192 193 194 195 196 197 198 199 200
191 45 192 193 194 195 196 197 198 199 200
192 73 193 194 196 197 198 199 200
193 35 194 195 196 197 198 199 200
194 40 195 196 197 198 199 200
195 53 196 197 198 199 200
196 56 197 198 199 200
197 78 198 199 200
198 48 199 200
199 87 200
200 75
