100
1 116 3 6 19 20 22 23 24 26 28 31 35 38 39 49 51 54 58 59 62 63 64 65 66 67 69 78 79 85 90 92 95
2 172 10 12 15 16 18 24 30 33 40 41 42 56 58 62 64 66 68 77 78 79 81 86 89 91 93 95 98 99
3 17 10 12 17 18 19 20 25 29 33 37 39 40 43 54 57 60 62 64 65 66 70 73 74 75 82 89 95
4 168 7 8 11 15 20 25 27 31 37 41 42 44 45 49 51 53 54 56 62 64 66 70 72 75 77 79 80 81 82 85 86 88 100
5 110 7 8 13 15 19 20 22 28 31 41 42 44 45 52 53 55 56 59 61 68 74 79 80 84 87 88 93 94 96
6 125 8 9 10 12 15 17 20 25 33 35 39 40 42 45 53 54 55 59 60 63 64 65 66 67 68 72 75 78 87 88 96 97 99
7 93 9 10 14 17 18 20 21 23 24 26 28 35 37 39 44 46 50 56 59 61 62 65 66 68 77 79 80 86 88 89 90 92 93 94 96 97 98 99 100
8 168 20 21 27 31 33 36 37 39 62 72 78 80 82 83 85 86 88 91 94 98 99 100
9 93 14 15 18 19 20 22 23 27 32 35 47 48 52 54 61 63 66 69 72 75 78 82 84 89 90 94 97 99
10 233 11 13 14 17 18 30 33 34 35 36 42 43 44 55 60 62 63 73 74 80 81 82 84 87 96
11 104 13 18 19 25 32 36 38 44 45 47 53 63 67 70 72 77 80 85 91
12 134 19 23 27 32 33 34 36 38 43 51 52 53 54 55 57 58 61 68 74 76 78 81 89 90 95
13 179 16 21 23 24 25 29 37 39 46 48 49 50 53 57 60 61 74 75 77 82 84 86 92 93 94 99
14 56 19 23 27 32 35 37 39 43 48 50 51 52 55 58 60 61 64 65 66 67 68 74 75 76 78 84 88 93 99
15 19 27 36 37 42 51 55 56 57 60 69 71 73 75 76 78 84 87 89 92 96 100
16 92 17 18 22 26 28 35 39 42 50 52 54 56 58 65 70 72 73 75 78 80 81 83 99
17 133 21 23 25 30 33 34 36 37 43 49 53 56 61 67 69 71 74 78 81 82 84 85 86 98
18 167 19 22 34 35 37 38 42 49 50 53 54 61 63 65 68 77 80 85 86 89 93 94 96 97 98 100
19 153 23 25 30 33 35 36 37 41 45 47 54 55 58 60 63 65 66 67 71 72 73 74 75 77 81 84 86 87 94 95 97 98
20 119 22 23 26 28 29 34 36 38 40 45 46 53 54 55 56 61 63 64 65 68 71 72 76 78 82 83 87 93 94
21 19 24 25 27 33 57 58 61 64 66 70 72 81 82 83 86 88 95 96 100
22 102 23 24 26 27 33 34 47 48 50 51 54 63 71 80 82 83 85 92 93 94 95 96 98
23 101 25 27 32 43 46 48 49 52 53 55 56 61 65 68 77 80 81 84 87 89 91 95
24 207 27 28 34 38 40 41 42 44 48 49 50 55 58 60 61 71 76 79 80 86 92
25 156 28 32 34 35 38 40 42 45 46 48 51 52 53 56 65 68 74 75 88 89 95 98
26 140 31 32 33 35 36 40 45 46 47 50 51 56 61 64 68 69 71 77 79 88 90 91 98
27 167 28 31 35 37 39 40 43 45 47 49 54 56 59 63 68 69 72 77 78 82 84 87 91 94 100
28 128 29 41 49 51 52 68 76 77 78 79 88 93 96 97 98 99
29 50 30 32 33 34 37 44 55 58 59 61 67 68 69 75 80 82 83 84 90 97 98 99
30 184 36 39 41 42 44 46 47 50 51 52 53 54 56 62 67 74 76 82 90 92 94 97 100
31 19 33 34 37 42 44 45 50 52 55 56 59 60 61 62 75 77 78 80 81 87 88 90 94 96 97
32 133 36 42 43 44 46 48 49 63 65 66 68 74 75 78 79 80 82 86 96 97 99
33 74 34 36 38 40 42 43 48 49 50 59 71 72 74 76 79 83 87 88 94 95
34 111 38 41 45 46 54 64 69 73 81 88 89 92 93 94 95 98
35 160 36 39 40 45 50 53 55 56 58 62 63 66 68 70 72 75 80 82 83 85 87 98
36 175 39 40 41 45 47 48 50 51 55 57 58 61 67 72 73 75 78 79 81 82 87 90 93 96 97 98
37 77 38 42 47 49 50 51 53 55 68 72 76 80 82 83 86 89 91
38 106 40 41 43 44 45 47 53 57 58 59 60 64 72 73 74 76 78 79 81 82 89 96 97 98 99
39 214 41 43 47 51 52 53 55 60 65 66 69 78 80 83 85 86 87 93 96 99 100
40 236 41 44 45 50 62 65 68 75 81 82 86 90 98
41 204 44 50 51 52 53 56 57 58 60 63 65 66 70 71 72 73 75 77 78 85 86 91
42 111 43 50 52 53 59 64 66 69 75 77 79 82 83 85 89 96 97 99
43 103 44 45 46 47 48 49 53 54 55 61 62 65 66 68 71 72 75 76 81 82 89 96 100
44 181 46 48 57 60 62 66 67 73 74 75 79 80 84 85 90 93 94 99
45 89 47 52 60 63 64 65 68 71 78 82 84 89 94 97 98
46 149 48 52 53 56 62 63 66 68 71 72 73 74 75 77 84 85 88 89 91 92 94 95 96 97
47 105 50 53 57 58 65 67 70 73 77 80 81 89 91 93 94 100
48 239 50 54 56 57 60 61 63 64 68 71 75 76 79 83 85 86 87 88 90 96
49 212 50 52 59 60 67 68 71 74 75 77 83 85 87 89 95 96 97
50 156 54 56 61 62 63 70 73 80 85 89 90 91 95
51 155 55 63 64 65 75 84 86 87 89 90 91 98 100
52 29 53 56 59 60 61 65 66 67 79 81 86 89 96 98 100
53 92 56 58 61 62 63 65 67 69 70 73 77 90 97
54 71 55 59 60 62 66 71 72 75 77 80 83 85 87 92 94 95 100
55 82 58 61 64 67 68 69 72 77 78 81 82 83 86 88 91 93 96 98 99
56 224 58 61 67 69 73 76 78 81 87 90 91 93 95 97 100
57 85 60 61 68 72 74 78 84 85 93 95 96 98 99
58 81 68 83 84 85 91 92 94
59 179 60 67 74 75 76 79 86 96 99 100
60 27 65 71 73 74 79 83 86 90 92 93 99 100
61 225 62 71 77 78 79 81 84 85 86 91 96 97
62 14 64 65 70 71 73 75 76 77 82 86 87 88 95 96 97
63 37 64 65 68 73 74 84 89 90 91 93 94 96
64 51 65 66 68 71 76 84 85 86 87 88 93 100
65 134 70 71 75 81 83 86 87 94 96
66 25 67 68 71 75 77 78 79 80 83 84 91 93 94 95 99
67 34 69 70 71 72 75 77 78 81 82 83 84 88 98 99
68 27 73 77 82 83 87 90 92 94 95 97
69 156 70 74 79 80 88 89 92 96
70 71 75 78 83 89 90 94 96 98
71 174 73 74 76 79 85 88 90 96 98 100
72 178 76 79 80 82 84 85 86 90 98 99 100
73 33 74 76 78 79 80 84 87 90 93 95 98
74 71 80 83 84 85 97 98 100
75 150 77 78 79 80 81 84 86 87 88 90 98 99
76 196 87 88 92 93 94 99 100
77 4 79 80 85 87 88 89 91 92 94 97 98 100
78 250 81 83 86 87 88 89 94 96 99
79 96 80 82 85 88 91 96 97 98 100
80 138 81 84 87 92 97 98
81 137 84 89 91 92 96
82 47 83 85 95 97
83 133 86 91 95 99
84 201 89 90 92 96
85 52 88 90 94 95 97 98
86 106 87 90 93 96
87 184 90 96 98 100
88 175 93 96
89 76 90 94 95 96 100
90 225 91 95 96 99 100
91 158 92 93
92 44 93 100
93 236 94 96 97
94 19 95 99
95 243 96 98 100
96 31
97 142 99
98 186 99
99 132 100
100 53
