100
1 217 2 4 5 6 13 14 15 16 17 21 24 33 34 35 36 39 44 49 50 52 60 65 69 72 73 80 82 83 88 93 99
2 202 5 6 8 9 10 17 18 19 22 27 31 33 36 37 38 40 41 43 48 51 53 54 57 60 62 63 65 68 70 72 73 74 80 83 88 90 96 99 100
3 36 5 6 8 10 11 12 14 18 19 21 24 27 29 33 41 42 43 45 46 48 49 53 56 58 61 62 66 67 70 71 73 74 75 82 84 88 90 91 93 99 100
4 225 11 13 15 18 19 21 22 24 25 29 31 34 35 40 54 57 59 60 63 66 67 72 73 75 77 78 81 82 83 85 86 88 91 93 97 100
5 36 6 8 11 16 17 20 21 22 23 24 26 28 30 34 35 38 39 40 42 43 44 45 47 49 55 59 60 63 65 68 69 70 76 77 81 87 88 89 92 99
6 237 7 9 17 19 23 26 28 30 31 32 39 40 42 46 53 58 59 61 67 68 69 72 73 76 77 80 82 83 84 89 92 94 95 96 97 98 99
7 56 9 10 14 16 17 20 23 31 36 38 40 43 45 46 48 49 50 52 54 56 57 64 66 67 68 69 74 76 77 78 84 85 87 89 93 96 98 99 100
8 245 10 11 12 13 15 16 18 20 21 24 25 28 31 33 34 36 39 41 43 46 48 51 52 57 60 61 62 63 70 71 72 73 74 77 81 83 85 87 92 93 96 98 100
9 143 12 13 14 17 18 19 20 21 24 31 32 39 42 44 45 48 49 50 52 54 56 59 62 63 64 65 66 67 68 70 71 73 74 75 76 79 80 81 82 83 84 85 90 92 94 95
10 215 14 15 17 19 22 27 28 30 31 35 37 38 42 45 46 49 50 55 58 63 66 71 77 78 80 82 85 87 90 91 95 96
11 81 17 18 21 25 27 32 35 38 41 42 44 47 50 51 52 56 61 65 69 70 71 75 76 78 89 91 94 95 96 97
12 213 13 14 19 24 25 30 31 33 34 35 40 41 42 43 44 52 55 61 62 64 66 71 72 73 74 75 76 77 85 95 96 97 100
13 77 17 23 24 25 27 28 30 32 33 35 36 38 39 42 45 47 48 49 50 54 56 58 59 64 69 74 75 76 77 78 80 86 88 90 92 93
14 237 20 22 31 32 38 40 44 48 50 55 62 64 66 73 75 79 81 83 84 88 90 92 94 95 98 100
15 34 21 24 26 27 29 30 31 32 35 38 40 42 43 44 48 50 52 56 58 63 69 72 75 81 89 90 98
16 72 17 19 23 25 26 30 31 33 34 38 40 42 43 44 45 48 49 51 52 55 57 59 60 62 63 64 66 69 72 73 74 79 80 84 85 90 94 95 100
17 14 23 25 27 29 30 33 37 40 41 43 44 45 47 48 50 51 52 53 55 57 58 59 60 61 67 68 69 70 71 73 74 77 81 82 87 88 89 93 95 96 99
18 135 21 25 26 28 29 30 32 33 34 36 42 51 61 67 69 73 76 78 79 81 82 84 85 88 96 98 100
19 217 20 22 23 29 32 33 36 49 53 55 62 65 66 70 72 75 76 77 78 79 80 82 85 88 92 93 96 97 100
20 154 23 25 26 27 28 32 33 34 37 39 41 46 48 50 51 55 58 61 68 71 74 79 81 83 84 85 88 93 97 100
21 114 23 25 26 27 28 29 33 40 42 44 46 50 51 52 53 55 57 61 62 64 66 70 73 75 79 81 82 83 87 89 96 97 99
22 84 23 29 33 41 42 44 45 46 48 49 54 58 60 65 67 73 74 77 80 89 90 91 93 94 95 96 97 99
23 245 26 27 30 34 43 45 46 47 51 52 55 59 60 62 63 64 68 69 71 72 79 82 84 91 94 96 97
24 40 27 32 33 34 36 37 38 44 51 57 58 60 61 63 64 65 66 69 70 71 74 76 78 84 86 87 90 95 99 100
25 221 32 33 37 38 41 42 44 47 48 52 53 55 59 62 64 65 70 72 78 84 90 91 92 95 96 99
26 171 28 33 35 38 41 42 44 45 46 49 51 52 54 55 56 57 63 64 65 69 72 77 78 80 81 87 90 94 97 98
27 150 30 33 34 35 39 43 44 48 52 53 55 56 64 72 73 74 81 87 91 93 94 98 99
28 166 32 36 41 49 51 53 58 63 64 74 75 80 81 87 90 92 98 100
29 76 30 32 36 38 39 40 42 46 47 49 51 53 54 56 57 60 61 63 65 66 69 76 79 81 82 85 92 95 98
30 148 34 37 38 39 41 42 43 45 49 52 53 55 59 60 64 66 69 74 75 80 82 86 87 88 91 92 94 95 98 99 100
31 118 34 36 37 39 43 48 49 57 58 59 60 61 66 69 73 74 75 76 77 82 83 84 87 89 90 94 95 97
32 245 34 36 38 67 68 70 71 73 74 76 85 87 89 90 91 96 99
33 85 35 37 39 40 42 47 48 51 52 59 63 64 66 67 70 71 78 79 80 82 83 86 88 89 92 93 98
34 36 36 37 40 42 47 49 51 53 59 60 62 63 70 72 75 76 77 78 79 81 91 92 95 96 98
35 239 38 41 42 44 49 58 59 61 64 65 69 71 73 74 76 77 78 79 80 83 85 87 93 100
36 195 41 42 45 46 50 52 53 54 56 60 64 68 69 71 72 73 76 78 81 83 84 85 87 88 93 94 96 97 98 100
37 64 38 39 42 43 44 50 51 61 62 64 69 73 83 90 98 100
38 56 42 43 44 46 47 49 52 53 54 56 58 59 61 62 63 64 67 68 70 72 73 74 75 79 81 86 87 91 93 94 95 97 99
39 217 41 44 50 51 53 56 57 58 61 62 63 66 67 69 70 71 73 78 81 83 84 85 88 91 97 98
40 152 41 49 50 53 56 60 61 65 68 71 75 77 78 80 83 88 92 93 96 97 98 99 100
41 231 43 50 53 55 56 57 58 62 66 67 69 71 74 75 76 77 79 82 85 88 89 90 93 99 100
42 52 47 48 50 52 53 54 57 58 66 70 71 72 73 75 76 77 83 86 89 90 91 92 97 99 100
43 163 44 47 49 50 52 53 55 56 57 60 61 63 68 74 75 82 83 86 89 91 92 94 100
44 7 47 48 50 53 54 57 60 62 66 67 70 71 72 73 75 76 78 79 80 83 85 92 94 97 98 99 100
45 128 48 49 53 55 57 65 74 78 81 82 83 86 87 89 91 92 95 96 97
46 129 47 49 50 51 52 57 59 63 66 67 70 79 82 83 87 88 91 93 95 96 100
47 181 48 49 52 54 55 63 64 66 67 69 70 72 74 76 77 86 88 91 92 94
48 38 55 57 61 64 66 67 69 70 74 77 80 81 82 83 86 88 91 93 95 97 98
49 2 51 52 58 59 65 67 69 70 71 73 77 81 84 85 90 91 97 98
50 172 51 53 54 55 58 60 62 63 74 75 76 81 84 85 90 91 94 97
51 120 52 54 55 59 61 62 63 64 66 67 68 78 80 81 85 87 88 92 95 96 97 98 100
52 86 53 54 55 57 60 62 64 74 75 77 81 83 84 86 87 88 89 91 92 95 96 99
53 62 56 58 59 60 62 65 66 67 69 74 78 79 80 81 82 84 85 86 88 96 97 99
54 228 55 59 60 62 67 68 69 70 71 73 74 75 76 81 86 90 92 94 96 99
55 188 57 65 68 70 72 73 75 78 80 81 82 83 84 88 94 95 96 100
56 93 58 59 60 61 64 67 68 69 70 71 72 84 88 92 93 94 95 99
57 150 58 59 62 67 77 78 79 81 82 84 86 88 91 93 94 100
58 150 59 60 62 66 70 80 81 83 84 86 88 90 91 93 94 97 100
59 63 61 64 65 66 68 73 79 81 82 86 87 88 90 91 96 98 99
60 193 61 64 66 67 68 69 71 74 75 78 79 80 82 85 90 91 92 97 100
61 242 66 72 73 74 76 83 86 87 88 90 91
62 3 67 68 70 71 73 74 76 77 78 80 81 82 84 86 87 88 89 97 99 100
63 201 65 68 70 71 72 73 76 77 78 84 85 86 87 88 93
64 185 65 66 67 70 71 72 76 79 83 86 87 90 91 92 93 94 95 99 100
65 63 67 68 70 74 76 78 79 80 82 84 85 90 98
66 119 67 68 69 70 71 74 77 78 80 82 83 84 85 87 92 95 99
67 207 68 73 75 82 84 85 86 90 93 94 96 98
68 76 70 73 74 75 79 82 84 85 87 89 94 96 97 100
69 239 70 74 77 80 81 85 91 92 93 98 100
70 53 71 73 74 79 81 82 85 86 90 91 93 94 96 98
71 245 73 81 84 86 88 89 93 96
72 19 75 78 79 81 84 85 86 87 88 89 93 94 98 99
73 16 74 76 77 79 80 84 87 89 91 95
74 79 75 80 82 84 85 86 89 95 96 98
75 77 79 80 81 82 87 90 91 92 95 98
76 87 77 79 80 82 83 84 87 89 91 95 98
77 214 79 82 83 84 85 87 88 90 91 92 93 98
78 236 85 88 89 94 95 96 98
79 223 82 83 85 90 94 96 98 99
80 211 81 82 83 85 87 90 95
81 208 86 100
82 39 83 88 90 91 92 96 97 100
83 81 84 92 93 97
84 210 85 87 88 97 100
85 93 91 94 95 97 99
86 142 88 89 90 93 94 95 97 98
87 247 90 92
88 14 91 92 98 99
89 81 96 97 99
90 60 92 93 94 98 100
91 118 92 94 95 100
92 238 93 95 96
93 30 96 100
94 218 100
95 21 96
96 206 97 98
97 167 98 99
98 215 100
99 214
100 111
