100
1 191 2 3 4 5 6 7 9 10 12 13 14 15 16 17 18 19 20 21 22 24 25 26 27 28 29 31 32 34 35 36 37 39 40 42 43 44 45 46 47 48 49 50 51 52 53 54 55 56 57 58 59 61 62 63 64 65 66 67 68 69 70 71 73 74 75 76 78 79 81 82 83 84 85 86 87 88 89 90 91 92 93 94 95 96 98 99 100
2 130 3 4 5 6 7 8 9 10 11 12 13 14 15 16 17 18 19 20 21 22 23 24 25 26 27 28 29 30 31 32 33 34 35 36 38 39 40 41 42 44 45 46 47 48 49 51 52 53 54 56 57 58 59 60 61 62 64 65 66 67 68 69 70 71 72 73 74 75 76 77 78 80 81 82 83 84 86 87 88 89 90 91 92 93 94 95 96 97 98 99 100
3 19 4 5 6 7 8 9 10 11 12 13 15 16 17 18 19 20 21 22 23 24 25 26 27 28 29 30 31 32 33 34 35 37 38 39 40 41 42 43 44 46 47 48 49 50 51 52 53 54 55 57 58 59 60 63 64 65 66 69 70 71 72 73 74 75 78 79 80 81 82 83 84 85 86 87 88 89 90 91 92 93 95 96 97 98 99 100
4 19 5 6 7 8 9 11 12 13 14 15 16 17 18 19 20 21 22 23 25 26 29 30 31 32 33 34 35 36 37 38 39 40 41 42 43 44 45 46 48 49 51 52 53 54 55 56 57 58 59 60 61 62 63 64 65 67 68 69 70 71 72 73 74 75 76 77 78 79 80 82 83 84 85 86 87 88 89 90 91 92 93 94 95 96 97 98 99 100
5 43 6 7 8 9 10 11 12 13 14 15 16 17 18 19 20 21 22 23 24 26 27 28 29 30 31 32 33 34 36 37 38 39 40 41 42 43 44 45 46 47 48 49 50 52 54 55 56 57 58 59 60 61 62 63 64 65 66 67 68 69 70 71 72 73 74 75 76 77 78 79 80 81 83 84 85 86 87 88 89 90 91 92 93 95 96 97 100
6 186 7 8 9 10 11 12 13 14 15 16 17 18 19 20 22 23 24 25 26 27 28 29 30 31 33 35 36 37 38 39 40 41 42 43 44 45 46 47 48 49 50 51 52 53 54 55 56 57 59 60 61 62 63 64 65 67 68 69 70 71 72 73 74 75 76 77 78 79 80 81 83 84 85 86 87 88 90 91 92 93 94 95 96 97 98 99 100
7 118 8 9 10 12 13 14 15 16 17 19 20 22 23 24 25 27 28 29 30 31 33 34 35 36 37 38 39 40 41 42 43 44 45 46 47 48 49 50 51 52 53 54 56 57 58 59 60 61 62 63 64 65 66 67 69 70 71 73 76 77 78 79 80 81 83 84 85 86 87 88 90 94 95 96 97 98 99 100
8 92 9 10 12 13 14 15 16 17 18 19 20 21 22 23 24 25 26 29 30 31 32 34 35 36 37 39 41 42 43 44 45 46 47 48 49 50 51 52 53 54 55 56 57 58 59 60 61 62 63 64 65 66 67 69 70 71 72 73 74 75 76 78 79 80 81 82 83 84 85 87 88 89 90 91 92 93 94 95 96 97 98 99 100
9 184 10 11 12 13 14 15 16 17 18 19 20 21 23 24 25 26 27 28 29 30 32 33 34 35 36 37 38 39 40 41 42 43 45 46 47 48 49 50 51 52 53 54 55 56 57 58 59 60 61 62 63 64 65 66 68 69 70 71 72 73 74 75 76 78 79 80 81 82 83 84 85 86 87 88 89 90 91 92 93 94 95 96 97 98 99 100
10 19 11 12 13 14 15 16 17 18 19 20 21 22 23 24 25 26 27 28 29 30 32 33 34 35 36 37 38 39 40 41 42 44 45 47 48 49 50 52 53 54 55 56 57 59 60 61 62 63 64 65 66 67 69 70 71 72 73 74 75 76 77 78 79 80 81 82 83 84 85 87 88 89 90 91 92 93 94 95 96 97 98 99 100
11 96 12 13 14 15 16 17 18 19 20 21 22 23 24 25 26 27 28 29 30 31 32 33 34 35 36 37 39 40 41 42 43 44 45 46 47 48 49 50 51 52 53 54 56 57 59 61 62 63 64 66 67 68 69 70 71 72 73 74 75 77 78 79 80 81 82 83 84 85 86 88 89 92 94 95 96 99 100
12 6 14 16 17 18 19 20 21 22 23 25 26 27 28 29 30 31 32 33 34 35 36 37 38 39 41 42 43 44 45 46 49 50 51 52 53 54 55 56 57 58 59 60 62 63 64 65 67 68 69 70 71 72 73 74 75 76 77 79 80 81 82 84 85 87 88 90 91 92 93 95 96 97 98 99 100
13 66 14 15 16 17 18 19 20 21 22 24 25 26 27 28 29 30 31 32 33 34 35 36 37 39 40 41 42 43 44 45 46 47 48 49 50 51 53 54 55 56 57 58 59 60 61 62 63 64 65 66 67 70 71 72 74 75 76 77 78 79 80 81 82 83 84 85 86 87 88 89 90 91 92 93 94 95 96 97 98 99 100
14 4 15 16 17 18 19 20 21 22 23 24 27 28 29 30 31 32 33 34 35 36 37 38 39 40 41 42 43 44 45 46 47 48 49 50 51 52 53 54 57 58 59 60 61 62 64 65 67 68 69 70 71 72 73 74 75 76 77 79 80 81 82 85 86 87 88 89 90 91 92 93 94 95 96 97 98 99 100
15 247 16 17 18 19 20 21 22 23 24 25 26 27 28 29 30 31 32 33 34 35 36 37 38 39 40 41 42 43 44 45 46 47 48 49 50 51 52 53 54 55 56 57 58 59 60 61 62 63 64 67 68 69 70 71 72 73 74 75 76 77 78 79 80 81 82 83 84 86 87 88 89 90 91 92 93 94 95 96 97 98 99 100
16 245 17 18 19 21 22 23 24 25 26 27 28 29 31 32 33 34 35 36 37 38 40 41 43 44 45 46 47 48 49 50 51 52 53 55 56 57 58 59 60 61 62 63 64 66 67 68 69 70 72 73 74 75 76 77 78 79 80 81 82 83 84 85 86 87 88 89 90 91 92 93 94 95 96 97 98 99 100
17 16 18 19 21 22 23 24 25 26 27 28 29 30 31 32 33 34 35 36 37 38 39 40 41 42 43 44 45 46 47 48 49 50 51 53 54 55 58 59 60 61 62 63 64 65 66 67 68 70 71 72 73 74 75 76 78 79 80 81 82 83 84 85 86 87 88 89 90 91 92 93 94 95 96 97 99 100
18 197 19 20 21 22 23 24 25 26 28 29 30 31 33 35 36 37 38 39 40 41 42 43 44 45 46 47 48 49 50 51 52 53 54 56 57 58 59 60 61 62 63 64 65 66 67 69 70 71 72 73 74 75 76 77 78 79 80 81 82 83 86 87 88 89 90 91 92 93 94 95 96 97 98 99 100
19 174 20 21 22 24 25 26 27 29 30 31 32 33 34 35 36 37 38 39 40 41 42 43 44 46 47 48 49 51 52 53 54 55 56 57 58 59 60 61 62 63 64 65 66 67 68 69 70 71 72 73 74 75 77 78 79 80 81 83 84 85 86 87 88 89 90 91 92 93 94 95 96 97 98 99
20 49 21 22 23 25 26 27 28 29 30 31 32 33 34 35 36 38 39 40 41 42 43 44 45 46 47 48 49 50 51 52 53 54 55 57 58 59 61 62 63 64 65 66 67 68 69 70 71 72 73 74 75 76 77 79 80 81 82 84 85 86 88 89 91 92 94 95 96 97 98 99 100
21 24 22 23 24 25 26 27 28 30 32 33 34 35 36 38 39 40 41 42 43 44 45 46 47 48 49 50 51 52 53 55 56 57 58 59 60 61 62 63 64 65 66 67 68 69 70 71 72 73 74 75 77 78 80 81 82 83 84 85 86 87 88 89 90 92 93 94 95 96 97 98 99 100
22 114 23 24 25 27 28 29 30 31 32 33 34 35 36 38 39 40 41 42 43 44 45 46 48 49 51 52 55 56 57 59 61 62 63 64 65 67 68 69 70 71 72 73 74 75 76 77 78 79 80 81 82 83 84 86 87 89 91 92 93 94 96 98 99 100
23 239 24 25 26 27 28 29 30 32 33 34 35 36 37 38 39 40 41 42 43 44 45 46 47 48 49 50 52 53 54 55 56 57 58 59 60 61 62 63 64 65 66 67 69 70 71 72 73 74 75 76 77 78 79 80 81 82 83 85 86 87 88 89 90 91 92 93 94 95 96 97 98 99 100
24 239 25 26 27 28 30 31 32 33 34 35 36 37 38 39 40 42 43 44 45 46 47 48 50 51 52 53 54 55 57 58 59 61 62 63 65 66 67 68 69 70 72 73 74 75 76 78 79 80 81 82 83 84 85 86 87 88 90 91 92 93 94 95 96 97 98 99 100
25 55 26 27 28 29 30 31 32 33 34 35 38 39 41 43 44 45 46 47 48 49 50 51 53 55 56 58 59 60 61 62 63 64 65 66 67 68 69 70 71 72 73 74 75 76 77 78 79 80 81 82 83 84 85 87 88 89 90 91 92 93 94 95 96 97 98 99 100
26 212 27 28 29 30 31 32 33 34 35 36 37 38 39 40 41 42 43 44 45 46 47 48 49 50 51 54 55 57 59 60 61 62 63 64 65 66 67 68 70 71 72 73 74 75 76 77 78 79 80 82 83 84 85 86 87 88 91 92 93 94 95 96 97 98 99
27 145 28 29 30 31 32 33 34 35 36 37 38 39 40 41 42 44 45 46 47 49 50 51 53 55 56 57 59 61 62 63 65 66 67 68 69 70 71 73 74 75 76 77 78 79 80 81 83 84 85 86 87 88 89 90 91 92 93 94 95 96 97 98 99 100
28 104 29 30 31 33 34 35 36 37 38 40 41 43 44 45 46 48 49 50 51 52 53 54 55 56 57 58 59 61 62 64 65 66 67 68 69 70 71 72 73 74 75 76 77 78 79 80 81 82 83 84 85 86 87 88 89 90 91 92 93 94 95 96 98 99 100
29 160 30 31 32 33 34 35 36 37 38 39 41 43 44 45 46 47 48 49 50 52 54 55 56 57 58 59 60 61 62 63 64 65 66 67 68 70 71 72 73 74 75 76 77 78 79 80 81 82 83 84 85 86 87 88 89 90 92 93 94 95 96 97 98 99 100
30 204 31 32 33 34 35 36 37 38 40 41 42 43 44 46 47 48 49 51 52 53 55 56 57 58 59 60 61 62 63 64 65 66 67 68 69 70 71 72 73 74 75 76 77 78 79 80 81 82 83 84 86 87 88 89 90 92 93 94 95 96 97 98 99 100
31 26 32 33 34 35 36 37 39 41 42 43 44 45 46 47 48 49 50 51 52 53 54 55 56 57 58 59 60 61 62 63 64 65 66 67 68 69 70 71 72 73 74 75 76 77 78 79 81 82 83 84 85 86 87 88 89 91 92 94 95 96 97 99 100
32 51 34 35 36 37 38 39 40 41 42 45 46 47 48 49 50 51 52 53 54 55 56 57 58 59 60 62 63 64 65 66 67 68 69 70 72 73 74 75 76 77 78 80 81 82 84 86 87 88 89 90 91 92 93 94 95 96 97 98 99 100
33 62 34 35 36 37 39 40 41 42 43 44 45 46 47 48 49 50 51 52 54 55 56 57 58 59 60 61 62 64 65 67 68 69 70 71 72 73 75 76 77 78 79 80 83 84 86 87 88 89 90 91 92 93 94 95 96 97 98 99 100
34 214 35 36 37 38 39 40 41 42 43 44 45 46 47 48 49 50 52 53 56 57 58 59 60 61 62 63 64 65 66 67 68 69 70 71 73 74 76 77 78 80 81 82 84 85 86 87 89 90 91 92 93 94 95 96 97 98 99 100
35 6 37 38 39 40 41 42 43 44 45 46 47 48 49 50 51 52 53 54 55 56 57 58 59 60 61 63 64 65 66 67 68 69 70 71 72 73 75 76 77 78 79 80 81 83 85 86 87 88 89 90 91 92 93 94 95 98 99 100
36 86 38 39 41 43 44 45 46 47 48 49 50 51 53 55 56 57 58 59 60 61 62 63 64 65 66 67 68 69 70 71 72 73 74 75 77 78 79 80 81 83 84 85 86 87 88 89 90 92 96 97 98 99 100
37 244 38 39 40 41 42 43 44 45 46 47 48 49 50 52 53 54 55 56 57 58 59 60 61 62 63 64 65 66 67 68 69 70 71 72 73 74 75 76 77 78 79 80 81 82 83 84 85 86 87 88 89 90 91 92 93 94 95 96 97 98 99 100
38 166 39 40 41 42 43 44 45 46 47 49 50 51 52 53 54 55 56 57 58 59 60 61 62 64 65 66 67 68 70 71 72 73 74 75 76 77 78 79 80 81 82 83 84 85 86 87 89 91 92 93 94 95 96 97 98 99 100
39 80 40 41 43 45 47 48 49 50 51 52 53 54 55 56 57 58 59 60 61 62 63 64 65 66 67 68 69 70 71 72 73 74 75 76 77 78 79 80 81 82 83 84 85 86 87 88 89 90 91 92 93 94 95 97 98 99 100
40 70 41 42 43 44 45 46 47 48 49 51 52 53 54 55 56 57 58 59 60 61 62 64 65 67 68 69 70 71 73 75 76 77 78 79 80 81 82 83 84 85 86 87 88 89 90 91 92 93 94 95 96 97 98 99
41 214 42 43 44 45 46 47 48 49 50 51 52 53 54 55 56 57 58 59 60 61 62 63 64 65 66 67 68 69 70 72 73 74 75 76 77 79 80 81 82 83 84 85 86 87 88 89 91 93 94 95 96 97 98 99 100
42 141 43 45 46 47 48 49 50 51 52 53 54 55 56 57 58 61 62 63 64 65 66 67 68 69 71 73 74 75 76 77 78 79 80 81 82 83 84 85 86 87 88 89 90 91 92 93 94 96 97 98 99 100
43 49 44 45 46 47 48 50 52 53 54 56 57 58 59 60 62 63 64 65 66 69 70 71 72 73 74 75 76 77 78 79 80 81 82 83 84 85 86 87 89 90 91 92 93 94 95 96 97 98 99 100
44 68 45 46 47 48 49 50 51 52 53 54 56 57 58 59 60 61 62 63 64 65 66 67 68 69 70 71 72 73 74 75 76 77 78 79 80 81 83 84 85 86 87 88 89 91 92 93 94 95 96 97 98 99 100
45 231 46 47 48 49 50 51 52 54 55 56 57 58 59 60 62 63 64 65 66 67 69 70 71 72 73 74 75 76 77 78 79 80 81 82 83 84 85 86 87 88 89 90 91 92 93 94 95 96 97 98 99
46 116 49 50 51 52 53 54 55 56 57 58 59 60 61 62 63 64 65 66 67 68 70 71 72 73 74 75 76 77 78 79 80 81 82 84 85 86 87 88 89 90 91 92 93 94 95 96 97 98 99 100
47 110 48 49 50 51 52 53 54 55 56 57 58 59 60 61 62 63 64 65 66 67 68 69 70 71 74 75 76 77 78 80 81 82 83 84 85 86 88 89 90 91 92 93 94 95 96 97 98 99 100
48 248 49 50 51 52 53 55 56 57 58 59 61 62 63 65 66 67 68 69 70 71 72 73 74 75 76 77 78 81 82 83 84 85 86 87 88 89 90 91 92 93 94 95 96 97 98 99
49 153 50 51 52 53 55 56 57 58 59 60 61 62 64 65 66 68 69 70 71 72 73 74 75 76 77 78 79 80 81 82 83 84 85 86 87 88 89 90 91 92 93 94 96 98 99 100
50 63 51 52 53 54 55 56 57 59 60 61 62 63 64 65 66 67 68 71 72 73 74 75 76 77 78 79 80 81 82 83 84 85 87 88 89 90 91 92 93 94 95 96 97 98 99 100
51 70 52 53 54 55 56 57 58 59 60 62 63 64 65 67 68 69 70 71 72 73 74 75 76 77 79 80 81 82 83 84 85 86 87 88 90 91 92 93 95 96 97 98 99 100
52 132 53 54 55 56 58 59 60 61 62 63 64 65 66 67 68 69 70 71 72 73 74 75 77 78 80 81 82 83 85 86 88 89 90 91 92 93 94 95 96 98 99 100
53 205 54 55 56 59 60 61 62 63 64 65 66 69 71 72 73 74 75 77 78 79 80 81 82 83 86 87 89 90 91 93 94 95 96 97 98 99 100
54 64 55 56 57 58 59 61 62 63 64 65 67 68 69 70 71 72 73 75 76 77 78 80 81 82 83 84 85 86 87 88 89 90 91 92 93 94 95 96 97 98 99
55 46 56 57 58 59 60 61 62 63 64 66 67 68 69 70 72 73 74 75 76 77 78 79 80 81 82 83 84 85 86 87 88 90 92 93 94 95 96 97 98 100
56 159 57 59 60 61 62 63 64 65 67 68 69 70 71 72 73 74 75 76 77 78 79 80 81 82 83 84 86 87 88 89 90 91 92 93 94 95 96 100
57 71 59 60 61 62 63 64 65 66 67 68 69 70 71 72 73 74 75 76 77 78 80 81 82 84 85 86 87 88 89 90 91 92 93 94 95 96 97 99 100
58 185 59 60 61 62 63 65 66 68 69 70 71 72 73 74 75 76 77 78 79 80 81 82 83 84 86 87 88 89 90 91 92 93 95 96 97 98 99 100
59 121 60 61 62 63 64 66 67 68 69 70 71 72 73 74 75 76 77 78 79 80 81 82 83 84 85 86 87 88 89 90 91 92 93 94 95 96 97 98 99 100
60 127 61 62 63 64 65 66 67 68 69 70 71 72 73 74 75 76 78 79 80 81 82 83 84 85 86 87 88 89 90 91 92 93 94 95 96 97 98 99 100
61 104 62 63 64 65 66 67 68 70 71 72 73 74 75 77 78 79 80 81 82 83 84 86 87 88 89 90 91 92 93 95 96 97 99 100
62 245 64 65 67 68 69 71 72 73 74 76 77 78 79 81 82 83 84 85 86 87 89 90 91 92 93 94 95 97 98 99 100
63 54 64 65 66 67 68 69 71 72 73 74 75 76 77 78 79 80 81 82 83 84 85 86 87 89 90 91 92 93 95 96 98 99 100
64 204 65 66 67 68 69 70 71 72 73 74 75 76 77 78 79 80 82 83 84 85 86 87 88 89 90 91 92 94 95 96 97 98 99 100
65 71 66 67 68 69 70 72 73 74 75 77 78 79 82 83 84 85 86 87 88 89 90 91 92 93 94 95 96 97 98 100
66 1 67 69 70 71 72 74 75 76 78 79 80 81 82 83 84 85 86 87 88 89 90 91 92 93 94 95 96 97 99 100
67 36 68 69 70 71 72 73 74 76 78 79 80 82 83 84 85 86 87 88 90 91 92 93 95 96 97 98 99 100
68 86 69 70 71 72 73 74 75 76 77 78 81 82 83 84 85 86 87 88 89 90 92 93 94 95 96 97 98 99
69 219 70 71 72 76 77 78 79 80 81 82 83 84 85 86 87 88 89 90 91 92 93 95 96 97 98 99 100
70 103 71 72 73 74 75 76 77 78 79 80 81 82 83 84 85 86 87 88 89 90 91 92 93 94 95 96 97 98 99
71 74 72 73 74 75 76 78 79 80 81 83 84 85 86 87 88 89 90 91 93 94 95 96 97 98 99 100
72 236 73 74 75 77 78 79 80 81 83 84 85 86 89 90 91 92 94 95 96 97 98 99 100
73 68 74 75 77 80 81 82 83 86 88 89 90 92 93 94 95 96 97 98 99 100
74 112 75 76 77 78 79 80 81 82 83 84 85 86 87 88 89 90 91 92 93 94 95 96 97 98 99 100
75 243 76 77 78 79 80 81 82 83 84 85 86 87 88 89 90 91 92 94 95 96 97 98 99 100
76 45 77 78 79 80 81 82 83 84 85 86 87 88 89 90 92 93 94 95 96 97 98 99 100
77 239 78 79 80 81 82 83 84 85 86 89 90 91 92 93 94 95 96 97 98 99 100
78 184 79 80 81 82 83 84 86 87 88 89 90 91 94 95 96 97 98 99
79 151 80 81 82 83 84 85 86 87 88 89 90 91 92 93 94 95 96 97 98 99 100
80 81 81 82 83 84 85 87 88 89 92 93 97 98 99 100
81 211 82 83 84 86 87 88 89 90 91 92 93 94 95 96 97 98 99 100
82 194 83 84 85 86 87 90 91 93 94 95 96 97 98 99 100
83 100 85 86 87 90 91 92 93 94 95 96 97 98 99 100
84 25 85 86 87 88 89 90 91 92 93 94 96 97 98 99 100
85 61 86 87 88 89 90 91 92 93 94 95 96 97 98 99 100
86 182 87 88 89 90 93 94 95 96 97 98 99 100
87 38 88 89 90 91 92 93 94 95 97 98 99 100
88 218 89 90 91 92 93 94 96 97 98 99
89 92 90 91 92 93 94 95 96 98 99
90 120 92 93 94 95 97 98 99 100
91 25 92 93 94 95 96 97 98 99 100
92 158 93 94 95 96 97 98 100
93 142 94 95 96 97 98 99 100
94 145 95 96 97 98 99 100
95 84 96 97 98 99 100
96 119 97 98 99 100
97 237 98 100
98 249 100
99 139 100
100 236
