100
1 236 3 4 5 7 8 9 12 13 14 15 17 18 19 23 29 31 33 34 39 46 47 48 49 51 53 55 58 60 62 63 65 67 70 71 76 77 79 80 82 84 85 86 90 92 95 96
2 26 4 10 11 13 17 19 20 21 22 31 33 35 37 38 42 45 47 48 50 51 54 56 57 58 59 62 63 70 71 75 81 82 83 84 87 88 91 92 98 100
3 63 6 7 10 12 14 16 17 27 30 32 33 37 38 39 43 44 51 53 55 57 59 60 65 67 70 71 72 73 74 78 80 82 84 85 90 93 96 97 98 99
4 210 6 9 11 12 15 17 22 23 27 29 32 33 37 38 39 41 42 45 50 52 58 62 66 70 74 75 76 78 79 81 83 84 85 86 87 89 90 91 92 93 97
5 189 8 9 13 16 18 19 21 22 23 25 27 28 30 34 36 46 48 49 51 52 53 54 55 57 59 61 68 70 71 72 75 76 79 80 81 87 88 91 92 93 94 95 97 100
6 32 8 9 10 12 15 18 19 20 22 23 24 29 32 34 39 41 42 43 44 48 49 55 57 59 62 63 64 65 67 70 71 73 75 78 95 98 99 100
7 149 8 10 17 19 21 23 24 25 26 31 32 33 35 38 43 44 49 54 56 57 58 62 64 65 66 67 70 83 86 87 89 90 92 93 95 97 98 100
8 31 11 12 18 23 24 28 29 30 32 33 35 41 45 51 55 56 58 61 64 70 71 75 76 77 80 81 82 83 85 87 91 95 98 100
9 51 15 18 22 23 25 27 29 36 37 40 47 58 59 60 61 63 65 71 72 74 75 78 83 97 98
10 33 12 13 14 20 21 22 23 26 28 29 33 37 43 47 51 52 61 64 70 71 72 73 77 79 80 83 85 86 87 88 89 92 96 97 98
11 228 15 22 23 28 30 31 32 38 39 40 42 45 47 48 49 52 54 55 57 60 61 63 66 68 69 70 71 73 74 75 77 83 85 86 88 92 94 95
12 50 14 18 22 25 29 36 37 38 44 47 48 50 52 59 60 67 69 70 72 75 81 82 85 86 87 88 89 95 97
13 233 16 17 20 21 25 26 28 30 31 34 36 37 39 41 43 44 46 47 49 50 51 55 56 64 65 66 67 74 75 77 78 81 86 90 93 96 98 100
14 236 15 17 19 20 21 22 23 27 28 29 31 33 35 38 40 41 42 48 49 50 55 56 59 60 61 64 66 69 70 71 74 75 77 82 86 87 89 91 92 94 97 98 100
15 212 20 23 24 28 29 30 32 35 37 38 39 41 50 51 52 53 55 57 58 59 60 61 67 68 70 73 75 77 78 80 81 87 91 92 96 97 98 100
16 47 19 20 22 24 25 27 31 34 35 37 38 41 42 43 44 45 47 48 50 55 56 60 61 68 69 70 72 73 77 80 82 83 87 88 91 92 95 98
17 235 21 25 26 33 35 36 38 39 43 47 48 52 54 56 57 58 59 62 66 70 76 84 87 88 89 90 94 95 96 97 98 99
18 14 21 24 27 29 34 35 37 42 45 47 49 51 52 54 55 56 57 65 69 74 76 78 81 82 88 90 92 96 97 98
19 246 20 22 25 29 30 34 35 38 39 42 43 44 54 57 64 68 69 73 74 76 77 82 87 88 90 91 92 93 94 97 98 99
20 158 21 22 26 31 35 40 41 42 44 47 48 53 56 59 61 63 77 79 80 82 86 89 92 95 99 100
21 34 24 25 30 32 33 34 35 39 40 42 44 45 46 47 50 51 52 60 64 66 67 70 71 72 73 74 78 80 86 87 88 93 96 97 99
22 137 24 29 30 33 36 45 48 50 51 55 59 63 65 70 73 74 76 78 79 80 84 85 92 95 99
23 53 27 28 37 38 40 43 47 50 52 53 56 58 59 61 63 65 70 74 79 84 89 95 97 98 99
24 18 25 26 28 29 30 34 35 36 37 43 46 48 50 57 62 63 65 66 67 68 69 71 75 78 81 84 85 88 89 96
25 213 26 30 32 36 38 39 46 51 55 56 57 59 61 62 63 69 71 73 77 80 82 83 92 93 95 96 97 98
26 41 29 31 36 39 45 47 52 55 60 61 62 64 66 68 75 77 79 83 84 85 86 87 89 90 93 94 98
27 134 30 31 32 33 34 38 41 43 45 47 48 54 62 63 65 66 67 70 75 81 82 84 90 91 95 96 97 99 100
28 45 38 40 44 54 55 57 60 61 63 64 66 69 72 74 80 84 90 92 93 99
29 110 30 31 33 48 49 51 52 55 61 62 63 77 79 80 81 82 85 87 88 91 93 94 96 100
30 39 32 34 36 50 51 52 62 64 66 67 69 71 72 75 80 81 83 92 93 97 98 99
31 191 34 37 42 43 44 45 46 49 53 54 56 58 59 63 64 71 72 73 75 77 78 80 89 91 92 94 95 97 100
32 95 38 45 50 51 52 53 60 62 69 71 74 78 79 81 83 84 86 87 88 89 92 93 94 96 100
33 160 34 36 42 43 48 52 57 63 64 65 66 69 72 76 77 78 84 85 93 95
34 209 36 37 38 39 40 44 45 46 54 55 63 64 65 66 67 68 70 71 74 78 80 82 87 91 93 96 99 100
35 236 36 38 39 44 45 47 48 54 57 60 61 62 65 66 67 70 72 73 74 80 82 84 87 89 90 91 92 99 100
36 30 37 41 44 45 50 53 57 58 61 69 71 73 74 76 77 80 81 83 84 87 88 89 91 92
37 205 38 39 40 42 45 48 53 56 63 65 66 68 75 76 79 80 81 82 83 84 86 88 89 90 91 94 96 97 98 99
38 100 39 42 43 45 54 56 57 59 60 63 64 65 66 67 69 70 71 74 76 80 81 87 88 89 91 93 98 100
39 246 40 45 55 56 61 62 66 67 68 69 71 73 74 80 84 88 90 93 95 99 100
40 160 41 52 54 60 61 62 66 68 69 72 73 74 75 76 77 79 81 82 83 84 87 90 93 94 96 97
41 209 43 45 46 50 52 53 55 59 62 63 64 65 71 74 84 88 89 92 95 96 97 98
42 20 43 48 50 51 53 55 57 61 65 69 70 71 72 74 76 79 80 82 83 89 90 93 94 97 100
43 89 44 46 47 48 52 54 56 61 63 66 67 68 72 77 79 80 82 88 93 94 95 96 97 98 99 100
44 127 48 51 56 58 64 66 75 76 79 82 85 88 89 92 93 94 97 99 100
45 137 46 47 50 54 56 58 59 62 65 66 67 72 77 78 80 82 88 90 91 92 94 98
46 31 47 48 52 56 58 61 62 78 82 85 86 87 92 93 96 97 100
47 73 50 51 53 55 58 59 60 65 66 68 69 73 74 77 78 79 83 84 88 90 92 93 94 95 98 99
48 166 51 52 53 55 59 61 63 64 70 75 77 78 80 83 85 89 90 94 98
49 194 52 53 55 56 57 61 62 63 69 72 74 80 83 86 87 91 92 94
50 159 51 52 53 55 58 63 65 70 73 81 84 91 94 96 97
51 83 53 54 55 57 63 67 70 71 72 77 80 81 84 90 91 92 97
52 84 57 61 65 67 69 70 74 77 78 80 82 83 86 87 88 90 91 92 93 97
53 181 55 56 58 61 63 64 66 69 70 71 76 77 82 83 85 86 89 91 94 96 97
54 210 57 63 65 70 75 78 80 82 83 85 89 90 93 94 99
55 185 57 62 63 67 73 76 78 80 81 82 83 86 90 91 94 97
56 127 59 61 67 72 78 79 82 84 85 86 87 88 90 93 99
57 166 59 60 65 70 71 72 74 76 77 78 79 80 84 85 89 92 95 97
58 187 59 64 65 66 68 69 76 89 90 91 100
59 139 64 72 73 75 80 83 86 88 89 93 94 98 100
60 79 61 69 70 73 74 76 77 80 83 85 86 93 97 98
61 226 66 67 69 70 71 73 75 80 81 82 90 93 95 97 99 100
62 201 63 64 65 66 72 76 80 87 89 94 98 100
63 201 64 65 66 67 69 70 71 72 78 79 80 81 89 90 91 92 95 99 100
64 19 68 69 70 76 79 80 82 84 89 91 95 96 98 99 100
65 198 69 73 75 76 79 82 85 97 98 99
66 133 69 71 74 77 83 84 86 87 90 98 99
67 177 69 76 79 81 82 83 84 86 93 96 97
68 71 70 73 78 79 83 84 85 86 87 98 99
69 220 70 74 75 76 79 80 81 84 95
70 172 73 76 79 81 85 86 90
71 78 73 74 76 77 78 79 80 82 85 86 87 89 94 95 96 97 98 100
72 85 74 76 77 80 81 87 90 92 94 99
73 217 79 80 81 82 83 87 99
74 246 76 77 84 87 88 94 96 97 98
75 116 77 78 81 84 89 91 94 97
76 64 77 80 81 86 88 92
77 143 79 80 81 82 86 87 88 90 92 93 94 98
78 225 81 85 86 87 90 92 93 95 96 99
79 124 81 82 85 86 87 88 92 98
80 49 82 88 91 93 96 97 99
81 117 85 95 98 99
82 152 83 86 88 89 96
83 147 87 93 95 100
84 14 85 87 93 98 99 100
85 13 87 88 89 90 95 98
86 136 89 93 95 96
87 40 89 90 99
88 230 94 96
89 155 90 94 96 97 98
90 169 93 96 97 98
91 49 94 95 96
92 158 93 94 96 99 100
93 168 94 97 99 100
94 241 95 97 98 100
95 248 96 97 98 99
96 73 98
97 131 98 99
98 23 99 100
99 24
100 237
