100
1 217 3 4 6 9 13 19 28 41 44 54 78 83 89 93 94 95 96
2 202 6 12 13 19 26 31 69 75 78 81 86 94
3 36 4 5 45 64 65 88 90 100
4 225 11 17 18 20 25 62 79 91
5 36 14 22 29 34 44 54 63 65 69 70 80 89 97 99 100
6 237 11 40 63 65 78 84 95
7 56 21 32 33 54 63 89 96 100
8 245 24 27 28 36 40 45 47 88
9 143 15 52 64 72 83 94 95
10 215 19 21 30 48 56 59 71
11 81 12 15 36 41 55 74 75 81 83 96 98
12 213 21 24 28 54 56 60 66 94 98
13 77 15 24 45 66 71 72 74 77 80 83 84 91
14 237 18 23 24 25 38 40 43 50 56 70 83 90
15 34 19 21 25 33 39 45 57 89
16 72 20 22 27 34 57 63 74 75 76 78 79 88 91 92 93 95 99
17 14 59 88 94 96
18 135 27 33 38 39 41 42 57 68 87 99
19 217 37 38 39 49 59 77 78 95
20 154 36 39 53 81 84 85 88
21 114 44 57 65 84 85 88 97
22 84 38 57 60 61 71 77 81 86 90
23 245 34 49 53 70 97
24 40 32 37 38 47 52 59 61 65 67 88 90
25 221 28 37 41 59 65 66 78 79
26 171 35 36 42 56 63 65 67 69 71 74 86
27 150 31 34 46 58 74 83 91
28 166 39 41 61 75 77
29 76 36 82 83
30 148 39 41 43 47 61 71 78 81 87 88
31 118 38 46 73 78 81 83 86 88 91 92
32 245 44 53 80 86 87 89
33 85 48 52 58 65 86 89
34 36 39 45 53 66 71 83 91 99
35 239 57 62 70 91
36 195 40 61 78 92 94
37 64 45 84 87
38 56 40 41 50 64 65 90 93 100
39 217 43 49 56 60 74 88 96
40 152 43 44 65 71 73 81 84
41 231 44 48 50 63 67 72 81
42 52 50 56 61 64 66 70 72 95
43 163 59 69 70 86
44 7 48 53 59 62 72 76
45 128 52 55 59 68 76 78 88
46 129 50 53 56 83 88 91 94
47 181 50 57 68
48 38 57 65 68 79
49 2 58 68 70 87
50 172 51 58 61 62 67 75 92 98
51 120 53 54 62 72 90 94
52 86 58 59 94 98
53 62 54 60
54 228 60 64 93 100
55 188 60 61 74 75 91 94
56 93 76 92 94 98
57 150 73 98
58 150 66 83 89 92 94 95
59 63 65 72 75 90
60 193 61 82 85 98
61 242 67 74 77 79 82 98
62 3
63 201
64 185 81 82
65 63 95
66 119 76 83
67 207 71 77
68 76 76 84 94 97
69 239 85 93
70 53 72 74 81 82 89
71 245 76 77 86 97
72 19 77 78 83
73 16 76 81 84 88
74 79 77
75 77 82
76 87 79 87 91 96 99
77 214 94
78 236 81 93
79 223 83 93 99 100
80 211 82 84 86 88 89 92
81 208 82 88 89
82 39 89 97
83 81
84 210 98
85 93 87 89 94 96
86 142 99
87 247
88 14
89 81 94
90 60 94
91 118 96 98
92 238 96
93 30
94 218
95 21
96 206
97 167 100
98 215
99 214
100 111
