100
1 41 2 5 7 8 9 12 14 15 16 24 25 26 29 33 34 35 37 40 44 45 46 47 49 51 57 58 60 62 63 64 65 68 73 75 82 86 87 89 90 91 94 97 100
2 71 3 5 8 10 13 15 17 19 21 22 23 25 27 30 32 34 35 39 43 44 45 46 48 52 53 54 59 66 67 72 74 76 77 80 82 85 86 87 88 93 96 97 100
3 25 5 8 9 11 12 13 14 16 18 19 20 26 27 28 30 31 32 34 36 37 38 43 44 50 56 57 61 63 64 66 69 72 77 78 80 82 87 88 90 91 94 95 96 99
4 114 6 8 10 11 14 16 21 22 24 27 29 30 31 33 34 38 39 40 41 42 45 46 48 49 51 52 53 55 59 62 67 70 71 73 77 78 82 83 88 89 91 92 93 95 96 99 100
5 108 7 8 10 12 13 17 21 22 23 24 26 29 35 36 38 41 43 44 46 48 51 52 53 57 61 62 63 64 65 68 73 76 81 83 86 87 88 90 94 98 99
6 131 8 12 15 16 21 23 25 26 28 32 38 40 41 42 43 45 46 48 50 58 59 60 61 68 69 74 75 82 83 85 86 87 88 89 92 96 97 100
7 77 11 18 20 30 31 36 39 40 41 42 43 47 50 52 55 56 59 60 61 62 63 64 65 74 77 79 81 82 85 87 89 97 99 100
8 224 10 12 21 23 27 29 32 35 36 47 49 50 54 56 57 60 63 66 68 76 80 81 84 90 94 97 100
9 114 13 14 15 16 17 23 27 28 32 35 37 38 41 44 47 48 50 51 52 55 58 65 66 71 77 78 79 80 81 82 83 85 88 93 98 100
10 218 13 14 16 18 21 27 28 29 36 40 48 52 53 54 59 61 62 65 66 68 70 72 74 77 78 79 85 87 91 94 96
11 145 13 18 19 22 24 25 26 28 29 30 32 33 34 35 38 39 40 41 42 45 49 50 56 60 61 64 70 72 74 76 80 81 84 85 88 89 97 99 100
12 92 13 15 16 17 19 20 24 29 30 32 33 37 39 40 42 44 46 50 52 54 55 56 61 62 73 75 76 78 80 84 85 89 90 91 92 94 96 97 98 100
13 111 14 15 18 22 24 25 26 27 28 31 32 33 35 41 48 49 50 51 55 56 58 59 61 63 66 69 76 77 78 81 84 85 86 92 93 100
14 202 17 20 21 25 26 31 33 34 36 42 44 47 50 52 54 58 59 60 65 66 71 74 76 78 79 80 81 83 85 86 87
15 170 16 17 18 21 25 26 27 28 30 37 38 39 40 45 48 49 51 52 53 54 60 61 62 65 70 73 74 75 76 77 80 87 89 94 95 97
16 117 18 19 21 24 25 26 27 29 31 35 39 40 48 51 55 57 58 60 61 68 70 73 76 77 79 80 82 84 86 87 95 98 99 100
17 129 18 19 25 27 28 33 34 39 40 44 45 46 47 54 58 60 61 71 76 77 80 84 85 86 89 90 92 94 96 98 99
18 192 19 23 24 25 26 30 40 43 45 46 47 52 55 56 58 59 61 65 66 67 73 76 80 82 83 84 86 90 91 92 93 95 96 99
19 111 23 25 27 28 31 32 36 42 47 48 49 51 52 53 56 57 59 60 62 63 65 66 71 74 75 78 82 83 84 87 93 95 96 97 98 99
20 201 22 25 27 28 30 33 34 36 39 40 41 43 45 51 52 55 59 62 64 66 68 69 71 75 76 78 79 81 82 86 88 89 99
21 245 24 26 27 28 30 31 35 38 40 46 55 56 58 62 63 73 76 77 78 79 81 82 83 89 92 95 97 98 100
22 232 24 26 29 31 33 35 37 38 41 43 45 49 52 53 54 55 56 61 64 65 66 73 74 75 76 77 81 84 85 88 91 92 96 97 100
23 122 27 31 34 35 36 41 42 44 45 46 50 52 54 57 59 61 65 67 70 72 78 79 82 87 90 94 95 96 99
24 136 29 30 31 32 33 34 35 38 41 42 49 52 53 54 57 58 62 64 65 67 71 73 74 77 80 81 82 86 90 92 93 94 95 97 99 100
25 198 26 28 30 31 34 43 44 49 52 54 55 56 57 59 70 71 73 80 81 88 89 90 91 93 94 95 100
26 120 27 28 30 32 33 35 37 39 42 44 45 48 49 54 56 57 65 73 74 76 80 81 85 88 89 92 100
27 146 28 29 30 37 38 39 43 44 45 46 47 53 54 60 66 67 70 75 77 81 84 89 90 91 93 95
28 219 31 38 39 40 41 46 47 51 53 56 57 58 61 64 66 67 68 69 71 72 73 75 79 80 82 84 85 86 89 93 94 95 97 98 99
29 91 30 32 36 41 43 45 46 47 48 50 51 57 64 66 67 68 70 75 76 80 81 84 87 90 91 92 93 97
30 202 31 33 35 37 41 42 44 46 47 50 56 64 68 69 70 72 73 74 75 76 79 81 83 86 88 89 90 91 92 95 96 98
31 46 33 34 40 42 43 44 46 47 51 56 60 62 63 64 65 66 73 79 80 81 82 83 84 85 86 90 91 94 99
32 22 37 38 43 45 47 50 55 56 59 62 64 65 66 67 70 71 74 75 76 78 80 83 84 85 86 91 92 94 95 100
33 95 35 36 38 43 45 47 48 49 50 51 54 56 60 61 63 64 66 67 69 74 75 77 78 79 81 82 83 85 87 89 91 96 99
34 177 38 40 43 44 46 47 50 51 53 56 59 63 78 80 83 87 90 93 96 97 98
35 234 36 37 38 39 40 41 45 46 52 55 56 60 63 64 68 70 73 75 76 78 88 90 92
36 161 38 41 42 44 47 52 56 58 62 64 65 66 67 71 74 75 77 79 80 81 82 84 88 90 97 99
37 184 38 40 41 42 43 44 45 47 51 52 67 69 72 73 74 76 86 94 95 97 98 99
38 26 39 43 44 50 51 52 55 56 59 60 61 62 64 66 67 68 69 70 72 75 76 78 83 89 90 94 95 96
39 159 42 43 48 53 60 63 64 65 66 67 69 70 71 78 79 80 81 85 87 88 90 96 100
40 238 43 46 50 51 52 57 59 60 65 67 68 70 71 73 74 75 77 78 80 83 86 87 89 90 91 93 95 96 97 98 99
41 89 43 44 46 48 50 53 54 57 58 59 62 67 69 70 71 72 75 76 79 80 82 86 90 91 93 94 95 97 99 100
42 85 43 44 45 48 51 62 63 65 67 68 69 70 73 77 80 81 87 91 92 94 95 96 97 98
43 124 47 49 50 51 56 58 62 65 68 69 70 71 72 74 75 76 77 79 83 84 88 89 94 97 98
44 39 47 48 50 51 57 58 60 61 63 65 67 74 76 86 87 95 96 98 99
45 229 46 48 49 55 59 65 67 70 71 74 77 79 81 86 91 95 97 100
46 134 50 52 54 59 62 64 66 67 70 75 78 82 83 88 89 93 96 98
47 44 48 50 53 55 57 58 62 67 73 80 82 86 89 91 100
48 181 49 51 53 54 56 61 64 70 71 72 75 77 78 80 81 83 84 85 92 93 95 99
49 58 50 52 56 57 62 64 65 66 72 74 75 81 83 85 86 88 89 90 93 94 95
50 21 51 54 56 63 64 65 66 68 71 72 75 76 77 78 83 84 87 89 90 93 94 98 99 100
51 106 52 53 59 60 63 65 66 67 69 70 71 72 78 79 82 86 91 92 94 95 97
52 22 54 56 59 61 63 64 65 67 72 73 77 78 79 80 85 87 91 93 97 98 100
53 107 56 61 62 63 64 67 73 76 77 79 82 85 87 91 94 98 99 100
54 201 55 56 57 58 65 67 68 69 70 74 81 85 87 88 89 90 91 92 93 94 95 98 99 100
55 196 58 62 63 65 66 68 73 74 76 80 82 84 85 90 93 96 97 99 100
56 44 59 62 67 70 73 76 77 79 80 81 82 83 91 93 95 96 99 100
57 132 58 59 60 61 63 64 69 70 71 74 75 78 80 81 85 87 88 90 92 95 96 99 100
58 182 59 60 67 69 72 74 76 85 86 87 93 96 98 100
59 67 60 62 63 64 66 69 78 80 81 85 86 87 89 90 92 94 96
60 10 66 68 69 73 74 76 77 82 85 87 88 89 90 93 94 96
61 166 62 66 77 81 89 90 91 93 95 97 100
62 45 68 71 72 73 75 81 84 86 88 89 91 92 93 97
63 92 64 65 67 68 71 74 75 78 79 81 82 85 87 89 90 91 92 93 99 100
64 101 67 69 70 74 76 77 82 83 85 89 92 93 94 97 99
65 125 66 70 72 74 77 81 87 89 90 91 95 97 100
66 2 69 70 71 74 77 80 81 82 90 91 92 96 97 99 100
67 88 68 69 71 73 78 79 81 84 85 87 96 98 100
68 112 69 73 74 84 85 86 89 91 93 94 99
69 32 70 72 75 80 86 91 94 100
70 171 72 74 80 81 82 91 95 97 98 99 100
71 55 73 74 76 77 80 84 90 91 93 95 96 99 100
72 128 73 75 77 85 90 91 92 94 95 97 98 99
73 238 74 76 77 79 80 83 92 94 95 97 100
74 31 76 77 78 79 85 87 88 89 93 95 96 97 99
75 62 78 82 83 84 85 87 95 96 97
76 29 77 78 79 81 82 84 85 87 91 93 94 98
77 214 79 81 82 83 85 86 89 90 91 93
78 227 79 80 88 89 95 96 97 100
79 133 82 83 85 90 91 97 99
80 244 83 84 85 87 90 91 92 94 98 100
81 51 84 86 87 89 91 93 94 97 100
82 213 84 85 86 88 89 91 94 95 100
83 98 84 85 86 89 90 91 92 97 99 100
84 94 85 88 90 93 94 95 96 97 99 100
85 227 86 88 90 91 92 96 98 100
86 114 87 88 90 94 99
87 27 88 93 95 96 99
88 155 91 93 94 95 96 97 98 100
89 41 91 94 95 99 100
90 80 91 92 93 99
91 207 94 98
92 220 93 94 100
93 10 95 97 99 100
94 250 96 100
95 32 99 100
96 52
97 138
98 92 99 100
99 14 100
100 249
