100
1 65 2 7 10 15 17 22 43 44 46 87
2 195 13 29 34 35 45 54 58 61 68 81 82 93
3 45 6 16 30 34 39 45 51 68 71 72 74 89 91
4 182 19 30 39 86 89 96
5 116 9 29 32 39 41 56 59 64 73 74 75 79 81 89
6 173 15 33 84
7 114 9 11 12 14 17 24 25 33 37 62 68 72 75 76
8 24 25 29 37 49
9 20 14 31 33 49 55 64 66 83 84 91 98 99
10 203 12 20 26 40 45 49 63 70 95
11 202 32 59 61 66 82 85
12 13 27 55 62 81 91
13 185 16 28 33 51 53 77 82 87
14 137 24 46 52 54 55 60 79 81 93
15 157 25 48 56 58 63 64 65 73
16 15 26 36 37 41 49 82
17 170 27 29 34 57 61 64 70 74 97 98 99
18 195 46 47 48 51 69 73 77 98 100
19 234 36 38 39 47 65 78 79
20 136 50 53 72 84 99
21 150 27 35 40 47 52 59 65 72 93 98
22 244 27 41 43 44 54 58 63 66 69 77
23 44 29 31 49 54 60 71 76 81
24 54 29 36 44 51 55 59 65 66 80
25 210 43 45 46 48 52 58 68 70 72 76 77 81 99
26 66 29 34 35 50 53 96 99
27 17 42 44 54 79 95 97
28 11 38 54 58 61 63 65 83
29 135 49 56 71 77
30 129 36 40 42 52 53 83 92 93 96
31 132 64 66 75 96 98
32 47 40 43 46 87 98
33 3 34 39 43 57 70 90 92
34 237 44 65 67 79
35 247 55 87 92 94 99
36 163 40 61 83 94 100
37 221 69 71 87 91
38 68 66 76 100
39 8 55 63 71 90 98
40 237 55 58 60 66 76 77 78 83
41 56 45 46 52 72 86 88
42 236 55 58 59 77 84 87 96
43 204 57 65 83 87 97
44 141 72
45 72 48 69 96
46 135 47 52 54 60 75 87 93
47 18 49 52 57 58 75 77 82 88
48 121 69 72 73 79 83
49 18 52 59 60 61 67 86 88 90
50 186 64 67 68 78
51 51 55 61
52 142 62 66 68 75 84 88 90 96 100
53 71 54 59 68 74 76
54 18 74 76 99
55 78 60 76
56 20 60 76 81 85
57 225 64 75
58 191 69 72 81 98
59 151 71 80
60 29 61 69 88
61 2 63
62 236 69
63 12 99
64 58 68 78 91
65 9 67 70 71 81 82
66 138
67 180 68 82 86 97 100
68 15 69 73 84 93 94
69 8
70 18 73 78 89
71 177 76 81 85 88 89
72 44 77 80 93 100
73 52 96
74 152 76 82 100
75 11
76 1 90 94
77 78 99
78 82 81
79 116 92 93 96
80 14 81 84 89 98
81 15 92
82 201 83 85
83 135 85
84 66 85 94 95 100
85 66 97 100
86 73
87 240
88 176 89 99
89 197 93 94
90 118
91 111
92 119
93 250 95
94 164 100
95 45
96 11
97 230
98 21
99 45
100 202
