100
1 217 2 4 5 10 11 13 15 17 18 19 20 23 24 26 27 28 29 30 31 32 33 34 38 40 41 42 43 44 45 46 49 52 53 54 55 56 58 59 61 62 63 64 65 66 67 71 75 76 79 80 81 83 85 86 87 88 89 90 91 92 93 94 95 96 97 98 100
2 202 4 6 9 10 11 12 13 14 15 17 18 19 21 22 23 24 25 26 28 29 31 32 33 35 38 39 42 43 44 47 48 49 50 51 53 55 57 59 61 62 63 65 66 68 69 70 71 72 74 75 76 77 79 82 84 86 87 89 91 92 95 96 97 98 99 100
3 36 4 5 6 7 8 9 10 12 14 15 17 19 20 21 24 25 27 29 34 36 37 39 40 41 42 44 45 47 48 49 51 53 54 56 57 58 59 60 63 64 65 66 67 69 71 72 75 76 78 80 81 82 83 85 86 87 89 90 92 93 94 95 98 99 100
4 225 5 6 7 9 11 12 13 14 15 17 18 19 20 23 25 26 27 30 31 32 33 37 38 39 40 43 45 46 47 49 50 52 53 55 56 59 60 63 66 67 68 69 70 71 72 73 74 76 77 78 80 82 84 85 86 87 88 89 91 92 93 95 96 98 99
5 36 8 9 10 11 12 13 14 15 17 18 19 21 22 23 24 25 26 28 30 31 32 34 35 36 37 41 42 43 44 45 46 47 49 50 51 52 53 59 61 62 63 65 68 69 70 71 73 74 75 76 78 80 83 84 85 86 89 91 92 93 94 95 98 100
6 237 7 8 9 11 12 13 14 17 18 20 22 23 24 25 26 27 29 30 31 32 33 34 35 38 39 40 41 42 43 44 45 48 49 50 51 52 53 54 56 60 61 62 63 65 66 67 72 73 74 76 77 79 80 81 83 85 87 88 90 91 92 93 94 97 98 99
7 56 9 10 12 13 14 15 16 19 20 25 26 27 28 30 31 32 33 34 35 36 38 40 41 45 46 49 50 51 53 54 55 57 58 59 60 61 62 63 66 67 68 70 73 75 76 77 78 79 81 83 84 87 88 90 92 93 94 97 100
8 245 10 11 13 15 17 18 19 20 21 22 23 24 25 26 27 30 33 35 38 40 41 44 45 47 50 51 52 53 54 55 57 58 60 61 64 65 66 67 68 69 70 71 73 75 79 80 81 86 87 88 89 90 91 92 94 95 97 98 99 100
9 143 10 11 12 13 14 16 18 19 21 25 27 28 29 30 31 33 35 36 37 38 39 40 41 42 44 45 46 47 48 50 51 52 53 54 55 56 57 58 59 60 61 62 65 67 69 70 72 74 75 77 78 79 81 82 84 85 86 87 88 89 92 93 94 95 97 98 99
10 215 11 12 14 17 18 19 20 21 22 23 24 25 26 27 29 30 31 32 34 35 36 38 40 41 42 43 44 45 46 47 52 55 56 57 58 59 61 64 65 66 67 68 69 71 72 73 75 76 79 80 82 83 84 85 87 88 90 91 93 94 95 96 97 99 100
11 81 12 13 14 15 16 17 18 21 22 23 24 25 28 29 30 31 32 33 34 35 37 38 40 41 42 44 45 47 48 49 50 51 53 54 55 57 58 60 61 62 64 65 66 67 68 70 71 72 74 75 80 81 83 84 85 86 87 89 92 94 95 96 98 99 100
12 213 15 16 17 19 22 25 26 27 28 30 31 32 34 35 36 37 38 40 41 42 43 45 47 48 49 50 51 52 54 56 57 58 61 62 63 65 67 73 74 79 80 81 82 83 84 85 86 87 89 90 91 93 94 95 96 97 98 99
13 77 14 15 18 19 20 21 22 23 25 26 28 29 35 36 37 39 40 41 42 43 45 47 49 52 53 54 55 57 58 59 60 61 62 63 64 65 66 67 68 70 73 74 75 77 78 79 80 81 84 85 86 90 91 92 93 94 95 97 99
14 237 15 16 17 19 22 23 24 26 27 29 30 31 32 33 35 36 37 38 40 41 42 43 44 48 49 50 51 52 53 54 55 56 58 59 62 63 64 65 66 67 68 69 70 72 74 75 76 77 78 79 80 84 85 86 87 88 89 90 91 92 93 94 95 96 97 100
15 34 16 17 18 20 21 23 24 26 27 28 29 30 31 32 33 34 35 36 37 38 40 41 42 43 46 47 49 50 51 52 53 54 56 58 61 62 63 67 68 69 70 71 72 73 74 77 78 79 80 81 83 84 86 87 90 91 92 95 98 99 100
16 72 17 18 19 20 22 24 28 29 30 31 33 34 35 36 37 40 41 42 43 44 45 46 48 49 50 51 52 54 57 58 61 63 64 65 69 70 74 75 78 79 82 83 84 87 89 90 91 92 95 96 98 99 100
17 14 19 21 22 23 24 26 27 29 30 32 33 34 37 40 41 43 44 45 47 49 50 52 53 54 55 56 57 59 60 61 62 63 65 67 68 69 70 71 72 73 74 76 77 78 79 80 82 83 84 86 87 88 89 90 91 92 93 94 96 97 98 99 100
18 135 19 20 23 24 25 27 29 30 31 32 33 34 35 40 41 44 45 47 48 49 50 51 52 53 54 55 56 59 63 65 66 68 71 72 74 76 77 78 79 81 82 83 84 85 87 88 89 91 92 93 94 95 97 98 100
19 217 21 22 23 24 25 27 28 29 31 32 33 34 36 37 38 42 43 44 45 46 48 49 50 51 52 53 54 55 56 57 58 60 63 64 66 67 68 69 70 72 73 74 75 76 77 79 81 82 84 86 88 90 91 92 93 94 95 96 97 98 99 100
20 154 21 22 23 24 28 30 31 32 34 36 37 38 39 40 41 42 44 45 46 48 50 51 52 54 55 57 58 61 63 64 65 67 68 71 72 73 74 75 78 81 82 83 84 86 88 89 90 91 93 94 95 96 97 98 100
21 114 22 24 25 26 27 28 29 30 31 33 34 35 36 37 38 39 40 41 42 43 44 45 46 47 49 50 53 54 55 56 59 60 63 64 65 66 67 68 69 70 71 73 74 76 77 78 79 80 81 82 84 85 86 87 90 91 96 97 98
22 84 24 25 27 28 29 32 33 34 37 38 40 41 42 46 47 51 53 54 55 56 59 61 62 63 66 68 69 70 72 73 75 76 78 79 82 85 86 87 88 89 91 93 94 95 96 99
23 245 24 25 26 29 30 31 33 34 35 36 38 40 41 42 43 47 50 51 53 55 56 58 60 61 62 63 64 67 68 69 72 73 74 75 76 79 83 84 86 87 88 89 90 91 92 93 95 96 97 98 99 100
24 40 26 28 29 31 32 33 34 36 37 38 41 42 43 44 45 46 47 48 49 50 51 52 53 56 60 61 63 64 65 66 68 69 70 73 74 75 78 80 81 86 87 88 89 90 91 92 94 96 99 100
25 221 27 28 31 32 33 34 35 36 37 38 39 40 43 44 45 46 47 52 53 55 57 58 59 61 62 63 64 65 66 67 68 69 70 72 74 75 76 79 82 83 84 85 87 88 89 90 93 94 96 99 100
26 171 27 28 29 31 33 35 36 38 39 40 41 42 47 50 51 52 55 56 57 58 59 61 62 63 64 66 67 69 70 71 72 74 75 76 77 79 80 81 85 86 87 88 90 91 94 96 97 98 100
27 150 29 30 32 33 34 39 40 41 43 44 45 46 47 50 52 53 54 55 56 57 58 59 61 62 63 65 68 69 71 72 73 74 76 77 80 81 82 83 84 86 87 88 89 90 91 92 93 94 95 96 97 98 99 100
28 166 29 32 33 34 35 36 37 38 39 41 43 44 46 50 52 53 55 56 59 61 64 65 66 67 69 70 71 73 74 75 77 78 79 81 83 84 85 86 87 89 91 92 93 94 96 99 100
29 76 30 31 33 35 36 37 38 39 40 41 42 43 44 45 46 49 50 51 52 53 54 55 57 61 62 63 64 67 68 69 70 71 72 73 74 75 76 77 78 79 80 81 82 83 84 87 88 89 90 93 94 96 97 98 99
30 148 31 32 34 35 36 37 38 40 41 42 45 46 47 48 51 52 54 57 58 59 60 62 63 64 67 68 69 70 71 73 74 75 76 77 80 81 82 83 84 85 86 90 91 92 93 94 95 96 97 98 99 100
31 118 32 33 35 36 37 38 39 40 41 43 44 45 46 47 48 51 54 55 56 58 60 61 62 63 64 65 66 67 71 73 79 80 81 83 84 85 86 88 89 91 92 93 94 95 96 97 98 100
32 245 34 35 37 40 44 45 47 48 49 50 51 52 54 55 57 62 63 64 66 67 68 71 72 74 79 80 81 82 84 85 86 88 90 93 95 96 97 98 99 100
33 85 34 35 37 38 40 41 43 44 45 46 47 49 50 51 52 54 55 57 58 59 61 62 63 64 65 66 69 70 72 74 75 76 77 78 79 80 81 82 83 85 87 88 89 91 92 93 94 95 96 97 98 99 100
34 36 36 38 41 42 43 44 45 47 48 49 50 51 53 54 55 56 57 59 61 62 64 65 66 67 68 70 71 75 78 79 81 83 84 85 86 87 88 89 92 93 94 97 98 99
35 239 36 37 38 39 40 42 43 44 45 47 48 49 50 51 52 53 54 57 58 59 60 61 62 63 65 66 69 71 72 73 74 75 76 79 80 82 83 85 86 88 89 90 92 94 97 99 100
36 195 37 39 41 43 47 50 51 52 54 55 56 58 60 62 63 67 68 69 70 71 73 74 75 77 78 80 81 82 83 85 86 87 89 90 91 92 93 95 96 97 98 99 100
37 64 40 41 42 43 45 47 48 50 52 54 55 57 59 60 64 65 66 67 71 72 73 74 75 76 79 80 81 83 85 86 88 91 94 95 96 98 99 100
38 56 40 41 42 43 45 46 47 51 52 53 54 55 57 58 59 60 61 62 63 64 66 67 69 70 72 73 74 75 77 78 79 80 81 83 84 85 87 89 90 91 94 95 96 97 98 99 100
39 217 40 42 45 46 47 49 51 52 54 55 57 58 59 61 62 63 64 66 67 68 69 70 71 76 77 78 80 81 83 85 88 90 91 92 93 94 95 96 98 99 100
40 152 41 44 46 47 49 50 54 56 57 58 60 61 62 64 66 67 68 70 71 72 75 76 79 82 83 89 91 92 93 94 95 96 100
41 231 42 43 45 46 48 49 53 54 55 56 58 59 60 61 63 64 68 70 71 72 74 75 77 79 80 81 82 83 85 87 88 89 90 91 92 93 94 95 96 97 98 99 100
42 52 45 46 47 49 51 52 53 54 56 57 58 59 60 63 64 65 66 67 68 69 70 72 73 74 75 76 77 78 80 81 82 86 87 91 92 93 94 95 96 97 98 99 100
43 163 44 47 49 50 51 52 53 55 56 57 59 60 61 62 65 66 67 68 71 73 74 75 77 78 82 83 86 89 90 91 93 94 95 96 97 98 99 100
44 7 45 47 48 50 51 53 54 55 57 59 60 62 63 65 67 68 69 70 71 72 75 76 77 78 79 80 82 85 86 87 89 91 93 94 95 96 97
45 128 46 47 48 50 51 52 53 54 55 56 59 65 67 70 71 73 77 80 84 85 90 91 92 94 95 96 98 100
46 129 47 49 50 53 54 57 58 59 60 61 62 63 64 67 68 69 71 72 73 74 75 77 79 80 81 83 84 85 86 88 89 90 92 95 96 97 98 99 100
47 181 48 49 50 52 54 55 56 57 58 59 60 62 63 64 65 66 68 69 70 71 72 73 74 75 78 79 81 82 84 87 90 92 93 94 97 98 99 100
48 38 50 51 53 54 55 57 58 59 60 61 64 65 67 68 69 70 71 73 75 76 77 79 80 81 82 83 84 86 89 91 92 93 94 96 97 98 99 100
49 2 50 51 53 54 57 59 62 63 65 66 67 69 71 73 74 75 77 78 79 80 81 82 83 84 85 87 88 89 90 91 92 94 96 98 99 100
50 172 52 54 55 56 57 58 59 60 61 62 63 64 65 66 68 69 71 73 74 75 76 77 79 80 81 82 83 84 85 87 89 90 91 92 93 94 95 96 97 99
51 120 52 58 60 61 62 63 65 66 67 68 69 70 71 72 73 74 75 76 77 79 80 81 83 86 88 89 90 91 92 93 95 96 98 100
52 86 53 54 55 56 57 59 60 61 62 63 65 67 68 70 71 72 73 74 75 76 77 78 79 80 81 82 83 84 85 86 87 88 89 90 91 95 96 98 99 100
53 62 58 59 61 62 64 66 68 69 70 71 73 74 75 78 80 81 85 87 90 91 92 93 94 95 96 97 98 99 100
54 228 55 56 57 58 60 61 62 63 64 66 67 72 73 74 75 78 79 81 85 88 89 91 92 93 94 95 96 97 98
55 188 56 57 58 61 62 63 64 65 66 68 70 71 73 74 76 77 78 81 82 83 84 85 86 87 89 91 93 94 95 97 98 99 100
56 93 58 61 62 63 64 65 67 68 69 71 72 74 77 78 79 80 82 83 84 86 88 89 90 91 92 93 94 95 96 97 98 99
57 150 58 59 60 61 63 67 68 69 70 71 72 74 75 76 77 78 79 80 83 85 86 87 92 93 94 95 98 99 100
58 150 59 60 61 63 65 67 68 70 71 72 73 74 75 77 79 80 82 83 84 85 86 91 92 94 95 97 99 100
59 63 60 63 64 65 66 68 70 71 73 74 75 76 77 78 79 81 82 83 85 86 87 88 89 91 92 93 94 95 96 97 98 100
60 193 61 62 63 64 65 66 67 69 70 71 72 73 74 76 77 78 79 82 83 86 87 88 89 92 94 96 97
61 242 62 63 64 66 69 70 72 73 74 81 83 85 87 91 92 93 94 95 97 98 99
62 3 63 64 67 68 69 70 71 73 74 75 78 81 83 85 86 88 89 90 91 92 93 96 98 100
63 201 64 66 67 70 72 76 78 79 80 82 83 84 85 86 88 90 91 92 93 96 99
64 185 66 67 69 70 71 72 73 75 77 78 80 82 83 84 85 86 87 89 90 91 92 93 96 97 99
65 63 69 70 71 77 78 80 81 82 83 85 86 88 89 91 92 93 94 95 96 98 99 100
66 119 67 68 69 70 71 73 74 75 76 77 78 79 80 81 82 83 85 86 88 89 90 91 95 96 97 99 100
67 207 68 69 70 72 74 75 76 77 78 80 83 84 85 86 87 89 90 91 95 96 97 98 99 100
68 76 71 72 73 74 75 76 77 78 80 81 82 83 84 85 86 87 88 89 90 91 92 94 95 96 97 98
69 239 70 72 73 74 76 77 78 79 80 81 82 83 84 85 86 87 88 89 91 94 95 96 97 98 100
70 53 71 72 73 75 76 77 78 79 80 81 82 83 87 88 89 91 94 96 97 98 99 100
71 245 72 73 77 79 80 81 82 83 85 86 87 88 90 92 94 95 97 98 99
72 19 74 76 77 79 81 82 83 84 86 87 88 90 91 93 94 96 97 98 99 100
73 16 74 76 77 78 80 83 84 85 88 89 90 91 92 95 98 99 100
74 79 76 77 78 79 80 81 82 85 88 89 92 93 94 98 99
75 77 76 77 79 80 81 82 85 87 90 91 92 93 94 95 98 99
76 87 78 79 80 81 85 86 87 88 89 91 92 93 95 96 97 98 99 100
77 214 78 79 82 85 86 87 90 91 92 93 94 95 96 97 98 99 100
78 236 79 83 85 87 88 90 91 93 94 95 99
79 223 80 81 82 83 85 86 88 89 91 92 93 94 95 96 97 99 100
80 211 81 82 83 84 85 87 88 90 91 92 94 96 97 99 100
81 208 82 87 88 89 90 93 94 95 96 97 99 100
82 39 83 85 86 87 88 89 90 92 93 94 98 99 100
83 81 85 86 87 90 91 92 94 95 96 98 100
84 210 86 87 89 90 91 92 93 95 96 97 98 100
85 93 86 88 90 92 93 95 96 97 99 100
86 142 87 88 89 91 92 93 94 95 96 97 98 99 100
87 247 89 90 92 93 94 95 97 98 99 100
88 14 89 91 93 94 95 97 98 99
89 81 90 92 93 95 96 97 100
90 60 91 93 94 97
91 118 92 93 94 95 97 99 100
92 238 93 94 95 96 97 99 100
93 30 94 95 96 97 99 100
94 218 95 97 98 99
95 21 96 97 98 99 100
96 206 98
97 167 98 100
98 215 99 100
99 214 100
100 111
