100
1 142 2 4 6 7 9 11 15 16 18 24 25 27 28 30 31 34 38 39 40 44 45 46 47 48 49 52 54 56 57 59 60 65 68 69 75 78 80 94 95 98
2 87 5 6 7 8 10 11 22 25 31 32 33 34 37 38 42 44 45 48 51 52 56 58 59 60 62 65 68 75 78 80 82 86 90 91 95 96 97
3 112 6 9 11 13 21 23 27 28 34 40 43 44 47 48 50 52 54 55 60 61 63 64 72 76 77 78 80 83 87 88 90 93 94
4 147 8 12 13 16 20 30 31 42 44 46 48 50 57 59 60 70 76 77 78 80 81 83 85 88 89 95 99
5 15 6 7 9 10 11 12 14 15 18 21 29 30 31 34 35 37 45 46 47 50 51 53 56 58 61 64 66 69 72 77 79 81 82 83 84 90 93 97 99 100
6 229 8 9 11 14 15 18 19 21 24 27 28 29 32 34 35 38 39 43 44 45 48 53 55 58 59 62 71 79 96 100
7 63 14 15 16 17 18 20 24 27 34 35 39 45 46 50 53 54 58 60 62 64 69 70 71 74 75 76 78 79 82 84 85 86 89 90 92 94 95 97 100
8 202 9 12 16 17 18 22 29 31 36 38 41 42 44 45 48 49 50 56 57 58 59 61 62 64 65 71 74 75 78 80 87 90 97 99
9 19 10 12 13 14 15 18 19 23 24 26 29 31 32 35 36 37 40 42 44 45 48 49 51 53 54 55 58 61 63 64 66 69 73 74 77 81 84 87 89 90 96
10 26 20 21 24 26 27 29 30 31 36 38 39 42 44 45 50 51 58 61 64 65 68 70 75 84 85 86 87 89 91 92 95 96 97
11 26 15 16 19 20 24 26 33 36 40 41 44 46 47 48 51 54 55 59 61 62 63 65 67 69 74 77 78 81 89 94 95 96 97 98 99 100
12 138 20 22 28 29 37 38 40 43 44 45 47 48 51 54 57 66 67 68 72 73 74 77 78 79 80 83 88 89 90 93 94 95 97 99
13 76 21 22 23 25 29 30 34 36 37 41 49 50 54 62 63 66 68 73 80 82 83 84 90 93 94 95 97 99
14 247 15 18 20 21 22 26 32 33 36 38 39 41 42 43 44 47 50 53 54 57 58 59 62 67 71 73 74 76 79 80 83 85 87 89 91 95 97 98 99
15 236 16 18 19 21 28 31 32 33 34 36 37 39 41 42 44 45 46 47 51 56 58 59 63 64 67 69 72 73 75 81 82 84 85 86 91 93 96 97 100
16 250 17 18 20 25 27 31 32 33 34 43 45 47 48 49 51 53 54 56 57 58 59 60 62 63 68 71 72 75 76 79 84 85 87 92 95 96 99
17 169 18 20 23 25 28 29 30 31 34 39 40 42 47 48 50 53 54 55 57 59 60 62 65 69 70 73 75 78 79 82 83 85 90 97 98 99 100
18 204 22 24 25 26 28 29 31 32 33 34 35 36 38 40 43 44 45 46 50 52 54 56 59 60 62 65 69 70 73 75 76 77 79 82 86 91 92 97 99
19 92 20 21 22 26 27 28 38 39 44 46 48 51 58 60 61 67 68 69 72 73 74 78 79 81 82 85 86 93 94 96 98
20 223 21 22 23 24 28 31 37 39 40 41 42 46 49 54 55 57 58 61 62 64 68 70 74 76 78 80 82 88 89 90 92 94 97 98
21 235 22 27 29 30 32 33 34 38 40 42 44 48 49 50 51 57 58 59 62 63 65 66 67 68 69 70 78 80 81 86 88 91 93 95 98 99
22 239 25 27 28 29 34 37 38 40 41 44 50 53 58 60 61 62 63 65 66 69 70 71 74 75 79 80 90 92 93 94 95 99 100
23 219 24 25 29 31 36 37 38 39 40 43 48 51 52 53 55 58 59 61 62 64 66 69 72 74 75 78 82 83 84 86 90 94 97
24 92 28 31 33 37 38 39 42 46 48 52 53 56 60 61 62 65 66 70 71 73 77 79 86 93 95 96 97 98 100
25 57 28 29 30 32 33 34 35 36 39 42 45 47 54 56 65 66 67 68 69 70 74 75 76 83 85 87 89 92 93 95 97 100
26 214 29 30 31 32 33 35 36 38 39 47 48 56 58 59 60 65 68 69 70 71 72 73 74 78 83 85 88 90 94 96 97 98
27 37 29 31 32 33 34 35 37 38 42 45 46 49 55 57 58 59 60 69 74 79 80 88 89 90 92 93 95 99 100
28 196 29 30 32 33 35 38 39 46 52 53 54 64 65 67 68 69 70 77 79 80 82 85 86 90 91 92 99 100
29 187 30 32 33 34 35 39 40 41 45 51 52 53 54 58 59 61 63 65 67 68 69 71 73 74 76 78 80 85 87 88 90 91 92 93 97 98 100
30 132 31 32 34 36 41 42 43 45 46 53 59 60 61 62 64 65 67 68 71 73 74 76 77 78 81 83 84 88 89 90 92 93 99
31 186 33 38 42 44 45 51 54 55 57 59 61 63 64 67 75 77 78 80 86 87 88 90 91 93 94 96 99
32 62 34 40 41 42 43 44 45 50 51 52 54 56 57 63 64 67 75 80 83 84 87 88 89 91 92 97 100
33 85 34 35 40 42 43 44 45 47 48 49 50 53 54 55 58 64 65 67 71 74 75 80 83 89 91 92 94 95 96 100
34 138 38 39 40 49 51 53 54 60 62 65 66 68 69 70 73 74 77 78 79 84 90 93 98
35 36 37 40 44 50 51 52 53 54 55 56 60 65 66 68 70 71 72 76 77 78 79 89 90 94 95 99
36 35 37 38 41 43 45 52 54 57 61 62 66 68 74 75 76 82 86 87 91 97 98 100
37 237 50 53 56 58 63 64 68 69 73 77 79 86 94 96
38 56 39 43 45 46 50 52 54 58 60 61 62 63 64 65 66 69 71 73 75 77 78 79 82 83 85 88 90 94 95 99
39 120 45 47 52 59 61 62 71 72 74 79 80 82 84 85 86 87 88 89 91 94 96 97 98 100
40 117 44 54 55 56 57 58 59 62 69 71 79 86 89 93 95
41 197 44 46 55 57 58 62 67 68 69 71 74 75 79 81 84 85 86 87 88 89 90 92 93 94 95 97 98 100
42 196 52 59 62 67 68 69 70 72 73 74 75 80 81 85 86 87 88 90 91 94 95 98
43 243 44 45 51 57 62 63 67 71 72 73 76 81 83 84 85 86 87 93 97 99
44 64 46 48 50 51 52 55 57 58 61 66 67 75 80 81 82 84 85 88 93 94 95 96 97 98 99
45 55 48 51 56 57 66 67 72 77 78 80 83 85 93 94 95 97 99
46 76 48 53 63 65 66 67 68 73 75 78 81 84 91 100
47 96 49 56 58 59 61 63 65 71 74 75 77 79 82 83 87 93 94 99 100
48 201 49 50 53 55 61 62 64 65 67 68 69 70 74 76 82 83 84 86 93 96 99 100
49 31 53 56 60 64 65 68 71 73 74 76 77 79 80 81 90 91 92 94 97 100
50 68 53 57 61 62 65 69 76 77 78 81 82 83 84 85 86 90 92 95 96 97 99
51 101 52 53 56 58 59 62 68 69 70 74 75 76 79 83 84 87
52 23 54 58 59 60 62 63 64 65 68 71 73 76 80 81 82 84 86 87 90 92 93 98 99 100
53 211 55 58 61 64 65 69 70 71 73 75 76 82 84 85 90 92 95 98 100
54 87 60 62 64 65 66 69 71 73 74 76 77 79 80 81 82 83 86 88 89 90 93 94 97 99
55 115 56 59 61 63 64 71 75 77 79 80 83 85 89 90 92 96 97 100
56 20 57 58 60 61 66 70 71 72 74 81 82 89 91 92 95 99
57 94 59 60 61 62 64 73 78 79 80 81 86 87 90 94 98 100
58 107 60 62 65 67 69 74 75 87 90 92
59 180 60 61 62 65 67 79 81 82 85 86 87 88 89 92 93 94 96 99
60 53 61 63 65 66 74 76 81 83 86 94 97
61 245 62 65 66 68 69 70 74 77 80 81 82 84 85 89 91 100
62 107 66 67 70 71 72 73 74 75 79 80 83 84 87 92 94 97 98 99
63 207 68 71 72 74 76 83 84 86 87 90 93 94 95 99
64 226 69 71 75 79 81 82 84 85 86 92 95 97 99 100
65 216 66 67 69 71 76 77 79 80 81 84 85 88 91 97 100
66 222 67 69 70 75 77 81 82 83 84 86 87 89 90 95
67 49 69 71 74 75 78 79 81 85 90 91 92 93 95 96 97
68 71 69 71 75 78 82 89 92 94 96 97 98
69 15 71 73 77 80 86 87 88 92 94 95 97 98
70 235 73 75 78 79 80 81 83 86 90 98
71 70 79 80 83 84 89 93 95 96 97 98
72 246 73 79 80 84 86 87 89 92 95 96 98
73 47 76 77 78 79 90 91 93 100
74 152 76 79 85 88 90 91 94 95 96 98 100
75 185 76 79 80 82 84 86 87 89 90 92 96 99
76 63 78 80 81 82 86 87 89 90 96 97
77 72 78 80 82 86 88 89 90 92 93 94 97 99
78 9 81 82 84 85 96 97 100
79 234 82 84 87 90 96 98 99 100
80 36 84 86 87 88 89 94 95 96 98
81 71 83 84 86 87 88 90 94
82 160 83 85 87 92 93 95 98
83 149 93 97
84 35 86 87 92 94 95
85 81 86 88 89 91 93 94 98 99 100
86 177 87 90 91 94 95 98 99 100
87 21 88 89 90 91 92 95 97
88 222 92 95 96 98 99 100
89 159 91 94 97 99 100
90 127 92 93 95 97 98 100
91 58 95 96 100
92 108 94 96 99
93 2 96 98
94 111 95 100
95 15 96 100
96 158 97 99
97 154
98 53
99 82
100 31
