100
1 63 3 4 6 8 9 10 11 12 13 14 15 16 17 18 19 20 21 22 23 24 25 26 28 29 31 32 35 36 37 38 39 40 42 43 44 45 46 48 49 50 51 52 53 57 58 59 60 61 62 63 64 65 66 67 68 69 70 71 72 73 74 75 76 77 78 80 82 83 84 85 86 87 89 90 91 92 93 94 96 97 98 99 100
2 125 3 4 5 7 8 9 10 11 12 13 14 15 16 17 18 19 23 25 26 27 28 29 31 32 33 34 35 36 37 38 39 40 41 42 43 44 45 46 47 48 49 51 52 53 54 55 57 58 59 60 61 62 63 64 65 66 67 68 69 70 72 73 75 76 77 78 79 80 81 82 83 84 85 86 87 88 89 90 92 93 94 95 97 98 100
3 223 4 5 6 7 8 9 10 12 13 14 15 16 17 18 19 20 21 22 23 25 26 27 28 30 31 32 33 34 35 36 37 38 39 40 41 42 43 44 45 46 47 50 51 52 55 56 57 58 59 60 61 62 63 65 67 68 70 71 72 73 74 75 76 77 78 83 85 86 87 88 89 90 91 92 93 94 96 97 99 100
4 26 6 7 8 9 10 11 13 14 15 16 17 18 19 20 21 23 24 25 27 28 29 30 31 32 33 36 37 38 39 40 41 42 43 45 46 47 48 49 53 54 55 56 57 58 59 60 62 64 67 68 69 70 71 72 73 74 76 77 79 80 81 82 83 86 87 88 89 90 91 92 93 94 95 96 97 98 100
5 102 6 7 9 10 11 12 13 14 15 17 18 19 20 21 22 23 25 26 27 28 29 30 31 32 33 34 35 36 37 40 41 42 43 44 45 47 48 50 51 52 53 54 55 57 58 61 62 63 64 65 66 67 68 71 72 73 74 75 76 77 79 80 82 83 84 85 86 88 89 90 91 92 93 94 95 96 97 98 99 100
6 203 7 9 10 11 12 13 14 15 16 17 18 19 20 22 23 25 26 27 28 29 30 32 33 34 37 38 39 40 44 45 47 48 49 51 52 53 54 55 56 57 58 59 61 62 63 64 65 66 70 72 73 74 75 76 77 78 79 81 82 83 84 85 86 87 88 89 90 91 94 95 97 98 100
7 189 8 9 10 12 13 14 15 17 18 19 20 21 22 23 24 25 27 28 29 31 33 34 35 38 39 40 41 42 43 45 46 47 48 49 50 51 52 53 55 56 58 59 60 61 62 63 64 66 68 69 70 71 72 73 74 75 76 78 79 80 82 83 84 86 87 88 89 90 91 92 94 95 97 98 99
8 163 9 10 11 14 16 17 19 20 21 22 23 24 26 27 28 29 30 31 34 35 36 37 38 39 41 42 43 44 45 46 47 48 50 51 53 55 58 59 60 61 62 63 64 67 68 69 70 72 73 74 75 76 77 81 82 84 85 86 87 88 89 90 91 92 93 95 96 98 99 100
9 181 10 12 13 14 15 17 18 19 22 23 24 25 28 29 30 32 33 34 35 36 37 39 40 41 43 44 45 46 48 49 50 51 52 53 55 57 58 60 61 62 63 64 65 66 68 69 70 72 73 74 75 76 77 78 79 80 82 83 84 85 86 87 88 90 91 92 95 96 97 98 100
10 232 11 12 16 17 18 19 20 21 23 24 25 27 29 30 32 34 35 36 37 38 40 43 44 45 46 47 49 50 51 53 54 55 57 59 60 61 62 63 64 65 67 68 76 77 78 79 80 81 83 84 85 86 87 89 94 95 96 97 98 99 100
11 96 12 13 14 15 16 17 18 19 20 21 22 23 24 25 28 29 31 33 34 35 37 38 39 40 41 42 43 44 45 46 47 49 50 52 53 54 55 58 60 61 62 63 64 65 67 68 69 70 71 72 73 75 76 77 78 80 81 83 84 85 86 87 88 90 91 92 93 94 97 98 100
12 72 14 15 16 17 19 20 21 22 24 26 27 28 30 31 33 34 35 36 37 38 40 41 42 43 44 45 46 47 48 50 52 53 54 55 56 58 59 60 61 62 63 64 65 66 68 69 71 72 73 74 75 76 77 78 79 80 81 85 87 88 89 90 91 93 94 95 96 97 98 99 100
13 221 14 15 19 20 21 24 25 28 29 30 31 32 33 34 35 41 42 44 45 46 47 48 49 50 51 52 53 55 57 58 60 61 62 64 65 66 67 68 69 70 71 72 74 75 76 77 78 80 81 82 83 85 87 89 90 91 92 93 94 95 98 99
14 93 15 17 19 20 21 22 24 25 26 28 29 30 31 32 34 36 37 38 39 40 42 43 44 45 46 47 48 49 50 51 52 53 54 55 56 57 58 59 60 62 63 65 66 67 70 71 72 73 74 75 76 77 78 79 80 81 82 83 84 86 88 89 90 91 92 93 94 95 96 98 99
15 8 16 17 18 20 22 23 24 25 26 27 28 29 30 32 33 34 35 37 38 39 40 41 42 44 45 46 47 48 49 50 52 53 55 56 57 58 59 60 61 62 63 66 67 68 69 70 72 73 76 77 78 79 81 82 84 85 87 88 90 91 92 93 95 96 97 98 99
16 68 17 18 19 21 22 23 24 25 26 27 28 29 30 31 32 33 34 36 37 38 41 42 43 44 45 46 47 48 49 51 52 54 55 56 57 58 59 60 61 62 63 65 66 67 68 69 70 72 74 75 77 78 79 80 81 82 85 86 87 88 89 90 91 93 94 95 97 98 99
17 137 19 20 21 22 25 28 29 30 31 32 33 34 35 36 37 38 39 42 43 44 45 46 47 48 49 52 54 56 57 58 59 60 61 62 63 64 65 66 69 70 71 72 73 74 75 76 77 79 80 81 82 83 84 85 86 87 88 89 90 91 92 93 94 95 96 98 100
18 64 19 21 22 23 24 25 26 28 29 30 31 32 33 34 35 36 38 39 40 42 44 45 48 49 50 51 52 53 56 58 59 60 61 63 64 66 67 68 69 70 71 72 73 74 78 79 80 81 82 84 85 86 87 88 89 90 91 92 93 94 95 97 98 99
19 119 20 22 24 25 26 28 29 30 31 32 34 35 37 38 39 40 41 42 43 45 46 47 50 51 53 54 55 56 57 58 59 60 61 62 64 65 66 67 68 69 70 71 72 73 75 76 77 78 79 80 81 82 83 84 85 86 88 89 90 91 92 94 95 96 97 98 100
20 107 21 22 23 24 25 26 27 29 32 33 34 35 36 37 38 39 40 41 44 46 47 49 51 52 53 54 55 56 58 59 60 61 62 63 64 65 67 68 69 70 71 72 74 75 78 81 83 84 85 86 87 88 90 91 92 93 94 95 96 97 98 99 100
21 81 23 25 26 27 28 29 31 32 33 34 35 36 38 39 40 41 42 43 44 45 46 48 49 50 51 52 53 55 56 57 60 61 62 64 67 68 69 70 72 73 74 75 77 78 79 81 82 84 85 86 87 88 89 90 91 93 94 95 96 97 98 100
22 27 23 24 25 26 27 28 29 30 31 32 33 34 35 36 37 38 39 40 41 43 45 46 47 48 50 51 52 53 54 55 56 57 59 60 61 62 64 65 67 69 70 71 72 73 75 77 78 79 80 82 83 84 85 87 88 89 90 91 92 93 94 95 96 97 99 100
23 166 24 26 27 28 29 30 32 34 35 37 38 39 41 42 43 44 45 46 47 48 49 50 51 52 53 54 55 57 58 59 60 62 63 66 68 69 70 71 72 73 74 75 76 77 79 80 82 83 85 86 87 88 89 90 91 92 93 94 97 100
24 203 25 27 28 29 30 31 32 35 36 37 38 39 40 42 43 44 45 47 48 49 50 51 52 53 54 55 56 57 58 60 61 62 63 64 65 66 68 69 70 72 73 74 75 76 77 79 80 81 82 83 84 85 86 88 89 90 91 92 93 94 95 96 99 100
25 206 27 30 31 32 33 34 35 37 39 40 41 42 43 44 45 46 47 48 49 50 51 53 54 55 56 58 59 60 61 62 63 64 65 66 67 68 69 70 71 72 73 74 75 77 78 79 80 81 82 83 84 85 86 87 88 89 90 91 92 93 96 97 98 99 100
26 55 28 29 30 32 35 36 37 40 41 42 43 44 46 48 49 50 51 52 53 54 55 57 58 59 60 61 63 64 65 66 67 68 69 70 71 72 73 74 76 78 79 80 81 82 83 85 86 87 88 89 90 91 92 93 94 95 97 99
27 197 28 29 31 32 33 34 35 36 38 39 41 42 43 44 45 46 47 48 50 51 53 54 55 56 57 59 60 61 62 63 64 65 66 67 68 69 70 71 73 75 76 77 78 80 81 82 83 84 85 86 88 89 90 91 92 93 95 96 98 100
28 30 29 30 31 32 33 35 36 37 38 39 40 41 42 43 45 46 47 48 50 52 54 55 56 57 58 59 60 61 62 63 64 66 67 68 69 70 72 73 75 76 77 79 80 81 82 83 84 87 89 90 91 92 93 95 96 97 98 99 100
29 148 30 32 33 34 35 37 39 40 42 43 44 46 47 48 49 51 52 53 54 56 57 58 59 61 64 65 66 68 69 70 71 75 76 77 78 79 82 83 85 86 87 88 89 91 92 93 94 95 96 97 98 99
30 139 32 33 34 35 36 37 39 40 41 42 43 44 46 47 49 51 52 53 54 56 57 58 59 60 62 63 64 65 66 67 68 69 70 71 72 73 75 76 77 78 79 80 81 82 84 85 86 87 88 89 90 91 92 93 94 95 96 97 98 100
31 176 32 34 35 36 37 39 41 42 43 44 45 46 47 48 49 50 51 52 53 54 55 56 57 58 59 60 61 63 64 65 66 67 68 69 70 72 73 74 75 77 79 80 82 83 84 85 87 88 90 91 92 93 94 95 96 98 99 100
32 28 34 35 36 37 38 39 40 42 43 44 45 46 47 49 50 51 52 53 54 55 56 57 58 59 60 61 62 63 64 65 66 67 68 69 70 72 73 74 75 76 77 79 81 82 83 85 88 89 90 92 93 94 95 96 97 100
33 243 34 35 36 37 38 39 40 41 42 44 45 46 47 48 49 52 53 54 55 56 57 58 60 61 62 63 64 65 66 67 68 70 71 72 73 74 75 76 77 78 79 81 82 84 85 86 87 88 89 90 91 92 93 94 96 97 98 99 100
34 186 35 36 37 38 39 40 41 42 44 46 47 48 49 50 51 53 54 56 57 58 59 61 62 63 64 65 66 67 68 69 70 73 75 76 77 78 80 81 82 83 84 85 86 88 89 91 92 93 94 96 97 98 100
35 9 36 37 38 39 40 41 42 43 44 46 47 48 49 50 51 52 54 56 57 59 60 61 62 63 64 65 66 67 68 70 73 74 75 76 77 78 79 80 81 82 83 84 86 87 88 90 91 92 93 94 95 96 97 98 99 100
36 201 37 39 42 43 44 45 46 47 48 50 51 52 54 55 56 57 58 59 60 61 62 64 67 68 69 70 71 72 73 74 75 76 78 81 82 83 86 87 89 91 94 95 96 97 98 99 100
37 152 39 40 41 42 43 44 45 48 49 50 51 52 53 54 55 56 57 59 61 62 63 64 66 67 68 69 72 73 74 75 76 77 78 79 80 81 82 83 84 85 86 87 88 89 90 91 93 94 95 96 97 98 100
38 48 40 41 43 45 47 48 49 50 51 55 56 57 58 60 61 62 63 64 65 66 67 69 71 72 73 74 75 76 77 78 81 83 84 85 86 87 88 89 90 91 92 93 94 95 96 97 98 99 100
39 250 40 42 44 45 46 47 48 49 50 51 53 55 56 57 58 59 60 61 62 64 66 67 68 70 72 73 74 75 76 77 78 79 80 83 84 85 86 88 89 90 91 92 93 94 95 97 98 99 100
40 193 41 42 45 46 49 50 51 53 54 55 56 57 58 59 60 61 62 63 64 66 70 71 72 73 74 76 77 78 79 80 81 83 84 85 86 87 88 89 91 92 94 95 96 98 99 100
41 186 42 43 44 45 46 49 50 51 52 53 55 56 57 58 59 60 61 63 64 65 68 69 70 73 74 75 76 77 78 79 80 82 83 84 85 86 87 88 89 90 92 93 94 95 96 97 99 100
42 216 43 44 45 46 47 48 51 53 54 55 56 59 60 62 63 65 66 67 68 69 71 72 74 76 78 79 80 82 83 84 85 86 87 88 89 90 91 92 94 95 96 97 98 99 100
43 49 44 45 46 47 48 49 50 54 55 56 57 58 59 60 64 66 67 68 69 71 73 74 75 76 77 78 79 80 81 87 88 89 90 91 92 93 94 95 96 97 98 99 100
44 65 45 46 47 49 51 52 54 55 56 57 59 61 63 64 65 66 69 70 72 75 76 77 80 81 82 83 84 85 86 87 88 89 90 91 92 93 94 95 98 99
45 233 46 47 48 49 50 51 52 54 56 57 58 59 60 61 62 63 64 66 67 68 69 70 71 72 73 74 75 76 77 78 80 82 83 84 85 86 87 89 90 91 92 94 95 96 98 99 100
46 176 47 49 50 51 52 53 55 57 58 60 61 63 64 65 66 67 68 70 71 73 75 77 78 79 80 81 82 83 84 85 87 88 89 90 91 92 94 97 98 99 100
47 106 48 49 51 52 53 55 56 59 60 61 62 63 64 65 66 68 69 70 71 72 74 75 76 77 78 79 80 81 82 83 84 85 86 87 88 89 91 92 93 95 96 97 98 99
48 114 49 50 51 52 53 54 55 56 57 58 59 60 62 63 64 65 66 67 68 69 72 73 74 77 78 79 80 81 82 84 85 86 87 88 89 90 91 92 93 94 96 97 98 99 100
49 93 50 51 52 53 54 56 57 58 59 60 61 62 64 65 66 68 69 70 72 74 76 77 80 81 82 83 84 85 86 87 89 91 92 94 96 99 100
50 77 52 53 55 56 57 58 59 60 61 62 63 65 68 69 70 71 72 73 74 75 76 77 78 79 80 81 82 83 84 85 86 89 90 91 92 93 94 95 96 97 98 99 100
51 204 52 53 54 55 56 58 59 60 61 62 63 64 65 66 67 68 69 70 71 72 73 74 75 77 78 79 80 81 82 83 84 86 87 88 89 91 92 93 94 96 97 98 99 100
52 170 53 54 55 56 57 59 60 61 62 65 66 67 68 71 72 75 76 77 78 79 80 81 82 84 85 86 87 88 89 90 91 92 93 94 96 97 98 99
53 119 54 55 57 58 60 61 62 63 64 65 66 67 68 69 71 73 74 75 76 77 78 79 80 81 83 84 85 86 87 89 90 91 92 93 94 95 96 97 98 99 100
54 210 55 56 57 58 59 60 61 64 65 67 68 69 71 72 73 74 75 76 77 78 79 80 82 85 86 87 88 89 90 92 93 94 95 96 97 98 100
55 61 56 58 59 61 62 63 64 65 66 67 68 70 71 72 73 74 75 76 77 78 79 80 81 82 83 84 85 86 87 88 89 90 91 92 93 94 95 96 97 98 99 100
56 191 57 58 60 61 63 64 65 67 68 69 70 73 74 75 76 77 78 79 80 82 83 84 86 87 88 89 90 91 94 97 98 99 100
57 211 58 59 60 62 64 65 67 68 69 71 72 73 74 75 76 77 78 79 80 81 82 83 84 85 86 87 88 89 90 91 92 93 94 96 98 99
58 170 59 60 61 62 63 67 70 71 72 73 74 75 76 77 78 79 80 81 82 83 86 87 88 89 90 91 92 95 96 97 99
59 107 60 61 62 63 65 66 67 68 69 70 71 72 74 77 78 79 80 81 83 84 85 86 88 89 90 91 93 94 95 96 97 98 100
60 102 61 63 64 66 67 68 69 70 71 72 73 74 75 76 78 79 80 81 82 83 84 86 87 88 89 90 91 92 94 95 96 97 98 99
61 82 62 63 64 66 67 69 70 71 72 73 74 75 77 79 80 81 82 83 84 85 86 87 89 90 91 92 93 95 98 99 100
62 236 64 66 67 68 71 72 73 74 76 78 79 80 81 82 83 84 85 86 87 88 89 90 91 92 94 95 96 97 98 99 100
63 147 65 66 67 68 69 70 71 75 76 77 78 79 83 84 85 86 87 88 89 91 92 93 94 95 96 97 98 99 100
64 201 65 66 67 68 69 70 71 72 73 74 75 77 78 79 80 82 83 84 88 89 90 92 93 94 95 96 97 98 99 100
65 70 67 68 69 71 72 73 74 75 76 78 79 80 81 82 83 84 85 86 88 89 90 91 92 94 95 97 98 99 100
66 70 68 69 70 71 72 74 75 76 77 78 79 80 81 82 85 88 89 90 95 96 97 98 99
67 28 68 69 70 71 72 74 75 76 77 78 80 81 82 83 84 85 86 87 88 90 91 92 93 94 96 97 98 99 100
68 73 69 70 71 72 73 75 76 77 79 80 81 82 83 85 86 87 90 91 92 93 94 96 98 100
69 179 70 71 73 74 75 76 77 78 81 83 84 85 88 89 90 91 92 93 94 95 96 97 98 99 100
70 18 71 72 74 75 76 77 78 80 81 82 83 85 86 87 88 89 90 91 92 95 96 97 98 99 100
71 23 72 73 74 75 76 77 78 79 80 81 82 83 84 85 86 87 88 89 90 91 92 93 94 95 96 97 99
72 85 73 74 75 76 77 78 80 81 83 84 85 86 87 89 91 92 93 94 95 97 98 99 100
73 118 74 76 77 78 79 80 81 83 84 85 86 87 88 89 90 91 92 93 94 96 97 98 99 100
74 134 75 76 77 78 79 80 81 83 84 86 88 91 94 95 96 97 98 99
75 43 78 80 81 82 84 85 88 90 91 92 93 94 95 96 97 98 100
76 159 77 78 79 81 82 83 85 86 88 90 91 92 93 94 95 97 98 99 100
77 23 78 81 82 83 85 86 87 88 89 90 92 93 95 96 97 98 99 100
78 184 79 80 81 82 83 85 86 87 88 89 90 91 92 93 95 96 97 98 100
79 152 80 81 82 83 84 85 86 88 89 90 91 92 93 94 97 98 99 100
80 141 82 83 85 86 87 88 90 91 92 95 96 98 99
81 130 82 83 84 86 87 88 89 90 91 92 93 94 95 96 98 99
82 21 83 85 86 89 90 91 92 93 94 96 98
83 231 84 85 86 88 89 90 93 94 95 96 97 98 99 100
84 205 85 86 87 89 90 91 93 94 95 96 97 98 99
85 83 86 87 89 90 91 92 93 94 95 96 98 99 100
86 76 87 89 90 91 93 94 95 97 98 99
87 23 88 89 90 91 92 93 94 95 96 98 99 100
88 131 89 90 91 92 93 94 95 96 97 98 99 100
89 148 90 91 92 94 96 97 99 100
90 113 91 92 93 94 95 97 98 100
91 158 92 93 94 96 97 98 99 100
92 128 93 95 96 97 98 99 100
93 16 95 96 98 100
94 245 95 96 97 98 99 100
95 141 96 97 98 99 100
96 40 97 98 99 100
97 210 98 99
98 95 99 100
99 139 100
100 126
