100
1 41 3 5 8 10 15 16 17 19 25 26 30 31 32 35 37 38 42 47 49 50 54 55 58 59 62 64 65 67 69 70 71 72 73 75 77 78 88 90 92 93 94 95 96
2 71 3 4 5 12 13 16 19 21 24 25 27 28 29 30 33 34 37 39 45 46 47 48 49 53 59 62 63 67 69 71 74 76 78 79 80 82 83 84 85 87 89 90 92 94 95 96 97 100
3 25 5 6 7 8 10 12 13 14 15 17 19 21 22 23 24 28 32 34 38 39 40 41 43 44 45 51 54 64 66 67 69 70 71 72 74 79 80 83 84 85 86 92 94 96 97 98 99 100
4 114 9 10 11 12 13 17 19 20 21 22 23 25 26 30 31 32 35 39 41 42 45 48 50 51 57 58 59 60 62 65 67 71 72 73 78 79 80 84 85 86 87 88 89 91 92 96 98 99
5 108 7 9 11 12 14 16 18 19 21 23 24 37 38 39 45 46 47 51 53 58 60 61 64 65 68 74 75 78 80 82 83 85 86 89 90 92 93 95 97 99 100
6 131 13 15 16 18 19 20 22 24 33 35 37 38 42 43 44 46 47 48 51 53 54 55 59 63 70 74 75 79 80 81 83 84 85 87 88 89 90 98
7 77 8 9 10 14 16 21 22 23 25 26 28 29 30 32 33 34 37 38 40 41 45 49 50 52 54 56 57 58 59 61 64 73 74 76 77 78 83 84 87 88 89 90 92 93 95 96
8 224 9 10 17 18 19 27 28 29 30 35 37 40 42 43 46 47 48 49 53 54 55 57 58 59 62 63 70 72 73 74 75 77 80 81 82 83 84 85 87 91 92 93 94 96 99 100
9 114 11 13 16 17 18 20 21 27 30 34 35 36 37 41 43 45 49 50 55 56 58 60 62 63 64 67 69 71 75 76 77 79 80 83 85 86 87 88 89 91 92 94 96 99 100
10 218 11 12 13 14 15 16 17 18 19 23 24 25 27 30 31 32 33 35 36 37 38 39 41 45 47 48 49 52 54 56 58 59 60 62 68 71 73 74 76 77 82 83 84 88 89 91 92 95
11 145 12 13 14 18 20 21 25 26 28 31 33 35 39 41 42 44 48 51 52 53 55 56 57 59 63 64 66 67 69 70 72 74 77 79 80 81 82 84 87 88 89 93 94 95
12 92 13 16 17 21 22 24 25 26 27 29 31 32 33 34 37 38 39 40 41 42 45 47 48 49 50 51 52 54 55 56 57 62 63 66 67 68 70 72 73 74 75 76 78 80 81 82 85 86 90 92 94 97 100
13 111 14 17 18 21 22 24 26 28 31 32 35 36 40 41 43 44 46 47 48 49 50 51 53 54 56 57 58 60 64 65 66 70 71 73 74 76 77 78 81 83 84 86 87 89 92 94 95 96 97 98 100
14 202 16 17 20 21 23 24 29 31 35 37 38 40 41 42 44 46 48 51 52 55 56 58 59 61 63 64 65 66 68 69 76 77 78 80 81 84 87 88 92 94 95 97 98
15 170 20 23 26 27 28 29 30 31 32 33 36 43 44 45 47 49 50 52 53 55 56 59 60 61 64 67 68 75 78 79 80 81 82 88 90 91 92 94 96 99 100
16 117 17 20 23 27 28 29 30 31 33 34 36 37 40 41 43 44 46 47 60 62 63 65 67 69 70 72 73 74 76 77 78 81 82 83 84 89 94 95 96 97 98
17 129 21 23 24 25 27 32 37 40 41 45 47 55 57 59 60 61 64 65 67 68 70 76 78 81 82 83 85 86 87 91 92 94 95 97
18 192 20 22 23 24 25 26 27 29 30 31 32 36 37 38 39 41 44 45 46 47 52 53 55 56 57 58 59 61 63 68 71 73 75 76 78 84 85 88 90 91 92 95 96 98
19 111 22 24 25 27 28 32 33 39 40 43 44 47 48 52 54 56 57 59 61 64 66 69 71 72 76 77 79 80 81 82 84 85 90 93 94 95 96
20 201 22 23 25 26 29 30 31 32 33 37 38 40 42 46 48 49 50 51 52 53 56 58 60 62 64 70 71 72 75 78 80 82 83 87 89 91 92 95 98 100
21 245 22 23 24 26 27 31 33 34 36 38 39 42 45 46 51 52 56 57 58 59 60 63 64 65 66 67 68 69 70 71 72 82 83 84 87 89 95 97 100
22 232 24 27 28 31 33 34 36 37 40 41 43 44 48 49 50 52 53 56 59 60 62 64 65 67 68 69 70 71 76 77 82 83 84 86 90 91 92 93 94 99 100
23 122 24 27 28 29 30 31 34 35 37 40 41 43 45 48 52 56 57 58 62 64 66 68 71 73 74 75 76 77 78 81 83 84 85 87 88 91 93 95 98 99 100
24 136 25 26 29 30 31 33 38 42 43 46 47 48 49 52 53 54 56 57 59 63 64 65 66 69 70 72 73 75 76 77 78 79 81 83 85 86 87 89 90 91 93 94 95 96 97
25 198 28 29 30 32 35 38 42 43 44 45 48 52 53 56 57 58 60 62 63 64 65 66 67 68 69 70 75 78 81 82 83 87 88 89 90 92 94 96 97 98
26 120 29 31 35 37 38 39 40 42 43 44 45 49 53 54 55 56 57 59 64 65 66 67 68 70 71 73 75 76 77 79 82 84 85 86 87 91 97 98 99 100
27 146 29 31 34 35 37 41 42 44 46 47 49 50 54 55 56 57 58 59 62 63 64 66 67 70 71 73 77 78 81 83 85 86 88 89 90 93 94 95 97 99 100
28 219 29 30 32 43 45 47 50 51 52 55 56 60 62 63 64 65 68 70 73 75 76 77 78 80 82 84 85 86 87 88 90 92 94 95 99
29 91 30 34 35 36 37 42 43 44 45 47 48 49 50 53 56 57 58 59 61 62 63 64 65 66 67 68 69 70 71 72 73 74 77 78 80 84 86 87 91 94 95 97 98 100
30 202 31 34 35 36 37 40 41 42 43 44 46 47 49 52 54 55 57 58 59 60 63 64 66 70 71 75 77 78 79 81 83 85 88 89 92 93 96 97 99
31 46 33 35 38 40 42 43 44 46 49 52 53 54 55 60 61 63 68 69 70 71 73 76 78 82 85 89 90 95 96 97 99
32 22 33 38 41 42 46 48 49 50 51 52 55 56 57 58 60 65 69 70 71 74 76 77 78 81 82 88 91 97 98 99
33 95 36 37 38 39 40 45 48 49 50 51 53 54 59 60 61 63 64 65 67 68 72 77 78 80 81 85 89 92 93 96 98 99 100
34 177 36 37 38 42 46 48 49 51 52 54 55 56 57 58 59 63 65 67 72 75 76 78 80 81 86 89 92 95 96 100
35 234 36 37 40 45 46 47 49 50 51 52 54 56 58 61 62 65 68 69 71 72 74 76 77 79 80 81 83 86 89 90 91 92 98 99 100
36 161 37 41 42 44 45 46 48 51 52 53 54 57 58 59 62 65 69 70 71 72 74 77 78 80 81 82 83 84 85 87 92 98 100
37 184 38 40 41 43 45 46 47 48 50 54 56 57 59 61 63 69 70 72 74 75 76 78 81 82 83 84 85 87 90 95 96 98
38 26 39 40 49 51 52 53 54 55 56 57 59 62 64 65 66 69 70 75 77 79 82 83 84 85 86 88 89 90 91 92 93 94 95 97 100
39 159 40 44 45 46 47 48 55 56 57 58 59 62 69 70 71 76 77 78 80 81 84 86 87 91 92 94 95 97
40 238 41 44 45 46 47 49 50 53 55 57 59 61 65 67 68 70 72 80 82 84 90 91 92 94 95 96 98 100
41 89 43 44 46 47 49 51 52 53 55 57 58 59 60 61 65 66 68 71 74 75 76 78 79 80 81 84 86 88 89 91 93 94 97 98 99
42 85 43 44 45 46 48 49 50 52 53 55 56 59 62 63 67 71 73 74 75 76 83 86 87 89 90 93 96 99
43 124 45 46 47 49 55 58 59 60 61 62 63 65 67 69 70 71 78 79 82 84 90 91 92 93
44 39 46 47 51 55 56 57 58 60 64 66 67 74 75 76 77 79 80 81 86 87 88 92 94 96 97 98
45 229 48 49 51 52 53 55 56 57 58 62 63 65 67 68 69 70 75 77 78 79 80 83 84 85 91 95 96 97 98 99
46 134 47 48 51 52 54 55 56 57 59 62 65 66 70 72 76 78 79 81 82 83 85 89 91 94 95 96 98 99
47 44 48 49 50 55 57 58 59 60 61 62 64 67 70 71 75 76 77 80 82 85 88 89 90 91 92 93 95 96 97 100
48 181 49 52 54 55 57 58 60 65 66 67 69 70 71 72 76 77 78 80 82 83 84 85 86 87 90 91 92 93 94 95 96 97 99
49 58 50 52 54 56 57 58 59 62 64 65 67 68 69 73 74 75 76 79 80 83 84 86 87 88 91 93 98 99 100
50 21 51 54 55 59 60 61 63 65 69 70 71 72 73 74 76 78 79 81 82 85 87 88 91 93 94 95 96 97
51 106 52 56 57 60 62 65 67 69 70 75 76 77 79 80 82 83 84 87 88 89 92 93 94 96 97 100
52 22 53 55 58 59 60 62 63 65 66 67 68 70 73 74 75 80 81 82 83 84 86 90 92 93 94 95 96 98
53 107 55 58 60 62 63 68 69 71 74 77 82 84 85 86 87 90 94 95 99
54 201 55 56 59 61 64 66 70 71 73 76 80 81 82 83 84 85 86 87 91 95 96 98 99
55 196 56 59 60 61 64 66 67 68 69 70 71 73 74 75 76 81 82 87 88 89 92 94 95 97 98 99
56 44 58 59 61 64 68 70 71 72 74 76 80 86 88 90 91 92 93 95 100
57 132 58 61 62 67 68 69 71 72 75 84 85 86 87 91 95 96 98
58 182 59 60 61 64 67 68 69 70 71 76 77 78 79 80 81 83 84 90 92 95 96 97 98 100
59 67 60 62 64 65 66 67 71 72 73 75 76 80 81 82 84 85 87 90 91 93 98 99
60 10 61 64 71 75 76 80 81 82 83 84 87 88 92 98 99
61 166 64 66 68 69 70 71 73 74 75 76 79 80 81 84 85 86 87 88 89 91 92 97 98
62 45 65 68 69 70 71 72 74 75 76 77 78 79 81 84 85 90 96 97 98 99
63 92 65 67 69 70 71 72 73 75 77 78 80 81 83 85 86 87 88 90 91 95 96 97 99 100
64 101 65 66 67 68 72 73 78 79 83 84 85 86 87 88 90 91 93 94 97 99
65 125 66 68 69 72 74 77 78 80 81 83 85 86 87 90 91 92 93
66 2 67 68 70 72 73 74 75 80 82 83 84 86 87 89 90 91 92 93 94 98 99
67 88 68 70 71 74 76 77 78 80 81 82 85 86 89 90 91 92 94 96 97 99
68 112 72 74 76 77 79 80 83 84 86 87 88 89 90 92 94 95 97 98 99 100
69 32 71 72 74 75 78 80 82 83 85 86 89 91 92 93 96 98 100
70 171 71 73 74 77 79 81 82 87 88 91 92 93 94 96
71 55 73 74 77 78 79 82 84 88 90 91 92 94 95 97 99
72 128 74 76 81 83 84 86 89 92 94 95 96 97 99
73 238 76 79 80 83 84 88 89 92 94 95 99
74 31 79 82 85 86 89 94 95 97 98
75 62 76 77 79 80 81 86 90 92 93 94 96 98
76 29 79 81 84 85 86 88 89 91 93 95 96 99
77 214 79 81 82 84 87 88 89 90 91 93 95 100
78 227 79 80 82 88 89 91 93 94 95 97 98 99
79 133 80 81 83 84 87 88 89 92 95 96 98 99
80 244 81 82 85 86 88 91 96
81 51 82 84 85 87 95 96 98 100
82 213 84 87 88 89 90 93 95 96 97 98 100
83 98 84 86 87 91 96 97 98
84 94 86 88 91 96 98
85 227 86 87 89 90 93 94 95 98
86 114 87 90 92 95 96 97 99
87 27 90 92 95 96 97 98 99
88 155 93 95 96
89 41 90 92 96 99 100
90 80 92 95 96 97 98 100
91 207 97 98
92 220 93 94 95 96 97 99 100
93 10 97 99
94 250 95 96
95 32 96 99 100
96 52 99 100
97 138 100
98 92 100
99 14
100 249
