100
1 88 2 3 4 6 7 8 9 10 12 14 15 16 18 19 20 21 22 23 24 25 26 27 28 29 30 31 32 33 34 35 36 37 38 39 40 41 43 44 45 46 47 48 49 51 52 54 55 56 57 58 59 60 61 62 63 64 65 66 67 68 69 70 71 73 75 76 77 78 79 80 81 82 84 85 86 87 88 89 90 91 93 94 97 99 100
2 63 4 5 6 7 8 9 10 11 12 13 14 15 19 20 22 24 25 26 27 28 29 30 31 32 33 34 35 36 37 38 39 40 41 42 44 45 46 47 48 49 50 51 53 54 55 56 57 59 61 62 63 64 65 66 67 68 70 71 73 74 75 76 77 79 80 81 83 85 86 87 88 89 90 92 94 95 96 97 98 99 100
3 229 4 5 7 8 9 10 12 13 14 16 17 18 19 20 21 22 23 24 25 26 28 30 31 32 33 34 35 36 37 38 39 41 42 44 45 46 47 49 50 52 53 54 55 56 58 61 63 64 66 67 68 69 70 71 72 73 77 78 79 80 81 83 84 85 87 88 89 93 94 96 98 99 100
4 208 5 6 7 8 10 11 12 13 14 15 16 17 18 19 20 22 23 24 25 26 27 28 29 30 31 32 33 34 35 36 37 38 39 40 41 42 44 45 46 47 48 49 50 51 52 53 54 55 56 57 58 59 60 61 63 64 65 67 68 69 70 71 72 73 74 75 78 81 82 83 85 86 87 88 91 92 93 94 95 96 97 98 100
5 226 6 7 8 9 10 11 12 13 14 15 16 17 18 19 22 23 24 25 27 30 31 32 33 34 35 37 38 39 40 42 43 44 45 46 47 48 49 51 52 53 54 58 59 60 61 62 64 65 67 68 69 70 71 72 74 77 80 81 83 84 85 86 87 88 89 90 91 92 93 97 98 99
6 30 7 8 9 10 11 13 14 17 18 19 20 22 24 25 27 29 31 32 34 35 36 38 39 40 41 42 43 44 45 47 48 49 50 53 54 55 56 57 58 61 62 63 64 65 66 67 68 72 73 74 77 78 79 80 82 83 84 85 86 87 88 89 90 91 92 93 94 96 97 98 99 100
7 3 8 10 11 12 13 14 15 16 17 18 19 20 21 22 23 24 25 26 27 28 29 30 31 32 33 34 36 37 38 39 40 41 42 43 44 46 47 48 49 50 51 52 53 54 55 56 57 59 61 62 63 64 65 66 67 68 69 70 71 73 74 75 76 79 80 81 82 83 84 86 87 88 89 90 91 92 93 94 95 96 97 98 99 100
8 181 9 11 12 13 14 15 17 19 20 21 22 23 24 25 26 27 28 29 30 32 33 34 35 36 37 38 39 40 41 42 43 44 45 46 48 49 50 51 52 53 54 56 57 58 59 61 62 64 65 66 67 68 69 74 75 76 78 80 81 82 84 85 86 87 88 89 91 92 93 94 96 97 98 99 100
9 218 10 11 13 14 16 17 18 19 20 21 22 24 26 27 28 29 30 31 32 33 34 36 37 38 40 41 42 43 44 45 46 47 48 49 50 51 52 53 54 56 57 58 59 60 63 64 66 67 68 69 70 71 72 73 74 75 76 78 80 81 82 83 84 85 87 88 89 92 93 94 95 96 97 98 99 100
10 172 11 12 14 15 16 17 19 20 21 22 23 24 25 26 27 29 30 31 32 34 38 39 40 41 42 43 44 45 46 47 48 50 51 53 55 56 57 58 59 60 61 62 63 64 65 66 67 68 69 71 72 73 74 75 77 78 79 80 81 82 83 85 86 87 88 89 90 91 92 93 94 96 97 98 99 100
11 163 12 13 14 15 16 17 18 19 20 24 26 27 28 29 30 31 32 33 34 35 36 38 39 40 41 42 43 44 45 46 47 48 49 50 51 52 53 54 55 56 58 59 60 61 62 63 65 66 67 68 69 71 73 74 75 76 77 79 81 84 85 86 88 90 91 92 93 95 97 98 99
12 107 14 16 17 18 19 20 21 22 23 24 25 26 27 28 29 30 33 34 35 36 37 40 42 43 44 47 48 49 51 52 53 54 55 56 57 58 60 61 62 63 64 65 67 69 70 72 73 74 75 76 77 78 79 80 82 83 84 85 86 89 91 92 94 96 98 99
13 221 14 15 16 17 19 21 22 23 25 26 28 29 31 32 33 34 35 36 38 39 40 41 44 46 47 48 49 51 52 54 55 57 58 59 62 64 65 67 68 69 70 71 72 73 74 75 76 77 78 80 81 82 83 85 86 87 88 90 92 95 96 97 98 99 100
14 87 15 16 18 20 22 23 24 25 27 28 29 30 31 32 33 34 35 36 37 38 40 42 43 45 46 48 49 50 51 52 53 54 57 58 59 61 62 63 66 68 69 70 72 73 74 76 77 79 80 82 83 84 85 86 87 89 90 91 92 94 95 96 97 100
15 94 17 18 19 20 22 23 24 25 26 27 28 29 30 31 32 33 34 35 36 37 38 39 40 42 43 44 45 46 47 49 50 52 53 54 55 56 57 58 59 60 61 63 65 66 69 71 74 75 76 77 78 80 81 83 84 86 87 88 89 90 92 94 95 96 97 99 100
16 180 17 18 19 20 21 22 23 24 26 28 29 30 31 32 33 34 35 36 37 39 42 45 46 49 50 51 52 55 56 57 58 59 60 61 62 63 64 66 67 68 69 70 72 73 74 76 77 78 79 80 81 82 83 84 85 86 88 90 91 94 97 98 99 100
17 217 18 19 20 21 22 23 24 28 29 31 32 33 34 35 36 37 38 39 40 41 42 43 44 45 47 48 49 50 51 52 54 55 56 57 58 59 60 61 62 63 64 65 68 70 71 73 74 75 76 78 80 81 82 85 86 87 88 89 91 92 94 95 96 97 98 99 100
18 12 19 20 21 22 23 24 26 27 28 29 30 31 32 33 34 35 36 37 38 39 41 42 43 45 46 47 48 49 50 51 52 53 54 55 56 57 58 59 61 62 63 64 66 67 68 69 70 71 72 73 74 78 79 80 82 83 84 85 86 87 88 89 90 91 92 95 96 97 98 99 100
19 176 20 21 22 23 24 25 26 27 28 29 31 32 34 35 36 38 40 41 42 43 44 45 46 47 48 51 52 53 54 55 57 58 59 60 62 63 64 65 66 67 68 69 70 71 72 73 74 75 76 77 78 80 81 83 84 85 86 87 88 90 91 92 93 94 95 96 97 99 100
20 119 21 22 23 24 26 27 28 29 30 31 32 33 34 35 37 38 39 40 41 42 43 44 45 46 47 49 50 51 52 53 54 55 56 57 58 60 61 62 63 65 66 68 69 70 71 72 73 74 75 76 77 78 79 80 81 83 84 85 86 87 90 91 92 93 95 99
21 110 22 23 24 25 26 27 28 29 31 32 33 35 37 38 39 42 43 44 45 46 47 48 49 50 52 53 55 56 57 58 59 60 61 62 63 64 66 67 69 70 71 72 73 74 76 77 79 80 81 82 83 84 85 86 87 89 90 91 92 93 94 95 97 98 99 100
22 173 24 25 26 27 29 31 32 36 37 39 40 41 42 43 44 45 47 48 49 51 52 53 54 55 56 57 58 59 60 61 62 63 64 66 69 70 71 72 73 74 76 77 78 79 80 81 82 83 85 87 88 89 91 92 93 94 95 96 97 100
23 10 24 25 27 28 30 31 32 34 35 36 37 38 39 40 41 43 45 47 48 50 51 52 53 54 55 56 57 58 59 60 61 62 63 64 65 66 68 70 71 72 73 74 75 76 77 78 79 80 81 82 84 85 87 89 91 92 93 94 95 96 97 98 99 100
24 130 25 26 27 28 29 30 31 32 33 34 38 39 40 42 43 44 45 47 49 50 53 54 55 56 57 59 60 61 63 64 66 68 69 70 71 72 73 74 75 76 78 79 80 81 82 83 84 85 86 87 89 90 91 92 93 94 95 96 97 98 99 100
25 115 27 29 30 31 33 34 35 36 37 38 41 42 43 44 45 46 47 48 49 50 51 52 53 54 55 56 58 59 61 62 63 64 65 67 68 69 70 71 72 73 74 75 76 77 78 80 82 83 85 86 87 88 89 90 91 92 93 95 96 98 99
26 48 27 28 29 30 32 33 34 35 36 37 39 40 42 44 45 46 47 48 49 51 54 57 59 60 61 62 63 64 65 66 67 68 69 70 71 72 73 74 75 77 78 79 80 81 82 84 85 86 87 88 89 90 91 92 93 94 95 96 97 98 99 100
27 188 28 29 31 32 33 34 35 36 37 38 39 41 43 44 45 46 48 49 51 53 54 55 56 58 59 60 61 62 65 66 67 68 69 70 71 72 74 75 76 77 78 79 80 82 83 86 87 88 91 92 93 94 97 98 99
28 18 29 30 31 33 34 35 36 37 38 39 40 41 42 44 46 47 48 49 50 51 52 53 55 56 57 59 60 61 63 64 65 67 68 69 70 71 72 74 78 79 80 82 83 84 85 86 87 88 89 90 91 93 94 95 97 98 100
29 212 32 33 35 36 37 39 40 43 44 45 46 47 48 49 51 52 53 55 56 57 58 59 60 61 63 64 65 66 67 69 70 73 74 75 76 77 78 79 80 81 82 83 84 86 87 88 89 90 91 92 94 95 96 97 100
30 149 31 32 33 34 35 36 37 41 42 43 46 48 49 50 51 52 53 54 55 56 57 59 60 61 63 64 66 69 70 71 72 73 75 76 77 78 80 81 82 83 84 85 86 87 89 90 92 93 94 95 97 98 99 100
31 193 32 33 34 35 36 38 40 41 42 43 44 45 47 48 49 50 51 52 53 54 55 57 58 59 61 62 63 64 65 66 67 68 69 70 71 72 73 74 75 76 77 78 79 80 81 82 83 84 85 87 88 89 91 92 93 94 95 96 97 98 99
32 131 33 34 36 37 38 41 43 44 45 46 47 48 49 51 52 53 54 55 57 58 59 60 61 64 66 67 68 69 70 71 74 75 78 79 81 83 84 86 87 88 92 93 94 95 96 97 98 99 100
33 82 34 35 36 37 38 40 41 42 43 44 45 46 47 48 49 50 51 52 53 54 55 56 57 58 59 61 62 63 64 65 66 67 68 69 70 72 73 74 75 76 77 78 79 81 82 83 84 85 86 88 89 90 93 94 97 98 99 100
34 118 35 37 38 39 40 41 43 45 47 48 50 51 52 53 54 55 56 57 58 59 61 64 65 67 68 69 70 71 72 73 74 76 77 79 80 83 84 85 86 87 88 89 90 94 95 97 98 99 100
35 166 36 37 38 39 40 41 42 44 45 46 47 48 49 50 52 53 54 55 56 58 59 60 61 63 64 65 66 67 68 69 71 72 73 74 75 76 77 78 79 81 82 84 86 87 88 89 90 91 92 93 95 96 97 98 100
36 221 37 38 39 40 41 42 43 45 46 48 49 50 51 52 55 56 57 58 59 60 61 62 63 64 67 69 70 71 72 73 74 75 76 77 78 79 81 82 83 85 87 88 89 90 91 92 93 94 95 96 97 98 99
37 72 38 39 40 41 43 44 46 47 48 49 50 51 52 54 55 56 57 58 60 61 62 63 64 65 66 67 68 69 70 71 72 73 75 76 77 78 79 80 81 82 83 85 86 87 88 90 91 92 93 94 95 96 97 99 100
38 241 39 40 42 43 44 45 46 47 48 49 50 53 54 55 56 57 58 60 61 62 63 67 68 69 70 71 72 73 74 76 77 78 79 80 81 82 83 85 86 87 88 89 90 92 93 94 96 97 98 99 100
39 141 40 41 42 43 44 45 46 48 49 50 52 53 54 55 57 58 59 60 61 62 63 64 65 66 67 68 69 70 71 73 75 76 77 79 80 81 82 83 84 86 87 89 90 91 93 94 96 97 100
40 149 41 42 44 45 46 47 48 49 50 51 52 53 54 55 56 57 58 60 61 62 64 66 67 68 69 70 71 72 73 75 77 78 79 80 81 83 85 86 87 88 89 90 93 96 97 98 99 100
41 98 43 44 48 49 50 51 52 53 54 55 56 57 58 59 60 61 62 63 64 65 67 68 69 71 72 73 75 76 77 78 79 81 83 84 85 87 89 90 91 92 94 95 96 97 98 100
42 149 44 45 46 47 49 50 51 52 53 54 55 57 58 60 61 62 63 64 67 68 69 70 71 72 73 74 75 76 77 78 79 80 84 85 86 87 88 89 90 91 92 93 95 96 97 98 99
43 213 44 45 47 49 50 51 52 53 55 56 57 59 60 61 62 63 64 65 66 67 69 70 71 72 74 76 77 78 79 81 82 84 85 86 87 88 89 90 91 94 97 98 99 100
44 21 45 46 48 50 51 53 54 55 56 57 58 59 60 61 62 64 65 66 67 70 71 72 73 74 75 77 78 79 80 82 83 84 85 86 87 88 89 90 91 92 93 94 95 97 98 99 100
45 21 47 50 51 52 53 54 55 56 57 58 59 60 61 62 63 64 65 66 67 70 71 72 73 75 76 78 79 80 81 82 84 85 86 87 88 90 91 92 93 94 95 96 97 98 100
46 92 47 49 50 51 52 53 54 55 56 57 58 59 60 61 62 63 64 65 66 67 68 70 71 72 74 75 76 77 78 79 80 81 83 84 85 87 88 89 90 91 92 93 94 95 96 97 98 100
47 13 48 50 51 52 53 54 55 56 57 58 59 60 61 62 63 64 65 66 67 68 70 71 72 73 74 75 77 78 79 80 81 82 84 85 86 87 88 89 90 91 93 94 96 97 99 100
48 193 49 50 52 53 54 56 57 58 59 60 65 69 70 71 72 73 75 76 77 78 79 80 81 82 83 84 85 86 87 88 89 90 91 92 94 95 96 97 98 99 100
49 168 50 53 54 55 56 57 58 59 60 61 63 64 65 66 67 68 69 70 71 72 73 74 76 77 78 79 82 83 85 87 89 90 91 92 94 95 96 97 98 100
50 34 51 52 53 54 55 56 57 59 60 61 62 63 64 65 67 68 69 70 72 73 74 76 78 79 80 81 83 84 85 86 87 88 89 90 91 92 93 94 95 98 99 100
51 189 52 53 54 56 57 58 60 62 65 66 67 68 70 71 72 74 75 77 78 79 80 82 83 84 85 86 88 89 91 92 93 94 95 97 98
52 214 53 54 56 57 58 59 60 61 62 65 66 67 68 69 70 71 72 73 74 75 77 78 79 80 81 82 83 84 86 88 89 90 91 92 93 94 95 96 97 98 99 100
53 29 54 55 56 58 59 60 61 62 63 65 66 67 69 70 72 73 74 75 76 77 78 79 80 81 82 85 86 87 88 91 92 94 96 97 98 99 100
54 213 55 56 57 59 60 62 63 64 66 67 68 69 70 72 73 74 76 77 78 80 81 83 84 85 86 87 88 89 90 91 93 94 95 96 97 98 99 100
55 20 57 59 60 61 62 63 64 66 67 69 70 71 72 73 74 76 77 79 80 81 82 83 84 85 87 88 90 91 92 94 95 96 97 98 99 100
56 154 57 58 59 60 61 62 63 64 65 66 67 68 69 71 73 74 75 76 78 79 80 83 84 85 86 87 89 90 91 92 93 94 95 97 98 99 100
57 54 59 60 61 62 63 64 65 66 67 68 69 70 71 72 73 74 75 76 77 78 80 81 82 83 85 88 89 90 91 93 94 95 96 97 98 99 100
58 164 59 60 61 62 63 64 65 66 67 69 70 71 72 73 74 75 76 78 79 81 82 83 84 85 86 88 90 91 93 94 95 97 98 99 100
59 118 60 61 62 64 65 66 68 69 70 72 74 75 76 77 78 79 80 81 82 84 85 86 87 89 90 91 92 94 95 96 97 100
60 143 61 62 64 66 67 68 69 70 71 72 74 75 76 77 78 79 80 81 82 83 84 85 86 87 88 89 90 92 93 94 95 96 97 99 100
61 81 62 63 65 66 68 69 70 71 72 73 74 75 76 77 78 79 80 82 83 86 87 88 89 90 91 92 94 95 96 98 99 100
62 95 63 64 66 67 68 69 70 72 73 74 75 76 77 78 79 80 81 82 83 84 86 87 88 89 90 91 92 93 94 96 97 98 99
63 90 64 65 66 67 68 69 70 71 72 73 74 75 76 79 81 82 84 85 86 87 88 89 90 91 92 94 95 96 98 99 100
64 49 65 66 67 69 70 71 72 73 74 76 77 78 79 80 81 83 86 87 89 90 93 95 96 97 98 99 100
65 55 66 67 68 69 70 71 72 73 75 76 77 78 79 80 81 82 83 85 86 87 88 89 90 91 92 93 94 96 97 99 100
66 118 67 69 70 71 72 73 74 75 76 77 78 79 80 81 82 84 85 87 88 89 91 92 94 95 96 97 99 100
67 117 68 71 72 73 74 75 77 79 80 81 82 85 86 87 88 89 90 91 92 94 95 97 98 99 100
68 144 69 70 71 72 73 74 75 78 79 80 82 83 84 85 86 87 88 89 90 91 92 93 94 95 96 97 98 100
69 93 70 72 73 74 75 79 80 81 82 83 84 85 86 87 88 89 90 91 93 94 97 99 100
70 224 71 73 75 77 78 79 80 81 82 83 85 86 87 88 89 90 91 92 93 94 95 96 97 98 99 100
71 70 72 73 74 75 76 78 80 81 82 83 84 85 86 88 89 90 91 93 94 97 98 99 100
72 168 73 74 75 76 77 78 79 80 81 82 83 84 85 86 87 88 91 92 93 94 95 96 97 98 100
73 48 74 77 78 79 80 81 82 83 85 86 88 89 91 93 94 96 97 98 99 100
74 4 76 77 80 84 85 87 88 89 90 91 92 94 95 96 98 99 100
75 118 76 77 78 81 83 84 85 86 88 89 90 91 92 93 94 96 97 98 99 100
76 148 78 79 80 82 83 84 86 87 88 91 93 94 95 96 98 100
77 102 78 79 80 81 82 84 85 87 88 89 90 91 92 93 94 96 97 98 99
78 3 79 80 81 82 83 84 86 87 88 89 90 91 93 94 95 96 97 98 99 100
79 208 80 81 82 84 85 87 90 91 92 93 96 97 100
80 132 82 83 84 85 86 88 89 90 91 92 93 95 96 98 99 100
81 79 83 84 85 86 87 88 90 92 95 96 97 98 99 100
82 214 83 84 86 87 89 90 91 92 95 97 98 100
83 111 84 85 86 87 89 90 91 92 93 95 97 98 99 100
84 190 87 91 92 93 94 95 98 99 100
85 237 86 87 88 89 90 93 96 97 98 99 100
86 87 87 88 89 91 92 93 94 95 96 98 99
87 166 88 89 90 91 92 94 95 96 97 98 100
88 103 91 92 93 95 97 98 99 100
89 225 90 91 92 93 95 96 97 98 99 100
90 80 93 94 95 96 97 98 99 100
91 174 92 93 94 96 97 98 99 100
92 74 93 94 95 96 98 99 100
93 229 94 95 96 97 98 99 100
94 110 95 96 97 98 99 100
95 61 96 98 99 100
96 153 97 98 99
97 237 99 100
98 185 100
99 30 100
100 194
