100
1 191
2 130
3 19
4 19
5 43
6 186
7 118
8 92
9 184
10 19
11 96
12 6
13 66
14 4
15 247
16 245
17 16
18 197
19 174
20 49
21 24
22 114
23 239
24 239
25 55
26 212
27 145
28 104
29 160
30 204
31 26
32 51
33 62
34 214
35 6
36 86
37 244
38 166
39 80
40 70
41 214
42 141
43 49
44 68
45 231
46 116
47 110
48 248
49 153
50 63
51 70
52 132
53 205
54 64
55 46
56 159
57 71
58 185
59 121
60 127
61 104
62 245
63 54
64 204
65 71
66 1
67 36
68 86
69 219
70 103
71 74
72 236
73 68
74 112
75 243
76 45
77 239
78 184
79 151
80 81
81 211
82 194
83 100
84 25
85 61
86 182
87 38
88 218
89 92
90 120
91 25
92 158
93 142
94 145
95 84
96 119
97 237
98 249
99 139
100 236
