100
1 191 2 3 5 6 7 9 10 14 15 16 18 19 20 21 22 23 24 26 27 28 29 30 32 33 34 35 36 37 38 41 42 43 45 46 47 48 50 51 52 53 54 55 58 59 61 62 63 66 68 69 70 72 73 75 76 77 79 80 81 82 83 84 85 86 87 89 90 91 93 95 97 98 100
2 130 3 4 5 7 9 10 11 12 14 16 18 19 20 22 24 25 27 28 29 30 31 33 34 35 36 37 38 40 41 42 44 45 46 47 48 51 52 53 54 55 57 58 59 60 61 62 63 64 65 66 67 69 70 71 73 74 75 76 77 78 79 80 81 82 83 84 85 86 87 88 89 91 92 98 99 100
3 19 4 5 6 8 9 10 12 13 14 16 17 18 19 20 21 22 23 24 25 27 28 29 30 31 32 34 35 36 38 39 40 41 42 44 45 46 48 50 53 54 55 57 58 59 60 61 62 63 64 65 66 68 69 70 71 72 73 74 76 77 78 79 80 81 82 83 84 85 86 87 88 91 92 93 94 95 96 97 98
4 19 5 6 8 9 10 11 12 13 14 15 17 18 19 22 23 24 27 28 29 30 32 33 35 36 37 38 39 40 41 42 43 44 45 46 47 48 49 50 51 52 53 55 56 57 58 62 63 64 65 66 68 69 70 71 73 74 75 76 77 78 79 80 81 82 83 84 85 86 87 88 89 90 92 93 94 96 98 99 100
5 43 6 7 8 9 10 11 12 15 16 17 18 19 22 23 26 27 28 29 30 31 33 35 36 38 39 41 43 45 46 48 49 50 51 53 54 55 56 57 58 59 60 61 63 64 65 66 67 69 70 71 72 73 74 75 78 79 80 81 83 84 85 86 88 89 90 91 92 93 96 99 100
6 186 8 9 10 11 12 13 14 15 16 20 21 23 24 25 26 30 31 34 35 37 39 40 41 42 43 44 45 47 48 49 50 51 52 53 54 55 56 57 59 60 61 62 63 64 65 66 67 68 69 70 72 75 76 77 78 79 80 84 85 86 87 89 90 91 92 96 97 98 99 100
7 118 8 9 10 11 12 13 15 16 17 18 19 20 22 23 24 25 26 28 29 31 33 35 36 38 39 40 41 42 45 46 47 48 49 50 51 52 53 54 56 57 59 60 61 63 65 66 67 68 69 72 73 74 75 76 77 78 80 81 82 84 85 86 88 89 91 93 94 95 96 97 98 99
8 92 9 11 12 13 15 16 17 18 19 21 22 23 24 25 26 27 29 30 31 32 34 35 36 38 39 40 41 42 43 44 45 46 47 48 50 51 52 53 54 55 56 58 59 61 62 63 64 65 66 68 69 70 71 72 73 75 76 77 78 79 80 81 82 83 84 85 86 87 88 89 90 91 93 94 95 96 97 98 99 100
9 184 10 12 13 15 18 19 20 22 23 26 27 28 29 30 31 32 33 34 35 36 38 40 41 42 43 44 45 46 48 49 50 51 52 53 54 55 56 58 60 61 62 63 64 65 66 68 70 71 72 73 75 76 77 78 79 80 81 82 83 84 85 86 87 88 89 91 92 93 94 95 96 97 98 100
10 19 11 12 13 15 16 17 19 20 22 23 24 25 26 27 28 29 31 32 33 34 35 36 37 38 39 40 41 42 44 45 47 48 49 50 54 55 56 57 58 59 60 61 62 64 65 66 67 68 70 71 72 73 75 76 77 78 80 82 84 85 86 89 90 91 92 94 95 96 97 98 100
11 96 13 15 16 17 18 20 21 22 23 26 27 28 29 30 31 32 33 34 35 36 37 38 39 40 41 42 43 44 45 46 47 49 50 51 52 53 54 55 56 57 61 62 63 64 66 67 68 69 70 71 72 73 74 75 76 77 79 80 81 82 84 86 87 88 89 91 93 94 95 97 98 99 100
12 6 14 19 21 23 24 25 29 30 32 33 34 35 36 37 38 39 40 44 46 47 48 49 50 52 53 54 55 56 57 58 60 61 62 63 64 65 66 67 68 69 70 74 76 77 79 80 81 82 83 84 87 88 92 94 96 97 98 99 100
13 66 15 19 20 21 22 23 24 25 26 27 28 29 30 31 33 34 35 36 37 38 39 40 41 42 46 47 48 49 51 52 53 54 57 58 60 62 63 64 65 66 67 69 70 71 72 73 74 75 76 77 78 79 80 81 82 84 85 86 87 88 89 90 91 92 93 94 95 96 97 98 99 100
14 4 15 16 17 18 20 23 24 25 26 27 29 31 32 34 35 36 37 38 39 40 41 42 43 44 46 47 48 49 50 52 53 55 56 57 58 59 60 62 63 66 70 71 74 75 79 81 82 83 84 85 86 87 88 89 91 92 93 94 96 97 98 99
15 247 16 17 18 20 21 23 24 25 26 27 28 29 30 31 32 33 34 35 36 37 38 39 41 43 45 46 47 48 49 51 52 54 55 56 57 58 59 60 61 62 67 68 70 71 73 74 75 76 77 78 79 80 81 83 84 85 86 87 88 89 90 91 92 93 96 97 98 99 100
16 245 19 20 21 24 25 27 28 29 30 33 34 35 36 38 39 40 41 42 43 44 45 46 48 49 53 54 55 56 57 58 59 60 61 62 63 64 65 66 67 70 71 72 73 74 75 76 78 79 80 82 83 85 86 87 89 90 91 92 93 94 95 96 97 98 99 100
17 16 18 19 20 22 23 24 25 26 27 28 30 31 32 33 34 35 36 37 40 41 42 43 44 46 47 48 49 50 51 52 53 54 55 56 57 58 59 60 61 62 63 64 65 66 67 68 70 71 72 74 75 76 77 78 79 80 81 83 84 85 86 87 89 90 91 92 93 94 95 96 97 98 99 100
18 197 19 20 21 23 24 25 26 27 29 30 31 32 33 34 35 36 37 38 39 40 41 42 43 44 45 47 50 51 52 53 54 55 56 58 59 61 62 63 64 68 69 70 71 72 74 75 76 77 78 79 80 81 83 84 85 86 87 88 89 92 93 94 95 96 97 98 99 100
19 174 20 23 25 27 28 29 30 31 32 33 35 36 37 38 39 40 41 42 43 44 47 49 50 51 52 53 54 55 56 59 60 62 63 64 65 66 67 69 70 71 72 73 74 75 76 77 78 79 80 81 82 83 84 85 86 87 89 90 91 93 95 98 99 100
20 49 21 22 23 25 26 27 28 33 34 35 36 37 39 40 41 42 43 44 45 46 47 48 49 50 51 52 53 54 55 56 57 58 59 61 63 64 65 66 70 73 74 76 78 79 81 82 83 84 85 86 87 88 89 90 91 92 93 95 97 98 99
21 24 22 23 24 25 26 28 29 32 36 37 38 39 40 41 42 43 44 45 46 47 48 49 50 51 52 53 54 55 56 58 59 60 61 62 63 64 65 66 67 70 72 73 74 75 76 77 79 80 81 82 83 84 85 86 87 88 91 92 93 94 96 97 98 99
22 114 23 24 25 28 29 30 31 33 34 36 38 39 40 42 43 44 45 47 48 50 51 52 53 54 56 57 58 60 61 62 63 64 65 66 67 68 69 70 71 72 73 74 75 76 77 78 80 81 82 83 85 86 87 88 89 90 91 94 95 96 97 99
23 239 25 26 27 28 29 30 31 32 33 34 35 36 37 38 39 41 42 43 44 45 46 47 48 50 51 52 53 55 56 58 59 60 61 62 63 64 65 66 67 68 69 71 72 73 74 75 78 79 80 85 87 88 89 90 92 93 94 96 97 98 99 100
24 239 25 26 27 28 29 30 31 32 33 34 35 37 38 39 40 41 42 44 45 46 47 48 49 50 51 52 53 54 55 56 57 58 59 60 61 62 63 64 66 67 68 69 70 71 72 74 75 76 78 79 80 81 82 83 85 87 89 90 91 92 93 94 96 97 98 100
25 55 27 28 29 30 31 33 35 37 38 39 40 41 43 46 48 49 50 51 52 53 54 55 58 59 60 61 63 64 66 68 69 70 71 72 73 74 75 76 78 79 80 81 82 83 84 85 86 87 88 89 90 91 92 93 94 95 96 98 99 100
26 212 27 28 29 30 32 33 34 35 36 38 39 40 41 42 43 44 45 46 47 48 51 52 53 54 55 57 58 60 61 62 63 64 65 66 67 68 69 70 71 72 73 75 76 77 78 79 81 82 83 84 85 86 87 88 89 90 91 92 93 94 95 96 97 98 99 100
27 145 28 30 31 32 33 34 35 36 37 38 39 41 42 44 45 46 47 49 50 51 52 53 54 55 56 57 58 59 60 61 64 65 66 67 68 69 70 71 72 73 74 75 76 77 78 79 80 81 82 83 84 85 86 87 88 90 91 93 94 95 96 97 98 99 100
28 104 29 30 31 32 33 35 37 38 39 40 41 42 44 45 46 47 48 49 50 52 54 55 56 57 59 61 63 64 65 66 67 68 69 71 73 74 75 76 77 78 79 80 81 83 84 86 87 90 92 93 94 95 97 98 99 100
29 160 30 31 32 33 34 35 37 38 39 40 41 43 44 47 49 50 51 52 53 54 55 56 57 58 59 60 62 63 64 65 66 67 68 69 70 71 73 74 75 76 77 78 79 81 85 86 87 88 89 90 91 92 94 95 96 97 98 100
30 204 31 32 33 34 36 39 41 42 43 44 45 46 47 48 49 50 51 52 53 54 55 56 58 59 60 62 63 64 66 67 68 69 70 71 72 73 74 75 77 78 79 80 81 83 84 85 86 87 88 90 91 92 94 95 96 98 99
31 26 32 33 34 35 36 37 38 39 40 43 44 45 46 47 48 49 51 52 53 56 57 58 59 60 61 62 65 66 68 69 70 71 73 74 75 77 78 79 81 82 83 84 85 86 88 89 90 92 94 98 100
32 51 33 34 35 37 39 40 41 42 43 44 45 48 49 51 52 53 54 55 56 57 58 59 61 62 63 65 66 68 70 71 73 74 76 77 78 79 80 82 83 84 87 88 90 91 92 94 95 96 97 98 100
33 62 34 35 37 38 41 42 43 46 47 48 50 52 53 54 55 56 57 61 62 63 64 65 66 67 69 70 71 73 74 75 76 77 78 79 80 81 82 83 84 85 86 87 89 92 93 94 96 97 98 99
34 214 35 36 38 40 42 43 46 47 48 49 50 51 52 53 54 55 56 58 59 60 61 62 63 64 66 68 69 70 71 72 73 74 75 76 78 79 80 81 82 83 85 86 87 88 91 92 93 94 95 96 97 98 99 100
35 6 36 37 38 39 40 41 42 43 44 45 50 52 55 56 57 58 60 61 62 63 64 67 68 69 70 71 72 75 76 77 78 79 80 81 82 83 84 85 86 87 89 90 91 92 93 95 97 99 100
36 86 37 38 40 41 42 43 44 45 46 47 48 49 51 52 54 55 56 57 58 60 61 62 64 65 66 67 68 70 73 74 75 76 77 78 79 80 81 82 83 85 88 89 90 92 93 94 95 97 98 99
37 244 38 39 40 42 43 44 45 46 47 48 49 50 52 53 54 55 57 58 60 61 62 63 64 66 67 68 69 70 71 72 73 74 76 77 79 80 81 82 83 84 85 86 87 88 90 91 92 93 94 95 96 97 98 99 100
38 166 39 40 42 43 44 45 46 47 48 49 51 52 53 54 55 56 59 61 62 63 64 65 66 67 68 72 73 74 75 76 78 79 80 81 82 83 84 85 87 88 90 91 93 94 96 97 98 99 100
39 80 40 41 43 44 45 46 48 49 50 51 52 53 54 58 59 60 62 63 64 65 66 67 68 69 70 71 72 73 74 75 76 77 78 79 80 81 82 83 85 86 87 88 90 92 93 94 95 96 97 98 99
40 70 41 42 43 44 45 46 47 48 49 50 53 54 55 56 57 61 62 64 65 66 68 69 70 71 72 73 74 75 76 78 79 80 81 82 83 84 85 86 89 90 91 92 93 94 95 96 97 98 99 100
41 214 42 44 46 48 49 50 51 52 54 55 57 58 60 61 62 63 65 66 67 68 69 71 72 73 74 76 77 78 79 80 81 84 85 86 87 88 89 90 91 92 93 94 95 96 97 98 99 100
42 141 44 45 46 49 50 51 52 53 54 55 56 57 58 59 60 61 62 63 64 65 66 67 68 71 72 73 74 76 77 78 79 80 81 82 83 84 85 86 87 88 89 90 91 92 94 95 96 97 98 99 100
43 49 46 48 49 51 52 54 55 56 57 58 59 63 65 67 68 70 71 73 74 76 77 79 81 82 83 84 86 87 88 89 90 91 92 93 95 96 97 98 99 100
44 68 45 46 47 48 49 50 51 52 53 54 56 57 59 60 61 62 63 64 65 68 70 71 72 73 76 77 78 79 80 81 82 85 86 87 88 89 90 91 93 96 97 98 99 100
45 231 46 47 49 51 53 54 55 56 60 61 62 63 64 65 66 67 68 69 70 72 73 74 75 76 77 78 79 80 81 82 83 85 87 88 89 90 91 93 94 95 96 97 98 99
46 116 47 48 49 50 51 53 54 55 56 57 59 60 61 62 63 64 65 66 67 68 69 70 71 73 74 75 76 77 78 79 80 82 84 85 86 87 88 90 91 92 94 95 96 99 100
47 110 48 49 50 51 53 54 55 56 57 58 59 60 61 62 63 64 65 66 67 68 69 70 71 72 73 75 76 77 78 79 80 81 82 85 86 87 89 90 91 92 94 95 96 97 98 99 100
48 248 49 50 51 53 54 55 58 60 61 62 63 64 66 67 68 69 70 71 73 74 75 76 77 78 79 80 81 82 84 85 86 87 88 89 90 91 92 94 95 96 97 98 99 100
49 153 50 51 52 54 55 56 57 58 59 61 62 63 64 65 66 67 68 69 71 73 74 75 76 77 78 79 80 82 83 84 86 87 88 89 90 92 93 95 96 97 99
50 63 51 52 53 54 55 56 57 58 59 63 64 65 66 68 69 70 71 72 74 75 76 77 78 79 80 81 82 83 84 86 87 88 89 92 93 95 96 97 98 99
51 70 52 54 56 57 58 59 60 61 62 63 64 65 68 69 70 71 72 73 74 75 76 78 79 80 81 82 83 84 85 87 88 89 91 92 93 94 95 96 97 98 99 100
52 132 53 54 56 57 58 60 62 64 65 66 67 69 70 71 72 73 75 76 78 79 80 81 82 83 84 85 87 88 89 90 91 92 93 94 98 99
53 205 54 55 56 57 58 60 61 62 64 66 67 68 69 71 72 73 74 75 76 77 78 81 82 83 84 85 86 87 88 89 90 91 92 93 94 95 96 97 98 99 100
54 64 55 56 57 60 62 63 64 65 68 70 71 72 73 75 77 79 80 81 82 83 85 86 88 90 91 93 94 95 98 99
55 46 56 57 58 59 60 61 62 63 64 65 66 67 69 70 72 73 74 75 76 77 78 79 80 81 82 83 84 85 86 87 88 89 90 91 92 93 94 95 98 100
56 159 59 60 61 62 63 65 66 67 68 69 70 71 72 73 75 76 77 78 80 81 82 84 85 88 89 91 93 94 95 96 97 98 99
57 71 58 59 60 61 62 64 66 67 69 70 71 72 73 74 75 76 78 79 80 81 84 85 87 88 89 90 91 92 95 98 99 100
58 185 59 61 63 64 65 66 67 68 71 73 74 75 76 77 79 81 82 83 84 85 86 87 88 90 91 92 93 95 97 98 100
59 121 60 62 64 65 66 67 68 69 70 71 73 74 75 76 77 78 79 81 82 83 84 85 86 87 89 90 92 93 94 95 97 98 100
60 127 61 62 63 64 65 66 67 68 69 70 71 73 74 75 78 79 80 82 83 84 85 87 88 90 91 92 93 94 96 97 98 99
61 104 63 64 65 66 67 68 69 71 73 75 76 77 78 80 81 82 84 85 86 88 89 90 91 92 93 94 95 98 99 100
62 245 63 64 65 67 68 69 71 72 75 78 81 82 83 85 86 87 89 90 92 93 94 95 98 99 100
63 54 64 65 67 69 70 71 72 74 75 78 79 80 81 82 83 84 85 86 87 89 90 91 92 93 94 95 96 99
64 204 65 66 67 68 69 70 71 72 73 75 76 78 80 81 82 83 84 86 87 88 89 90 91 92 93 94 95 96 97 98 99 100
65 71 66 67 68 69 70 71 72 76 77 78 79 80 82 83 84 85 86 87 88 89 90 91 92 93 94 97 98 99 100
66 1 67 69 70 71 72 73 74 75 76 78 79 81 82 83 84 85 86 87 88 89 90 91 92 93 94 95 98 99 100
67 36 70 71 73 74 75 76 77 78 79 80 81 83 84 85 86 87 88 90 91 92 93 96 97 98 99 100
68 86 69 70 71 72 73 74 75 78 79 80 81 82 83 85 87 88 89 90 91 93 94 95 96 97 98 99 100
69 219 70 71 72 73 74 75 76 77 78 79 80 81 82 84 85 88 89 90 91 92 93 95 96 97 98 99
70 103 72 73 74 75 76 77 79 80 81 83 84 85 86 87 89 90 91 92 93 95 96 97 99 100
71 74 73 74 75 76 77 78 80 81 82 83 84 87 88 89 90 91 92 93 95 96 98 99 100
72 236 73 74 76 78 79 82 83 85 86 87 88 89 91 92 93 94 95 96 97 98 99 100
73 68 74 75 76 77 78 79 80 81 82 83 85 86 87 89 90 91 92 93 94 95 96 97 98 99 100
74 112 76 79 80 81 84 85 87 89 90 91 92 93 94 95 96 97 98 99 100
75 243 76 77 78 79 80 81 83 84 85 86 87 89 90 91 92 93 95 96 97 100
76 45 77 78 79 80 81 82 83 84 85 87 89 90 93 95 98 99 100
77 239 80 81 82 83 86 87 88 89 91 92 93 94 95 96 97 98 99 100
78 184 79 80 82 83 84 85 86 87 88 90 91 92 93 94 95 96 97 98 99 100
79 151 80 81 82 83 85 86 87 88 89 90 91 92 93 95 96 99 100
80 81 81 82 83 84 85 86 89 90 91 92 93 94 97 98 99 100
81 211 83 84 85 88 90 91 92 93 94 96 97 98 99 100
82 194 83 85 86 88 89 90 91 92 93 94 95 98 99
83 100 84 85 86 87 88 89 91 92 93 94 95 96 97 98 99 100
84 25 85 86 87 89 90 91 92 94 97 98 99 100
85 61 86 89 90 91 92 93 94 95 96 97 98 99 100
86 182 87 88 89 90 91 92 93 94 95 96 97 98 99
87 38 88 89 90 91 92 93 94 95 96 99
88 218 89 90 91 92 93 94 95 96 97 98 99 100
89 92 90 91 92 93 94 95 96 97 98 99 100
90 120 91 92 93 94 95 96 97 98 100
91 25 92 94 95 96 97 98 99 100
92 158 93 95 96 97 98 99
93 142 94 95 96 97 98 99 100
94 145 95 96 99
95 84 96 97 98
96 119 97 98 99 100
97 237 98 99 100
98 249 99 100
99 139 100
100 236
