100
1 236 3 5 7 8 12 13 17 19 20 21 29 31 32 33 35 38 39 40 47 48 51 53 55 56 58 61 62 65 67 94 99 100
2 26 7 9 10 12 15 18 23 25 26 30 31 33 34 46 47 51 56 60 61 67 68 69 74 75 76 79 87 91 92 95
3 63 6 10 16 17 19 26 29 31 39 41 42 47 48 51 54 66 74 75 80 81 82 87 88 89 91 95 96 98
4 210 5 10 14 18 19 21 22 23 25 31 36 38 39 47 51 52 53 54 55 60 61 65 66 67 72 76 78 79 83 89 92 96 97 99
5 189 10 11 14 15 21 25 26 40 49 53 55 56 58 60 62 65 68 71 73 82 83 84 85 86 87 88 97 99
6 32 7 17 19 20 27 36 37 40 42 47 49 51 56 64 66 68 76 78 80 81 84 85 86 87 90 91 96 98
7 149 8 10 15 17 18 21 23 29 30 37 46 56 61 62 63 72 74 77 82 87 89 90 93 95 99
8 31 12 13 15 16 24 29 30 31 36 40 41 43 44 49 52 55 57 58 62 66 70 76 80 82 84 86 87 89 94 96 100
9 51 14 18 20 25 27 34 37 38 39 42 44 47 58 59 64 65 71 72 77 79 82 84 86 90
10 33 11 12 13 15 16 17 20 23 24 35 37 38 40 41 43 47 49 53 60 61 64 65 66 68 69 70 71 82 85 87 92 93 94 96
11 228 15 16 18 19 28 35 38 44 45 49 50 52 55 56 57 60 75 78 83 86 90 97 99 100
12 50 17 21 22 24 25 26 28 30 31 35 37 39 40 44 46 49 53 59 61 67 70 75 78 88 90 93 99
13 233 16 22 28 29 36 38 39 41 43 44 45 47 49 53 54 58 60 61 64 68 70 73 76 82 84 90 92
14 236 15 22 25 31 34 36 40 42 49 51 61 62 64 65 79 80 81 82 86 88 89 92 95
15 212 18 19 27 32 33 36 38 43 46 50 52 54 57 58 61 67 76 78 80 81 84 85 89 90 91 93 95 96 99
16 47 17 20 25 27 28 30 33 42 43 45 47 48 54 70 73 79 81 85 87 90 91 94 97 100
17 235 19 26 30 36 37 41 43 52 71 80 81 83 87 88 91 97
18 14 19 20 27 29 32 34 38 40 44 48 59 62 64 71 76 83 89 90 92 94 95 96
19 246 21 23 26 27 28 29 34 43 46 56 58 60 62 65 66 67 79 85 88 90 94 95 96 97 99
20 158 23 27 28 31 33 35 36 38 43 48 49 50 51 53 55 57 61 62 65 75 77 79 89 100
21 34 24 26 29 31 32 33 37 39 41 43 44 49 52 58 60 63 66 68 70 72 73 76 83 87 88 89 93 100
22 137 28 29 31 32 36 39 40 41 42 44 46 50 51 52 53 56 58 61 62 63 64 73 75 76 78 80 81 84 85 90 97
23 53 26 27 33 34 36 37 43 48 53 54 55 56 57 58 59 61 62 65 67 72 75 80 81 82 83 95 97 98 99
24 18 29 33 39 42 47 63 70 75 83 84 88 91 92 93 95 98
25 213 44 46 48 55 57 60 73 74 82 84 98 100
26 41 29 30 35 36 38 39 45 48 49 51 53 60 61 62 65 69 70 89 95 99
27 134 30 33 38 42 43 44 50 52 55 62 79 88 94 97
28 45 30 32 35 39 43 44 45 46 49 59 62 66 68 69 70 75 78 97 100
29 110 33 35 39 44 45 47 48 50 58 65 68 71 75 78 84 86 92 93 94 96 99
30 39 35 38 45 46 52 54 61 68 71 75 79 81 83 95 98 99
31 191 34 38 41 43 45 46 51 60 62 65 66 72 73 74 78 79 81 82 84 90 93 94 98
32 95 36 40 41 43 46 56 64 66 70 71 78 79 85 87 90 92 93 94 97
33 160 40 43 48 50 52 55 57 65 67 70 74 75 87 96
34 209 37 38 40 41 42 43 44 50 64 66 69 73 75 77 83 87 88 89 94 95 99
35 236 37 40 45 49 60 62 66 74 75 80 84 86 88 91 94 95 98
36 30 37 40 43 45 46 54 58 64 66 67 68 72 78 79 85 88 89 93 94 97 98
37 205 38 43 49 54 55 57 60 72 73 74 79 84 88 92 95 97 98 100
38 100 39 41 49 54 55 62 65 66 67 71 72 78 84 91 98
39 246 42 43 45 47 55 56 65 66 67 68 69 79 80 90 94 98
40 160 41 42 47 55 58 60 67 68 69 73 81 84 90 99
41 209 44 53 57 59 65 70 79 82 89 93 94 99
42 20 43 47 48 52 53 56 57 59 60 63 67 70 72 73 77 82 88 90 93 97 98
43 89 44 47 57 58 61 65 68 69 72 82 85 87 89 90 95 98
44 127 45 46 58 61 63 64 66 71 75 76 79 95 97 100
45 137 46 47 48 51 55 57 58 59 60 67 70 73 76 77 78 80 94 98
46 31 51 54 57 62 64 69 71 73 75 77 78 79 83 86 88 93
47 73 52 53 55 56 62 67 73 75 79 80 81 86 89 90 92 94 96 97 99
48 166 49 50 56 58 61 69 74 76 80 87 89 92 93
49 194 51 54 55 56 64 70 74 76 79 81 86 89 94 97 99 100
50 159 52 58 61 64 68 75 81 82 87 93 94 100
51 83 52 55 70 80 83 84 88 91 93
52 84 61 63 64 68 70 75 80 81 83 94 98 100
53 181 56 62 63 65 67 68 72 73 74 78 80 82 83 87 94 96
54 210 62 65 67 71 79 82 86 87 89 93 98 99
55 185 65 66 67 69 74 75 79 83 88 90 93
56 127 57 59 64 70 71 72 73 74 75 76 78 79 82 83 85 90 91 93
57 166 59 62 65 66 67 72 74 76 77 81 84 88 89 90 92 93 97 99
58 187 60 61 68 69 70 74 75 77 80 84 86 87 89 93 94 96 97 98
59 139 61 67 70 71 72 77 78 83 84 91 97 99
60 79 62 64 71 79 80 90 91 95 96 97 98 100
61 226 66 76 81 84 89 94 95
62 201 65 68 74 82 84 85 87 90 91 93 98
63 201 67 70 75 77 78 79 81 85 87 88 89 90 95 96 97
64 19 65 66 70 75 80 81 82 84 94 97
65 198 72 74 76 81 83 88 93 96
66 133 68 69 70 90 95
67 177 69 71 72 77 81 85 87 89 92 93 95 96
68 71 69 75 81 87 91 95 100
69 220 77 85 88 98
70 172 73 74 75 77 79 84 88 92 94 95 97
71 78 78 82 88 89 90 91 99
72 85 78 82 83 84 87 97 99
73 217 74 75 76 77 79 83 88 89 92 96 97 98 99 100
74 246 75 80 83 84 87 88 91 92 93 95
75 116 80 81 82 85 88 89 90 99
76 64 77 84 88 93 97 100
77 143 78 79 83 88 89 93 96 98 100
78 225 81 82 83 85 90 95
79 124 83 84 89 90 96 100
80 49 81 82 84 96 97 100
81 117 83 84 85 87 88 94 96 98 100
82 152 84 87
83 147 90 93 100
84 14 87 88 91 97 99 100
85 13 89 90 91 93 94 95 96 99
86 136 88 91 95 96 98
87 40 89 93 94 96
88 230 93 99
89 155 90 92 96 97 99
90 169 94 96 98
91 49 94 97
92 158 96
93 168 99 100
94 241 95 98 99
95 248 98 99
96 73 99 100
97 131 100
98 23
99 24
100 237
