100
1 116 3 5 7 8 10 12 17 18 19 20 21 25 29 33 35 37 45 46 49 50 55 56 57 59 61 64 66 68 69 70 71 73 74 76 80 83 88 90 91 93 96 100
2 172 5 6 7 8 9 10 16 18 19 20 21 22 23 26 27 32 34 37 39 46 48 50 51 53 54 55 56 60 62 64 65 67 73 74 77 78 81 82 83 84 87 89 92 93 96 98 99 100
3 17 4 6 8 9 11 13 15 17 18 19 20 21 22 23 25 29 30 33 34 36 39 41 46 52 54 55 58 63 65 69 70 71 73 74 77 78 80 81 82 83 84 87 89 93 96
4 168 9 10 11 12 18 19 21 22 33 34 35 38 40 41 44 45 49 58 60 69 71 72 75 80 84 87 88 91 96 97 98
5 110 10 12 13 15 16 21 24 26 27 28 29 33 34 35 36 40 44 45 46 49 50 51 53 54 55 59 62 63 73 74 80 84 88 96 98
6 125 9 10 11 13 14 16 17 23 28 29 32 34 37 39 40 42 50 54 58 60 62 64 66 69 70 75 76 78 79 80 84 86 92 100
7 93 9 11 14 15 17 18 20 22 26 27 28 31 34 36 39 41 48 53 55 57 60 63 68 71 72 77 82 86 87 90 91 93 94 95 96 98
8 168 13 14 18 20 22 23 24 26 28 31 32 36 42 45 49 50 51 52 53 55 56 57 59 62 66 67 68 69 70 71 72 76 78 80 86 88 91 99 100
9 93 11 13 16 17 18 24 25 29 31 32 33 35 37 38 43 46 47 48 49 50 51 58 65 73 76 82 84 85 86 90 91 93 95 96 99
10 233 12 13 16 33 35 36 37 38 39 42 43 44 47 52 53 55 57 60 62 64 65 67 68 69 70 73 76 77 78 84 88 91 97 98
11 104 12 13 17 21 27 32 35 39 41 44 45 46 47 49 50 53 54 55 57 60 61 62 65 66 68 73 75 79 80 81 88 90 94 95 96 99 100
12 134 14 17 19 26 27 28 31 32 33 34 36 37 38 42 47 48 50 53 54 56 57 61 62 68 69 70 71 72 73 75 84 86 92 94 97 100
13 179 15 17 18 20 22 29 34 37 38 40 41 44 45 46 54 58 59 60 61 64 65 73 74 77 82 84 85 87 94 95 97 98 99 100
14 56 17 19 20 22 24 25 27 28 29 37 38 41 45 47 53 54 58 59 60 62 64 68 75 80 81 83 86 88 89 95 96 97 98
15 19 16 21 22 23 24 25 26 31 35 36 37 39 40 43 45 46 47 48 49 50 51 53 58 59 61 64 65 70 74 75 78 79 81 82 83 86 88 91 93 97
16 92 17 19 21 27 32 34 35 40 48 53 54 56 59 65 67 69 72 75 76 81 84 85 90 92 98
17 133 23 25 29 30 31 36 37 39 42 43 44 48 49 50 52 54 57 58 60 61 62 68 69 70 71 79 82 83 84 85 89 91 95 97 99
18 167 19 28 29 31 34 35 36 44 49 51 53 61 63 70 72 74 75 76 78 79 80 81 82 85 89 91 96 98 99
19 153 20 23 28 29 33 35 36 38 41 47 48 55 57 61 63 64 66 68 74 75 77 78 79 80 82 87 89 95 97 98
20 119 21 22 23 24 25 26 27 28 30 32 34 36 39 40 43 44 47 49 50 52 56 57 58 59 60 61 62 63 69 70 71 72 73 74 77 78 79 87 90 96 100
21 19 23 30 31 32 34 39 40 48 54 59 62 63 66 67 69 70 71 75 77 78 79 85 87 90 91 93 97
22 102 24 27 29 30 33 36 39 43 45 46 50 56 60 65 70 75 78 86 87 89 92 96 100
23 101 24 26 27 29 30 32 33 37 38 41 42 48 50 51 52 54 55 59 61 62 68 69 72 73 74 76 78 83 85 86 89 90 93 94 95
24 207 26 27 31 32 34 37 40 44 47 51 54 55 60 64 65 67 77 78 81 84 86 88 89 93 94 95 97 98 99 100
25 156 28 30 34 36 42 44 46 52 55 57 58 60 62 66 70 73 74 78 79 81 82 87 88 89 99
26 140 30 33 35 36 39 41 48 52 53 54 57 58 59 69 71 72 75 76 77 86 89 90 91 95 96 98
27 167 28 30 31 32 33 35 36 39 41 43 44 49 50 51 52 53 55 57 58 62 64 68 72 74 75 81 84 85 86 87 88 89 92 94 95 96 98 99
28 128 29 31 32 34 35 36 37 39 43 46 47 49 50 54 58 61 66 67 69 70 73 76 78 79 80 81 86 87 88 89 92 95
29 50 30 34 37 38 39 41 42 45 49 50 52 55 57 58 62 66 68 72 74 76 78 79 81 83 89 92 93 95 98
30 184 31 33 34 37 40 41 46 47 48 50 52 56 57 61 63 65 67 71 76 77 81 85 89 92 93 94 99 100
31 19 35 38 39 40 42 43 45 46 47 58 59 61 62 64 69 72 74 76 79 81 83 84 85 89 91 93 97
32 133 37 38 46 51 55 65 70 72 75 76 77 78 79 81 82 88 95 98
33 74 34 37 38 42 43 50 54 56 57 62 64 67 68 69 75 76 77 80 82 87 89 90 91 94 95 96 97 99
34 111 35 37 39 40 42 45 49 50 56 58 59 61 62 64 66 67 68 70 71 76 77 78 79 85 90 91 93 96
35 160 44 47 48 49 50 51 54 56 58 59 60 62 63 64 66 67 70 72 76 78 80 83 85 90 92 95 97 98 99
36 175 37 38 39 40 45 46 51 52 59 63 70 74 75 76 77 78 83 86 88 89 92 93 95 99 100
37 77 38 39 41 44 45 47 51 52 53 63 66 68 69 75 78 80 82 85 91 92 95 96 97 100
38 106 43 44 46 47 50 51 52 57 60 62 65 66 67 73 75 76 78 83 86 87 88 91 95 99
39 214 40 46 48 49 50 51 52 53 55 57 58 59 60 61 62 67 77 79 85 86 88 90 93 96 99 100
40 236 41 47 52 54 58 59 61 63 64 66 72 74 76 79 81 85 86 87 92 93 97 98 100
41 204 42 50 56 57 61 65 66 68 69 70 74 76 77 81 83 85 86 87 89 90 91 93 95 96 97
42 111 45 49 51 52 54 62 64 67 68 71 72 74 78 84 85 86 88 95 98
43 103 45 46 49 51 52 54 55 58 63 64 70 74 75 76 78 80 82 87 89 90 92 93 94 98
44 181 45 46 47 48 49 51 56 57 64 65 69 72 77 79 85 87 88 91 93 94 95 98
45 89 47 52 54 56 59 60 61 65 66 67 69 70 79 83 84 86 89 91 96 100
46 149 47 49 50 52 62 63 64 67 70 75 77 80 81 82 83 84 87 88 89 92 93 97 98 100
47 105 48 50 53 55 56 57 62 64 69 71 72 73 76 77 80 82 87 90 92 95
48 239 53 56 57 60 61 64 66 69 70 71 73 77 82 84 85 89 91 93 96 99
49 212 54 55 57 61 62 64 65 68 69 71 73 77 81 83 85 88 90 91 93 95 97
50 156 52 54 55 59 64 66 69 74 75 78 81 82 83 84 85 87 93 97 100
51 155 52 53 56 60 62 63 66 67 70 71 76 77 78 79 80 86 89 91 92 93 95 99 100
52 29 55 56 57 58 59 60 63 64 70 81 82 88 89 92 93 99 100
53 92 55 58 61 66 67 70 75 77 79 82 83 87 93 94 98
54 71 57 58 59 60 61 63 68 70 71 73 76 77 78 80 82 85 86 90 97 99
55 82 57 58 63 64 65 68 70 72 74 81 82 84 85 87 88 89 92 95 100
56 224 57 58 59 62 64 68 71 77 82 83 84 87 89 91 93 96 98 100
57 85 58 59 60 61 62 68 77 78 80 84 87 88 89 92 99 100
58 81 59 61 64 65 66 68 71 72 73 79 84 90 91 93 98 99
59 179 67 68 69 71 72 75 76 78 81 83 85 89 90 92 93 95
60 27 65 66 69 72 73 74 78 79 83 85 89 95 98 99 100
61 225 62 64 65 67 69 70 75 79 82 83 84 86 87 90 93 95 96 97 99 100
62 14 64 66 67 75 77 79 83 84 86 88 89 91 92 93 94 95 96 98 99 100
63 37 64 66 68 69 71 72 76 78 81 84 85 87 89 93 94 96
64 51 66 68 70 75 76 83 86 89 91 92 94 95 96 99 100
65 134 66 67 68 69 70 72 73 75 80 81 83 84 90 91 92 96 97 100
66 25 68 69 70 73 76 78 80 81 83 86 90 100
67 34 68 69 75 77 79 81 82 83 87 89 90 92 93 95 97
68 27 72 73 74 78 79 81 84 85 86 97 100
69 156 70 71 74 75 76 78 79 83 85 87 88 89 90 91 93 94 95 96 97 98
70 71 76 79 80 84 86 91 93 99
71 174 78 86 87 91 92 95 97 99 100
72 178 74 80 82 90 91 94 95 99
73 33 76 78 79 84 86 90 93 96 99 100
74 71 75 78 79 82 84 85 86 90 94 95 99 100
75 150 76 82 83 85 91 94 95
76 196 79 80 85 86 87 91 92 93 95 96 98 100
77 4 80 82 83 84 88 89 92 93 94 97 98 100
78 250 80 81 85 86 87 89 90 92 94 95 96
79 96 80 84 86 87 88 90 91 93 96 99 100
80 138 82 83 85 89 92 95 96 97 99 100
81 137 85 86 87 88 90 93 95 98 99
82 47 83 84 85 87 90 92 95 97
83 133 84 85 86 90 92 93 97
84 201 87 88 90 92 94 99 100
85 52 88 91 95 100
86 106 87 89 90 94 96
87 184 89 94 95 98 99 100
88 175 90 91 95 97 98 100
89 76 95 97 100
90 225 91 92 94 96 97 99
91 158 92 93 94 95 100
92 44 96
93 236 95 96 97
94 19 95 96 99 100
95 243 96
96 31 98
97 142 98 99 100
98 186 99 100
99 132
100 53
