100
1 142 3 5 6 12 13 15 16 18 21 23 26 28 30 31 32 33 34 35 36 39 41 42 44 45 46 47 48 49 51 54 57 58 60 61 63 64 66 67 70 73 76 78 84 85 87 89 91 92 94 95 96 98 99 100
2 87 3 6 8 11 13 14 18 19 20 22 24 26 27 28 30 31 32 33 34 36 38 39 41 44 46 48 50 51 52 53 55 58 60 61 65 66 69 75 76 77 79 80 83 84 86 88 91 92 93 94 96 97
3 112 5 6 7 8 9 11 17 18 23 24 27 30 31 34 35 39 41 45 46 48 53 55 56 58 60 61 63 64 65 67 68 69 70 71 73 75 78 79 80 81 82 83 84 86 87 89 90 92 94 95 98 100
4 147 6 7 8 9 13 14 15 16 19 21 22 24 25 26 28 30 34 35 36 41 42 48 49 50 51 52 57 58 60 61 63 64 65 66 67 68 69 74 75 76 77 80 81 82 83 86 88 90 91 95 96 97
5 15 6 7 9 10 11 12 14 15 17 18 19 22 23 26 28 29 30 33 35 36 37 38 41 46 47 50 51 55 56 58 59 60 62 64 66 67 68 70 71 74 77 78 79 80 81 86 87 88 89 90 91 93 94 95 96 97 98 100
6 229 7 10 16 18 21 22 23 24 25 26 27 28 29 30 36 37 38 40 41 42 44 45 47 49 51 52 53 55 56 57 60 61 62 64 65 66 67 68 69 70 71 73 74 76 77 79 80 81 82 84 86 89 90 91 93 96 97 100
7 63 8 9 11 12 13 16 17 19 20 21 22 23 24 25 26 27 29 33 35 37 39 43 45 46 47 49 51 52 55 56 57 59 61 62 63 67 68 69 70 73 74 75 77 79 80 81 83 86 88 89 90 91 93 94 97
8 202 11 12 13 14 18 23 25 26 29 31 32 33 35 38 40 43 44 45 46 47 48 49 52 53 54 55 57 60 63 65 66 67 71 72 73 74 75 76 77 80 81 82 85 88 89 91 93 94 95 97 98
9 19 10 12 13 14 16 17 18 27 30 31 32 36 37 39 40 41 42 43 44 46 48 49 50 51 53 54 55 57 59 60 61 65 66 67 71 72 73 76 77 78 80 81 82 83 84 86 91 92 95 98 99
10 26 11 12 13 14 19 20 21 22 25 28 30 31 32 36 38 42 43 45 47 48 50 51 52 53 54 57 58 59 61 63 64 65 66 67 68 69 70 72 76 78 79 82 83 85 86 87 91 92 95 96 100
11 26 12 13 14 15 16 17 19 20 21 22 23 24 25 30 32 34 36 37 39 40 43 48 49 50 51 53 56 58 61 63 64 65 66 67 69 71 72 73 74 78 79 81 82 83 84 85 88 91 92 93 96 97 98 99
12 138 15 16 17 18 19 22 23 24 26 28 31 35 36 37 39 40 41 43 46 47 48 49 50 52 54 55 57 58 60 61 64 66 67 68 70 72 73 74 75 76 77 78 82 84 85 86 88 89 90 91 95 96 97 98 99 100
13 76 15 16 17 19 21 23 26 27 30 31 35 36 37 38 40 42 44 45 46 48 49 50 51 52 54 56 57 62 63 65 66 68 70 71 72 73 75 76 77 78 79 80 81 82 83 84 85 86 87 88 92 93 95 96 99 100
14 247 15 16 18 25 26 27 30 31 32 34 38 39 40 41 44 45 46 49 50 51 52 53 55 56 57 58 59 61 62 63 64 66 69 72 73 74 76 77 81 82 83 84 85 86 87 89 90 91 92 99 100
15 236 18 21 23 25 28 30 37 38 39 42 43 44 45 48 51 52 54 55 59 60 61 62 65 66 69 71 74 75 76 78 82 84 85 86 87 88 89 90 91 92 94 95 97 99 100
16 250 18 21 22 24 25 28 31 35 37 38 40 41 45 46 48 49 53 55 57 58 59 60 61 62 63 64 68 70 71 72 73 74 77 78 80 84 85 86 90 91 92 93 95 96 97 98 99 100
17 169 19 21 22 24 25 28 29 30 31 35 36 38 39 40 41 42 43 45 46 49 50 52 53 55 56 58 60 61 62 65 72 73 74 77 80 81 82 83 85 86 87 88 90 91 92 95 96 97 98 99
18 204 19 20 22 24 27 28 30 32 33 34 36 37 38 41 42 43 46 47 48 49 51 52 53 54 59 60 63 64 68 70 73 74 75 76 78 79 81 82 83 84 87 88 89 92 93 96 98 99 100
19 92 21 23 24 25 26 30 31 32 33 35 40 41 42 43 44 45 46 47 49 50 51 52 53 54 56 57 58 60 61 63 64 65 66 67 70 71 72 73 74 75 78 79 81 82 83 86 88 94 97
20 223 23 24 25 26 27 30 31 32 36 38 39 40 41 46 47 48 50 51 52 53 54 55 57 58 59 60 61 62 65 66 67 69 70 73 74 75 78 79 80 82 83 84 85 86 87 89 91 93 94 96 97 99
21 235 22 23 24 26 27 28 31 34 36 39 40 42 44 47 48 50 54 55 56 58 59 60 61 62 63 65 67 69 72 73 74 75 76 77 79 81 83 86 91 93 94 95 96 97 98 100
22 239 24 25 28 29 30 31 35 38 40 41 44 46 47 48 50 52 53 55 57 59 62 63 64 66 67 68 74 77 79 80 81 83 84 88 90 91 92 93 94 96
23 219 24 25 26 28 29 31 32 33 37 39 41 42 43 44 45 47 49 51 52 53 55 58 60 61 63 67 68 71 74 75 76 79 82 83 84 85 88 89 91 92 94 95 99 100
24 92 25 28 30 34 36 39 41 42 44 46 47 49 50 52 53 55 56 59 61 62 63 64 65 66 68 70 71 72 73 74 78 84 85 89 90 91 92 93 94 95 97 98 99
25 57 26 27 28 30 33 34 35 36 40 45 46 47 48 49 50 51 52 54 55 56 57 58 59 61 62 63 64 65 66 67 68 69 74 75 76 78 79 80 82 84 85 86 87 88 91 94 96 97 99 100
26 214 27 30 31 32 33 35 36 37 38 41 42 43 45 46 47 48 52 53 54 56 57 59 60 61 62 63 65 67 69 71 75 77 78 80 81 82 85 86 87 89 90 91 97 100
27 37 30 34 36 40 42 43 44 45 46 47 51 52 53 54 55 57 58 59 60 64 66 67 68 73 74 75 76 78 79 80 82 83 87 88 90 91 92 93 94 95 98 100
28 196 30 32 33 34 35 36 37 39 42 44 46 47 48 50 51 53 55 56 57 58 61 62 63 64 65 66 67 69 73 75 77 78 79 82 83 84 85 86 87 88 90 93 95 97 99 100
29 187 30 31 32 34 35 36 39 40 42 44 47 51 52 53 54 55 57 58 60 61 62 69 70 71 73 76 77 78 80 82 83 84 87 88 90 91 92 93 94 95 97 98 99
30 132 35 37 40 43 44 45 49 50 53 56 57 58 59 60 61 62 65 66 67 70 71 72 73 76 80 82 83 85 86 87 91 93 94 95 97 98 99 100
31 186 33 37 39 43 44 45 46 47 49 51 52 53 54 57 59 60 61 63 65 66 67 68 69 70 71 72 73 76 78 79 80 81 82 85 86 88 91 92 93 95 96 97 98 100
32 62 33 34 36 37 38 43 44 47 48 50 51 55 58 60 66 67 70 71 76 77 78 80 81 84 85 86 89 90 91 93 94 96 97 98 99
33 85 34 36 38 40 41 42 43 45 46 49 51 52 54 56 59 65 66 67 68 69 70 71 73 74 76 77 78 79 80 82 83 84 85 87 88 91 96 97 99
34 138 35 37 38 39 41 43 44 45 46 47 48 49 50 53 54 55 56 58 60 61 62 64 65 66 67 69 72 73 75 80 82 84 85 86 87 88 89 91 92 93 95 96 97 98
35 36 36 37 38 40 41 44 47 48 50 51 53 54 55 56 57 59 61 62 64 66 67 70 71 73 74 75 76 77 78 80 86 87 89 91 92 93 95 97 98 99 100
36 35 42 43 44 46 49 50 51 52 57 62 64 65 67 68 69 71 72 73 75 77 78 79 80 81 83 84 87 89 90 91 96 97 98 99 100
37 237 38 39 40 41 42 44 45 46 47 48 49 50 51 53 55 57 58 59 60 61 62 63 65 66 67 68 71 72 75 77 78 79 81 82 83 84 86 88 92 93 94 95 97 99 100
38 56 39 40 41 43 44 47 48 55 56 57 59 62 64 65 66 67 68 69 70 71 72 75 77 79 82 85 86 89 92 95 96 97 98 99 100
39 120 40 41 44 45 46 48 49 50 53 54 56 57 58 60 64 65 66 67 69 73 74 75 77 81 82 84 85 87 88 89 90 91 93 96 98 99
40 117 42 43 44 45 50 51 52 53 54 55 56 58 59 61 62 68 69 70 71 73 74 75 77 79 80 83 84 86 87 88 89 92 93 99 100
41 197 42 44 47 49 50 51 53 54 56 57 58 60 62 65 66 71 73 75 80 81 82 83 84 85 86 87 88 89 91 92 93 94 95 96 97 98 99
42 196 44 45 49 50 51 52 54 55 58 60 61 62 63 64 65 69 70 72 73 74 76 77 78 83 84 86 87 88 89 90 92 96 97 99 100
43 243 46 47 48 49 50 52 53 54 55 56 57 60 61 63 66 68 70 72 74 76 77 79 80 81 82 83 84 85 86 87 88 89 90 92 93 95 96 98 99 100
44 64 45 47 50 52 53 57 58 59 61 62 64 65 68 70 71 72 73 75 77 79 80 82 83 84 85 87 88 90 91 92 94 95 97 100
45 55 46 47 50 52 55 56 58 59 60 64 66 69 72 73 74 75 77 78 79 80 81 83 85 87 88 89 90 92 94 95 96 99 100
46 76 47 48 49 50 53 56 57 58 59 62 63 65 66 67 69 71 75 76 77 78 80 81 83 85 87 88 89 90 93 98 100
47 96 48 51 53 56 61 62 64 66 67 68 70 71 73 78 79 80 81 82 83 85 86 87 88 89 90 92 94 95 96 97 98 100
48 201 49 53 54 55 58 59 61 62 65 68 69 70 72 73 74 75 78 79 82 83 84 85 87 88 94 96 97 98 100
49 31 51 53 55 62 63 64 65 66 69 70 71 73 75 80 81 82 83 86 87 88 89 93 94 95 96 97 98 99
50 68 51 55 56 60 61 65 68 69 73 75 76 78 79 80 81 83 85 86 87 92 94 96 97 98 100
51 101 53 54 55 57 59 60 61 62 64 65 67 68 69 71 72 73 74 76 77 78 80 81 83 84 85 86 87 88 91 92 93 94 98 99 100
52 23 55 56 57 58 59 60 61 65 66 68 69 72 73 74 76 77 79 82 83 85 86 87 88 90 92 93 94 96 98 99
53 211 56 57 58 59 60 61 65 66 67 68 69 75 76 78 79 81 82 84 85 86 87 90 91 93 96 97 98
54 87 57 58 60 63 68 69 70 73 74 75 76 77 78 79 80 81 83 84 87 89 90 94 96 98 99 100
55 115 56 58 60 62 64 66 67 69 70 73 74 75 76 78 81 85 86 87 89 91 92 94 95 96 97 98 99 100
56 20 58 60 65 70 72 75 78 79 81 82 85 86 87 88 89 91 92 95 97 98 100
57 94 59 60 61 62 63 64 66 67 73 74 77 79 80 82 83 85 86 90 92 93 96 99
58 107 61 63 64 65 66 68 69 72 74 75 79 80 83 85 86 88 91 93 94 97 98 100
59 180 60 61 62 63 65 67 70 71 72 73 74 75 77 80 82 83 84 85 86 90 92 97 98 100
60 53 61 62 64 66 70 71 72 74 75 77 79 81 82 87 92 93 96 98 99
61 245 62 63 64 67 68 69 70 71 72 74 78 80 81 86 87 88 89 90 91 92 93 96 97 98 99 100
62 107 66 67 68 69 73 74 77 78 79 80 81 82 83 84 86 87 88 89 90 91 92 93 95 96 97 98 99 100
63 207 64 65 67 72 73 76 80 83 84 85 87 89 90 91 92 93 97 100
64 226 65 66 68 69 70 71 75 76 77 78 79 80 81 84 85 86 87 89 90 91 92 97 99
65 216 66 67 68 71 81 82 83 84 87 89 90 91 93 96 98 99
66 222 67 68 69 70 71 74 76 78 79 81 82 83 86 87 88 90 91 92 93 94 99 100
67 49 68 69 70 73 74 76 77 78 80 84 93 94 97 99
68 71 70 71 72 73 75 78 79 81 84 91 92 93 95 100
69 15 77 79 80 82 84 85 86 88 91 92 93 94 97
70 235 71 72 73 74 75 77 78 79 81 82 83 85 87 88 89 90 92 93 95 97 98 100
71 70 73 74 77 78 80 82 84 86 87 88 89 90 93 94 95 96 98
72 246 73 74 76 81 86 87 90 91 95 96 98 99
73 47 75 76 77 80 83 86 87 92 94 96 97 100
74 152 76 77 79 80 84 86 89 92 95 98 99
75 185 76 77 79 81 85 86 88 90 91 92 93 95 96 97 98 99 100
76 63 78 80 81 82 83 85 86 87 88 90 92 93 97 98 99
77 72 78 79 80 81 83 84 86 88 90 91 92 94 95 99
78 9 79 80 82 85 86 87 88 89 90 92 95 96 97 99 100
79 234 81 82 83 84 87 88 90 92 93 99 100
80 36 83 84 87 89 90 93 94 95 96 99
81 71 82 83 86 87 88 92 96 97 98 99 100
82 160 83 85 87 88 91 92 93 94 97 98 99 100
83 149 84 85 86 88 89 91 92 94 96 97 98
84 35 85 86 88 90 92 94 98 100
85 81 86 88 91 93 95 96
86 177 87 88 89 90 91 92 93 95 97 98
87 21 88 89 90 91 92 93 94 96 97 99 100
88 222 91 93 95 96 97 98
89 159 91 93 94 95 96 99
90 127 92 99 100
91 58 92 96 97 98 99
92 108 94 95 96 98 99 100
93 2 94 95 96 98 100
94 111 95 98 100
95 15 96 97 98 99 100
96 158 97 98
97 154
98 53
99 82 100
100 31
