100
1 236 4 5 6 8 10 11 14 21 23 25 26 27 31 34 39 41 45 46 47 48 49 51 52 57 59 61 62 63 68 69 70 71 72 77 78 80 84 86 90 92 93 96 98
2 26 3 10 11 12 13 16 17 20 21 23 24 25 28 30 32 35 38 40 42 45 46 47 48 52 56 57 58 60 65 66 68 69 71 73 74 76 77 78 82 84 86 88 89 94 96 98 99 100
3 63 4 5 7 8 9 11 13 14 19 21 23 24 27 30 33 34 36 38 39 40 42 43 44 45 47 48 52 54 55 56 57 59 60 61 62 64 66 69 71 72 73 74 75 76 78 81 84 85 86 88 90 93 96 98
4 210 5 7 8 10 11 13 15 18 19 22 24 26 27 28 32 34 38 40 44 46 48 52 54 57 58 61 64 71 72 73 79 84 86 87 89 91 93 96 97 100
5 189 9 10 11 12 13 14 15 17 18 19 20 21 30 31 34 36 37 40 42 43 45 46 47 48 50 52 54 55 56 58 59 60 61 63 65 66 69 70 72 75 76 77 78 85 88 89 92
6 32 8 9 10 16 17 19 20 23 25 26 29 33 35 37 39 40 41 44 46 49 54 55 57 58 60 64 65 66 69 72 73 83 85 86 87 89 90 91 94 99 100
7 149 9 11 12 13 14 17 18 21 24 25 28 29 30 31 32 34 35 36 38 39 40 43 44 49 53 56 59 61 64 68 70 82 84 85 86 87 88 89 91 94 97
8 31 10 11 14 16 19 20 24 27 29 31 34 35 36 39 40 41 43 48 50 51 52 54 55 58 59 65 66 67 69 71 73 74 75 76 77 78 82 85 86 89 91 92 94 95 97 98 99 100
9 51 10 11 16 17 19 20 23 25 28 30 32 33 36 41 43 45 47 49 50 54 56 60 63 64 65 66 67 68 69 70 71 74 76 77 78 79 80 83 84 86 87 90 92 94 96 98 99 100
10 33 13 14 15 16 19 20 22 23 26 27 28 30 34 35 36 37 38 39 43 45 46 48 49 50 51 54 55 57 58 60 61 62 63 64 66 68 69 72 74 77 78 79 82 83 85 86 87 88 90 92 93 96 97
11 228 13 14 15 21 22 25 26 27 30 31 32 33 35 36 37 38 39 40 41 42 43 45 49 50 51 53 54 59 62 65 67 72 75 78 81 82 83 86 88 91 92 94 95 97 98 99 100
12 50 15 16 18 22 24 28 30 33 34 39 40 41 42 44 45 46 47 48 51 52 55 58 60 61 62 65 66 67 68 69 71 72 73 74 75 76 82 84 88 89 94 95 97 99 100
13 233 14 15 17 19 20 21 22 24 25 28 29 30 34 39 40 41 42 43 44 47 48 49 52 53 55 56 58 61 64 67 71 76 79 80 81 85 86 87 88 89 93 94 95 97
14 236 15 17 18 19 21 23 24 26 27 28 29 30 31 33 34 37 38 39 40 41 44 46 47 48 49 50 51 52 54 56 57 60 61 62 64 66 67 69 72 73 74 76 78 80 82 83 84 87 88 90 91 94 95 96 99 100
15 212 17 20 21 26 29 30 31 32 35 37 38 39 42 44 47 48 49 50 51 52 54 55 58 60 61 62 64 65 68 71 73 77 79 81 82 85 86 90 91 94 95 97 98
16 47 19 23 24 26 28 29 30 31 32 33 34 35 36 38 41 43 46 50 54 55 57 59 61 64 65 67 75 77 78 81 82 87 91 96 97 100
17 235 19 21 22 23 24 25 26 27 29 31 33 40 41 42 46 48 49 53 54 55 57 58 63 65 67 68 72 73 76 78 79 80 85 88 92 93 96 100
18 14 20 22 23 24 25 27 32 33 34 36 39 40 41 42 45 46 47 49 51 57 59 62 63 64 65 66 68 69 72 73 74 76 78 80 82 84 85 86 87 89 98 99 100
19 246 21 23 24 25 27 28 30 31 32 33 34 35 36 37 39 41 42 44 45 46 47 48 49 50 51 57 58 60 62 63 64 65 66 69 73 75 77 78 83 84 86 89 91 93 94 96 99
20 158 21 23 24 25 26 27 28 31 33 34 35 37 39 40 41 46 53 57 58 65 66 68 70 71 74 75 76 77 78 79 80 81 88 92 93 96 97 99 100
21 34 24 26 27 28 29 30 31 32 34 38 39 43 44 46 50 51 55 56 58 60 61 67 68 69 71 74 75 80 81 82 83 85 86 87 90 91 92 94 95 97 99 100
22 137 23 28 31 34 36 38 39 42 44 45 46 49 51 54 59 60 64 65 68 69 70 72 73 76 78 79 85 86 87 88 89 94 95 96 99
23 53 24 25 27 31 36 39 40 45 46 50 51 52 54 56 60 61 62 69 70 71 77 78 80 81 82 85 87 94 98 99
24 18 25 29 30 31 32 35 36 40 41 44 46 48 50 51 53 57 59 62 63 65 67 68 69 75 76 77 78 79 84 87 88 90 91 92 93 95 96 97 98 99 100
25 213 26 27 28 30 31 33 35 36 37 39 43 45 46 50 52 54 55 59 61 62 63 65 66 72 74 75 77 78 80 81 82 83 85 86 87 89 90 92 95 97 98 100
26 41 27 28 29 31 33 35 37 39 40 43 45 46 51 55 61 62 64 67 69 72 74 75 77 80 81 84 85 87 88 90 92 96 97 99 100
27 134 32 35 36 38 42 43 45 46 51 52 55 57 58 59 60 62 64 67 70 72 74 76 77 79 81 84 85 86 88 89 90 92 94 97
28 45 29 31 32 35 37 39 40 43 44 45 46 48 49 50 51 52 54 59 61 62 63 65 67 68 69 73 74 77 78 81 82 88 89 90 91 92 96 98 99 100
29 110 31 33 37 39 40 42 44 45 48 49 50 52 53 54 56 57 59 60 61 65 68 71 73 75 77 78 79 81 82 83 85 86 87 88 92 93 94 96 98 99
30 39 31 34 36 38 41 44 46 48 49 50 52 53 54 55 58 61 64 65 67 68 69 71 72 74 76 78 83 86 87 88 89 91 93 95 96 98 99 100
31 191 32 33 40 41 42 45 48 50 52 53 55 56 58 59 61 62 63 65 66 68 69 72 77 78 79 83 89 90 92 93 94 96
32 95 35 36 40 41 42 43 44 45 46 47 48 51 52 54 55 58 59 60 62 63 64 65 70 73 76 77 78 79 80 81 83 84 88 90 94 95 96 99 100
33 160 34 35 37 38 39 40 41 42 43 44 45 48 49 51 53 54 55 57 58 59 60 63 66 68 71 73 75 76 80 81 86 87 92 93 96 97
34 209 38 39 40 41 42 43 44 45 46 48 51 52 56 58 59 60 61 64 65 71 74 75 78 80 85 87 89 91 92 96 97 98 100
35 236 36 37 41 43 44 52 53 54 57 61 62 64 65 66 69 70 72 74 77 79 82 83 86 87 88 89 90 92 95 96 98 99
36 30 37 38 40 41 43 45 50 53 54 55 56 59 60 62 65 66 67 74 76 77 78 79 81 85 86 87 90 96 99
37 205 40 43 45 48 49 50 51 52 53 55 56 58 63 64 68 72 74 75 77 78 81 82 83 85 86 87 88 90 92 95 96 97 98
38 100 39 42 43 45 46 48 49 51 52 53 54 57 58 60 62 64 66 68 69 71 72 74 76 77 80 81 82 83 86 87 88 90 91 92 98
39 246 43 44 45 46 49 50 51 52 53 56 58 65 66 67 70 71 72 73 74 75 76 79 82 84 87 89 90 92 93 94 95 97 99 100
40 160 42 43 44 48 49 51 56 57 58 59 60 61 62 63 65 66 68 70 72 77 84 85 86 87 89 91 92 96 99 100
41 209 43 44 47 48 51 54 55 56 57 59 65 69 70 71 75 79 80 81 83 86 90 91 92 94 96 97 98
42 20 43 46 48 51 55 56 58 59 65 70 75 78 79 82 83 84 85 88 92 96 97 98 99
43 89 45 46 47 48 50 51 54 56 57 58 59 60 61 62 63 65 66 67 68 70 71 73 74 76 77 78 81 82 83 89 92 94 95 98 99 100
44 127 45 46 47 48 50 51 52 54 56 57 60 63 65 66 67 71 72 74 75 76 81 83 84 85 86 89 91 92 94 95 98 100
45 137 46 47 49 52 56 58 59 60 61 62 63 72 77 80 81 82 84 85 89 93 94 95 96 97 99
46 31 47 48 49 50 52 53 54 56 57 58 59 63 64 68 69 70 71 72 74 75 76 77 78 79 83 87 89 93 94 97 98
47 73 48 49 50 52 55 57 58 59 60 64 68 69 70 71 72 73 74 77 78 80 81 82 85 86 87 88 93 94 95
48 166 50 52 53 57 59 60 61 64 66 68 71 75 76 78 80 82 88 89 91 93 97 99
49 194 50 54 57 58 60 63 64 68 74 75 77 79 80 83 84 85 86 87 88 89 90 93 95 96 100
50 159 54 55 56 58 59 60 63 68 70 71 73 75 76 80 81 82 83 86 89 90 95 98 99 100
51 83 52 53 54 55 56 58 59 61 63 65 68 73 74 77 78 79 80 83 84 85 86 91 92 95 96 98 99 100
52 84 54 56 58 64 65 68 74 77 80 83 90 92 94 95 98
53 181 54 55 56 57 61 62 63 64 65 68 71 72 75 76 79 82 83 85 88 89 90 91 92 93 95 97 98 100
54 210 55 56 57 58 61 67 69 70 72 75 78 79 81 82 84 85 87 88 89 90 92 100
55 185 58 61 65 66 69 73 75 76 80 94 95 97 99
56 127 58 59 60 67 69 70 72 73 81 82 83 85 90 92 93 95 97 98 100
57 166 58 59 61 68 70 71 72 73 76 77 78 80 81 82 83 84 85 86 87 88 89 90 96 97 100
58 187 61 62 64 65 66 67 69 70 71 74 75 80 81 82 83 84 85 87 88 90 96 100
59 139 62 63 64 65 66 68 69 74 75 76 78 80 82 83 85 86 91 92 94 96 98 99
60 79 64 67 68 70 75 77 78 80 81 82 84 86 88 90 92 95 96 98 99 100
61 226 63 66 72 73 74 75 77 83 88 90 95 98 100
62 201 67 70 71 74 79 82 83 84 86 87 91 92 95 96 97 98
63 201 65 70 72 73 76 77 79 80 81 84 86 88 89 90 91 92 93 94 95 98
64 19 66 67 69 70 72 74 75 76 77 78 81 86 89 91 92 93 95 97 98 99 100
65 198 66 69 71 73 77 78 79 81 82 83 87 88 92 93 94 98 99 100
66 133 70 71 72 75 77 78 82 86 96 98 99 100
67 177 69 71 72 74 76 77 78 79 80 82 83 90 91 92 94 95 96 99 100
68 71 70 74 75 76 79 80 81 83 85 86 87 90 91 92 93 96 98
69 220 72 74 75 76 77 78 79 81 85 87 92 94 95 96 99 100
70 172 74 76 78 81 82 83 84 85 88 89 90 93 98 99
71 78 72 74 75 77 78 79 80 82 83 86 87 89 94 95 96 98 100
72 85 73 76 77 79 84 85 86 88 89 91 93 96 97 99
73 217 74 75 76 77 79 87 88 89 93 95 97 98
74 246 75 76 77 78 82 84 85 86 89 90 92 94 95 96 97 100
75 116 76 78 80 82 83 87 91 93 94 96 97 98 99
76 64 78 80 83 86 89 90 91 94 96 98
77 143 78 79 80 89 91 95 96 100
78 225 79 82 84 85 87 89 95 96 98 99
79 124 80 85 87 90 92 96 97 98
80 49 82 83 85 89 92 96 98 99
81 117 82 83 84 85 87 88 89 90 93 96 100
82 152 84 85 88 89 90 91 93 94 98 99 100
83 147 84 86 87 89 90 91 92 93 94 95 98 99 100
84 14 86 88 92 93 94 95 98
85 13 86 87 90 92 93 97 98
86 136 92 93 95 96 99
87 40 88 89 91 93 96 97 98 100
88 230 91 92 93 95 97 99 100
89 155 92 93 94 98 100
90 169 92 94 96 100
91 49 92 94 97
92 158 95 96 100
93 168 95 96 97 99
94 241 97 99
95 248 97 98 99 100
96 73 99
97 131
98 23 99 100
99 24 100
100 237
