100
1 116 11 17 33 34 45 52 54 56 86 90
2 172 6 11 12 15 19 22 27 28 39 46 48 49 54 57 73 76
3 17 4 8 10 15 21 28 38 49 65 73 74 88 89 99
4 168 6 17 35 44 52 76 77
5 110 6 17 25 43 82
6 125 12 37 73 78 87 88 98
7 93 14 21 30 51 55 62 74 95 99
8 168 21 23 30 32 41 63 81 89
9 93 16 26 32 45 52 54 63 80 87 88 90 95 96 98
10 233 19 29 44 52 57 72 92
11 104 13 25 31 44 46 52 56 62 67
12 134 42 67 79 80 90 100
13 179 22 29 37 43 44 53 56 63 78 85 97 100
14 56 31 35 36 45 47 56 72 84 86
15 19 21 30 45 67 78 85 92 95
16 92 21 45 65 67 81 90 95
17 133 21 22 24 31 40 42 43 57
18 167 19 41 43 48 69 73 79 83 86 96 100
19 153 39 54 64 70 81 87 100
20 119 35 36 37 44 69 81
21 19 24 39 44 56 63 97
22 102 26 30 47 63 77 83 99
23 101 26 40 46 57 79 82 90 94 97
24 207 30 51 62 67 99
25 156 35 36 50 53 69 79 84
26 140 27 44 45 62 87
27 167 36 44 46 48 50 53 74 92 95
28 128 36 37 40 43 54 61 63 95
29 50 43 49 61 91 94
30 184 52 53 59 75 97
31 19 37 59 61 75 78 83 89 92 100
32 133 55 70 73 74 78 82 91 94
33 74 34 40 46 50 66 67 68 83 91 94 100
34 111 41 46 54 66 91
35 160 43 54 63 72 78 88 94
36 175 42 53 60 67 69 88 91 100
37 77 52 84
38 106 53 55 75 79 83 84 99
39 214 55 57 60 73
40 236 51 95 96
41 204 44 45 60 81 87
42 111 49 53 77 100
43 103 57 76 90
44 181 45 50 60 75 79 86 92
45 89 65 82 96
46 149 54 70 77 92 99
47 105 54 58
48 239 53 57 58 63 70 84 99
49 212 66 67 74 76 77 90
50 156 57 60 62 68
51 155 61 65 67 68 75 84 85 88 95 97
52 29 56 57 59 78 86 98
53 92 62 74 85 88 97
54 71 58 62 71
55 82 56 75 76 85
56 224 62 79 96 98
57 85 60 70 78 84
58 81 63 73 75 85
59 179 67 69 71 77 83 100
60 27 85
61 225 81 87
62 14 100
63 37 100
64 51 71 73 86 88 91 98 99
65 134 86 95
66 25 69 88
67 34 70
68 27 73 80
69 156 70 86 99
70 71 72 94 97 98
71 174 73 78 81 85 87
72 178 77 86 99
73 33 81 83 98
74 71 79 85 88
75 150 88 97
76 196 80 85 91
77 4 81 93 98
78 250 79 96 97 100
79 96 81 89
80 138 86 98
81 137 84 92 95
82 47 91 94 99
83 133 90
84 201 98 99
85 52 93 97 98
86 106 90 93
87 184 90 93 94 96
88 175 91 100
89 76 98
90 225 96 99
91 158 93
92 44
93 236 96
94 19
95 243
96 31
97 142
98 186
99 132
100 53
