100
1 116 5 7 9 11 13 16 17 19 26 27 28 31 33 35 36 37 38 39 41 44 47 52 53 56 57 59 60 61 71 72 74 78 80 81 82 86 90 91 92 95 99 100
2 172 3 4 5 7 9 11 12 13 14 15 16 17 21 22 26 27 31 33 36 38 40 41 43 44 45 46 47 48 49 50 56 58 60 61 62 64 65 66 67 68 69 70 73 74 75 80 81 85 88 91 93 94
3 17 6 7 8 9 11 16 17 18 21 28 31 32 33 34 36 38 40 41 43 44 45 46 52 56 57 58 60 63 67 74 75 76 77 78 80 81 84 85 86 93 95 96 99 100
4 168 5 9 12 14 22 24 25 28 29 32 33 34 37 38 39 40 42 43 46 48 49 50 52 55 58 59 60 64 66 68 69 72 73 75 76 77 81 82 83 85 87 88 90 91 93 95 100
5 110 10 12 13 15 16 18 19 22 25 27 29 30 32 33 34 35 36 38 39 41 43 44 47 49 50 55 56 58 60 64 65 68 69 71 74 77 79 80 82 83 85 87 88 89 91 93 95 96 99 100
6 125 7 8 10 12 14 16 18 20 22 25 26 29 34 36 41 43 45 46 47 48 51 52 53 57 60 61 62 65 67 68 69 70 72 74 76 78 79 81 82 84 89 90 94 95 97 98 100
7 93 8 12 16 20 22 23 25 26 28 29 30 35 37 38 40 41 42 43 44 47 49 50 51 56 58 59 60 62 66 72 75 76 77 78 81 83 84 85 86 91 94 95 97 99 100
8 168 9 10 12 13 14 17 18 19 20 21 22 23 26 30 31 32 36 37 39 40 41 42 43 45 46 48 50 51 52 53 54 56 57 58 59 60 62 63 64 65 66 68 70 71 72 73 74 75 76 78 79 81 87 89 91 92 94 96 98 99 100
9 93 11 16 17 18 21 26 28 31 32 34 35 36 39 40 41 43 46 47 49 52 53 54 56 66 67 69 70 73 74 76 77 79 83 85 86 89 90 91 92 93 95 96 97 98 99
10 233 11 12 14 15 16 19 20 22 24 27 28 29 30 31 32 33 35 36 37 38 39 40 41 42 44 46 50 51 53 59 61 62 63 67 68 69 70 73 75 77 80 82 84 85 86 87 88 89 92 93 94 96 97
11 104 12 13 15 17 19 20 23 24 25 26 28 32 37 38 40 42 43 44 45 48 49 55 57 59 60 64 68 71 73 74 77 79 81 82 83 85 86 89 90 92 93 96 97
12 134 14 15 16 18 19 20 22 24 25 28 31 33 34 36 37 38 40 45 46 47 49 52 53 54 55 58 61 65 66 68 74 79 81 87 88 91 93 95 98 99 100
13 179 14 17 19 20 21 22 23 25 27 29 30 32 33 34 35 36 39 40 41 44 47 50 54 55 56 58 61 65 66 71 72 75 76 78 79 80 82 86 87 91 92 94 96 98 99
14 56 15 16 17 18 25 29 31 34 35 36 37 41 43 47 49 51 52 53 54 55 56 57 59 60 61 62 63 66 67 68 69 71 80 81 82 83 84 89 91 93 94 97 98 99
15 19 17 18 23 24 25 26 28 29 32 33 35 36 37 38 40 41 42 43 45 46 47 49 50 51 52 58 60 64 66 67 71 73 75 76 77 78 79 81 82 87 89 91 93 96 99 100
16 92 19 22 23 24 25 30 32 33 37 38 40 41 44 46 49 52 56 57 58 60 61 63 66 67 68 70 75 77 82 83 84 85 90 91 92 93 96 98 99
17 133 20 23 24 27 28 29 31 32 35 37 39 42 43 44 45 46 47 48 49 50 53 55 56 61 62 64 65 68 71 75 76 83 84 85 89 90 92 93 94 96 97 99 100
18 167 20 21 27 29 32 33 36 37 39 41 42 44 45 47 49 51 54 55 57 58 59 61 62 63 64 69 73 75 78 80 81 83 84 87 90 91 93 98 99 100
19 153 20 21 24 26 30 33 36 40 42 43 47 48 50 54 55 64 65 66 67 71 72 73 74 77 81 83 84 85 86 87 89 90 91 94 95 97 100
20 119 21 22 24 25 27 28 29 30 31 33 35 36 37 39 41 44 45 46 47 48 49 51 52 53 55 58 61 64 69 71 76 77 79 80 81 82 90 91 93 95 98 99 100
21 19 22 25 32 33 34 35 36 39 40 42 43 44 45 48 49 51 52 54 60 62 63 66 68 69 70 71 72 73 75 77 78 80 82 84 85 86 87 90 91 92 93 94 95 98 99
22 102 27 29 30 31 34 41 42 43 47 56 57 62 66 67 69 70 71 72 75 76 78 79 80 82 83 84 85 87 89 92 94 95 96 99
23 101 24 25 26 27 28 29 30 31 34 38 39 40 42 43 46 47 48 49 50 52 56 61 63 64 68 70 74 75 77 78 79 83 87 88 90 91 92 96 99
24 207 26 27 28 30 31 32 34 36 38 39 45 47 50 52 54 57 58 59 61 62 63 64 65 69 73 74 75 76 77 78 79 80 82 83 84 88 92 95 99
25 156 27 29 30 31 32 37 38 39 44 47 48 51 55 56 57 62 66 68 70 71 72 73 76 77 79 86 88 89 91 93 94 96 98 99
26 140 28 29 32 33 34 39 40 41 42 44 45 47 48 50 55 58 63 69 72 74 76 77 79 82 85 87 88 92 94 95 96 99
27 167 28 30 32 33 36 37 38 40 41 43 47 50 53 54 56 57 58 61 63 65 67 68 72 73 74 77 78 80 83 84 88 93 98
28 128 29 31 32 34 35 37 39 40 42 43 45 49 51 52 54 56 60 61 62 63 64 70 71 72 78 79 80 81 83 86 87 88 91 92 93 95 97 98 100
29 50 35 36 39 40 44 46 50 51 59 60 63 66 70 71 77 79 81 84 92 93 95 96 97 100
30 184 36 37 38 39 41 42 46 47 48 50 51 55 56 57 60 63 64 65 66 68 69 70 71 73 74 75 76 78 81 85 87 93 95 97
31 19 32 34 38 39 42 46 47 49 50 52 53 54 56 57 60 62 65 68 69 70 72 73 76 77 83 85 86 88 91 95 96 97 98
32 133 33 40 42 44 45 46 47 49 50 51 54 56 58 62 63 66 67 68 70 71 72 73 77 78 80 81 84 85 87 91 93 94 96 97 98
33 74 35 37 39 42 46 47 49 51 53 54 56 58 59 64 65 66 73 74 76 77 81 84 85 86 87 88 89 91 95 96 98 99
34 111 35 37 45 46 47 48 49 50 52 57 61 63 66 67 68 70 72 75 77 79 80 81 90 94 95 100
35 160 36 39 40 42 44 48 50 51 52 54 55 58 62 64 65 67 69 71 72 74 76 79 80 81 83 84 86 87 89 91 92 93 96 98 99 100
36 175 38 43 48 49 50 51 52 54 56 59 60 62 67 70 72 74 75 78 79 81 84 85 86 87 88 91 93 94 96 98 100
37 77 38 39 40 42 44 46 47 59 60 62 64 65 66 69 71 73 74 75 77 78 79 80 83 85 87 90 93 95 98
38 106 40 42 44 46 49 51 52 55 56 59 60 61 62 64 65 70 74 75 78 80 81 82 83 86 87 88 89 90 94 99
39 214 41 46 47 51 52 53 55 59 60 61 63 66 67 73 76 78 79 80 81 82 85 86 87 90 91 92 94 95 97 98 99
40 236 41 42 46 48 50 52 57 59 61 62 65 67 68 69 70 71 80 82 83 84 85 86 89 91 93 94 95 96 97 98 99 100
41 204 42 43 44 45 46 50 52 54 55 58 61 63 64 65 72 75 76 79 80 82 83 84 85 87 90 91 94 95 96 97 99 100
42 111 43 44 50 51 53 54 55 56 57 59 63 64 66 72 77 82 85 87 89 90 91 93 99 100
43 103 45 49 51 55 58 59 61 64 69 70 72 73 74 75 79 84 91 94 95 98 99 100
44 181 47 48 49 50 52 55 56 57 59 61 62 68 71 74 76 79 82 83 85 86 88 89 93 95 97
45 89 46 48 50 57 60 61 62 66 69 70 71 72 75 80 82 83 84 87 88 91 92 96 99
46 149 47 49 50 51 52 53 54 59 62 64 67 69 70 71 73 76 79 84 85 87 92 94 95 97 98 99 100
47 105 50 51 52 53 54 56 58 60 63 68 69 72 73 76 78 81 82 83 85 87 88 89 93 94 98
48 239 52 58 59 61 62 66 68 69 72 73 74 75 78 83 85 86 87 88 89 90 95 96 100
49 212 55 56 57 59 60 62 63 64 71 73 75 77 80 81 84 85 86 88 89 91 93 95 96 98
50 156 51 52 57 58 59 62 64 65 69 70 71 72 74 75 77 78 79 80 81 83 85 86 87 88 90 91 93 94 95 97 98 100
51 155 53 54 57 63 65 66 68 72 73 75 76 78 81 84 89 90 93 94
52 29 55 56 58 59 61 62 63 65 69 70 76 81 82 84 87 91 92 93 94 96 98 99 100
53 92 55 61 65 67 69 70 73 74 76 79 84 85 86 87 89 91 92 94 97 99
54 71 55 56 59 64 65 68 70 71 72 73 74 76 77 78 79 80 84 85 88 89 90 94 95 97 99 100
55 82 56 62 63 65 66 68 71 73 78 79 80 82 83 84 87 88 89 93 98 100
56 224 60 61 62 63 65 66 67 68 74 76 77 79 81 82 83 85 87 88 89 93 95 96 97 99
57 85 58 60 62 63 68 70 71 76 77 78 80 81 83 84 86 87 90 93 95 97 99
58 81 60 64 69 73 76 77 79 81 85 86 88 89 91 95 97
59 179 60 62 67 68 69 70 71 73 75 77 78 79 81 82 83 85 88 89 90 91 92 93 95 96 97 98 100
60 27 61 63 65 68 70 73 75 78 79 81 83 86 89 90 91 92 93 94 95
61 225 64 66 67 71 72 73 74 76 77 78 79 80 83 86 90 91 93 96
62 14 68 70 71 76 77 79 82 86 87 88 90 92 95 96 99 100
63 37 66 69 73 74 75 77 80 81 82 83 84 85 87 90 92 93 95 96
64 51 65 70 71 77 78 81 82 84 87 89 95 99
65 134 66 67 69 70 71 72 74 75 76 77 78 79 86 87 89 90 94 97 100
66 25 67 69 71 72 75 77 78 79 80 83 84 85 90 94 96 97 98
67 34 70 71 72 73 77 78 79 81 82 84 85 90 93 96 97 99
68 27 69 72 73 75 77 82 83 84 85 87 88 89 90 94 96 97 98 99 100
69 156 70 71 72 74 75 76 78 79 82 84 85 87 91 92 95 97 99
70 71 71 74 75 77 79 81 83 84 87 90 94 96 99
71 174 73 77 80 81 83 85 86 88 89 91 93 94 97 100
72 178 73 74 79 80 86 88 90 91 92 94 95 96 99
73 33 74 75 76 79 84 85 87 88 89 90 92 93 94 95 96 97 98 99
74 71 77 78 80 81 84 86 89 90 92 93 94 95 96
75 150 76 77 79 82 83 84 88 89 91 93 94 95 96 99 100
76 196 77 80 82 83 85 89 93 96 98 100
77 4 78 80 81 82 83 85 86 91 92 93 94 96 97 98 100
78 250 79 82 84 85 89 91 92 93 99 100
79 96 80 84 85 87 88 89 90 95 96 98 100
80 138 82 84 89 91 92 97 98 99 100
81 137 82 85 87 89 90 91 92 95 96
82 47 83 84 85 87 89 91 93 94 96 97 98 100
83 133 84 86 87 88 89 90 92 93 95 99
84 201 85 86 90 91 96 97 99 100
85 52 86 89 92 94 98 99
86 106 90 94 99
87 184 89 91 92 93 94 95 98
88 175 93 97 98 99
89 76 91 93 96
90 225 91 92 94 98 100
91 158 94 95 96 97 99 100
92 44 94 95 96 97 98
93 236 96
94 19 95 96 97 99 100
95 243 98 99 100
96 31 97 98 99
97 142 98 99 100
98 186 99
99 132
100 53
