100
1 65 3 4 5 6 8 10 11 13 14 15 20 21 25 29 32 33 34 35 37 40 41 43 45 48 51 52 54 56 57 58 59 60 61 64 67 70 71 72 73 74 77 78 80 83 85 86 89 90 91 92 93 94 96 98 99 100
2 195 3 5 6 7 10 17 20 22 23 24 25 26 27 28 30 31 34 35 36 40 41 42 44 45 46 49 51 54 58 59 60 61 62 63 65 66 71 75 77 78 79 81 87 89 90 92 93 98 99 100
3 45 4 5 7 10 11 13 15 17 18 19 20 21 24 26 27 29 31 33 34 36 37 38 39 40 41 44 46 47 50 51 54 55 56 58 60 61 63 64 67 68 69 70 71 72 76 78 80 82 85 86 87 88 89 92 94 96 97 100
4 182 10 11 16 17 23 24 25 26 28 29 33 34 35 36 37 38 39 40 41 43 44 45 46 47 48 49 52 55 56 57 59 62 63 65 66 71 72 73 74 75 77 81 85 92 94 96 99
5 116 7 8 11 14 16 19 20 23 24 34 37 39 40 41 42 47 48 49 51 53 58 59 62 63 65 66 70 72 73 79 82 86 87 90 91 92 95 100
6 173 7 8 9 11 13 14 17 20 21 22 26 27 28 29 30 38 41 43 46 48 50 52 60 61 62 65 69 70 72 73 74 75 77 78 79 80 81 82 84 85 86 87 91 94 98
7 114 8 11 16 17 19 20 21 24 25 29 31 32 34 40 50 51 52 56 57 60 61 62 63 65 66 67 68 71 72 74 76 78 80 84 85 87 90 95 97 98 99 100
8 24 10 11 16 17 19 21 23 25 27 30 32 33 35 36 40 41 48 49 50 51 55 56 62 63 65 66 67 68 72 73 74 76 77 78 79 80 81 83 86 88 90 91 92 93 96 99
9 20 12 15 17 19 20 23 24 28 29 30 31 33 37 38 41 43 44 48 49 53 59 60 63 64 68 70 71 72 75 79 80 86 89 90 92 95 98
10 203 12 13 15 17 19 23 26 28 30 31 32 33 34 36 38 39 42 44 46 47 48 53 54 55 57 59 60 61 62 64 66 67 68 69 71 73 78 79 80 81 88 89 91 92 95 97 99 100
11 202 12 14 15 17 18 21 22 24 26 27 29 30 32 34 35 36 39 43 45 46 48 49 50 51 55 57 58 59 60 61 62 63 64 65 66 67 68 71 75 79 81 87 88 89 92 93 94 95 96 97 99
12 13 14 15 17 18 19 20 21 22 24 26 27 28 30 31 32 35 37 38 39 43 44 45 48 50 51 53 54 56 57 58 59 65 67 70 75 76 77 79 80 88 89 92 93 94 96
13 185 15 16 18 20 22 23 24 25 30 31 33 34 36 37 39 40 42 43 45 49 51 53 58 60 61 63 66 68 69 70 72 73 75 76 77 81 82 83 85 86 87 88 90 92 94 96 97 98 99 100
14 137 15 17 18 19 20 24 25 26 28 29 31 34 38 40 44 45 47 48 51 52 55 56 57 58 59 64 71 73 74 76 77 78 81 83 86 88 89 90 91 94 96 98
15 157 17 21 22 23 25 27 29 30 31 32 33 34 36 40 43 44 45 47 48 50 52 54 55 58 61 62 64 65 67 70 73 78 80 81 83 86 88 89 90 91 92 94 96 98 100
16 15 19 21 25 28 30 32 34 35 38 40 41 44 45 49 50 51 52 53 54 56 57 59 61 62 63 64 65 69 70 71 72 73 75 77 78 79 80 85 86 88 90 91 92 93 94 96
17 170 18 21 22 24 25 27 29 30 31 34 35 37 38 40 41 42 43 46 47 49 51 53 54 56 57 59 61 62 63 67 69 71 72 74 79 81 82 83 84 86 87 88 89 91 92 93 96 97 98
18 195 19 20 21 25 26 27 28 33 40 41 42 44 46 47 49 51 53 56 58 60 61 62 63 64 69 70 71 73 74 79 81 82 84 87 88 90 91 95 96 98
19 234 20 21 23 26 27 28 34 35 36 39 40 41 42 45 46 47 51 52 54 55 56 59 60 61 62 64 66 67 68 69 73 74 76 77 79 82 83 86 87 88 91 92 93 96 100
20 136 23 25 26 27 29 30 34 35 37 38 44 47 50 51 52 53 54 61 62 66 69 71 72 73 75 81 87 91 92 94 97 99 100
21 150 23 31 33 34 35 36 37 40 41 45 46 47 49 50 51 52 56 59 61 65 67 74 78 79 80 81 82 84 87 91 93 94 95 96
22 244 23 27 28 29 30 33 34 37 39 41 44 45 46 47 48 52 53 54 61 62 65 66 68 70 71 72 74 75 77 79 81 82 86 88 90 96 97 100
23 44 24 25 26 32 33 34 36 37 39 41 43 44 45 49 50 52 56 58 60 61 65 69 70 75 77 80 81 87 88 89 90 91 95 98 100
24 54 25 28 32 34 35 36 40 43 46 49 50 51 53 54 58 60 66 73 74 75 77 85 86 87 88 90 93 97 99 100
25 210 28 29 31 39 41 46 47 54 58 59 60 63 64 65 68 69 70 74 76 77 78 80 81 83 84 88 90 92 97 98 100
26 66 28 30 33 34 35 37 38 41 43 44 46 48 50 53 59 60 63 64 67 70 73 74 77 78 79 83 86 87 88 89 90 92 93 96 97 98
27 17 28 30 31 35 39 44 45 46 52 53 54 58 60 61 71 72 75 76 77 80 82 83 86 87 89 90 94 97 100
28 11 30 31 34 35 38 44 46 57 58 59 62 63 68 72 76 78 79 82 83 85 87 88 89 93 94 96 97
29 135 31 34 35 38 39 42 47 49 58 59 61 62 64 66 67 68 70 72 74 79 80 83 84 87 88 92 94 98 100
30 129 31 34 37 39 40 41 44 48 52 53 54 56 59 60 61 63 64 65 67 69 70 73 76 77 78 80 81 84 85 86 87 88 89 90 91 92 93 95 96 97 98
31 132 34 35 38 39 40 42 43 44 45 47 48 49 52 53 56 58 60 66 67 68 70 73 74 79 80 84 85 86 88 90 93 94 99 100
32 47 33 34 35 36 37 38 40 42 44 46 51 52 54 55 58 59 60 61 62 63 64 66 69 70 73 74 75 80 81 82 85 86 87 89 93 96 97 98 99 100
33 3 37 39 41 43 45 46 47 51 52 54 55 56 57 63 64 71 73 76 78 79 80 84 88 89 90 91 94 95 96 99
34 237 37 39 46 54 55 56 61 62 65 66 69 71 73 74 78 79 80 81 83 84 86 90 92 93 96 99
35 247 36 37 38 40 42 44 45 46 48 51 52 53 57 58 59 61 63 67 72 73 75 76 77 79 82 83 84 86 87 91 92 93 95 97 99
36 163 37 41 42 44 45 47 50 56 57 59 61 62 66 69 72 73 74 75 77 82 84 88 92 95 96 98 100
37 221 39 43 44 46 47 51 52 53 54 55 58 61 63 64 67 70 72 74 75 80 84 85 87 90 91 92 93 94 95 96 97 99 100
38 68 39 42 44 48 49 50 51 53 54 55 60 67 68 70 71 72 73 77 78 81 82 83 85 86 88 89 91 93 94 98 100
39 8 40 41 42 45 46 48 49 53 54 55 57 59 60 61 65 67 69 71 73 74 75 76 77 78 83 84 85 86 87 88 90 91 92 94 95 96 97 98 100
40 237 46 47 49 55 57 61 62 63 65 66 68 69 72 74 75 76 78 80 82 83 87 88 89 90 93 95 97 99 100
41 56 42 43 44 47 49 50 56 57 59 62 63 67 68 69 70 71 72 75 76 78 82 83 86 89 91 92 94 97 98 100
42 236 43 46 48 49 51 52 54 56 57 58 59 60 62 63 64 66 68 69 72 73 74 78 79 81 82 83 84 87 88 90 92 93 95 97
43 204 44 46 50 54 55 56 58 59 61 62 65 66 67 68 69 70 76 77 78 81 83 84 88 91 94 98 99
44 141 45 47 49 52 56 58 59 60 61 65 66 68 70 72 73 74 77 78 84 86 87 89 90 91 92 94 95 98 100
45 72 46 47 49 54 56 57 63 68 69 70 72 75 77 79 80 81 84 85 86 87 88 89 94 96 97 98
46 135 48 50 51 53 54 55 58 60 65 67 69 70 71 74 76 78 79 80 82 84 90 91 92 96
47 18 48 49 55 56 57 59 60 62 65 67 69 73 75 76 77 80 83 84 85 86 87 88 90 92 93 94 97 98 100
48 121 50 51 54 58 62 63 65 67 68 69 70 72 73 75 76 77 78 79 82 83 84 85 86 87 88 91 92 93 94 96 98 99
49 18 50 51 52 53 54 55 60 63 64 66 67 68 70 73 75 77 79 80 81 82 83 84 85 88 90 91 92 93 95 96
50 186 54 55 56 57 58 60 61 62 66 67 69 70 72 74 75 76 77 78 79 81 82 84 85 87 88 92 93 98 99 100
51 51 52 53 54 58 59 61 62 63 65 66 67 69 71 72 78 80 82 85 90 91 96 97 98 100
52 142 58 61 62 68 69 70 72 74 78 79 82 83 84 87 88 89 95 96 98 99 100
53 71 55 60 61 62 63 67 69 70 72 76 78 81 84 87 90 92 93 95 96 99
54 18 58 60 61 66 67 73 74 75 76 77 78 80 82 83 84 85 86 87 88 89 90 91 92 93 94 95 96 99 100
55 78 57 60 63 64 65 66 67 68 70 73 75 78 79 80 83 85 87 91 92 94 98 99 100
56 20 57 60 61 62 63 65 68 69 70 73 75 76 79 80 83 86 87 88 89 93 94 98 99
57 225 59 62 63 68 69 71 73 77 79 80 81 83 85 86 88 89 95 99 100
58 191 59 62 63 65 66 67 68 69 70 74 75 76 77 80 83 84 85 86 89 91 92 94 96
59 151 61 63 66 68 69 71 72 74 75 76 77 79 81 82 83 88 89 91 92 94 95 96 99 100
60 29 61 62 63 65 67 69 71 72 74 75 76 77 81 85 86 87 88 90 91 94 100
61 2 64 66 68 69 70 71 72 74 77 79 81 83 84 85 87 88 89 90 91 94 95 96 97 98
62 236 64 65 66 68 69 75 77 79 80 83 85 86 87 88 89 90 94 95 96
63 12 64 65 67 68 69 70 77 78 82 83 88 90 92 95 97 98 100
64 58 65 68 69 71 73 75 76 78 80 81 82 83 84 85 86 87 90 91 92 93 99
65 9 67 68 69 71 72 73 74 76 77 78 79 81 82 83 84 86 87 89 91 92 93 94 100
66 138 67 69 72 73 75 78 79 80 81 87 88 91 93 95 99 100
67 180 72 73 77 78 79 80 81 82 87 90 91 95 100
68 15 70 72 75 76 77 82 83 88 90 92 95 97 99
69 8 70 71 72 75 77 78 81 82 83 85 88 90 92 93 95 97 98 99
70 18 71 72 75 77 79 81 83 85 86 87 88 89 90 91 92 93 94 97 100
71 177 73 75 77 78 80 81 82 83 91 92 93 94 95 96 98 99 100
72 44 73 74 75 76 78 79 80 81 82 83 85 88 90 92 93 96 97 98 99 100
73 52 75 78 80 82 84 85 88 90 91 93 94 95 96 97 99
74 152 75 76 78 80 82 86 88 89 91 93 95 96 98 99
75 11 76 83 84 85 89 91 94 95 96 97 98 99
76 1 77 80 81 86 87 88 91 92 94 96 98 99
77 78 80 84 86 87 89 90 91 92 97 98 99
78 82 80 81 82 86 87 88 90 92 93 94 95 96 97 98
79 116 80 88 89 90 95 96 98 99
80 14 81 82 84 85 86 88 89 91 95 99
81 15 82 83 85 86 90 93 96 98 99
82 201 83 84 85 86 88 89 91 93 94 96 100
83 135 84 85 88 89 93 94 99
84 66 86 88 95 100
85 66 87 88 89 90 91 92 93 96 99 100
86 73 87 89 92 93 95 97 98
87 240 90 91 94 96 97 99 100
88 176 93 94 95 97 98 100
89 197 99 100
90 118 92 94 97 99
91 111 92 94 95 96 97
92 119 95 97 99 100
93 250 94 95 99
94 164 95 96 98
95 45 98 99 100
96 11 98 99
97 230 100
98 21 99 100
99 45
100 202
