100
1 115 3 4 7 10 14 16 18 20 21 23 24 25 26 27 29 36 38 39 41 42 45 47 49 50 51 53 54 57 58 60 65 67 69 70 71 72 74 75 76 78 81 82 87 89 90 91 93 100
2 198 4 5 7 12 14 16 17 18 20 23 26 27 28 31 32 33 35 36 37 40 43 47 48 50 51 53 55 59 60 64 66 68 75 78 81 82 84 90 91 96 97 99
3 208 8 9 11 12 17 19 20 21 23 25 26 27 28 33 34 36 37 39 41 42 46 47 48 49 50 51 53 60 66 67 68 70 71 73 74 75 77 78 80 84 89 93 94 98 99
4 24 5 7 8 10 11 12 13 15 19 21 22 25 26 37 41 44 46 49 54 58 62 64 65 73 79 80 81 91 92 93 95 96 97 98
5 32 9 16 17 20 24 28 30 31 36 37 41 43 45 46 48 55 56 58 61 63 65 67 71 72 73 80 83 92 97 99
6 44 8 9 15 21 24 25 31 32 36 39 40 42 43 44 46 50 51 55 57 60 61 64 69 71 72 75 80 84 87 88 95 97 98 100
7 75 11 16 23 24 27 28 30 33 36 37 40 41 42 45 46 47 49 57 62 63 64 65 66 67 72 74 79 83 84 86 89 90 91 96 97 98
8 132 9 11 13 14 15 17 19 20 21 23 27 29 31 34 35 36 39 40 43 44 50 52 57 59 62 63 67 68 72 73 74 79 86 87 91 93 95 99 100
9 81 13 14 16 17 18 19 20 23 24 26 27 28 31 32 33 34 36 39 40 41 42 43 44 46 48 49 50 52 56 61 64 68 70 71 72 73 75 78 79 80 81 85 96 97 99 100
10 42 11 14 19 24 25 28 29 30 31 33 34 38 40 42 45 47 48 50 51 53 54 56 58 59 60 63 64 67 70 71 76 78 82 84 90 91 94 95 100
11 98 15 19 22 23 24 29 31 34 36 40 42 43 44 48 52 53 55 56 57 67 71 73 77 80 81 82 85 86 89 90 91 93 94
12 161 14 15 17 18 23 24 29 30 33 39 40 41 42 44 45 46 52 53 57 63 65 73 74 76 78 79 82 83 84 88 90 93 96 98 100
13 14 15 16 17 18 22 23 25 27 28 31 33 34 39 40 42 44 45 46 51 52 53 55 59 62 64 67 69 72 73 80 81 83 85 86 90 91 92 96 97 99 100
14 240 16 17 19 22 25 32 36 37 44 49 50 52 57 58 59 63 64 66 70 77 82 83 85 87 88 91 92 95 96 98 99 100
15 95 16 17 19 29 33 35 39 40 42 43 46 48 49 55 60 62 69 71 73 74 76 79 84 87 88 92 94 95 96
16 140 18 22 25 26 27 31 32 33 35 36 37 38 41 43 50 57 62 64 66 69 70 74 75 80 82 84 87 88 94 98 99 100
17 178 22 25 26 28 32 34 39 40 43 44 46 51 55 57 58 64 66 67 69 75 76 81 84 85 94 95 99 100
18 170 19 22 27 30 32 35 42 44 45 48 49 51 55 56 59 60 61 62 63 65 71 75 76 77 79 80 81 82 83 84 88 89 90 92 93 94 95 99
19 136 20 21 22 23 24 26 27 28 29 30 36 37 38 39 42 44 46 48 57 63 64 65 66 67 71 72 73 76 78 81 85 87 91 92 94 95 96 97 99 100
20 249 21 22 25 27 29 30 34 37 40 42 43 44 45 47 49 50 54 57 59 60 62 63 64 68 69 70 71 72 75 76 77 78 83 86 88 89 97 98 99 100
21 241 26 27 28 29 30 32 34 35 36 37 39 41 42 44 45 47 49 55 58 59 69 77 79 81 84 87 91 93 94 95 97 98 100
22 69 26 28 33 38 39 44 45 46 51 52 54 55 56 57 61 68 69 71 73 74 76 82 83 84 86 87 88 92 97 100
23 151 33 34 38 40 41 43 45 46 49 52 54 59 64 65 68 69 70 71 80 81 86 87 89 90 92 95 96 97
24 147 28 30 32 33 34 37 39 47 51 52 53 55 58 59 64 67 69 71 74 77 80 81 83 85 86 87 88 91 92 93 94
25 244 27 28 31 32 33 37 42 43 46 47 49 51 55 58 60 61 63 66 70 72 74 75 76 79 81 83 85 87 89 96 99 100
26 139 28 35 36 37 42 44 45 47 48 49 53 54 57 62 63 66 73 74 79 80 82 86 87 88 93 94 95 96 98 100
27 180 28 31 32 35 36 38 41 44 45 47 51 54 55 60 63 64 65 66 71 72 75 76 80 86 90 91 93 95 96 97
28 137 29 33 34 36 37 39 40 45 46 48 50 52 53 54 55 58 59 60 62 64 66 69 73 75 76 77 78 80 82 86 87 88 92 93 94 100
29 132 31 33 35 37 42 43 45 48 51 52 53 59 62 65 67 70 71 74 75 77 78 79 81 82 90 94 95 96 98
30 109 34 35 36 41 42 44 46 47 54 56 57 59 61 62 63 64 68 69 72 74 77 78 81 82 87 90 93 95 96
31 234 32 33 36 40 41 42 44 47 53 54 55 57 62 64 70 73 79 82 86 91 96 98 99
32 242 34 36 38 41 47 51 57 58 62 64 65 66 68 72 73 74 76 79 80 83 84 88 93 95 96 97 99
33 61 36 38 44 45 47 48 51 52 53 57 59 61 63 64 65 66 69 72 75 76 77 78 81 82 85 87 89 90 94 95 97 98 99
34 214 35 36 37 39 42 44 45 49 51 52 58 59 60 61 62 65 69 70 73 75 76 77 78 79 81 83 86 90 100
35 115 38 46 47 51 53 54 60 64 74 79 80 81 85 87 88 92 94 95 98 99 100
36 133 41 44 49 53 55 56 57 58 61 66 67 68 73 76 78 79 80 81 89 91 92 93 94 96 98
37 143 40 41 42 43 46 47 51 52 55 56 57 58 60 64 67 70 71 72 74 75 76 79 81 82 83 88 91 94 95
38 122 40 41 45 46 48 51 53 58 59 62 63 66 68 69 70 71 72 74 76 78 81 82 92 93 94 99
39 192 41 44 52 53 55 58 59 62 63 64 65 66 72 73 74 80 81 86 87 88 96 99
40 232 44 45 47 49 55 57 62 63 65 69 70 74 79 80 83 84 88 89 93 94 95
41 167 43 44 45 46 55 58 63 64 67 70 71 72 75 77 78 79 80 81 82 84 86 87 98 99
42 169 45 50 55 56 60 66 71 72 74 78 79 81 83 86 91 94 97 99
43 205 45 47 49 50 51 58 61 62 63 64 67 68 69 72 74 75 76 77 78 81 83 87 91 92 93 95 97 99
44 183 45 49 50 54 56 57 60 68 73 75 76 77 79 82 84 85 87 89 91 94 96 97 98 99
45 215 48 50 53 54 56 59 63 66 67 72 73 75 79 80 85 87 89 92 93 99 100
46 180 47 50 51 54 55 56 57 58 59 60 61 63 66 67 69 70 74 75 77 79 81 83 84 86 90 93 94 95 96
47 101 55 62 66 68 77 80 81 87 88 94 95 96 97 99 100
48 20 52 56 60 61 62 63 70 71 72 73 91 92 93 94 95 96 97 99
49 204 52 55 56 58 62 64 65 67 69 70 72 76 80 81 85 97 100
50 242 51 52 55 56 58 64 65 67 68 69 70 75 77 79 84 86 89 97 99
51 233 54 55 56 57 58 61 62 66 76 77 78 80 81 85 86 91 96 97
52 209 56 59 62 64 65 68 70 71 73 74 76 79 81 82 88 90 91 92 100
53 24 56 57 58 60 63 64 67 69 71 74 75 76 77 78 79 83 88 90 91 92 93 100
54 197 56 58 59 65 73 77 79 88 90 95 97 98 99 100
55 165 57 58 59 62 63 64 66 67 69 71 73 79 80 81 85 86 94 97 98 100
56 154 58 60 61 63 65 68 71 74 75 76 77 78 80 86 95 98 100
57 55 58 59 61 62 64 66 71 76 77 83 84 85 86 89 91 94 95 96 98
58 241 59 61 63 67 70 75 77 78 79 83 85 86 88 94 99
59 169 60 63 65 68 69 74 75 81 89 90 92 93 94 96 98 99 100
60 102 62 63 67 68 72 75 76 78 80 81 83 84 85 88 89 96 97 98 99 100
61 242 65 71 75 81 82 84 89 90 92 93 94 95 97 100
62 117 68 70 73 74 77 80 82 83 90 91 94 97 100
63 155 64 65 67 69 70 71 72 74 75 77 78 80 81 83 85 86 88 89 93 94 98 99
64 15 65 67 71 72 73 74 76 77 81 82 86 90 92 98 99
65 245 67 68 72 74 76 78 79 80 81 83 85 86 88 89 91 92 96 98 99 100
66 66 71 72 73 74 75 77 78 82 84 87 92 94 96 98 100
67 122 68 70 71 74 75 79 85 90 95 98 99
68 118 69 70 71 75 76 77 79 82 86 87 89 90 92 94 97 99 100
69 96 75 78 80 83 87 89 90 93 94 97 98
70 9 77 79 82 83 84 87 89 92 93 96 97 100
71 121 76 77 79 82 83 85 90 96 99 100
72 173 73 78 82 85 86 87 90 91 94 95 96 98 100
73 142 76 79 81 82 85 87 94 96 100
74 128 75 79 80 82 84 85 86 87 89 90 91 92 93 100
75 69 76 79 80 82 83 87 88 91 94 97 99
76 191 78 81 82 83 87 89 90 94 95 98 100
77 197 80 81 83 84 85 88 89 92 93 95 96 99
78 69 81 83 84 88 90 91 92 94 96
79 143 80 83 90 92 95 97 99 100
80 147 83 84 87 88 89 90 93 96 99 100
81 177 84 85 89 90 91 92 96 97
82 181 84 85 88 89 90 92 97 99 100
83 119 86 87 93 95 98 99 100
84 138 88 94 96 97 100
85 154 87 91 92 93 98 100
86 25 92 96 97 99 100
87 106 88 89 90 96 97 98
88 67 89 92
89 97 90 91 93 94 96 98 99
90 53 91 92 95 96 98 99
91 57 93 95 96 97 98 99
92 31 93 95 96 99 100
93 224 94 96 100
94 202 97 99 100
95 10 97 98
96 250 100
97 6 98 100
98 44 99
99 170
100 220
