100
1 142
2 87
3 112
4 147
5 15
6 229
7 63
8 202
9 19
10 26
11 26
12 138
13 76
14 247
15 236
16 250
17 169
18 204
19 92
20 223
21 235
22 239
23 219
24 92
25 57
26 214
27 37
28 196
29 187
30 132
31 186
32 62
33 85
34 138
35 36
36 35
37 237
38 56
39 120
40 117
41 197
42 196
43 243
44 64
45 55
46 76
47 96
48 201
49 31
50 68
51 101
52 23
53 211
54 87
55 115
56 20
57 94
58 107
59 180
60 53
61 245
62 107
63 207
64 226
65 216
66 222
67 49
68 71
69 15
70 235
71 70
72 246
73 47
74 152
75 185
76 63
77 72
78 9
79 234
80 36
81 71
82 160
83 149
84 35
85 81
86 177
87 21
88 222
89 159
90 127
91 58
92 108
93 2
94 111
95 15
96 158
97 154
98 53
99 82
100 31
