1000
1 58
2 55
3 92
4 64
5 94
6 80
7 68
8 71
9 61
10 65
11 91
12 98
13 62
14 81
15 57
16 55
17 61
18 56
19 72
20 78
21 62
22 98
23 63
24 79
25 93
26 97
27 93
28 72
29 90
30 65
31 76
32 82
33 92
34 96
35 53
36 65
37 61
38 59
39 98
40 76
41 61
42 72
43 74
44 100
45 56
46 70
47 67
48 73
49 94
50 85
51 67
52 91
53 66
54 56
55 90
56 90
57 91
58 66
59 73
60 76
61 100
62 92
63 73
64 87
65 51
66 65
67 51
68 94
69 90
70 73
71 75
72 94
73 59
74 89
75 77
76 96
77 63
78 78
79 96
80 54
81 72
82 64
83 89
84 90
85 60
86 93
87 89
88 66
89 82
90 87
91 54
92 61
93 69
94 78
95 73
96 90
97 63
98 51
99 81
100 79
101 54
102 58
103 96
104 98
105 94
106 56
107 87
108 84
109 55
110 51
111 65
112 97
113 67
114 99
115 83
116 52
117 77
118 74
119 72
120 93
121 76
122 94
123 100
124 98
125 52
126 75
127 84
128 73
129 90
130 79
131 85
132 97
133 94
134 63
135 84
136 82
137 94
138 51
139 94
140 56
141 67
142 97
143 73
144 68
145 85
146 78
147 95
148 51
149 61
150 75
151 74
152 73
153 72
154 100
155 76
156 100
157 66
158 93
159 93
160 90
161 84
162 50
163 63
164 65
165 60
166 91
167 88
168 61
169 80
170 78
171 91
172 100
173 50
174 75
175 96
176 57
177 74
178 74
179 74
180 53
181 73
182 79
183 57
184 82
185 58
186 53
187 50
188 77
189 94
190 97
191 62
192 63
193 86
194 55
195 65
196 50
197 70
198 53
199 84
200 71
201 57
202 77
203 69
204 98
205 69
206 57
207 82
208 73
209 70
210 91
211 69
212 72
213 87
214 78
215 62
216 66
217 62
218 88
219 91
220 86
221 81
222 60
223 83
224 88
225 78
226 64
227 90
228 64
229 55
230 72
231 73
232 66
233 75
234 72
235 74
236 78
237 100
238 71
239 62
240 95
241 98
242 64
243 83
244 65
245 89
246 70
247 54
248 89
249 100
250 66
251 69
252 77
253 88
254 68
255 69
256 78
257 79
258 80
259 90
260 59
261 60
262 74
263 86
264 73
265 67
266 67
267 52
268 63
269 86
270 53
271 89
272 71
273 71
274 65
275 68
276 86
277 83
278 62
279 74
280 87
281 75
282 85
283 57
284 97
285 89
286 58
287 65
288 67
289 99
290 89
291 70
292 91
293 94
294 95
295 78
296 87
297 59
298 50
299 53
300 74
301 83
302 98
303 94
304 72
305 95
306 96
307 79
308 84
309 84
310 69
311 92
312 67
313 84
314 73
315 79
316 86
317 71
318 78
319 90
320 62
321 83
322 59
323 85
324 51
325 78
326 78
327 80
328 73
329 65
330 94
331 74
332 73
333 60
334 55
335 83
336 89
337 59
338 92
339 71
340 53
341 71
342 63
343 53
344 54
345 58
346 94
347 58
348 82
349 89
350 85
351 89
352 87
353 70
354 95
355 92
356 86
357 52
358 75
359 51
360 70
361 87
362 50
363 66
364 70
365 54
366 86
367 93
368 80
369 98
370 71
371 52
372 84
373 91
374 75
375 79
376 97
377 72
378 93
379 74
380 65
381 56
382 92
383 84
384 87
385 87
386 79
387 98
388 79
389 65
390 95
391 78
392 83
393 66
394 57
395 84
396 70
397 63
398 57
399 82
400 78
401 80
402 86
403 84
404 58
405 99
406 92
407 68
408 59
409 86
410 97
411 53
412 65
413 55
414 68
415 74
416 79
417 96
418 79
419 64
420 65
421 84
422 54
423 71
424 90
425 86
426 84
427 79
428 72
429 99
430 94
431 89
432 82
433 64
434 68
435 74
436 59
437 69
438 59
439 96
440 82
441 50
442 68
443 76
444 54
445 79
446 95
447 85
448 98
449 53
450 96
451 53
452 71
453 87
454 79
455 69
456 89
457 65
458 82
459 58
460 73
461 86
462 79
463 77
464 64
465 51
466 87
467 86
468 60
469 87
470 83
471 64
472 70
473 55
474 99
475 74
476 99
477 88
478 58
479 69
480 50
481 51
482 62
483 76
484 70
485 67
486 100
487 86
488 96
489 62
490 87
491 80
492 62
493 68
494 53
495 86
496 66
497 78
498 90
499 84
500 84
501 53
502 71
503 50
504 53
505 79
506 67
507 80
508 63
509 53
510 52
511 54
512 65
513 72
514 95
515 100
516 81
517 82
518 58
519 64
520 50
521 77
522 67
523 51
524 77
525 99
526 65
527 84
528 50
529 70
530 60
531 83
532 95
533 82
534 96
535 59
536 78
537 90
538 81
539 79
540 56
541 62
542 80
543 97
544 87
545 87
546 91
547 88
548 66
549 53
550 51
551 72
552 61
553 95
554 72
555 85
556 97
557 96
558 71
559 62
560 99
561 95
562 63
563 100
564 54
565 52
566 83
567 73
568 65
569 94
570 83
571 57
572 82
573 66
574 52
575 77
576 84
577 56
578 84
579 61
580 86
581 67
582 88
583 53
584 55
585 94
586 87
587 90
588 99
589 93
590 86
591 93
592 63
593 56
594 96
595 54
596 69
597 56
598 67
599 100
600 51
601 88
602 98
603 52
604 89
605 78
606 86
607 53
608 94
609 80
610 87
611 87
612 95
613 73
614 78
615 80
616 84
617 88
618 76
619 82
620 55
621 87
622 80
623 71
624 67
625 99
626 90
627 66
628 93
629 50
630 91
631 72
632 98
633 55
634 84
635 54
636 72
637 79
638 58
639 61
640 74
641 96
642 97
643 87
644 91
645 83
646 96
647 99
648 64
649 83
650 90
651 75
652 84
653 89
654 85
655 71
656 53
657 53
658 58
659 56
660 70
661 55
662 56
663 52
664 82
665 72
666 81
667 52
668 70
669 59
670 51
671 62
672 54
673 81
674 95
675 83
676 69
677 76
678 69
679 84
680 87
681 71
682 60
683 86
684 97
685 73
686 87
687 92
688 87
689 96
690 99
691 100
692 95
693 56
694 70
695 78
696 55
697 100
698 62
699 91
700 70
701 79
702 58
703 94
704 82
705 53
706 93
707 100
708 72
709 94
710 87
711 88
712 62
713 86
714 51
715 84
716 50
717 79
718 82
719 59
720 99
721 84
722 88
723 69
724 55
725 51
726 99
727 63
728 87
729 92
730 85
731 62
732 52
733 56
734 77
735 70
736 77
737 67
738 87
739 63
740 83
741 92
742 92
743 86
744 70
745 99
746 62
747 87
748 50
749 59
750 73
751 77
752 96
753 69
754 91
755 92
756 84
757 54
758 66
759 99
760 68
761 88
762 87
763 62
764 91
765 78
766 66
767 83
768 78
769 68
770 55
771 50
772 84
773 91
774 89
775 84
776 61
777 70
778 71
779 68
780 94
781 82
782 72
783 74
784 50
785 91
786 100
787 97
788 60
789 92
790 54
791 50
792 58
793 68
794 91
795 90
796 58
797 94
798 89
799 100
800 95
801 89
802 59
803 90
804 50
805 73
806 88
807 61
808 56
809 100
810 93
811 100
812 73
813 77
814 98
815 56
816 58
817 76
818 94
819 62
820 57
821 54
822 53
823 64
824 91
825 53
826 51
827 92
828 70
829 65
830 69
831 64
832 57
833 53
834 93
835 61
836 54
837 89
838 57
839 76
840 97
841 77
842 73
843 56
844 80
845 91
846 75
847 55
848 85
849 94
850 83
851 70
852 94
853 97
854 59
855 59
856 64
857 51
858 54
859 68
860 89
861 70
862 88
863 99
864 65
865 73
866 83
867 98
868 62
869 98
870 74
871 60
872 95
873 79
874 90
875 63
876 98
877 82
878 91
879 82
880 64
881 50
882 61
883 53
884 86
885 89
886 79
887 83
888 52
889 59
890 72
891 72
892 72
893 50
894 83
895 99
896 90
897 99
898 90
899 82
900 87
901 78
902 71
903 75
904 80
905 73
906 55
907 100
908 55
909 75
910 86
911 71
912 53
913 90
914 53
915 95
916 91
917 63
918 73
919 58
920 97
921 63
922 56
923 56
924 70
925 61
926 100
927 89
928 72
929 71
930 54
931 100
932 84
933 68
934 91
935 57
936 57
937 65
938 64
939 93
940 78
941 55
942 60
943 84
944 78
945 98
946 69
947 82
948 66
949 68
950 65
951 86
952 59
953 90
954 94
955 76
956 83
957 72
958 94
959 69
960 72
961 67
962 53
963 87
964 58
965 74
966 83
967 71
968 98
969 51
970 94
971 74
972 87
973 77
974 72
975 60
976 83
977 98
978 50
979 50
980 61
981 63
982 82
983 92
984 73
985 52
986 52
987 87
988 51
989 67
990 75
991 67
992 72
993 57
994 95
995 81
996 57
997 62
998 55
999 55
1000 95
