500
1 39 24 26 34 35 43 45 60 81 84 95 103 106 114 122 134 159 181 183 186 188 189 225 227 231 232 233 239 246 259 280 284 294 295 312 315 323 331 332 343 348 361 386 391 392 404 407 409 417 424 446 456 464 470 497
2 68 12 14 40 44 68 81 84 88 98 103 104 106 120 137 147 155 159 162 166 172 182 200 213 220 239 271 284 298 316 323 335 366 381 392 393 401 410 414 442 463 480 493 496 499
3 50 12 15 17 22 25 45 58 59 70 84 94 102 121 140 143 145 175 186 205 210 211 219 223 228 238 240 264 269 271 277 280 322 332 333 342 344 351 362 410 411 429 452 453 481 484 493 500
4 38 19 21 31 37 47 48 53 57 75 96 98 109 111 122 124 144 148 151 153 172 194 204 210 214 216 226 244 264 266 296 301 318 323 325 343 353 367 379 381 423 431 437 452 454 460 472 477 486 488
5 45 11 12 22 28 30 40 56 80 84 89 90 92 108 112 114 121 127 153 155 159 166 178 193 210 245 264 278 285 313 317 335 343 349 354 358 360 367 371 377 390 391 395 398 401 420 425 437 449 454 483 488
6 98 10 17 56 63 68 75 82 91 95 99 105 107 108 110 117 146 154 167 176 182 184 204 207 213 233 236 249 256 282 310 315 317 318 326 337 343 347 354 362 364 372 421 433 434 450 466 475 478 483 484 485 486 488 493
7 42 12 45 58 59 61 76 83 91 103 119 129 148 162 171 174 202 223 236 246 263 266 267 269 278 286 290 294 296 298 347 361 363 383 394 415 424 425 435 436 440 444 454 457 459 476 497
8 38 27 37 44 75 86 89 95 100 103 105 118 139 149 151 155 175 192 197 204 205 207 215 249 266 274 276 281 299 309 325 342 347 349 350 376 390 413 429 432 433 440 441 449 461 479 495 500
9 40 10 13 27 33 59 60 65 68 77 92 97 110 130 139 143 149 165 169 181 192 202 208 214 218 220 227 234 251 268 274 312 315 316 331 360 365 401 413 437 452 457 465 468 470 482 486 487 489 491 492 495 497
10 54 12 31 49 65 70 81 87 92 107 121 136 152 155 160 187 188 190 205 206 210 233 237 243 253 260 268 269 287 292 295 296 307 321 322 327 330 340 344 350 368 384 407 432 433 448 479 480 490 496
11 90 16 25 29 34 35 36 43 47 49 53 62 100 143 167 168 172 211 223 236 274 281 284 289 297 305 320 329 356 366 394 400 422 429 437 467 487
12 22 28 32 44 57 58 63 64 71 87 95 114 144 146 180 224 236 242 253 279 310 320 333 339 353 354 357 358 366 372 381 385 389 394 395 401 407 409 440 447 450 451 459 473 491
13 42 17 21 29 43 61 70 72 73 74 75 78 82 87 90 91 100 105 160 166 185 196 198 200 215 224 231 239 246 259 271 296 298 309 318 321 324 329 334 344 345 353 357 359 376 388 392 395 398 404 407 413 435 450 476 483
14 40 28 29 35 47 51 54 62 96 100 113 132 154 163 182 200 207 211 230 257 261 264 273 276 299 304 322 324 325 329 334 336 352 379 384 393 395 399 411 419 423 469 496
15 21 19 22 29 33 45 48 53 60 69 74 75 104 127 140 142 145 153 161 164 168 169 178 182 195 210 221 229 250 260 286 288 298 316 350 366 384 387 392 394 395 397 403 412 413 415 423 432 437 441 463 487 495
16 86 21 22 39 40 53 65 67 81 89 91 97 102 110 124 136 145 159 166 177 178 184 187 189 211 217 232 243 254 262 270 285 286 299 301 329 342 369 377 380 387 389 390 397 398 402 419 431 435 450 490
17 49 26 33 38 65 75 82 104 109 142 149 160 174 179 195 206 215 225 231 233 238 269 285 290 293 322 338 343 364 372 381 382 393 410 433 435 439 450 454 467 484 488
18 67 19 36 42 53 56 75 77 80 81 82 99 110 111 133 135 140 148 159 176 184 197 199 217 225 228 261 262 287 288 295 298 325 343 369 384 385 387 391 399 411 412 428 433 437 440 448 490 493 494
19 68 26 33 58 69 74 77 91 96 139 142 154 157 180 187 231 232 261 265 275 306 310 322 323 336 341 362 365 366 367 371 385 391 403 404 410 418 420 440 441 444 447 448 455 456 474 476 478 480 486 494 498
20 34 22 28 30 39 41 44 56 60 71 78 81 95 105 108 122 129 131 133 153 161 167 173 188 189 190 196 198 207 213 223 239 243 245 254 263 266 268 280 282 285 294 335 345 349 354 356 366 368 378 415 416 457 474 477 482 484
21 42 22 25 38 43 45 71 73 89 106 117 118 129 145 152 156 161 165 169 190 196 198 202 213 215 240 246 257 275 288 290 309 321 330 331 332 344 346 352 353 379 381 410 414 418 430 439 456 467 481 493
22 89 25 27 28 40 41 44 46 56 64 68 69 71 72 73 114 119 135 139 142 168 189 231 249 250 251 254 263 267 275 282 291 294 300 317 366 383 385 397 404 414 422 426 433 435 440 446 454 455 457 493 494 496 497
23 76 26 29 35 66 73 84 100 102 110 126 135 136 160 179 180 205 212 215 221 237 238 253 266 274 297 304 312 313 314 316 326 333 346 350 355 357 367 369 375 382 402 403 442 444 450 451 469 484 487 492 498
24 53 34 43 50 51 52 64 69 85 88 96 98 111 133 141 142 150 159 174 186 189 195 210 213 214 215 244 254 269 304 307 322 324 334 335 341 344 355 358 362 371 400 405 419 423 426 427 431 456 459 472 474 475 485 491
25 99 29 31 36 46 102 110 130 131 142 163 176 190 199 203 208 210 213 214 215 226 234 243 253 255 265 272 276 280 287 312 321 330 333 337 338 342 347 349 352 354 367 375 378 394 421 423 430 436 437 438 448 470 481 487 488
26 34 30 53 56 59 66 99 101 109 126 133 134 141 143 152 159 165 191 195 200 202 237 239 243 246 264 265 273 287 290 296 305 313 347 360 367 375 396 409 417 434 464 470 484 496 500
27 44 38 45 71 76 78 82 98 118 120 121 123 125 126 128 133 160 173 177 181 186 191 198 199 208 223 230 242 245 248 255 272 278 279 288 311 329 334 355 358 363 369 374 377 389 413 434 455 457 459 460 462 472 477
28 26 35 44 53 56 59 61 69 81 86 91 96 104 127 130 131 142 164 171 176 178 181 185 208 215 232 254 280 294 304 311 334 339 340 348 349 389 393 401 420 430 435 438 442 447 449 461 471 487 488 498
29 99 31 34 39 42 55 57 65 74 79 80 82 85 100 108 110 123 126 128 129 136 138 142 143 144 151 156 169 172 184 196 207 217 222 240 243 251 265 276 283 325 327 344 347 363 397 403 423 425 428 429 438 459 468 475 495 497 498
30 26 36 38 42 47 48 49 50 65 83 96 101 131 141 144 180 201 213 216 231 241 251 290 299 309 311 320 323 349 358 363 389 393 397 442 459 463
31 49 48 61 63 70 91 102 107 117 159 169 173 180 184 189 221 270 279 283 286 287 288 291 292 314 315 324 333 334 335 339 359 364 365 378 381 395 398 425 426 430 437 453 454 458 459 461 463 471 486 498
32 39 49 51 72 77 82 86 101 117 118 123 140 167 168 186 187 217 224 234 237 240 251 255 257 262 281 296 304 323 338 344 360 368 370 373 376 382 394 397 408 418 430 446 455 463 479 490
33 76 57 67 109 114 118 121 158 169 174 183 196 226 228 234 238 242 259 266 268 275 276 298 310 311 312 317 376 382 385 400 407 415 421 435 440 459 460 463 480 484 486 488 495 498 499
34 88 39 41 85 98 103 120 121 140 164 185 191 208 217 258 262 273 282 284 286 310 321 323 345 349 371 379 397 409 421 430 447 460 461
35 86 41 50 54 62 74 80 84 86 87 94 110 111 121 122 124 139 157 160 162 189 192 208 215 220 228 274 281 306 311 326 327 334 352 374 386 397 403 404 413 418 436 445 450 458 460 477
36 31 46 49 61 80 86 89 95 96 114 117 124 126 148 151 153 155 162 165 172 175 178 180 188 193 198 214 215 242 278 302 319 327 341 345 370 390 394 399 415 422 423 429 443 462 474 477 491 500
37 73 42 44 48 59 67 74 85 87 91 103 110 113 140 149 150 160 161 162 163 191 204 212 239 240 243 255 267 287 292 303 311 345 377 426 433 447 488 496 500
38 72 39 43 47 50 57 99 104 111 114 119 144 146 149 163 167 177 179 187 200 216 239 244 248 255 258 284 292 313 314 316 329 335 338 346 353 369 383 448 457 469 488 500
39 49 41 43 48 59 63 88 93 105 119 122 128 151 170 187 197 218 226 232 234 242 248 258 259 266 283 298 321 338 344 367 426 431 435 443 456 467 481
40 62 50 65 78 83 85 88 93 96 97 106 116 119 141 142 146 157 159 162 166 168 181 188 193 201 207 213 216 225 228 229 237 243 267 275 286 296 319 321 332 336 341 352 363 366 368 370 383 386 395 407 412 414 429 434 439 442 450 455 458 463 473 475 480
41 66 42 52 61 67 75 77 108 111 114 116 121 123 139 141 145 148 151 153 155 175 202 214 217 219 225 248 283 292 294 308 311 316 329 330 339 341 354 357 371 386 399 426 430 446 452 460 469 478 482 491 498
42 97 59 62 64 79 100 104 108 114 126 136 137 165 179 199 203 205 214 237 240 247 250 258 269 283 292 296 308 311 319 320 327 342 350 353 364 365 368 375 376 380 382 393 394 396 428 432 441 446 450 452 459 468 474 475 486 499
43 51 45 46 47 49 69 80 93 96 101 102 149 158 179 209 210 219 232 247 261 264 279 306 313 314 322 330 343 347 384 394 417 425 430 439 442 447 448 450 456 469 470 475 496
44 61 48 56 63 65 77 79 86 97 114 124 137 139 181 199 216 223 237 272 286 312 315 318 331 334 358 370 372 382 389 392 394 415 420 426 436 439 451 476 493
45 98 49 70 76 86 90 93 94 100 105 127 128 144 152 155 156 158 176 181 188 199 208 212 220 227 235 261 270 285 286 293 321 329 336 346 355 361 365 382 397 402 411 418 420 425 434 442 459 462 471 486 489
46 36 47 48 49 51 73 78 88 106 124 126 128 133 135 139 158 175 181 182 189 193 195 219 232 260 267 272 274 278 286 291 295 308 311 340 341 351 353 381 382 397 400 420 422 425 426 431 433 436 445 447 453 467 476 477 500
47 96 53 61 66 82 86 90 91 105 106 131 139 142 162 167 179 187 188 198 207 217 223 230 265 266 272 275 279 289 313 316 320 323 348 378 397 400 402 408 410 413 416 420 440 463 476 484 485 489 497 499
48 30 60 66 70 75 106 128 145 147 156 177 202 203 205 239 247 258 266 267 297 303 314 317 341 342 351 353 355 363 365 367 372 377 409 413 421 440 441 445 453 454 457 459 477
49 63 51 53 59 62 79 99 109 113 114 139 151 155 167 169 204 230 237 246 247 252 259 274 280 291 295 302 308 310 317 330 361 392 396 408 416 461 466 477 480 492
50 51 64 79 89 96 108 118 130 149 163 165 168 180 182 221 226 232 234 236 241 243 257 262 267 300 316 317 319 326 339 357 360 371 372 394 397 404 425 426 433 445 463 464 470 472 473 477 480 492
51 44 53 57 84 88 92 112 113 117 150 160 164 181 182 189 192 197 209 212 254 261 263 270 273 275 289 304 318 323 324 345 363 383 421 428 462
52 57 60 73 88 93 96 103 113 119 120 165 184 195 204 210 244 254 255 262 271 273 281 286 301 314 325 353 355 357 359 361 362 364 389 407 431 461 465 468 481
53 94 63 82 88 96 108 111 114 141 146 148 158 161 171 183 190 208 224 233 236 244 247 257 265 275 283 294 295 309 312 326 341 342 354 358 401 407 410 411 437 452 455 465 466 469 475 480 489
54 55 87 95 99 106 118 123 132 134 136 142 180 185 192 198 199 202 204 205 207 215 218 228 237 240 245 254 259 263 269 305 312 315 335 349 360 364 384 398 402 404 407 410 411 419 421 433 444 452 453 467 468 477 494 498
55 84 56 60 62 87 91 92 93 95 98 103 122 129 144 155 199 212 216 227 251 273 284 288 295 300 308 318 332 334 347 352 354 359 375 384 390 401 408 413 425 428 433 438 440 443 448 455 462 482 496 497
56 70 86 88 107 109 137 142 145 156 160 165 168 181 184 195 210 228 238 260 266 333 339 342 343 344 345 351 352 355 360 361 366 370 372 373 374 376 379 391 399 407 420 423 428 430 441 443 444 459 463 470 472 479 486 489 491
57 92 68 90 110 125 126 127 136 210 242 244 256 266 268 273 277 288 292 295 311 317 347 348 350 359 380 398 400 415 419 432 441 456 464 467 471 476 478 479 486 492 497
58 23 80 86 92 98 124 144 150 159 170 201 253 288 291 307 323 367 372 377 379 384 387 397 417 432 437 438 440 442 478 481 485 493
59 63 62 66 82 88 91 93 95 96 106 110 117 133 135 136 137 149 163 191 195 200 203 253 285 301 313 324 338 348 372 376 383 387 393 411 420 427 437 447 450 451 453 462 474 498
60 42 66 91 102 115 120 124 132 150 164 166 214 215 217 218 219 225 226 234 244 278 292 300 310 317 325 334 335 345 368 379 380 382 383 385 396 405 410 416 420 435 445 446 448 452 455 462 463 473 481 490
61 96 78 81 82 87 93 126 128 137 161 175 182 185 200 204 205 216 219 240 252 256 274 285 302 307 310 316 327 334 335 360 361 377 383 409 417 423 431 434 439 443 451 463 475 477 478 480 491 500
62 90 69 70 73 75 93 97 102 107 110 113 116 144 192 193 202 210 211 232 239 240 243 248 249 257 259 267 282 289 293 294 310 325 340 347 356 363 364 371 384 385 388 401 402 417 429 431 440 445 473 474 476 485 493 498
63 83 73 80 83 94 102 105 112 113 142 143 159 161 169 172 217 235 239 246 248 270 271 279 310 331 341 360 372 410 411 421 423 440 449 453 456 461 469 472 474 487 489
64 29 67 85 86 92 117 118 131 132 138 158 167 171 189 198 211 212 239 271 272 287 291 294 307 342 346 351 372 383 384 404 414 434 446 455 472 477 486 495
65 99 68 73 79 103 109 116 123 129 137 157 160 173 176 197 198 224 260 265 270 271 278 290 295 312 322 338 340 342 345 346 349 351 353 360 380 413 422 432 438 444 446 447 466 474 477 484 491 500
66 86 68 74 84 100 115 135 138 154 167 175 190 193 210 215 226 227 232 236 253 254 257 262 266 272 273 325 334 338 342 343 356 357 380 388 392 402 408 422 448 451 458 475 479 481 487 497
67 62 76 108 112 114 143 162 167 209 212 227 233 245 262 270 277 278 279 282 296 306 311 316 342 346 347 363 366 383 394 399 402 464 465 476 484 497
68 96 72 75 80 94 106 109 118 133 138 163 178 179 183 209 213 217 222 223 224 227 229 275 279 284 285 291 293 298 299 307 308 321 323 335 343 370 372 379 380 399 400 420 433 442 486 495
69 34 72 74 79 92 120 128 131 133 142 144 147 149 152 166 179 181 182 201 202 217 245 257 293 303 309 315 324 342 382 389 393 396 402 403 411 413 415 417 423 451 465 466 476
70 35 80 83 87 96 122 134 135 154 170 181 185 188 189 191 198 199 203 207 217 223 256 265 281 282 285 293 301 319 327 337 354 357 372 374 378 379 397 413 421 424 428 430 452 457 471
71 90 73 75 102 105 111 112 115 118 120 132 135 138 145 171 182 183 191 192 194 196 197 233 234 241 248 261 263 267 277 282 297 306 307 308 324 326 329 331 340 342 356 394 400 417 422 427 428 436 445 450 459 474 478 488
72 76 86 88 94 99 105 109 110 117 123 124 149 150 165 169 172 173 194 213 221 228 233 243 287 313 318 324 330 331 341 343 347 349 390 395 402 409 410 425 426 432 433 453 456 458 460 463 470 472 486 495 498
73 95 74 78 92 112 118 121 138 145 148 163 168 170 182 189 219 250 251 263 266 272 282 285 288 293 316 320 378 382 398 408 413 429 436 442 443 446 447 449 464 465 467 481 490 500
74 51 88 90 105 107 108 119 132 133 138 147 177 182 189 193 209 217 221 229 242 261 266 276 278 286 287 298 306 311 319 322 339 346 348 353 356 360 369 377 381 392 404 409 415 432 445 458 464 473 500
75 31 78 101 103 147 199 200 208 222 227 228 247 267 278 280 304 312 329 330 338 339 371 389 392 404 416 438 448 453 471 472 478 482 486 497
76 44 88 100 124 129 136 143 145 163 167 177 182 200 210 223 247 251 290 294 296 301 312 314 318 322 343 344 349 350 360 382 383 384 388 389 395 399 400 401 418 430 443 447 458 460 462 464 468 488 489
77 73 97 104 120 121 126 150 157 159 162 175 176 187 208 215 227 231 250 255 256 259 264 266 281 292 293 295 302 312 321 327 331 332 338 354 356 382 383 385 389 400 404 418 425 437 445 451 469 470 471 476 478 484 486 494
78 42 80 91 95 104 125 126 136 160 175 176 177 180 208 212 215 221 226 229 235 244 266 268 278 289 303 323 338 352 371 376 385 393 403 405 422 443 466 480 481
79 23 102 104 116 130 131 142 146 171 172 177 196 213 215 226 240 260 267 280 327 342 354 363 386 388 418 441 451 453 462 471 476
80 52 81 83 84 89 98 118 134 148 153 157 160 164 165 166 171 177 217 227 260 272 282 285 286 293 296 336 338 353 374 380 382 399 411 421 473 476 477 479 495 499
81 65 87 100 101 113 125 129 132 140 190 206 208 228 254 270 285 322 339 343 353 370 380 384 406 428 439 452 455 464 472 482 485
82 58 101 106 120 131 135 145 146 172 182 194 195 207 221 230 238 274 289 294 313 330 333 336 338 343 357 365 369 388 393 421 435 448 458 469 481 492
83 78 88 91 102 107 111 129 133 163 186 196 199 206 224 240 251 261 266 271 291 296 297 313 324 330 349 350 351 367 372 374 381 383 385 390 391 408 417 449 462 464 466 480 499
84 96 89 94 110 123 124 125 140 141 142 149 153 155 165 166 171 180 189 206 210 224 235 241 271 313 347 364 365 371 373 390 421 439 445 458 466 481
85 94 90 95 99 109 110 131 160 164 176 188 205 239 280 283 284 289 290 301 323 329 343 347 358 359 381 392 404 418 432 442 445 452 461 462 483 485 499
86 90 89 96 97 114 130 134 154 177 185 188 196 197 218 219 226 246 258 277 337 359 361 370 392 402 406 426 437 439 446 458 471
87 55 89 94 101 103 104 117 118 121 136 138 140 177 202 205 214 244 271 305 315 323 355 361 368 369 371 376 408 436 454 456 458 479 488 496
88 91 98 102 117 139 141 162 169 181 198 200 210 212 236 248 257 258 261 262 277 288 295 298 333 340 361 364 367 369 392 401 406 408 411 441 442 456 457 463 473 480 485 488 496
89 51 92 102 104 108 125 140 150 180 186 195 200 225 229 231 236 238 245 282 286 294 327 332 333 340 349 364 370 372 377 385 401 402 403 406 414 416 418 438 446 448 453 463 485 489
90 82 95 112 113 121 124 130 133 145 148 151 152 183 184 198 199 200 215 217 218 224 231 236 238 250 258 262 271 273 283 291 296 301 317 318 328 330 331 335 375 379 385 390 399 402 404 407 412 413 424 431 435 441 443 449 500
91 40 103 118 134 146 153 159 178 186 191 196 224 244 263 267 268 270 278 280 299 312 327 329 348 360 361 364 388 407 413 431 436 456 469 471 476 493 495
92 72 93 111 122 131 140 141 149 161 162 178 182 183 191 201 204 208 210 225 245 269 274 289 296 306 308 309 342 347 361 396 400 425 427 428 436 440 451 452 453 454 464 481 485 494
93 59 102 109 113 133 146 158 168 169 203 208 217 219 220 228 253 274 277 282 307 308 321 329 332 335 348 350 358 368 372 388 392 393 394 421 451 469 485 491 494
94 78 101 106 130 204 208 228 250 256 270 271 281 282 302 307 308 327 333 335 355 385 389 390 393 403 409 440 446 455 471 480 481 489 490 500
95 72 97 104 111 113 115 121 129 135 141 144 159 167 168 173 204 207 208 219 246 253 262 265 281 295 299 302 310 312 313 320 327 330 341 366 368 387 400 405 423 425 428 430 433 438 455 479 480 482 487 488 492
96 82 105 114 122 127 140 150 156 158 165 187 201 210 230 245 263 265 269 274 291 309 331 342 345 346 365 395 398 410 413 415 418 422 431 441 442 444 449 461 463 478 493
97 87 99 100 102 112 145 153 160 173 197 216 217 236 237 255 289 307 318 323 324 326 354 379 383 417 422 434 458 467 472 483 487
98 64 103 116 120 123 132 139 143 148 166 173 176 181 182 186 200 205 212 213 215 226 227 239 242 246 265 267 271 275 277 290 311 322 327 340 349 350 354 359 363 381 384 389 391 400 407 414 427 429 433 463 482 497
99 70 103 104 110 116 120 129 130 131 137 139 162 168 191 192 196 209 221 242 246 252 263 270 274 302 306 329 331 345 350 352 353 379 380 393 416 448 450 452 455 464 479 487 497 499
100 60 101 104 117 127 129 138 164 166 184 199 211 220 247 284 288 318 320 329 337 338 350 357 363 366 408 432 454 463
101 68 102 109 114 115 116 133 146 148 153 156 175 224 237 243 254 265 267 271 289 298 307 311 334 344 345 348 360 369 389 398 406 418 422 424 432 441 442 485 495 497
102 68 111 113 126 129 153 179 201 206 209 212 225 239 244 251 255 260 266 269 281 283 284 316 331 332 341 351 367 387 408 409 425 440 444 448 455 461 471 472 476 484 492 493 496
103 97 105 108 136 157 170 179 188 189 212 214 216 247 252 253 257 270 282 290 295 309 337 345 352 382 387 394 395 398 403 409 418 435 455 458 459 469 470 495
104 59 110 113 116 157 163 181 182 198 222 223 226 228 240 255 262 276 285 309 312 313 316 324 361 363 367 371 377 416 417 426 428 456 457 473
105 49 106 107 134 137 138 151 152 156 169 170 178 179 183 196 209 224 225 235 257 286 291 306 336 349 359 387 389 421 428 447 452 460 469 471 483 489 498
106 87 107 114 118 139 142 147 158 215 216 219 236 243 254 256 274 305 309 335 342 346 357 362 366 371 372 382 390 412 415 423 425 439 444 470 478 482 500
107 31 127 152 159 168 174 182 184 185 186 189 206 209 218 220 223 225 241 249 259 275 279 282 293 307 319 331 349 351 359 365 376 396 433 441 442 475 476 482 483 494
108 68 121 123 126 149 164 183 190 210 211 216 228 249 253 256 265 293 323 342 348 351 364 382 390 393 394 405 426 427 444 456 461 467 487 492
109 24 121 128 135 146 158 163 186 187 206 211 219 224 227 238 248 253 257 264 270 285 305 318 329 335 363 367 371 379 381 403 435 457 461 466 469 492 497
110 74 119 126 130 134 142 143 153 160 161 168 181 184 189 201 205 209 216 217 242 243 248 262 263 264 272 276 294 313 314 328 356 369 371 380 392 397 405 418 428 431 448 450 454 455 462 468 473
111 97 124 128 141 143 148 149 150 164 185 202 213 218 220 235 239 250 254 269 279 290 303 305 319 325 329 355 362 367 370 381 390 395 410 411 413 417 433 444 474 494 495
112 88 120 121 158 168 184 186 202 204 209 232 240 252 273 307 313 330 337 343 347 363 364 381 386 401 416 421 422 424 430 438 447 451 457 473 487 499
113 23 116 127 139 141 153 155 159 165 199 210 211 216 218 224 230 241 266 267 288 294 315 320 336 351 355 356 370 404 417 426 442 445 456 468 471 482 495
114 36 131 150 158 168 174 180 182 188 204 216 217 218 230 243 247 255 270 272 291 293 295 300 305 310 318 322 327 328 335 338 348 375 376 379 388 395 403 431
115 20 116 117 131 136 168 172 173 177 180 181 182 185 187 190 218 234 240 243 257 261 269 275 276 288 293 331 348 366 370 372 373 383 402 414 416 423 428 431 435 439 448 460 465 471 479
116 55 125 131 134 151 152 157 202 204 231 232 244 246 248 266 296 302 314 315 322 327 333 358 389 394 396 400 404 406 467 469 478 481 483 484
117 35 123 130 143 154 164 174 195 202 209 234 236 237 244 256 257 275 287 297 300 307 314 338 347 348 368 375 397 403 411 412 415 420 424 436 438 456 462 471 493 500
118 80 120 129 154 177 202 210 216 237 251 263 283 286 287 292 299 301 315 316 336 376 377 403 404 406 416 420 436 443 456 467 483 488 500
119 27 127 128 169 187 227 231 239 240 251 260 267 271 276 294 301 307 308 316 318 328 342 343 346 405 411 458 462 463 476 484 486 487
120 33 125 126 131 134 145 176 181 183 190 205 228 229 236 241 247 249 259 261 283 311 341 346 347 360 368 373 387 394 399 401 409 420 428 437 447 451 470 488 492 495
121 94 122 128 146 150 155 159 166 177 191 192 215 218 227 240 261 272 283 292 317 327 331 334 364 371 385 401 440 453 467 478 489
122 42 143 149 150 156 158 172 193 196 197 207 208 214 215 219 231 238 241 259 266 283 290 291 298 300 315 317 319 326 327 328 358 372 379 389 399 403 411 433 460 478 480 481 482 498
123 100 140 160 171 176 178 185 191 193 194 234 240 248 251 254 261 266 268 271 272 302 303 320 329 343 358 360 371 381 397 405 408 421 434 451 469 477 492 499
124 86 130 137 172 179 184 189 190 197 201 204 205 208 238 247 249 254 274 277 297 301 307 308 318 340 342 351 360 370 391 403 408 411 432 436 439 463
125 94 128 133 156 168 183 184 185 198 203 210 217 220 229 232 250 267 271 288 305 306 312 319 320 330 331 342 346 351 360 362 401 402 422 423 440 448 450 462 482 483 484 485 488 490
126 95 128 131 143 153 160 165 169 170 172 177 213 215 216 223 228 232 233 237 253 260 273 282 285 286 291 306 312 345 355 361 371 396 398 414 433 471 491
127 50 136 164 173 175 178 184 185 186 187 193 196 198 205 206 210 211 221 244 252 263 273 281 306 313 315 322 323 339 342 348 370 397 427 455 456 458 464 466 468 481 499
128 27 135 140 154 197 216 219 223 233 239 242 253 257 295 303 304 307 312 322 326 340 354 355 358 361 371 373 374 378 381 385 390 395 407 408 409 428 433 441 448 456 462 486 489
129 80 139 146 165 166 167 174 189 202 215 217 221 223 227 234 241 258 284 289 294 300 303 312 325 326 349 355 362 375 391 394 397 400 414 418 436 445 446 448 450 451 457 459 463 465 466 481 487 493 499
130 79 131 138 155 168 171 179 188 195 200 238 250 251 262 280 287 290 297 299 301 314 326 331 337 356 364 366 371 380 391 394 401 404 409 413 415 437 459 482 485
131 45 137 143 204 206 212 227 231 244 273 302 305 315 317 357 363 366 374 384 387 405 412 414 421 422 424 452 458 464 470 476 477 482
132 63 176 192 202 210 213 229 251 253 254 274 280 282 294 305 312 321 329 331 337 342 343 364 367 372 398 412 418 423 442 447 477 490 493
133 96 142 158 167 170 182 203 216 242 250 253 259 268 269 271 281 293 300 306 315 318 333 335 347 352 358 375 383 387 398 420 426 428 431 436 441 444 457 468 483 486
134 25 136 138 145 154 162 175 184 193 212 222 230 238 239 243 254 261 301 320 326 328 332 338 344 349 357 373 387 408 412 424 444 461 474 494
135 47 150 156 167 171 175 186 216 218 224 227 245 246 273 274 275 293 334 377 390 392 393 400 403 415 416 431 452 463 468 473 475 488
136 21 149 151 162 190 193 199 201 202 220 223 247 259 272 273 276 286 291 299 323 347 354 373 380 383 393 410 415 432 435 437 441 442 446
137 79 166 175 179 186 187 190 201 205 222 229 237 239 250 251 260 277 286 293 304 310 311 320 335 340 341 343 344 355 363 368 380 399 434 474 477 487 494 499
138 100 139 167 190 197 211 234 269 298 299 301 309 311 316 332 345 347 353 374 383 410 414 417 418 430 438 444 454 457 468 486 491 499
139 57 166 171 174 190 197 201 209 220 227 240 258 278 279 284 292 328 333 334 335 351 364 367 385 404 413 459 460 470 480 495
140 59 172 179 183 186 187 193 195 200 219 222 266 280 295 297 298 321 327 328 338 341 362 372 385 386 399 422 439 450 465 476 492 495
141 29 146 161 164 168 183 198 237 254 280 283 286 288 289 291 309 314 315 328 340 349 350 351 369 389 391 393 399 401 406 409 420 425 429 433 435 436 437 452 481 500
142 78 151 154 163 165 180 186 187 193 200 216 224 228 233 265 268 278 297 299 320 347 353 354 363 364 369 375 380 384 392 394 421 424 426 440 452 482 498
143 95 156 175 183 187 189 196 220 226 229 232 237 239 256 272 275 279 286 288 292 296 309 312 317 331 335 337 338 346 348 349 352 356 369 396 399 403 414 421 427 429 434 463 466 472 485 487 495 497
144 25 145 148 154 156 183 190 196 220 229 250 259 276 280 290 300 303 305 308 320 328 329 335 336 343 351 352 365 367 376 378 379 385 393 418 425 433 438 443 453 457 466 472 493
145 53 180 193 217 225 236 237 241 243 245 266 267 271 279 302 305 307 315 325 335 354 359 373 378 383 386 387 395 397 409 423 442 443 446 455 489
146 69 149 154 158 164 165 188 193 194 198 215 217 225 232 240 241 282 287 291 330 350 371 375 379 387 417 419 466 471 479 484 488 489 495
147 46 150 167 175 188 203 218 228 241 242 247 257 260 285 287 306 326 328 333 338 340 344 347 362 369 376 382 386 403 415 440 457 470 482
148 70 159 169 176 199 205 209 212 217 218 226 243 246 248 251 254 263 270 277 278 279 283 286 314 327 334 339 350 356 363 368 407 409 414 447 451 456 460 465 481 484 486
149 91 156 170 188 191 238 243 245 249 252 258 262 265 272 279 293 326 347 351 353 365 372 388 391 397 401 411 419 431 442 446 455 459 479 489 496
150 87 158 173 191 198 201 208 220 229 241 243 254 257 278 280 284 292 298 306 318 340 368 378 389 400 414 417 423 447 451 453 462
151 76 154 168 184 189 203 208 217 230 236 237 250 256 257 262 263 271 290 296 310 324 365 367 423 428 433 466 467 474 481 491 494
152 82 153 165 168 175 205 217 221 224 237 252 261 297 301 305 308 310 321 340 353 354 355 374 382 395 402 407 408 434 446 460 463 464 466 483 495 498
153 77 162 193 203 207 218 224 232 235 240 249 254 263 287 298 348 349 370 379 397 401 411 417 454 464 465 476 480 485
154 31 156 161 172 197 210 227 242 271 274 296 300 316 320 324 327 344 347 368 371 376 390 405 421 427 448 460 461 463 464 466 474
155 47 223 225 234 239 243 248 262 271 280 295 303 320 323 324 337 339 357 365 380 385 389 391 395 400 404 423 430 440 465 481 484 487 489 491 495 497
156 48 162 168 198 218 221 227 230 240 246 250 253 266 269 279 283 287 291 306 313 354 356 400 403 430 456 461 470 471 492
157 89 163 164 174 219 231 241 254 271 274 278 305 325 329 330 344 351 353 357 378 380 390 409 411 413 414 417 426 431 456 457 483 492
158 92 179 201 213 214 217 230 255 257 258 266 267 276 283 292 297 304 305 327 351 356 359 378 407 417 430 441 464 471 481 484 489
159 97 169 170 177 178 185 190 195 206 216 238 247 252 259 266 267 288 290 311 320 338 340 342 351 363 376 383 399 401 428 429 436 446 455 464 475 476 483 484 487
160 53 161 173 174 176 177 179 204 211 217 242 244 249 251 254 258 273 280 294 322 331 349 364 369 384 396 404 406 416 422 423 425 430 438 446 477 478 491
161 24 180 194 205 215 216 239 240 245 249 254 270 271 280 294 309 321 324 337 365 396 406 408 424 430 466 481 482 486 495 496 497
162 77 165 199 207 212 225 232 241 250 258 282 283 287 296 302 325 348 349 350 355 356 384 394 400 411 413 415 421 432 434 486 487 488 489
163 81 176 191 195 205 219 239 242 255 293 305 307 308 309 319 334 365 403 413 416 424 450 460 463 466 473 481 482
164 76 169 171 195 196 198 228 242 248 250 261 281 282 285 291 303 305 317 319 326 336 339 340 360 368 403 412 422 426 430 447 459 470 474 484 498
165 62 174 175 179 182 185 187 189 214 236 244 247 277 290 310 314 321 326 344 370 390 405 411 416 423 425 448 449 454 494 499
166 95 177 184 186 188 192 201 203 209 210 215 217 232 254 260 274 276 278 279 285 286 309 341 353 356 369 405 408 412 415 431 441 442 443 468 484 497
167 39 198 200 210 215 226 239 249 263 267 290 326 332 334 336 339 340 343 347 359 364 365 382 386 424 443 450 451 477 480 487 490 493 500
168 88 197 200 210 229 254 261 278 293 295 301 309 310 325 334 344 346 350 361 378 380 386 405 414 416 436 447 450 451 453 454 460 468 497
169 71 174 178 185 188 203 206 223 224 229 230 241 242 243 250 254 289 298 302 304 308 346 373 378 381 388 408 430 437 442 449 470 480 483 489 492 499 500
170 42 192 195 214 215 223 224 241 242 247 252 256 268 269 275 290 298 301 317 322 327 331 333 334 339 342 357 363 371 380 416 423 443 450 451 454 455 461 467 470 473 477
171 33 193 197 198 204 206 207 213 234 236 252 254 265 268 271 276 277 282 287 356 373 375 378 382 394 399 410 425 433 444 450 465 474 500
172 98 180 191 215 221 242 252 262 263 268 269 272 273 279 297 310 324 328 330 335 339 340 351 360 361 362 365 394 416 418 437 440 459 463
173 27 191 192 202 211 213 218 223 230 235 239 257 262 265 309 343 350 378 396 398 401 405 409 413 433 437 442 455 458 465 467
174 96 176 177 187 216 248 277 313 324 332 333 335 358 367 393 414 421 429 433 467 468 472 484 486 488
175 76 188 190 193 196 199 203 204 207 208 235 243 275 282 298 311 321 330 347 348 350 357 358 366 374 385 402 410 417 444 469 475 484 494 496
176 27 181 183 186 192 197 211 214 217 218 223 233 234 274 281 293 307 316 326 331 334 340 370 374 383 394 415 436 439 440 444 446 449 487 491
177 89 185 199 200 204 215 216 218 220 222 238 242 256 263 269 287 288 291 292 297 298 319 320 322 351 354 383 385 402 420 423 439 442 445 465 487
178 49 188 189 193 201 210 212 243 248 266 268 277 295 312 324 326 329 355 363 370 376 381 388 394 397 424 453 492
179 93 181 192 197 202 203 232 234 256 281 283 302 333 364 380 398 405 406 407 417 420 435 438 445 454 455 463 473 484 500
180 28 181 184 199 223 227 231 233 250 253 280 299 304 313 324 332 334 344 349 351 391 392 398 403 429 430 437 446 451 463 465 486 487 495
181 55 184 188 197 208 216 224 228 242 256 258 265 276 282 286 296 324 379 402 413 417 425 429 436 438 441 443 449 465 467 474 477 478 484 490
182 22 193 197 198 216 226 229 232 235 239 270 300 305 315 338 340 344 347 365 390 410 412 413 417 423 424 451 474 475 483 491 493
183 82 187 190 201 202 210 215 224 228 234 251 252 256 267 276 278 281 285 287 291 326 335 342 350 372 383 413 440 444 447 448 470 475 487
184 59 187 205 216 226 238 241 245 246 255 271 275 277 279 291 293 300 305 308 310 327 332 334 335 345 347 359 378 387 391 397 402 405 408 410 424 434 448 450 464 483 492
185 82 188 189 211 213 219 223 240 252 255 290 310 320 323 324 336 346 349 354 356 362 373 387 397 418 420 427 453 462 464 465 481 485 488
186 64 189 198 207 219 228 234 235 255 267 271 282 287 290 302 303 305 311 334 340 342 347 352 361 371 376 379 385 389 394 398 408 422 438 455 459 466 481 486 494
187 90 189 197 198 205 207 214 222 234 245 253 254 261 263 268 277 281 290 296 350 362 367 388 392 426 427 429 435 463 465 474 478 494
188 76 208 231 241 268 278 279 300 319 323 344 348 355 359 367 389 390 393 402 404 408 415 431 434 439 443 456 462 463 466 468 486
189 35 201 205 211 220 246 249 255 261 270 272 276 292 305 307 321 333 349 377 380 388 389 417 423 430 438 439 446 449 462 466 473 484 489 493
190 36 215 235 238 253 255 262 278 295 308 312 321 323 341 342 354 358 361 366 383 396 398 441 455 469 487 490 491
191 93 196 197 223 224 232 236 242 256 258 266 269 282 316 317 334 340 350 358 361 397 406 411 423 435 437 454 466 471 478 499 500
192 56 212 217 226 239 241 243 263 269 278 279 294 321 326 330 350 351 353 356 359 387 388 391 394 423 425 426 431 434 439 454 470
193 85 196 205 221 225 234 266 293 295 303 304 305 327 336 366 384 392 402 421 425 434 449 453 462 465 482 487
194 61 195 223 238 240 264 266 273 275 287 298 317 328 329 331 342 348 350 360 366 370 375 393 416 422 452 458 479 486 499
195 38 216 257 260 262 272 292 306 310 322 324 333 361 363 367 370 372 382 391 398 407 416 420 422 428 433 441 444 450 479 493
196 65 199 201 213 221 229 230 231 293 304 305 311 320 344 346 347 358 370 372 375 378 397 398 400 402 403 417 432 440 442 483 485 495
197 94 203 218 224 226 233 237 240 243 259 264 271 286 292 314 318 319 324 325 335 367 377 410 416 419 447 462 468 490 498 500
198 75 199 204 214 219 237 241 248 254 256 259 272 283 302 303 309 310 328 334 364 370 376 377 384 389 391 392 406 418 420 436 443 462 486 498 500
199 54 201 214 223 236 239 240 241 248 255 265 278 294 330 335 340 342 349 358 362 386 388 396 397 403 406 439 451 476 491
200 93 201 202 220 229 233 249 262 267 278 306 317 327 330 334 335 362 363 368 384 406 412 425 467 490
201 60 204 222 226 234 242 248 270 273 274 277 294 309 315 317 318 322 360 369 374 375 376 378 384 390 403 420 433 437 475 492 499
202 78 208 216 224 244 248 254 259 261 270 280 297 298 303 312 314 316 325 334 337 338 354 358 373 381 383 385 398 409 437 439 440 449 460 468 472 480 483 484 494
203 50 213 233 238 252 260 263 276 277 295 299 304 309 314 329 335 350 360 362 365 388 391 419 449 483 488
204 96 209 211 221 224 250 263 274 284 295 298 327 331 332 339 340 347 351 364 365 369 374 378 385 386 415 434 446 457 458
205 61 206 219 222 227 235 261 271 282 299 302 317 348 349 364 375 382 387 403 423 427 440 442 443 447 448 454 462 468 488 491 494
206 98 228 229 240 256 289 309 319 338 360 386 388 399 406 430 433 436 443 460 462 471 472 489 493
207 62 209 237 242 249 267 278 286 304 313 332 338 349 369 372 376 386 393 399 431 438 441 445 461 465 475 476 493 498
208 48 215 226 237 245 256 257 275 286 289 292 294 298 300 305 311 317 320 327 330 334 338 346 358 362 379 381 390 394 395 396 409 416 424 434 456 457 459 461 470 472 473 475 478 484 492 497
209 47 235 240 251 255 261 283 292 295 301 313 329 336 349 386 394 397 408 411 415 429 431 432 438 462 464 465 471 483 490
210 85 268 275 283 311 314 323 326 331 347 352 367 371 372 374 384 413 424 426 427 433 439 441 445 451 452 457 467 472 479 496
211 100 223 238 244 247 250 267 269 271 291 305 309 314 317 332 347 348 353 354 363 389 391 396 412 431 432 436 441 448 466 474 477 479 489 490
212 51 218 222 223 226 227 230 231 256 259 264 268 282 286 309 312 323 325 334 335 339 344 350 355 364 366 392 417 418 422 438 448 452 471 473 489
213 67 228 240 242 250 260 271 275 286 288 290 299 306 317 319 329 337 339 343 366 367 371 385 403 412 424 425 426 449 483 485 493 495
214 55 221 227 229 231 234 249 274 276 277 279 294 296 302 304 307 309 316 325 330 336 338 357 383 401 405 413 427 428 433 451 462 466 481 488 493
215 47 216 259 264 270 278 288 289 330 333 345 346 356 366 367 368 371 390 396 403 405 408 413 440 448
216 54 219 235 237 238 279 327 328 329 360 377 383 393 411 425 450 457 467 479 480 497
217 93 248 261 266 268 271 276 278 295 303 320 328 338 341 352 373 377 393 424 425 429 433 436 445 457 459 470 471 486 492 495 498
218 51 222 253 268 286 294 298 318 322 332 333 343 344 346 358 366 379 397 407 414 421 438 442 446 459 460 478 482 484 491 497 499
219 38 220 243 248 288 300 304 312 327 342 346 348 359 364 370 376 380 386 396 398 422 425 431 432 444 446 450 476 477 487
220 36 223 230 234 236 240 241 243 245 247 253 267 279 282 283 284 290 295 302 312 319 322 334 342 364 376 380 400 409 426 432 436 457 467 469 477 482 484 486 491
221 27 238 241 248 251 271 276 285 294 295 296 298 308 310 315 338 339 343 347 372 414 418 426 428 447 468 470 489
222 68 236 237 239 245 265 276 295 301 306 320 322 324 328 338 351 355 361 366 369 382 384 410 411 421 422 423 431 440 449 487 489 495 498 500
223 40 224 233 234 237 238 244 245 251 252 255 258 262 273 277 296 301 312 314 315 339 342 358 364 376 377 386 391 399 419 428 435 447 455 493
224 45 225 232 239 244 254 264 270 286 304 321 335 343 350 372 384 391 402 422 431 433 444 453 458 461 464 473 481 488 493
225 92 235 245 254 265 273 329 339 351 353 373 375 381 391 396 405 414 425 426 457 467 471 482 485 486
226 82 242 243 247 260 261 263 264 280 283 303 307 316 323 329 330 347 348 351 357 361 377 388 408 410 418 424 437 439 449 451 455 463 487
227 97 238 245 253 255 267 270 272 289 297 304 306 330 331 363 369 384 390 401 420 437 460 465 473 484 485 494
228 66 233 244 259 266 270 273 285 302 307 337 348 370 382 390 395 403 424 443 448 457 469 472 481 494
229 20 230 242 246 251 267 268 271 272 273 279 284 294 304 305 323 330 333 339 359 367 383 386 400 404 405 412 413 416 434 459 469 472 489
230 99 231 233 235 239 244 250 256 271 273 277 292 293 301 329 355 363 370 405 414 422 433 435 440 447 458 461 480 481 485 490 499
231 36 247 253 270 273 274 277 282 290 303 332 344 356 357 364 381 392 413 421 425 437 443 448 455 459 469
232 65 234 257 272 282 291 293 298 301 305 307 317 334 338 365 367 371 383 396 417 419 421 422 424 443 460 465 469 480 499
233 58 234 239 243 245 255 274 281 299 318 328 355 394 395 396 402 417 430 432 449 452 466 476 481 498
234 23 235 240 265 267 276 278 284 287 299 307 318 333 334 387 393 401 407 419 423 430 458 462 467 476 481 493 496
235 39 249 286 287 305 310 312 317 318 319 323 332 343 345 356 362 368 381 388 391 395 400 414 427 458 463 468 477 478 480 482 495
236 39 253 266 282 290 296 312 314 316 328 329 342 357 376 379 385 392 416 439 449 472 481 498
237 36 264 269 282 288 291 293 306 316 321 329 337 344 346 348 351 364 384 388 406 413 414 433 436 441 443 470 489 492
238 71 243 256 262 266 272 274 290 292 294 303 349 352 356 365 368 370 380 384 405 420 423 428 451 454 458 466 467 468 491 493
239 37 260 266 272 281 294 298 313 331 333 374 404 410 412 420 434 435 438 445 457 465 469 483 494
240 73 256 275 292 293 298 314 318 322 324 336 339 344 361 369 381 409 418 423 424 439 445 450 452 470 481
241 70 276 282 287 296 299 317 319 320 324 327 332 349 352 363 365 366 368 422 428 431 455 477 479 481 499
242 94 257 266 269 278 279 305 308 316 333 337 343 357 365 375 377 383 391 394 421 468 478 480 494 498 499
243 91 254 257 258 266 281 284 296 310 319 320 324 332 344 345 348 362 363 370 390 393 394 395 408 417 422 424 433 434 438 441 445 451 463 469 475 481
244 92 259 291 302 315 329 332 335 342 346 362 366 383 384 385 402 415 419 423 429 443 478 480 481
245 47 268 277 305 309 311 315 318 346 348 349 357 361 362 378 390 392 408 420 434 439 455 475 481 496
246 41 259 260 267 282 288 294 304 325 327 335 336 345 349 353 361 375 380 383 386 390 406 410 445 469 477 490
247 98 256 262 271 277 281 282 294 305 310 317 331 357 358 362 363 368 373 374 402 414 419 424 455 459 473 475 476 485 487 494
248 34 269 279 289 296 300 306 311 314 320 321 330 340 349 362 383 393 397 403 404 415 452 467 475 484 495 496
249 74 250 254 262 273 277 287 291 296 297 302 311 318 320 322 326 336 345 350 353 367 376 383 389 406 408 412 423 426 430 453 455 468 471 478
250 36 272 303 308 314 318 320 355 375 386 387 405 408 416 437 448 450 452 458 462 479 487 496
251 26 259 274 278 287 289 296 297 310 333 354 355 362 365 371 446 448 480 495 498 500
252 32 262 265 267 269 273 278 279 301 315 318 326 327 340 342 343 355 365 367 379 394 405 425 442 451 468 473 483 486
253 21 256 267 273 286 287 308 311 312 320 324 333 353 377 385 386 399 409 412 415 418 422 425 428 430 455 492
254 98 259 293 294 314 319 321 325 336 339 340 363 378 379 384 388 410 413 417 424 441 457 460 467 486 497
255 66 256 266 280 298 301 313 323 330 352 368 373 393 397 405 406 411 426 429 438 440 469 477 479 489
256 66 259 261 272 306 308 309 310 362 372 400 426 429 439 442 444 469 471 479
257 96 269 277 279 297 298 309 312 320 333 336 338 348 365 391 398 401 404 409 424 431 437 441 471 486
258 87 264 271 289 291 298 310 316 325 327 335 336 345 347 350 356 362 363 372 401 431 433 434 446 457 466 467 477 478 479
259 39 262 274 277 286 311 316 318 335 339 340 342 347 351 352 364 375 378 379 384 416 423 443 444 472 480 481 488 492 494 498
260 28 261 264 268 297 314 351 370 380 390 398 408 449 465 481 482 490 492 499
261 95 271 272 281 305 324 345 348 354 359 364 366 378 395 402 405 406 408 414 418 439 468 470 476
262 71 278 282 319 331 334 350 352 360 369 382 402 418 425 441 451 454 465 480 484
263 52 268 270 300 302 309 319 323 325 335 338 342 350 351 356 359 361 397 402 406 423 434 436 451 466 473 485 488 496
264 67 266 288 301 305 309 323 365 384 386 395 401 411 416 420 422 441 447 450 471 475 482 492 493
265 64 274 294 313 316 322 323 332 349 365 369 376 406 428 431 455 462 484 486
266 66 299 314 317 321 329 336 346 347 349 376 387 398 423 426 436 438 442 449 463 482 498
267 95 278 283 289 302 323 336 353 359 393 394 417 418 434 442 443 446 461 472 473 474
268 65 271 291 300 311 325 329 333 347 352 359 371 372 403 405 408 410 421 430 435 439 443 445 452 466 469 480 482 486 493 498
269 38 285 286 291 296 297 344 352 359 371 372 379 384 393 397 398 400 408 413 417 420 434 441 445 446 460 476 485 486
270 94 280 314 323 328 358 393 394 415 423 428 432 437 447 459 465 486
271 30 275 277 278 279 286 294 302 331 336 365 372 375 386 395 398 405 412 421 425 426 434 435 457 469 481 487 489 493 500
272 42 287 289 310 316 323 328 332 333 345 352 358 378 383 396 401 413 428 430 432 460 484 490 491 492 494 496 499
273 39 291 319 324 335 343 346 351 352 366 371 374 385 394 403 411 412 426 428 433 445 450 458 471 486 492 494
274 47 285 303 308 320 321 322 337 345 356 358 361 364 372 373 389 390 392 393 402 408 420 435 439 452 462 475 480
275 88 276 309 316 318 322 329 347 349 351 364 370 379 385 406 410 415 445 453 470 473 479
276 96 281 287 289 297 299 300 323 338 350 356 375 392 427 428 442 450 452
277 98 300 302 310 313 326 331 348 350 375 395 400 401 405 412 423 457 460 468 469 487 497 499
278 93 279 282 295 303 315 320 337 347 353 379 380 388 409 412 421 429 431 438 452 459 464
279 81 281 290 309 320 331 336 337 341 345 353 358 382 393 394 398 406 408 433 462 476 494 495 496 498 500
280 76 303 312 321 333 345 347 354 357 381 385 393 399 401 429 434 444 448 451 498
281 54 284 296 304 316 330 333 334 346 370 380 386 389 392 428 432 433 434 438 440 443 446 454 464 468
282 32 284 302 305 307 320 323 336 345 347 358 366 367 372 385 393 400 417 456 461 480
283 28 293 310 326 340 353 361 368 386 412 425 426 432 444 454 455 462 466 472 490 493
284 77 289 294 309 314 317 323 328 336 340 343 352 363 376 396 416 424 429 430 437 438 441 448 457 464 491 492 496
285 75 294 298 319 327 334 346 387 391 400 413 415 423 432 445 469 470 487 492 494
286 49 300 311 320 324 332 336 338 344 346 374 379 390 394 395 397 411 419 423 438 441 451 453 456 478 481
287 98 290 315 320 321 340 355 362 367 381 389 429 448 457 466 482
288 31 295 301 303 308 340 357 376 385 396 397 402 409 413 415 419 424 439 457 488
289 51 297 301 305 306 343 344 350 362 373 377 379 386 388 403 411 413 417 418 434 436 438 444 446 465 476 478 483
290 72 295 357 368 371 391 392 396 437 452 468 477 481
291 54 294 296 314 325 335 342 377 400 412 419 425 448 450 464 465 485 488
292 53 335 337 338 339 345 354 356 360 365 367 402 411 433 440 461 467 485 486 492 495 496
293 28 296 300 301 337 341 357 360 375 383 400 412 427 429 431 432 441 456 465 485
294 67 301 318 330 331 348 353 369 374 385 400 415 422 432 455 460 462 473 482 488 497 499
295 50 302 303 305 310 311 324 337 346 366 370 376 386 387 393 414 426 438 451 469 471 475 479 488 490 498 500
296 30 301 304 318 328 354 363 375 376 384 390 396 401 405 420 427 437 439 446 453 456 461 494
297 58 299 312 331 341 345 357 365 372 374 380 393 398 399 401 410 434 441 442 447 462 463 494
298 47 329 333 341 367 369 370 378 387 405 413 439 440 441 448 451 453 473 477 479 484 485 500
299 73 300 311 322 328 333 336 378 395 399 405 417 422 424 431 433 435 440 445 449 468 469 494
300 64 314 328 330 346 360 361 363 372 376 388 390 418 426 445 453 462 463 464 467 482 500
301 99 306 316 321 328 338 361 366 367 397 399 412 419 456 474 475 478 479 480 484 494
302 94 320 324 327 344 366 388 392 407 408 416 422 453 464 478
303 28 323 325 326 346 353 383 384 416 427 446 447 456 492
304 87 316 320 321 332 336 353 355 360 361 368 369 373 379 386 390 396 401 415 416 420 425 428 457 463 484 485 487 488
305 60 307 308 333 337 341 355 368 375 409 411 441 443 447 449 463 474 484 497 500
306 52 320 325 346 364 396 397 407 409 421 448 460 462 470 496 498
307 41 322 323 366 369 376 384 388 408 436 459 465 478 485 495 499
308 82 309 356 358 363 365 373 378 395 400 404 411 428 430 435 447 454 457 498
309 24 314 333 337 351 353 354 414 437 442 443 453 456 469 470 475 480 484 498
310 93 322 328 342 347 371 380 382 399 412 419 421 439 447 457 464 489 495
311 47 317 319 326 330 335 356 365 403 408 409 417 422 430 444 447 458 478
312 47 318 323 360 363 368 394 396 421 442 446 457 458 469 472 490 497
313 46 317 322 323 324 343 351 386 395 397 398 405 415 425 430 441 449 474 476 497
314 27 319 325 332 345 349 355 364 386 393 399 407 423 439 446 453 461 465 483 485 491 494 497
315 22 333 352 357 361 371 379 385 411 420 426 442 460 467 470 493
316 96 332 342 345 355 379 395 400 403 418 433 437 440 445 450 454 475 487 490
317 30 328 330 334 335 346 347 357 363 364 366 369 383 393 402 407 416 442 448 454 456 475 482 493 497
318 100 325 326 328 332 336 342 347 365 369 371 376 383 408 412 414 418 438 451 455 459 466 482 492 500
319 26 335 336 360 367 371 378 398 407 414 418 440 444 446 453 462 468 480 483 485 492 498
320 51 332 334 342 356 361 365 381 384 387 394 401 424 440 459 468 469 470 484 488 490
321 55 351 353 361 362 366 389 395 408 420 421 426 431 432 438 445 461 483 495 499
322 89 324 331 339 373 384 400 403 429 439 462 464 474 484 485 499
323 88 329 336 367 394 447 454 466 469 477 482 487 491 493 494 498 500
324 77 329 343 361 365 369 404 407 413 415 417 419 435 439 449 453 466 469 472 482 497
325 40 328 333 357 358 360 368 399 404 418 419 425 429 431 441 446 458 462 464 466 475 480 485 489
326 99 341 346 355 377 380 386 406 413 449 454 463 491 498
327 22 331 346 350 351 352 358 366 372 376 392 410 429 430 452 466 479 491 492 499 500
328 82 372 385 387 388 397 411 414 418 422 428 429 435 449 453 463 467 473
329 80 338 370 403 405 411 421 436 438 442 444 460 466 467 486 500
330 21 357 398 399 433 434 445 450 469 470 476 497 498 499 500
331 73 338 339 373 374 392 408 422 430 431 441 446 468 472 492
332 78 343 358 376 386 391 395 416 425 430 438 473 497
333 29 343 355 357 358 364 382 391 411 427 439 447 453 457 466 482 490
334 96 343 347 356 357 371 386 404 407 423 444 459 460 490 494
335 65 350 351 359 378 379 395 412 419 420 430 434 474 478 481 489
336 51 344 351 352 371 376 387 390 414 435 438 459 463 486
337 60 344 351 355 362 375 378 406 438 442 446 457 459 486 491 494
338 22 346 374 394 395 415 422 436 438 463 469 480 489 498 499
339 59 358 366 380 382 383 394 396 398 405 410 424 449 476 479 482 486 495
340 59 372 384 413 458 461 465 467 468 481 483 490
341 56 344 347 375 385 388 401 403 407 421 453 454 466 473 477 482 488 497 500
342 96 353 355 362 365 396 414 441 449 450 453 459 460 476 478 480
343 88 348 359 370 392 406 480 482 489
344 93 355 359 369 374 386 406 416 430 435 437 441 443 457 471 490 500
345 40 364 366 383 387 410 422 437 445 453 455 461 465 491 497
346 61 357 361 374 414 417 419 434 450 454 457 463 479 481 489 492
347 69 359 378 387 394 401 404 439 447 451 463 473 490 493
348 88 349 351 365 367 402 403 404 411 423 425 432 439 450 454 479
349 71 363 366 373 382 389 403 411 421 439 462 467 471 476 485 494 497
350 37 383 388 391 408 433 437 443 444 455 459 471 472 478 485 488 495
351 24 390 405 408 409 411 419 425 435 439 450 454 463 474 484 489 491 499
352 24 353 355 366 368 373 377 405 429 431 480
353 24 363 389 392 398 400 410 425 442 445 448 453 455 458 468 481 483 486 499
354 81 361 362 368 369 374 378 383 388 396 437 438 445 450 452 478 480 489 497
355 93 370 386 393 418 423 439 442 452 474 477 495
356 24 372 388 423 432 437 443 452 463 472 492
357 49 386 398 406 409 419 433 438 453 464 465 471
358 25 366 369 444 450 455 458 460 467 474 477 481 494
359 82 370 379 384 393 395 402 410 416 443 458 473 484 486 487 491
360 59 366 371 373 378 389 391 392 422 428 449 452 455 468
361 77 368 375 376 400 407 421 432 437 455 456 466 486 499 500
362 94 374 387 424 436 437 440 443 448 451 453 454 459 477 479 499
363 37 371 388 399 403 407 409 422 432 442 469 484 487 495
364 61 377 378 385 390 395 400 401 405 407 416 422 423 427 433 437 442 451 460 461 485 494
365 66 378 381 382 392 409 418 432 441 444 451 454 456 464 476 488
366 54 369 426 428 431 449 450 452 463 485 491
367 55 386 391 395 400 404 417 422 443 457 458 464 471 483 484 499
368 51 369 387 388 391 398 402 414 417 418 430 448 453 473 476 478 481 486 495
369 30 379 407 410 451 462 475 489 498
370 90 372 384 410 429 441 443 445 469 470 473 477 486 488 489
371 94 373 374 407 414 420 434 453 461 470 478 481 495 498 500
372 31 398 400 409 413 433 449 450 453 469 481 494 499
373 43 397 398 423 430 437 446 447 453 462 465 466 468
374 91 381 396 411 421 428 429 431 435 448 449 456 469 471 493 495
375 100 377 389 404 406 411 413 417 427 429 436 441 445 446 448 457
376 66 379 399 408 430 440 441 445 487 496 500
377 96 383 387 402 404 429 437 445 447 450 476 483 485 493
378 67 382 439 443 452 464 470 486
379 72 389 395 408 411 418 425 432 445 463 466 485 486 499
380 45 385 392 399 408 424 442 462 466 482
381 82 394 396 399 404 409 415 425 431 432 439 444 453 474 481 493
382 63 383 394 409 411 417 425 427 433 457 479 488 500
383 69 399 418 422 424 427 457 496 500
384 44 386 403 426 438 449 461 469 472
385 23 393 412 419 420 424 428 431 443 464 479
386 42 397 407 410 434 439 468 478 488
387 21 394 407 415 416 417 424 450 467 468 474 478 493 495
388 56 389 393 399 424 434 445 455 464 468 484 486 493
389 78 393 397 409 433 439 441 465 468 471 478 479 480 485 498 500
390 44 418 423 428 431 450 468 481 482 484
391 65 392 402 411 417 422 423 424 429 430 433 438 444 451 453 458 471 472 492 497
392 75 393 396 400 401 413 415 418 423 430 434 436 445 463 464 485 487 491 497
393 54 394 395 405 412 414 421 422 427 455 459 473 478 484 495
394 23 396 404 410 419 421 423 424 433 440 448 471 493 494
395 69 414 422 443 448 450 459 468 483 497
396 43 402 404 413 440 441 459 477 491 496
397 65 399 403 410 431 432 437 441 442 445 460 470 472 482 483 492
398 97 414 426 433 467 473 475 497
399 33 403 436 442 472 474 494
400 77 410 420 425 453 454 465 467 476 478
401 23 409 413 430 435 446 460 462 464 469 488
402 33 413 414 415 432 438 451 464 472 474 475 479 492
403 20 414 415 416 417 421 426 466 474
404 76 407 416 419 426 427 434 440 447 453 455 462 466 480 495
405 99 417 421 438 440 451 453 459 470 476 489
406 80 413 432 448 460 478 480 489 490 499
407 99 419 420 432 434 439 441 452 453 455 474 488
408 95 412 438 442 464 480
409 88 424 433 453 457 464 467 485
410 28 417 447 489 497
411 95 420 422 426 433 460 467 483 500
412 30 416 419 438 446 451 464 500
413 54 414 415 416 420 423 428 435 437 448 449 454 457 466 473 475 478 484 488 492 493
414 72 428 430 435 441 468 471 499
415 98 442 451 462 487 491
416 76 417 421 423 428 437 441 460 463 474 477 478 497 499
417 94 423 426 435 439 440 461 469 477 491
418 22 452 456 480 482
419 70 426 440 463 482 493
420 84 424 425 434 443 449 450 455 477
421 89 424 437 440 446 450 467 485 486 487 489 494 495 498
422 41 432 435 440 441 462 474 482 490 491 499
423 91 444 455 469 474 476 480 481 499
424 30 435 437 441 455 457 473 484 491 493
425 82 433 450 451 469 472 494
426 21 433 447
427 35 444 451 453 457 496
428 42 436 441 446 467 473 478 489
429 67 432 434 460 470 477 480 493 495 500
430 43 439 441 473 486 491
431 82 433 435 446 452 493
432 70 436 437 450
433 74 437 450 480 494
434 90 436 448 498
435 36 456 460 469 473 484 486 496
436 98 441 449 467 468 485 486 487 494
437 37 454 456 461 473 474 500
438 75 446 452 454 467 478 490 493 496
439 66 451 458 460 477 484
440 98 441 461 471 472 478 487 491
441 39 446 456 460 467 469 476
442 64 447 451 467 474 480
443 47 453 470 488 496
444 21 467 490 493
445 77 468 469 473 474
446 50 458 460 463 469 477 487 489 495
447 91 450 455 486 487 499
448 37 449 456 481
449 23 457 472 474 483 486 491 499
450 41 456 465 469 474 491
451 37 454 457 469 472 473 476 477 480 484 498
452 92 454 457 461 463 470 482 486
453 70 464 485
454 76 460 464 484
455 80 460 472 480 483 484
456 23 460 464 468 472 478 487 499
457 52 459 466 472 473
458 31 474 483 492 496 499
459 46 500
460 72 463 470 475 476 482 490 493
461 54 462 472 473 476 492 496 498
462 47 472 473 499
463 80 471 482 486 494
464 83 492 494 500
465 39 469 470 478 489 494
466 64 477 483 485 499
467 20 478 482
468 80 473 478 482 485
469 98 482 485
470 21 473 496
471 24 472 491 495
472 27 479 495 499
473 32 479
474 22 478 486 493
475 79 478 479 481 487 491
476 66 483 495
477 24 478 480 489 494
478 76 483 484 489
479 71 486 487 493 495
480 39 489
481 61 487
482 92
483 45 490
484 56 494 496
485 30 495
486 60 487 489 492 494
487 78 495
488 22 492 498 499
489 81 490 492
490 49
491 51 492
492 56 499 500
493 31 494
494 33 495 500
495 34
496 44 500
497 82
498 56
499 97
500 75
