500
1 59 5 16 27 32 50 54 65 81 94 136 164 166 200 205 212 227 230 241 276 280 290 292 301 303 311 313 318 333 348 363 378 383 387 391 410 416 420 431 442 462 479 491
2 98 3 13 23 26 30 36 46 50 53 61 65 66 68 73 91 95 104 124 133 138 144 146 160 161 167 170 198 209 210 251 254 268 271 291 295 304 308 320 326 340 354 361 363 387 447 450 451 464 465 492
3 22 5 19 27 42 48 54 66 69 79 82 85 92 96 108 132 156 174 194 227 233 236 239 248 256 262 271 275 281 289 294 295 305 321 336 338 383 384 412 428 431 436 443 461 464 477 484
4 71 9 17 37 64 67 70 117 132 142 149 153 163 183 193 197 224 233 245 246 259 263 283 286 294 311 320 325 334 354 372 385 388 392 396 403 407 417 432 433 444 446 447 451 466 475 476
5 95 16 17 18 25 42 60 69 90 95 106 108 117 124 126 131 136 139 143 151 152 171 184 190 193 194 197 201 213 228 240 275 320 336 339 345 348 363 379 388 397 409 417 421 424 426 427 429 432 439 440 442 448 460 472 482 491
6 94 33 38 40 79 86 88 89 95 103 124 126 139 153 169 171 179 192 222 238 241 242 249 267 284 294 324 326 329 337 381 382 384 397 400 401 412 413 416 434 454 464 467 477 485 486 489 490 491 495 496 498
7 36 8 37 44 85 106 110 123 163 186 196 206 208 209 211 222 232 241 246 255 272 279 283 314 317 330 340 361 362 364 370 382 390 393 413 414 427 428 437 455 457 461 467 473 479 480
8 49 19 26 29 40 43 44 46 63 69 97 101 103 120 128 141 150 162 175 196 202 208 219 221 260 268 270 279 284 286 296 322 337 378 402 419 434 435 449 453 457 460 476 480 484 492 494 500
9 28 14 32 36 52 66 74 76 96 137 146 152 180 181 184 185 187 197 205 213 215 228 230 231 255 270 277 279 286 299 305 328 329 341 344 350 367 368 371 377 401 407 440 443 446 468 500
10 99 14 37 39 53 63 66 72 78 90 98 114 133 155 158 159 169 178 181 215 224 237 242 248 253 275 282 285 303 304 310 311 314 319 323 325 328 341 342 343 361 370 371 396 405 424 431 440 448 458 466 476 486
11 38 36 37 41 50 65 97 104 125 126 148 152 170 180 186 197 205 230 233 241 250 255 273 276 278 284 301 305 312 327 328 343 344 345 352 357 363 367 395 396 409 412 417 419 432 441 454 457 463 465 479
12 92 21 28 35 45 48 72 82 83 84 100 104 110 167 170 172 183 189 211 212 221 222 225 229 231 257 258 266 277 288 309 332 354 359 360 362 369 378 380 384 390 404 408 414 418 439 442 451 478 481 487 490
13 26 20 30 48 60 64 65 68 88 91 103 104 123 130 131 134 144 156 160 163 168 178 179 190 198 201 204 207 231 237 245 254 287 309 322 323 327 331 332 360 368 380 391 395 397 402 403 447 456 481 483 497
14 31 19 43 45 56 69 76 80 90 92 97 110 121 139 150 154 169 191 196 199 215 220 229 238 240 242 248 262 273 280 293 299 304 309 314 315 324 325 343 351 362 369 374 376 378 394 401 405 410 426 430 433 443 450 490 491 492 500
15 91 20 26 31 34 38 43 47 62 64 66 80 86 90 103 127 130 139 144 157 162 173 186 198 199 202 226 229 246 249 255 292 297 309 324 356 357 364 365 367 386 399 405 420 433 438 441 443 448 464 465 476 479 499
16 25 23 25 28 39 41 48 50 53 75 83 93 99 111 129 161 162 179 181 186 215 220 230 253 258 267 294 301 302 343 353 409 424 430 435 449 456 458 459 471 480 500
17 40 37 50 64 68 91 98 119 122 126 133 151 187 201 207 217 224 232 242 245 256 280 281 284 286 298 300 318 332 333 336 339 355 370 386 396 401 408 418 425 434 437 455 465 478 493
18 26 25 32 35 42 52 59 68 76 80 81 84 87 91 97 109 117 128 137 143 219 225 234 239 245 246 257 258 262 275 291 305 307 309 310 327 337 344 358 374 417 419 435 437 449 452 463 472 488 494 495 496 498
19 39 47 63 67 75 80 97 107 110 143 153 182 190 194 196 202 203 210 213 228 236 240 247 256 262 267 289 302 310 316 320 323 328 332 340 341 353 363 373 393 410 413 429 443 457 483 498 499
20 26 25 28 59 87 140 145 178 184 195 203 209 215 222 248 261 266 271 279 303 304 307 308 331 349 352 358 375 376 378 386 392 395 426 443 447 461 466 471 483 487
21 62 36 62 69 84 89 91 92 94 102 127 130 131 144 165 170 176 179 182 195 227 241 242 243 248 250 252 261 264 265 271 273 274 279 291 325 330 347 351 353 387 401 404 407 409 428 432 447 465 476 477 478 480 483 500
22 25 33 37 47 56 59 63 75 78 82 111 115 125 139 185 186 204 208 231 232 242 257 295 308 327 333 345 359 371 386 436 452 467 468 485 496 500
23 92 39 54 58 60 63 68 69 70 71 93 108 110 119 130 132 140 149 156 190 213 227 239 244 259 261 263 273 281 287 338 359 382 385 397 398 400 419 423 441 443 447 480 481 484 488 498
24 30 38 53 56 63 72 75 79 86 102 105 112 120 138 147 150 152 154 155 167 176 201 205 212 213 215 217 219 230 231 232 244 254 264 292 312 319 335 343 344 345 346 353 366 389 392 399 409 418 424 427 443 457 460 465 470 471 473 480
25 58 30 33 37 51 57 66 68 70 75 84 92 96 105 121 130 144 148 149 155 160 174 185 190 192 205 207 214 229 235 236 239 258 261 265 268 272 274 281 286 294 300 309 313 316 324 326 366 376 386 391 398 403 410 412 414 440 442 471 478
26 37 34 35 36 40 51 57 59 62 67 72 93 99 115 137 147 151 193 201 202 218 224 236 250 254 265 268 270 288 289 307 315 322 360 373 382 384 391 417 432 444 448 451 463
27 66 34 52 53 62 63 82 102 105 106 109 122 130 134 140 164 171 175 182 187 225 238 251 258 273 277 295 309 330 331 337 364 365 379 385 386 391 394 418 439 454 459 470 477 483
28 69 40 42 52 75 94 97 103 105 120 122 128 130 139 145 169 182 183 187 188 220 239 253 255 276 277 280 282 304 311 315 327 335 369 371 372 386 389 393 403 409 423 431 446 453 464 470 477 479 487 497 498
29 23 54 61 66 111 124 134 141 147 149 157 161 178 183 190 200 230 233 269 299 302 307 308 324 329 333 339 344 349 395 396 405 409 446 449 458 465 475 477 491 498
30 97 39 50 57 64 67 72 81 87 89 105 109 112 133 143 146 147 155 163 165 170 203 207 208 209 212 219 221 228 233 237 274 275 282 286 294 296 309 327 344 345 358 361 371 384 386 412 413 415 420 441 458 476 485
31 69 51 53 54 63 69 70 76 79 82 85 91 107 117 132 140 145 169 180 184 187 190 208 210 227 242 252 269 270 271 278 279 280 283 297 299 310 330 333 335 341 350 355 362 366 377 386 407 408 423 434 459 482 491
32 97 35 40 41 45 49 55 59 66 73 75 78 83 113 115 129 148 155 189 192 195 202 204 207 214 215 248 261 281 282 283 303 311 327 328 330 354 372 376 381 389 391 392 395 396 400 403 429 436 440 447 448 449 457 472 487 491
33 97 47 63 76 88 125 135 155 163 169 201 215 216 220 240 242 245 256 258 274 278 282 283 291 328 350 368 376 388 395 398 410 412 417 435 444 452 456 463 480 484
34 55 36 39 70 74 88 110 125 133 134 135 143 146 152 160 162 167 178 187 197 235 247 251 264 265 283 286 287 289 290 300 319 321 324 325 349 352 395 396 398 404 415 416 441 448 464 480 489 491 499
35 24 38 73 74 76 84 87 111 114 120 123 154 161 177 199 221 228 239 242 256 262 271 278 279 298 317 322 328 331 344 345 348 349 350 351 365 366 377 382 384 385 389 400 408 415 440 445 450 465
36 28 43 58 65 72 86 89 107 114 122 132 133 136 141 151 169 172 204 220 236 242 243 246 250 280 294 300 308 309 314 315 326 337 342 352 365 371 379 400 442 446 458 468 480 484 485 488 491 492
37 66 40 42 44 80 97 110 111 115 130 147 156 173 177 180 183 184 193 199 206 208 242 244 260 265 279 300 306 312 328 333 338 350 363 364 366 367 383 424 447 466 473 489 491
38 76 42 57 59 71 73 77 79 80 85 92 114 130 131 133 138 141 171 184 195 196 226 229 230 247 248 251 280 282 292 305 306 346 347 351 353 379 394 395 426 432 433 437 439 457 468 470 472 482 494
39 31 44 45 67 69 71 80 92 119 127 144 149 165 169 178 182 192 206 210 217 231 244 246 250 254 303 329 369 385 390 394 397 403 426 433 454 457 463 490 495
40 82 58 60 69 80 81 95 97 106 110 116 125 158 162 175 176 178 182 192 208 221 222 247 248 260 261 269 270 276 280 284 304 317 318 347 353 354 363 368 377 386 406 415 427 437 454 474 477 483 500
41 30 48 53 61 62 68 82 159 162 165 177 198 229 231 253 258 259 264 287 293 299 303 307 319 339 343 348 353 355 378 393 402 404 412 419 431 458 477 478 480 486 488 495
42 46 48 50 59 68 73 79 82 85 88 95 96 121 132 147 160 162 163 165 166 173 230 241 254 259 265 275 291 312 318 331 332 370 372 397 403 408 425 430 431 441 447 449 457 491 497
43 61 48 101 106 114 116 127 149 156 157 176 187 188 213 228 234 246 253 255 259 262 275 280 288 293 313 331 335 347 363 370 372 387 405 432 438 448 476 497
44 43 61 65 97 105 110 118 135 139 143 157 165 175 179 191 193 194 206 207 209 211 217 223 226 229 238 254 262 273 282 304 305 319 350 351 360 400 406 409 411 414 417 424 428 444 449 479 493
45 46 58 92 95 101 106 124 139 145 154 168 182 184 198 204 211 212 222 223 224 256 261 263 265 266 268 278 280 285 297 299 321 336 340 343 370 376 388 401 410 432 440 442 465 492 494
46 63 78 86 122 132 143 146 163 178 181 194 200 202 213 219 221 231 233 240 275 287 290 293 311 328 343 366 367 370 374 381 421 423 426 431 436 450 452
47 34 52 53 71 94 97 99 106 152 161 164 175 223 227 265 275 276 278 289 291 303 320 337 342 345 352 356 369 391 394 400 402 424 425 428 437 445 449 453 476 482 487 498
48 51 125 131 132 142 162 170 175 188 189 195 197 204 207 212 231 255 267 272 277 288 304 310 313 317 326 332 347 348 349 357 360 367 373 389 390 397 399 411 419 420 445 449 450 453 461 467 472 474 484 497 498
49 37 51 52 58 59 88 91 93 148 161 168 196 198 202 203 214 236 245 267 268 272 278 289 298 316 321 322 326 327 328 333 377 378 379 390 415 442 460 469 481 492 497
50 28 56 59 61 68 76 77 87 99 109 134 141 154 158 167 169 171 188 197 219 222 229 231 233 246 247 248 253 272 303 305 309 333 334 336 340 359 369 378 408 411 415 431 448 455 468 471 481 486 493 496
51 66 56 67 75 77 87 96 137 192 199 224 226 247 248 264 266 268 272 275 278 295 299 301 318 322 323 335 342 349 355 361 362 365 369 372 373 374 379 400 408 414 438 455 456 472 479 480 485 487 496
52 68 57 59 63 67 82 84 85 98 101 118 129 139 141 146 160 163 166 167 186 187 193 205 206 216 218 224 227 230 237 250 255 260 272 275 276 291 300 311 314 323 329 343 379 393 394 405 422 443 446 456 459 461 462 479
53 99 56 64 97 106 111 142 146 147 152 157 172 192 195 197 198 201 215 222 246 256 272 287 288 289 291 294 297 314 321 325 350 358 386 387 388 393 395 409 419 421 444 459 460 464 468 472 481
54 58 57 60 80 81 83 90 95 105 108 115 117 118 124 143 184 195 207 218 229 234 251 255 256 271 278 282 317 333 351 381 387 390 392 393 398 402 429 446 478 496
55 77 63 71 93 100 104 106 107 113 136 164 166 168 172 193 200 201 214 217 236 249 266 280 290 306 325 329 340 354 368 369 379 405 414 416 419 424 449 490
56 71 70 75 78 79 86 87 89 91 110 120 140 144 145 146 156 159 174 182 191 201 213 219 228 231 234 242 248 270 277 281 287 293 327 331 345 346 351 361 375 392 404 405 413 420 424 433 444 452 465 495
57 25 64 70 75 89 110 113 120 142 152 156 169 171 194 203 238 242 251 256 279 290 297 301 302 315 319 324 325 326 331 335 339 348 354 377 387 410 416 439 460 473 484 494 500
58 39 75 96 103 114 121 123 133 145 152 163 164 195 232 235 241 246 254 270 277 287 295 302 314 324 334 336 339 379 381 404 423 436 438 440 467 473 479 484 495
59 68 71 110 138 150 153 162 172 190 193 197 202 204 220 223 226 228 248 250 254 259 261 265 267 270 279 293 320 326 335 359 362 363 370 372 380 382 393 403 412 422 427 437 459 471 472 479 486 489 498
60 55 67 74 101 104 109 125 135 138 165 176 180 197 201 242 245 259 288 304 312 332 337 339 347 355 372 374 398 403 407 419 445 455 459 471 472 474 485 493 495
61 98 75 82 85 93 98 111 117 120 135 142 152 181 187 188 195 206 221 272 287 299 306 328 330 332 341 351 354 358 360 372 375 385 387 404 408 415 434 436 439 452 459 462 485 495
62 42 79 82 85 119 141 152 153 185 208 219 237 275 289 293 319 336 340 344 346 349 355 374 381 402 414 426 427 444 463 469 479 483 486 497 500
63 32 74 80 83 88 106 108 109 115 146 151 154 160 164 169 184 192 193 205 215 234 239 244 245 252 259 275 276 288 290 298 310 317 319 327 336 338 345 346 355 366 380 383 402 441 446 454 464 479 486
64 49 70 75 85 88 89 99 119 138 147 152 161 163 176 184 192 212 213 217 222 223 234 236 246 250 251 252 254 255 263 271 287 308 317 318 329 346 350 382 390 397 406 438 445 451 457 479 489 491
65 24 81 83 100 121 139 184 185 196 205 208 216 225 227 230 239 257 258 298 307 313 324 352 361 373 374 375 398 401 406 408 411 420 426 434 445 450 451 452 457 458 463 476 483 486 494
66 90 74 76 79 117 130 131 170 175 181 200 202 229 242 247 275 276 282 291 296 302 310 315 319 338 339 346 367 382 388 405 417 418 422 429 440 441 442 444 454 456 474 478 490
67 78 92 97 98 104 106 115 116 141 142 150 179 198 201 204 207 210 213 224 228 229 231 247 257 268 272 291 292 295 297 303 321 323 328 339 354 362 372 389 409 412 418 434 439 447 469
68 100 73 76 84 89 92 106 110 113 114 116 118 120 128 136 149 162 178 194 212 214 238 251 264 268 271 289 291 297 307 311 331 340 362 411 412 421 446 473 479 480 483 493
69 100 81 84 92 97 114 115 127 138 146 155 156 166 167 181 191 194 199 231 240 241 246 248 250 268 270 271 275 291 298 299 302 311 313 339 352 353 357 362 373 376 379 407 415 432 435 443 463 472 476 478 482 489 497
70 26 73 84 110 113 127 171 186 200 215 226 240 250 274 276 330 346 377 381 385 391 411 414 419 437 440 450 455 459 460 471 478 481 486 488 498
71 48 74 83 100 110 126 135 148 158 164 174 182 185 189 222 227 229 234 239 245 247 262 271 272 291 293 307 311 313 316 321 325 332 339 340 343 352 359 377 390 394 403 404 414 415 418 421 423 429 433 434 437 439 451 455 461 465 472 492 496
72 31 74 76 80 86 107 109 119 121 123 124 138 143 153 159 160 171 176 187 194 197 198 207 208 214 220 227 230 231 239 247 251 264 271 274 304 305 330 361 367 379 382 383 387 420 425 428 441 443 444 454 455 474 484 486
73 22 74 77 80 81 85 104 105 111 113 116 132 141 153 168 180 185 203 205 207 213 226 240 241 254 284 287 317 320 334 351 360 368 387 390 393 408 411 423 437 442 455 469 471 475 479 482 491
74 72 79 80 89 106 142 147 154 191 193 197 226 227 234 235 236 264 271 272 277 303 304 313 321 325 330 344 356 358 400 440 443 449 457 484 496
75 21 81 82 93 102 124 131 133 135 139 140 144 147 151 167 172 185 194 197 199 208 215 230 235 257 268 277 282 287 296 301 314 317 328 330 334 350 360 367 370 380 394 395 399 441 450 457 479 481 493 496 497 499 500
76 76 86 90 99 104 149 151 156 168 175 178 191 192 193 204 209 211 231 237 245 250 259 279 292 296 303 306 326 339 345 348 350 366 378 406 416 431 435 450 458 461 472 473 490 492 493
77 67 84 86 110 153 169 172 222 230 231 242 243 246 253 261 273 275 295 302 332 357 359 362 365 369 376 405 419 434 435 438 446 457 458 461 466
78 73 83 84 96 100 111 115 124 127 134 136 167 172 176 181 192 198 205 209 216 228 230 246 253 272 282 303 306 324 328 342 354 357 367 403 409 410 426 429 440 464 468 482 486 490 493 497
79 90 80 100 106 126 158 161 162 175 181 204 207 213 219 222 238 239 248 250 274 316 321 325 327 334 339 343 358 389 407 416 419 435 459 460 484 486 498
80 63 84 85 96 97 109 113 141 146 156 166 170 174 185 201 207 248 254 263 265 269 272 279 281 284 287 292 301 302 306 327 331 333 337 354 375 388 405 432 438 442 443 446 478 481 486 488
81 65 85 96 97 115 120 123 145 148 149 165 174 183 197 217 235 243 244 247 262 264 277 285 289 290 292 294 298 304 319 323 324 334 343 370 371 385 388 390 396 411 412 438 450 452 456 465 467
82 50 90 92 112 126 128 140 143 166 176 180 187 193 200 208 215 222 229 238 239 286 291 292 297 304 317 326 343 344 355 363 376 387 398 404 436 443 451 453 460 463 470 485 495 499
83 86 94 107 134 137 144 148 154 157 163 170 186 196 197 203 206 209 211 212 221 227 229 234 239 262 272 273 274 289 299 341 363 370 375 392 405 407 412 415 420 426 432 434 450 451 455 461
84 51 95 114 117 123 124 126 130 143 151 154 155 160 182 189 224 235 236 238 242 262 268 276 325 349 362 364 368 397 400 420 422 460 468 481 493 498 500
85 86 92 104 123 150 160 164 166 168 175 178 186 192 225 235 238 239 266 270 289 290 292 300 303 309 317 371 381 385 387 414 423 442 450 460 500
86 46 116 118 121 153 155 173 205 232 236 240 246 249 261 273 286 291 304 352 354 358 374 390 440 450 456 463 470 492
87 50 90 116 140 151 161 163 166 171 174 192 197 200 219 222 224 227 232 243 279 287 292 301 310 327 332 346 350 357 366 386 388 394 397 406 436 447 449 462 463 475 490 498
88 97 97 98 125 128 141 150 195 196 217 218 220 235 241 244 250 271 291 299 308 313 327 328 343 351 355 356 369 373 386 393 394 398 436 443 446 451 468 473 474 477 495
89 29 91 105 107 110 117 118 147 158 205 223 231 232 253 266 267 299 302 308 311 315 326 329 343 351 361 366 377 378 380 388 392 397 403 416 441 442 446 452 473 482 487
90 33 91 98 101 132 151 156 166 182 193 198 209 211 219 223 227 230 241 243 285 296 303 304 307 315 328 352 368 382 390 399 433 474 478 483
91 33 92 104 114 151 173 216 228 238 257 271 280 286 291 293 297 305 311 315 323 327 345 356 363 373 380 392 396 409 412 414 418 440 441 453 462 474 478 485 486 489 490
92 96 105 108 111 116 125 130 131 132 134 136 144 218 230 235 241 242 252 257 260 266 283 306 335 350 356 357 361 377 382 386 392 396 400 425 434 436 448 485
93 28 94 113 122 124 126 154 155 165 192 202 223 242 253 257 259 261 273 279 306 308 309 312 321 329 353 384 389 407 418 439 451 456 463 474 478 494
94 51 98 110 113 123 139 156 165 166 172 179 180 189 193 202 222 249 265 273 276 280 289 307 309 310 312 313 314 326 332 333 340 341 351 359 367 421 424 427 465 467 476 493
95 26 99 100 103 104 127 141 143 145 150 151 189 226 227 228 236 242 244 255 261 265 271 276 313 324 329 344 348 367 371 419 434 445 453 465 472 476 486
96 45 103 135 146 158 185 189 206 229 260 270 286 296 307 309 328 331 333 337 340 345 347 350 354 355 418 419 422 430 441 442 445 453 466 468 472 473 478 480 484 492 500
97 61 99 105 107 113 129 130 149 152 159 167 175 178 194 207 216 218 226 228 275 303 309 312 319 332 336 338 361 370 381 394 424 431 435 436 440 445 451 456 469 474 479 485
98 41 103 115 132 143 146 148 185 188 199 208 214 238 239 241 247 248 257 265 299 311 325 340 359 360 366 379 389 416 433 452 457 467 497
99 44 116 119 120 123 124 151 153 156 162 174 184 195 204 247 255 259 262 271 275 278 283 287 301 302 308 315 348 351 385 398 403 415 432 452 461 462 473 499
100 76 116 132 140 159 174 182 194 204 247 252 290 293 299 307 327 344 380 401 402 406 408 411 412 423 437 440 457 476 479 492 496
101 37 112 115 132 146 155 175 181 190 192 199 203 212 224 272 299 301 319 332 338 342 349 350 358 387 402 407 471 496 498
102 44 113 123 124 130 161 173 178 196 203 209 238 247 248 262 282 288 311 312 347 355 363 372 381 405 408 411 416 420 440 452 455 461 471 480 483
103 49 125 132 144 147 161 170 176 178 179 183 193 215 223 246 247 254 263 268 271 286 290 295 339 348 355 367 371 377 404 431 447 449 462 468 474 500
104 24 113 115 120 132 136 156 166 167 178 184 218 224 235 236 239 249 254 277 285 309 329 358 362 364 368 373 387 406 412 422 441 446 448 452 453 466 485 499
105 52 107 113 121 156 157 160 161 192 197 207 210 214 215 220 230 237 254 294 298 302 307 325 334 338 340 349 364 373 391 402 412 413 422 449 479 484 486 494 498 499
106 57 125 163 173 178 185 188 191 195 225 230 231 243 248 259 269 272 281 284 286 293 302 328 333 337 344 345 356 359 360 368 370 381 385 390 410 414 428 440 443 466 468 471 480 494
107 50 115 126 133 142 171 203 229 253 267 271 283 289 292 295 300 327 338 361 364 373 375 398 440 442 445 448 457 462 485 488 493
108 52 120 127 135 153 178 204 217 218 234 240 263 275 281 293 310 318 320 348 353 369 381 389 428 438 456 473 486 489
109 45 124 138 154 156 162 166 170 174 186 199 200 201 210 211 233 238 259 266 277 289 290 295 299 305 320 324 327 351 354 378 380 384 385 388 404 408 412 429 431 439 461 463 464 471 473 496
110 55 111 139 145 159 166 175 196 200 206 215 220 240 246 250 258 270 271 272 290 293 327 329 337 344 347 348 359 364 370 379 381 382 390 394 409 414 417 429 448 451 454 457 459 463 472 481 495
111 64 112 118 125 131 132 139 142 168 169 180 184 199 202 205 224 227 236 237 244 300 302 311 317 322 338 348 432 445 473 494
112 22 134 138 144 157 176 184 185 201 202 203 211 214 218 233 257 269 283 288 293 301 313 326 328 345 361 367 373 378 381 394 399 410 416 417 418 419 426 431 436 443 444 451 455 458 459 473 480 481 498
113 96 115 137 141 148 154 157 167 180 183 198 203 238 241 242 249 250 256 272 280 285 288 303 307 312 321 326 331 356 357 363 380 384 400 401 412 416 433 434 435 440 477 487
114 39 129 157 190 200 207 212 239 248 250 274 277 316 328 330 339 351 354 359 365 367 370 374 379 381 383 386 396 416 422 425 430 432 438 448 486 492
115 41 126 128 135 142 145 156 169 170 188 198 224 244 247 254 274 324 336 339 341 342 348 388 392 399 403 416 424 429 437 447 468 491 492 493 500
116 83 135 140 142 147 149 150 165 207 210 266 277 284 301 305 306 317 327 330 336 346 378 383 388 399 400 401 424 425 426 429 431 436 437 444 475 488 496 498 499
117 34 122 124 138 143 150 154 162 169 190 192 194 197 200 202 219 227 239 245 251 274 288 295 302 325 359 362 364 366 383 398 403 406 409 424 439 446 453 454 456 462 473 478 479
118 56 123 127 154 183 186 189 195 203 212 213 232 234 236 276 290 301 308 313 333 348 359 369 392 427 445 449 470 474 475 477 488 499
119 77 120 134 137 140 157 173 175 217 224 226 235 241 256 281 291 295 304 329 356 367 378 387 395 405 411 413 416 423 431 433 436 444 482 495
120 90 123 134 142 148 152 157 167 174 178 181 190 192 193 214 224 242 270 277 278 284 307 318 330 358 373 380 420 440 452 455 479 487
121 66 126 169 203 208 215 226 227 232 249 250 253 258 259 280 281 290 293 294 305 322 324 383 390 402 412 414 415 437 445 446 471 473
122 49 123 142 151 155 171 176 178 184 190 213 215 230 233 253 255 260 264 280 319 325 341 346 352 355 363 365 368 380 385 387 393 434 458 467 469 470 473 476 484 492
123 56 125 133 137 139 142 185 191 193 196 207 234 259 264 269 278 296 301 306 316 332 337 338 343 346 380 382 387 399 401 406 407 409 422 424 428 466 473 488 492
124 86 139 149 156 159 162 163 178 191 192 207 224 231 233 242 245 252 262 301 337 341 347 378 386 396 399 402 410 416 420 438 456 458 473 479 483 490 498
125 63 141 152 175 193 195 196 200 201 210 238 244 245 254 266 285 290 301 309 325 328 355 365 380 388 398 399 404 405 423 445 447 457 458 478
126 41 132 138 148 205 209 214 222 234 238 248 252 255 260 264 291 297 299 306 309 319 321 335 336 352 377 409 419 422 442 454 463 475 485 487 489 490 491 495
127 78 137 140 149 162 188 191 195 233 264 299 308 314 327 336 344 359 376 382 393 411 444 447 455 464 472 478 487 492
128 22 134 140 141 149 180 189 192 206 217 220 221 255 263 266 269 274 287 291 307 332 333 337 338 355 361 427 434 444 452 455 460 461 462 464 470 494 495 500
129 90 172 224 227 235 251 259 282 284 288 298 299 309 332 348 350 364 368 372 375 403 416 434 440 446 447 460 463 479 485
130 41 145 148 153 165 178 194 208 215 219 229 238 244 258 269 280 282 290 291 316 322 332 348 352 354 359 370 388 397 403 404 407 414 433 439 453 459 461 473 474 481 492
131 29 148 150 173 193 196 200 206 239 242 244 249 256 257 265 277 292 297 318 325 326 340 346 349 356 367 387 414 416 417 437 442 445 448 450 451 460 473 478 479 495 500
132 64 134 156 161 166 167 188 197 211 228 229 248 256 279 289 293 301 316 328 333 336 349 363 415 420 449 479
133 62 156 168 170 171 174 196 205 209 210 227 242 255 259 261 262 266 289 321 331 336 339 346 351 358 364 374 375 376 378 380 384 388 396 402 406 426 430 431 432 436 441 446 458 459 465 476 477 490
134 80 140 143 147 164 176 190 200 209 225 228 234 244 260 268 271 278 281 289 302 311 338 349 364 379 382 384 385 392 404 437 457 472 489 496
135 44 139 150 167 171 176 185 186 192 195 201 210 217 219 229 241 242 248 251 265 268 269 278 285 303 317 318 331 334 339 340 345 352 363 365 378 393 402 404 413 415 432 441 453 465 481 489 495
136 56 138 159 162 171 178 180 181 182 202 219 224 226 231 237 254 265 276 287 288 348 365 384 395 401 405 410 418 432 436 441 460 464 466
137 67 138 158 163 168 177 188 189 220 232 276 279 286 291 293 300 307 349 353 357 366 374 380 405 413 417 424 430 440 441 467 475 477 497 498
138 98 147 148 218 227 237 246 292 315 337 340 362 364 367 390 392 399 401 416 422 441 443 449 461 486 491 494
139 44 146 180 182 209 212 217 245 257 260 261 268 278 280 298 300 309 311 315 317 321 340 343 361 366 368 377 380 391 404 411 432 442 454 462 463 473 481 495 500
140 64 141 144 153 169 170 179 180 191 194 195 199 217 219 233 241 244 252 256 261 278 290 293 295 333 356 362 364 369 379 390 397 407 410 416 431 434 435 445 452 454 455 473 476
141 39 142 157 160 161 162 171 181 184 203 216 230 245 278 280 282 305 309 312 326 328 334 344 360 366 383 399 402 404 412 449 469 477 485 488 490
142 92 153 157 169 170 176 180 181 190 195 196 214 227 230 241 246 295 305 318 322 340 345 370 373 375 386 397 406 419 429 430 433 454 462 463 469 489 493
143 45 154 158 160 170 203 217 236 242 246 250 255 263 272 288 289 294 298 303 304 305 352 362 367 376 395 412 417 420 426 431 436 439 450 460 461 463 493
144 86 166 167 169 170 173 183 187 192 203 251 254 260 273 293 310 321 343 348 356 382 384 386 398 404 407 414 415 440 454 456 459 465 477 484 493
145 84 155 160 162 169 172 177 190 225 240 256 264 274 276 277 286 291 300 302 315 326 334 339 349 355 357 376 377 389 399 403 405 428 438 441 463 471 480 490
146 72 164 166 170 189 208 212 221 231 248 265 267 276 286 295 308 346 347 374 388 396 401 403 405 416 420 441 442 486 490
147 37 151 167 175 176 190 225 251 263 265 269 273 277 280 293 299 306 308 314 331 344 347 359 361 364 393 398 404 415 418 424 427 429 432 451 456 474 478 484 490
148 26 149 154 170 174 175 180 187 199 208 221 231 246 260 266 278 283 299 302 311 312 317 323 325 341 351 353 357 396 401 408 428 433 454 459 467 472 493 495 500
149 60 168 169 170 210 221 232 239 252 260 263 264 275 281 282 300 322 323 342 352 355 358 369 401 414 415 417 419 422 427 440 455 462 481 484 489 494
150 84 172 174 175 177 178 195 204 207 230 238 256 261 289 305 310 318 328 331 337 339 388 396 401 405 408 417 423 426 429 442 445 461 466 475 486 492
151 27 181 188 194 205 226 227 232 234 244 249 250 270 277 306 310 318 326 344 345 354 361 362 377 393 396 421 446 451 492 497 499
152 62 199 204 206 212 217 239 240 265 266 275 277 282 290 331 337 350 352 355 365 368 370 383 389 390 397 398 403 414 415 426 429 462 467 468 485 497 500
153 36 160 163 174 197 205 220 222 226 233 256 257 258 261 281 282 292 309 313 326 328 334 336 353 356 361 373 383 386 387 392 402 412 434 435 449 466 467 469 474 476 486 487 488
154 87 157 162 165 175 185 190 198 218 231 246 260 264 275 288 297 301 309 323 331 347 370 376 380 387 394 423 436 461 468 482 488 494
155 72 157 168 178 197 201 206 214 246 284 291 298 312 331 346 377 379 383 391 392 407 408 409 426 430 461 471 479 486
156 77 160 164 183 187 199 202 207 215 217 218 222 227 231 250 252 275 277 287 301 307 317 337 338 346 359 370 408 409 420 432 441 448 458 469 480 490 491 493 499
157 71 173 188 189 190 200 208 211 214 219 221 248 251 252 255 259 260 283 297 300 312 327 331 334 338 351 358 363 369 374 399 411 423 439 441 486
158 23 165 169 180 185 193 198 204 220 239 250 268 270 275 276 278 283 288 292 295 301 312 327 329 332 333 347 351 363 389 392 393 394 433 435 438 442 448 456 463 464 487 490 497
159 96 165 180 190 191 195 212 240 241 247 258 269 274 275 285 301 313 315 319 325 339 353 355 370 384 409 414 445 455 459 462 471 477
160 33 163 164 176 183 184 189 194 211 219 221 225 228 230 247 249 257 263 270 277 284 288 299 302 308 319 322 324 327 333 338 339 351 361 366 370 371 376 386 409 412 414 425 430 446 459 467 500
161 56 168 180 181 193 229 238 249 280 292 307 310 320 326 331 332 345 353 357 377 388 395 398 402 406 413 414 417 418 427 432 443 448 451 490 496
162 34 198 208 230 240 249 250 254 278 316 334 335 348 385 456 461 462 479 487
163 60 197 231 237 247 261 283 285 286 287 297 299 307 308 314 325 342 363 368 375 387 401 453 455 456 467 499 500
164 81 167 171 191 195 197 207 213 226 247 249 290 293 315 323 324 334 348 369 385 388 416 426 428 433 445 448 455 462 482 499
165 58 174 179 192 194 204 214 217 219 220 223 231 233 264 276 284 291 297 302 315 320 326 345 353 355 360 381 382 387 407 409 422 423 426 430 431 434 438 441 467
166 97 168 199 200 208 231 260 267 287 333 334 340 341 355 397 404 418 420 442 463 473 483 486 495
167 82 173 182 196 200 201 205 209 219 230 259 268 278 281 286 297 306 313 315 330 333 334 339 345 351 361 367 371 374 391 396 397 399 402 413 418 419 420 431 448 455 461 479 488
168 77 186 195 198 206 224 227 231 247 256 263 270 273 295 325 327 335 362 363 382 383 389 407 411 418 424 426 456 466 470 471 480 486 493
169 77 174 179 200 204 205 214 215 218 224 236 248 267 269 271 272 273 274 284 290 318 351 356 369 381 394 403 431 436 442 444 447 466 474 475 484 497
170 20 172 180 197 204 210 230 242 252 257 260 290 306 317 325 332 352 361 390 401 405 414 421 474
171 62 198 210 217 220 227 253 290 314 315 322 331 332 337 342 347 356 385 386 390 402 404 411 427 434 436 441 442 465 485 487
172 39 193 200 207 210 217 251 255 267 278 281 297 301 304 311 326 339 355 359 370 374 379 383 400 427 434 435 437 445 465 467 472 491
173 50 177 222 236 252 255 261 264 272 289 291 293 303 308 316 317 326 332 333 345 348 378 383 400 408 410 415 432 452 455 463 485 497 500
174 40 178 184 202 203 215 229 232 247 255 290 312 315 324 325 328 336 339 352 353 368 372 407 413 442 451 456 457 463 472 492
175 83 184 213 223 230 234 236 248 278 294 301 306 321 331 367 370 371 373 389 427 432 433 436 437 438 439 447 460 490 495 498
176 40 190 192 194 197 198 212 215 233 238 250 271 273 276 285 291 297 312 328 329 353 354 356 365 381 400 403 418 424 432 436 442 449 451 469
177 45 187 203 212 220 221 222 225 230 233 244 246 271 273 277 282 287 297 298 299 310 315 330 337 344 351 359 372 374 403 410 418 435 441 445 447 448 455 459 463 478 481 482 492 496
178 40 180 181 184 206 216 222 224 228 229 237 244 257 259 260 266 272 282 283 285 291 298 308 311 312 319 324 328 334 366 367 376 392 408 415 443 457 459 475 484
179 24 180 183 185 190 200 209 210 222 226 256 271 273 282 306 313 316 320 348 379 390 411 425 432 434 457 464 474 475 478 481 482 488 499
180 55 191 197 202 225 232 242 246 261 266 278 288 301 302 322 324 325 342 355 376 389 411 424 433 442 457 470 480
181 59 205 208 215 220 221 222 232 233 237 246 264 287 291 300 303 310 321 325 377 415 418 422 432 439 454 474
182 59 183 200 228 229 239 242 261 262 265 267 282 293 312 321 340 344 347 355 366 381 386 388 394 404 409 421 424 435 456 479 491 498
183 51 215 233 237 262 276 282 294 314 316 325 333 360 377 389 426 433 444 480 482 492 496
184 61 199 204 205 222 233 245 278 289 307 326 334 349 356 361 389 402 406 410 425 433 439 441 450 452 462 468 483 486 498 499
185 60 189 192 197 231 235 236 237 239 241 244 256 262 266 274 289 297 303 309 316 318 331 334 339 345 352 355 364 372 381 387 402 405 412 413 415 442 447 458 465 475
186 39 191 223 228 234 245 248 260 288 298 305 312 321 322 326 327 328 330 395 406 415 434 436 452 486 493 497
187 100 199 203 204 263 300 301 307 317 337 351 353 374 377 393 404 408 421 422 425 430 437 456 476 486
188 31 189 208 213 215 228 246 251 266 272 273 281 282 285 294 302 303 310 315 330 333 334 339 363 364 379 397 405 430 436 446 456 476 492
189 25 203 208 212 221 236 242 245 247 253 273 276 280 281 303 308 313 316 318 319 334 353 356 370 376 379 390 401 405 407 417 434 436 441 452 464 467 469 470 483 485 488 497
190 20 191 201 202 222 239 249 262 276 283 330 334 346 349 355 359 367 381 386 395 409 412 429 446 457 474 476
191 32 200 205 206 210 211 217 223 232 235 240 245 261 271 277 298 316 317 330 333 376 385 389 390 407 425 431 451 455 475 476 480 484 485 496
192 83 193 195 199 203 216 221 232 242 244 247 256 274 276 281 284 310 317 330 335 342 349 351 355 364 368 387 395 396 400 401 402 414 415 430 432 438 458 468 479 486 496
193 47 210 220 223 226 244 288 290 294 303 311 312 338 350 355 356 358 384 388 405 406 407 425 426 429 430 439 441 466 467 477 497 499
194 98 197 204 215 230 231 246 252 261 263 268 287 290 292 318 330 339 340 345 346 348 361 362 370 396 400 410 418 427 435 455 462 471 475 494 497
195 86 213 218 221 228 247 252 253 257 273 277 278 287 303 311 321 340 360 373 385 391 395 409 412 430 441 454 462 464 471 487 492 494
196 59 200 210 237 241 243 256 259 273 277 298 313 323 324 339 360 363 366 368 386 404 405 441 448 449 464 471 485 488 492
197 95 207 227 235 236 238 239 262 263 272 275 279 280 318 321 326 336 338 351 357 415 420 433 438 440 443 445 454 455 459 476 483 488
198 71 207 208 213 214 219 223 250 252 259 299 302 306 315 318 327 330 335 362 374 380 384 385 389 398 402 405 439 448 482 492 495
199 96 205 211 214 220 221 225 228 233 235 261 266 269 272 276 285 288 293 296 305 306 312 320 323 340 351 354 360 373 376 380 381 384 397 408 410 442 461 472 476 489
200 68 210 211 229 237 245 256 267 315 334 336 343 346 349 357 361 362 380 385 387 389 392 408 419 426 442 444 459 464 475 495
201 77 204 210 234 243 246 258 278 280 303 315 327 331 335 336 341 342 345 356 365 369 371 387 392 404 421 434 436 444 446 452 453 454 474 480 483 487 491 493 495 498
202 25 206 247 292 297 298 307 316 359 374 381 392 393 394 398 419 447 449 450 470 487 490
203 82 225 245 247 250 276 279 292 301 317 327 336 338 343 369 391 400 402 406 435 464 466 470 486 500
204 57 207 208 209 216 218 228 233 240 248 269 271 286 302 303 304 320 321 323 359 366 368 379 389 395 397 423 430 440 442 443 458 463 473 476 478 485
205 21 211 213 215 246 247 248 252 275 299 312 320 327 339 358 366 371 382 384 394 397 410 438 440 443 447 459 467 482 497 500
206 90 225 231 235 241 261 286 340 358 362 367 390 402 426 433 444 445 455 458 461 467 482 493
207 32 208 209 210 214 234 237 241 246 270 288 293 297 298 319 326 331 332 358 371 380 381 382 417 420 430 444 461 471 482
208 27 211 217 230 260 265 266 272 286 288 308 312 321 323 332 333 348 386 397 403 413 474 487 496 499
209 59 213 215 216 218 239 247 266 272 298 312 316 318 323 326 345 350 358 375 387 395 405 406 416 417 424 429 452 454 461 466 468 483 490 496
210 46 220 222 250 257 260 263 277 285 293 304 307 308 327 343 349 359 362 367 400 407 408 417 420 422 430 434 436 439 441 443 447 448 464 487
211 32 217 233 245 259 267 280 298 316 324 329 343 352 367 390 404 407 422 429 437 438 450 471 479 484 496
212 97 238 239 251 265 267 268 269 277 310 347 354 375 390 395 400 401 405 406 419 429 430 453 459 466 468 469 470 475 480 484 493 497
213 30 214 236 242 251 260 273 274 281 295 299 301 314 323 344 347 365 376 402 424 434 446 480 489
214 84 217 227 243 257 258 286 298 306 315 319 325 339 344 350 359 362 390 399 420 426 433 452 472 483 484
215 23 239 244 247 260 265 279 284 292 298 302 325 343 355 373 376 394 412 424 442 467 480 497 500
216 85 219 222 224 227 246 247 262 268 288 293 295 302 310 320 335 336 337 342 360 364 385 390 393 395 421 445 458 466 475 481 483 488 489 493
217 85 231 236 249 254 257 289 298 316 318 319 324 336 349 366 376 380 394 411 426 437 449 477 478 491
218 94 220 230 236 268 288 298 300 364 378 384 387 404 409 423 451 466 480 499
219 83 224 231 233 249 259 264 274 275 285 291 294 295 337 349 358 377 382 387 392 398 410 417 421 428 436 440 444 453 458 468 469 473 491
220 64 248 252 260 267 269 275 289 294 298 312 352 364 376 427 449 464 469 486 492
221 81 224 225 235 254 261 270 273 275 280 282 286 295 296 306 308 312 321 329 386 407 410 412 415 448 451 461 474 479 489 492
222 67 227 239 263 267 270 278 281 293 297 311 315 324 327 351 364 392 402 410 423 424 426 428 437 441 453 462 463 467 471 482 491
223 42 237 238 244 251 255 316 318 331 355 374 384 388 403 404 407 415 417 427 431 433 439 443 450 469 477 480 493
224 46 245 247 267 276 283 285 291 297 371 385 391 397 411 416 425 428 430 433 446 475 477 482 494 500
225 54 239 253 267 302 304 322 360 365 376 383 384 385 389 394 411 427 430 432 449 457 482 492
226 40 235 249 254 257 262 291 295 296 297 307 312 333 349 354 355 382 383 385 392 399 400 412 421 441 445 458 470 471 479 484 492 498
227 60 265 279 280 283 290 308 323 345 365 383 386 387 389 390 393 411 412 417 430 439 443 453 469 472
228 80 230 236 240 247 249 251 252 296 301 315 317 332 336 341 379 402 408 424 430 443 449 487 490
229 21 232 245 260 261 275 278 293 305 321 329 340 351 355 357 369 371 388 391 394 403 418 437 462 464 467 475
230 70 231 243 257 286 303 335 339 357 377 393 420 441 491 496
231 60 234 243 250 251 252 258 262 264 279 295 298 327 331 354 369 370 376 393 404 433 444 450 454 469 470 473 492 495
232 46 235 237 240 250 262 263 266 278 357 364 377 380 385 406 407 413 419 432 435 437 457 458 485
233 41 239 261 278 293 298 300 302 334 344 362 369 391 394 398 403 410 429 460 461 467 483 487 492 495 496
234 44 247 252 263 278 297 298 299 315 333 340 365 375 384 387 389 390 394 399 414 420 425 436 446 458 463 464 471 473 475 488
235 89 237 239 259 274 280 286 299 302 304 306 311 316 339 344 354 356 365 371 377 397 410 411 416 453 465 477 480 495
236 26 243 249 252 282 284 285 293 298 300 324 343 348 366 368 382 384 386 398 404 406 408 433 460 464 466 470 471 472 475 488 489
237 80 242 252 254 263 279 291 297 303 311 312 322 334 337 341 355 360 375 376 384 386 401 403 408 410 415 418 424 436 444 446 455 458 461 464 468 469 473 474 477 479 497
238 40 242 244 252 262 264 279 294 305 308 311 314 321 340 349 355 366 368 379 407 416 417 419 426 454 471
239 27 255 264 266 283 299 304 308 313 314 319 322 331 334 340 346 364 377 378 382 388 389 390 401 415 446 448 460 470 476 478 487 492
240 59 246 249 258 262 264 273 277 291 295 299 302 307 308 348 378 394 398 399 408 444 446 452 466 468 470 474 476 488
241 27 263 274 276 281 289 293 297 301 313 318 322 346 350 354 355 360 362 374 384 385 393 399 409 414 428 438 443 450 464 488 491 492 497
242 85 244 245 253 258 262 280 281 285 289 300 315 320 322 328 330 339 341 342 362 386 419 421 430 445 462 471 500
243 96 257 263 268 280 309 314 319 329 340 362 370 378 389 403 426 452 470 495
244 71 246 247 261 273 278 287 298 308 332 338 340 346 350 358 380 394 409 414 418 427 429 435 464 481 484 487
245 77 247 255 262 281 282 301 314 319 320 347 349 353 370 378 397 401 404 421 434 445 460
246 32 260 263 291 298 301 303 318 324 332 342 379 383 389 397 413 417 424 443 446 457 463 484
247 20 253 257 267 288 294 306 321 322 338 346 369 377 387 390 397 407 431 447 450 481 495
248 85 269 281 285 304 333 362 369 383 388 394 422 427 441 465 474 477
249 35 250 258 264 276 320 322 323 326 329 340 342 345 366 373 375 403 431 453 459 475 482
250 89 258 263 267 280 281 287 299 320 338 343 345 346 350 372 396 417 432 443 453 458 463 466 479
251 44 254 261 265 276 292 305 317 320 332 349 352 353 355 359 377 393 401 411 487 495 497 498
252 42 256 290 324 331 373 388 390 396 399 401 402 420 457 472 476 487 490 492
253 95 270 272 276 279 280 281 289 300 309 322 337 353 362 366 371 378 384 407 408 412 414 419 423 433 440 464 468 469 484 488
254 51 256 260 274 280 306 308 320 335 344 354 358 361 377 387 394 399 408 410 428 442 453 464 470 484
255 83 271 278 294 313 317 355 368 370 378 383 384 395 398 443 445 449 461 472 477 483 485 486 490 494 497
256 72 260 269 304 313 330 333 339 355 356 371 391 404 407 420 426 434 437 452 456 493
257 48 261 265 270 272 276 281 292 295 317 325 333 337 355 357 378 383 401 407 408 430 439 444 460 466 476 499
258 42 282 286 289 296 304 316 317 339 342 347 351 359 360 371 386 387 396 414 439 446 448 488 490 499
259 96 262 287 304 305 336 342 344 352 369 377 390 407 413 418 419 451 456 463 465
260 60 271 281 291 303 313 343 351 369 377 387 388 395 407 408 412 417 418 421 423 428 430 434 461 463 480 485 491
261 32 274 285 303 312 353 358 365 366 383 400 415 446 452 462
262 96 275 298 300 316 325 345 351 369 378 387 429 433 436 440 441 456 460 466 482 486 488 496 499
263 74 284 290 303 350 364 371 372 394 401 403 415 423 427 434 435 438 441 442 466 470 490 495
264 58 303 313 314 318 319 325 332 336 354 367 379 391 403 409 457 464 486
265 91 266 270 286 291 296 298 300 306 322 323 334 339 347 353 363 384 397 398 403 405 406 411 416 425 464 476 492 493
266 63 276 281 311 325 341 348 355 379 396 397 401 409 437 448 450 454 461 483 497
267 66 270 290 307 312 317 323 332 333 341 342 345 361 367 371 378 379 385 389 400 406 410 417 426 430 460 475 480 489
268 94 271 275 297 300 301 309 319 320 326 330 339 360 365 395 402 413 434 438 444 470 471 477 481 486
269 54 279 292 293 295 309 316 319 320 328 340 345 362 368 379 383 384 391 405 410 431 451 459 465 482 487
270 26 273 277 286 294 308 345 349 352 358 366 383 389 391 398 406 413 424 435 439 440 443 449 462 463 482 498
271 88 339 345 362 366 379 417 431 441 456 457 464 472 479 491
272 21 273 283 297 301 317 324 332 344 346 372 382 384 388 444 452 465 479 482 483 484 489
273 73 293 295 296 298 299 303 328 334 344 346 359 368 375 385 398 401 414 418 480 499
274 45 315 330 331 372 373 385 401 406 410 415 418 425 436 457 460 491 492
275 90 287 301 302 313 317 320 324 336 337 378 421 426 428 430 449 465 470 475 492 497 500
276 49 284 287 289 295 302 307 308 310 314 349 356 371 382 386 395 398 401 405 415 423 436 465 472 495 499
277 82 278 303 309 339 346 353 354 366 373 398 400 401 409 413 421 450 454 458 460 476 498
278 33 279 300 302 303 320 334 345 348 352 369 381 394 396 411 412 415 419 440 464 476 484 485
279 80 281 287 288 294 303 307 326 358 362 363 366 380 390 394 400 421 434 443 469 473 478 486 491 492
280 42 282 284 293 311 313 316 318 325 328 343 344 348 349 364 366 372 388 391 394 398 399 404 412 433 444 448 454 464 468 493 496 497
281 62 288 312 317 321 328 332 352 357 378 404 405 411 420 429 434 443 444 448 474 477 480 482 484 486 500
282 75 306 317 321 342 363 382 384 385 391 415 433 435 445 450 451 475 486 487 496
283 91 290 297 299 303 311 316 326 328 330 341 351 357 374 376 381 389 390 392 440 442 455 462 463 466 473 474 482 487 492 493
284 66 291 296 309 336 337 348 360 378 385 393 394 396 400 404 418 420 425 426 436 443 457 471 478 485 492 493
285 26 286 294 297 304 316 328 331 333 337 358 387 414 415 421 445 451 471
286 32 289 290 294 321 331 359 361 393 410 429 438 444 470 498
287 73 298 324 325 328 331 339 342 351 356 357 391 393 416 419 423 424 438 451 456 461 499
288 23 297 311 318 319 327 328 336 339 344 351 370 380 381 385 409 412 434 444 450 451 459 460 480
289 67 292 302 310 317 343 372 374 377 384 391 396 407 417 429 432 439 440 443 450 451 456 463 469 472 497
290 20 294 298 305 308 322 343 364 365 368 371 392 395 398 406 425 429 435 439 442 454 458 496 498
291 72 301 327 336 358 379 385 397 402 408 409 420 428 433 434 439 443 447 467 473 486
292 67 347 357 359 360 363 368 421 427 428 430 434 454 459 479 485 489
293 23 295 309 319 332 344 346 357 364 369 421 445 452 465 468 469 471
294 81 301 306 314 325 337 344 348 350 358 372 380 383 391 393 395 396 401 402 406 424 430 434 435 455
295 36 299 322 361 365 369 380 394 396 398 410 415 416 422 429 439 453 461 476 479 493 500
296 21 297 298 327 370 375 395 412 424 443 445 449 451 475 480 485 486 489
297 84 310 317 326 336 353 355 358 379 389 390 398 403 407 412 429 431 457 460 462 476 481 485 492 493
298 38 306 319 324 328 335 336 351 353 367 377 395 403 413 430 443 449 454 462 463 479 490
299 84 300 301 313 329 355 385 408 410 411 437 438 453 455 469 482 491 495
300 73 306 314 318 319 322 325 327 328 357 374 403 420 428 433 463 477 485 487 499
301 34 303 304 333 346 360 371 381 407 436 457 466 471 494 497
302 35 316 317 319 331 336 340 342 343 372 376 381 384 389 393 400 406 409 426 429 436 441 471 472 474 479 485 495 498
303 32 304 322 329 335 351 374 397 399 400 407 418 448 457 477 499
304 71 311 318 323 326 344 348 353 362 364 368 374 376 386 399 403 415 417 444 447 457 466 482 491
305 63 306 313 314 332 345 347 364 368 384 398 411 415 420 425 435 451 453 475 484 496 500
306 26 307 315 317 321 331 336 349 358 365 377 392 397 401 406 407 416 421 422 439 460 466 473 476 490 491 494
307 52 308 327 338 343 352 363 364 370 385 392 396 397 424 425 450
308 96 309 332 338 341 346 347 362 364 397 403 408 414 444 448 457 462 468 471 483 485 492 498
309 32 313 347 365 374 377 380 392 403 405 410 411 415 421 431 439 442 448 453 469 470 475 477 478 483 485 493
310 64 312 316 317 319 324 326 331 337 339 343 357 361 376 380 382 399 412 419 438 449 486 491
311 45 324 345 351 358 368 372 375 395 417 423 434 443 451 453 465 482 494 496
312 56 317 324 325 342 346 352 353 360 362 373 386 389 425 427 439 440 447 462 469 498
313 57 327 336 353 366 372 376 377 390 421 423 448 450 466 470 476
314 77 323 334 338 349 351 359 360 367 369 372 376 396 413 423 427 429 441 443 454 465 467 468 478 490 493
315 92 317 331 370 374 376 380 386 411 419 424 436 451 462 465 485 489
316 68 323 348 352 360 369 370 372 412 416 439 446 461 462 473 497 500
317 100 321 328 332 338 339 342 355 411 422 425 426 434 442 451 470
318 84 327 344 353 371 382 386 400 414 415 424 425 431 432 440 447 460 461 487
319 54 330 339 357 376 416 432 436 444 462 465 479
320 34 324 330 353 357 371 374 381 388 390 413 421 423 427 429 438 449 451 484
321 46 326 332 333 339 341 347 357 379 396 405 427 429 438 454 458 459 466 467 468
322 100 330 333 347 360 376 388 397 412 413 426 436 454 460 488 500
323 27 338 341 361 370 373 412 425 444 447 461 463 477 493
324 82 338 341 343 364 368 375 390 406 414 424 430 457 460 466 493
325 71 329 332 333 345 354 361 367 372 387 388 395 409 411 438 439 445 451 455 464 491 494
326 51 330 332 342 353 366 412 428 439 443 450 469 470 480 489
327 49 335 342 345 385 389 399 413 414 419 429 437 500
328 51 367 369 377 391 395 398 401 402 439 440 484 489 495
329 24 348 359 361 362 372 375 383 404 414 429 431 437 442 446 458 464 468 469 473 487
330 60 334 345 346 354 360 372 390 417 420 432 435 448 449 466 470 477 491
331 51 341 342 343 359 379 381 387 391 416 417 421 423 432 438 442 457 465 473 474 475 478 488 490
332 95 341 354 357 359 362 363 364 368 370 379 388 389 412 415 431 434 451 453 465 475
333 56 334 336 339 343 362 367 378 385 389 405 430 448 450 471 473 474 476 485 489 491
334 66 355 393 405 406 417 421 424 448 459 462 464 469 470 474 476 489
335 46 343 348 349 370 390 407 416 421 441 443 479
336 79 341 342 346 351 352 355 359 363 390 401 402 415 461 465 469 479 483 496 497
337 87 340 343 369 374 388 391 398 408 415 434 453 468 469 477 481 487 500
338 23 339 342 356 362 383 387 399 403 405 406 408 413 422 431 438 443 444 446 453 470 478 496 500
339 26 345 354 364 380 391 422 445 446 454 458 461 462 468 486
340 26 357 359 361 376 379 393 398 401 407 412 430 431 447 451 477 479 485 497
341 98 344 348 356 376 385 388 391 406 409 422 438 458 463 464 469 470 472 493 494
342 38 344 346 360 363 366 388 393 397 404 418 461 471 472 477 479 491 497
343 38 344 360 370 380 394 395 400 408 412 417 421 425 426 427 464 475 478 480 492 495
344 93 352 360 363 376 379 385 394 400 406 409 414 422 441 475 484 488
345 55 353 358 371 379 385 395 414 417 435 436 438 439 443 465 468 480 486 492 493 496
346 90 352 356 357 367 368 370 379 383 385 390 399 428 457 463 465 477 487 493 499
347 79 357 364 377 399 405 410 412 424 429 431 437 452 453 461 467 470 492 500
348 54 362 372 373 385 386 393 405 413 414 427 431 435 439 441 460 463 464 479 486 495 497
349 79 362 367 373 395 429 431 453 467 492 493 496 498
350 50 352 356 361 362 369 372 375 401 402 419 420 454 456 468 476 477 488 493
351 31 357 365 371 382 395 422 429 430 442 443 455 462 464 484 488
352 30 361 373 393 405 410 438 455 459 463 465 473 480 495 498
353 67 354 360 363 369 398 410 411 422 437 452 460 464 467 474 489 495
354 60 380 393 395 397 402 410 419 420 455 464 467
355 85 420 421 424 438 442 452 471 477
356 77 375 397 400 406 411 426 431 441 443 453 467 471
357 37 359 375 380 381 382 383 388 396 406 408 445 446 453 459 464 465 476 480 481
358 45 360 364 365 371 404 417 425 432 442 452 459 462 463 476 483 496
359 99 365 372 391 399 404 409 436 442 447 454 457 458 460 473 474 475 481 488 495 498
360 50 371 397 403 404 427 440 453 454 478 488 489 496
361 59 373 390 396 407 408 413 414 434 442 446 448 457 462 463 464 471 480 488 499
362 30 364 384 385 413 425 432 455 478 481
363 41 367 371 380 386 407 423 430 445 448 452 459 466 474 489 494
364 39 365 376 397 405 419 429 436 459 460 470 475 490
365 94 381 391 393 395 396 420 437 489 497
366 48 392 398 400 459 467 470 477 480 489
367 34 368 383 388 389 405 406 411 416 419 420 422 453 474 477 495
368 28 377 389 401 424 430 454 459 463 467 471 486 498
369 55 373 385 399 401 416 417 437 441 447 481 496
370 80 393 412 416 457 460 461 466 468 473 489 490 492 497
371 53 404 418 423 425 438 440 449 462 463 465 488
372 53 383 387 410 414 446 449 463 472 478 483 490 496
373 70 393 396 401 438 443 455 483 497
374 39 377 384 388 390 413 426 452 465 472 489 491 497 498
375 66 388 399 408 411 417 419 421 423 433 439 447 449 450 451 471 479 481
376 73 384 420 445 446 449 459
377 74 379 380 383 392 393 395 407 409 430 436 448 449 469 482 489 492 499
378 82 380 388 392 405 407 428 435 457 487 494 497
379 86 385 434 438 439 455 464 468 469 479 480 484 485 494
380 20 417 425 433 458 460 469 470 483 493
381 71 395 416 422 427 448 459 465 490
382 29 422 426 429 436 438 448 460 481 485 490 493 497
383 52 396 403 426 431 441 459 462 481 484 487
384 51 389 391 394 399 402 414 428 432 434 443 448 459 495
385 32 390 408 411 412 415 424 428 430 441 471 484 494
386 52 390 395 398 402 423 437 438 441 443 463 466 480 491 493
387 48 390 395 399 401 405 411 414 430 440 447 461 469 479 484 498
388 100 397 405 417 430 458 462 466 471 496
389 44 400 409 420 427 439 443 445 460 477 484 488 491 497 498
390 33 402 424 427 448 456 467 479 493
391 52 394 405 410 467 469 481 485 497 498
392 36 395 402 408 411 414 415 422 432 433 434 446 466 475 478 484 497
393 76 401 413 427 437 464 476 482 486 492 494 496
394 65 419 430 441 487
395 49 399 407 431 459 466 481 486 493 494 495
396 20 397 406 409 424 458 461 468 473 483 491
397 68 402 415 416 434 444 457 485 488
398 88 404 414 419 421 424 437 439 462 463 468 496
399 25 411 413 418 419 422 430 431 432 434 435 450 456 459 466 471 478 482 491
400 94 403 417 431 440 443 449 450 452 453 455 487
401 23 403 404 407 420 422 440 448 454 457 476 481 483 489
402 55 411 414 420 436 450 462 472 493
403 20 408 410 412 424 428 430 433 442 445 450 451 457 460 474
404 56 407 414 426 428 443 448 450 453 457 464 473 475 482 494 500
405 84 427 433 447 482 483 488 496 498 499
406 86 409 410 434 439 442 443 468 473 482 493 496
407 98 446 462 470 477 481 485 486 493 497
408 32 411 428 434 438 455 467 468 470 483
409 31 411 413 415 422 423 430 439 457 462 466 485 491 492 493 498
410 75 415 417 444 449 450 461 465 468 478 486 488 491 492
411 70 418 440 442 449 451 456 466 473 478 498
412 38 420 422 428 434 438 439 448 451 470 471 473 475 476 478 479 480 486 491
413 46 438 446 451 455 459 464 471 500
414 52 426 429 447 450 460 461 466 467 469
415 45 428 430 441 447 453 458 459 461 466 479 489
416 89 418 425 427 432 433 434 439 449 475 491 492
417 67 425 427 432 454 463 493 497 499
418 42 423 426 432 454 459 472 480 491 497
419 46 424 426 438 442 459 477 483
420 26 457 471 476 477 492 498
421 78 428 440 452 477 478
422 79 435 438 439 442 457 467 473 492 496
423 60 433 436 445 456
424 60 430 433 460 465 470
425 25 428 454 463 467 472 476 477 483 486 490 494
426 91 440 444 451 462 467 472 479 486 495 500
427 74 458 460 470 472 484 485 486 489 500
428 65 437 443 451 457 471 477 492
429 78 449 458 465 481 497
430 60 440 442 458 460 463 465 468 496
431 89 436 460 476 477 478 493 495 498
432 84 438 439 448 449 463 491
433 26 434 458 461 463 466 474 482 486 490
434 99 446 454 456 460 476 478 481 495 498
435 56 438 450 457 471 481 482
436 70 442 470 488 500
437 54 441 444 448 449 454 486 492
438 45 468 482 483 495 496
439 64 442 445 462 467 483 484 493 495
440 35 470 482 485
441 72 444 450 451 454 455 462 466 484 489 491 494
442 63 464 474 483 499 500
443 70 456 459 465 484 485 486 495
444 90 454 459 465 482 485 488 499
445 77 453 454 456 461 472 477 484
446 81 449 455 467 475 477 479 481 483 498
447 63 466 481 489 490 493 495
448 87 449 450 466 477 479
449 38 453 455 468 481 494 495 496
450 45 459 465 470 475 486 487 494 500
451 48 463 464 466 474 478 491
452 49 453 464 469 499
453 66 457 472 478 494 497
454 99 464 484 489 490
455 74 463 472 500
456 41 460 463 473 475 477 482 489 498
457 82 464 465 470 483 493
458 87 467 472 484 486
459 35 470 481 499
460 31 462 466 487 488
461 88 478 480 486 493 494 500
462 94 486 487
463 99 483 496
464 78 471 482 484 492 495 497
465 84 466 477 498 500
466 94 469 482 491
467 52 471 477 493
468 41
469 83
470 41 491 492
471 100 500
472 100 485 487 493
473 78 474 487 491 496
474 92 476 484 498
475 47 498
476 69 484 493
477 98 482 483 494 496
478 91 484 488
479 40 499
480 20 483
481 37 484 489 500
482 52 487 495 500
483 25 484 493 500
484 29
485 40 489 491
486 100 487 493
487 91 493 498
488 98 493 500
489 80
490 87 492 494
491 96
492 91 499
493 85 498
494 91
495 51
496 29
497 37
498 56
499 60
500 71
