500
1 75 9 14 16 22 30 66 72 140 143 153 154 164 203 214 221 234 240 242 243 247 250 251 270 288 290 303 365 366 370 373 376 389 400 404 455 473 482 486 489
2 63 24 37 40 44 45 50 83 106 130 131 155 162 166 169 170 181 186 203 204 215 218 222 242 280 288 289 290 322 333 362 374 375 387 396 403 406 419 424 426 436 445 450 455 466 468 474
3 9 7 23 52 55 61 78 99 130 131 136 145 149 151 154 162 193 194 208 211 220 226 233 246 263 266 273 277 282 286 322 331 335 368 373 402 419 431 432 447 449 463 465 476 486
4 79 16 21 25 26 32 37 53 64 82 96 106 117 130 136 153 155 170 173 186 188 193 197 201 206 207 230 233 247 253 254 282 292 305 308 310 333 343 347 361 362 364 381 386 390 397 431 436 439 450 463 469
5 85 14 30 32 43 62 69 70 73 81 106 114 121 124 128 131 139 144 148 170 171 178 189 197 215 216 223 229 230 237 252 282 290 291 324 326 329 342 345 354 377 379 385 401 426 444 475 478 480 493
6 44 17 46 54 59 69 72 81 99 106 110 111 120 122 146 178 181 188 190 196 200 204 205 206 207 221 226 255 257 263 268 298 321 332 345 349 365 381 384 389 391 403 409 432 441 454 476 478 483
7 5 22 24 35 42 52 53 57 64 69 75 80 88 141 149 174 175 177 180 195 196 206 219 227 242 252 260 281 283 288 310 330 331 332 352 363 369 371 387 425 430 440 444 445 449 450 451 474 487 496 498
8 43 19 28 39 48 58 59 70 75 87 93 95 100 102 128 133 137 155 159 210 213 221 228 233 244 255 260 279 280 294 302 313 316 322 328 330 334 340 349 353 363 370 378 387 395 403 432 453 469 484 488
9 2 12 16 37 38 44 56 62 65 66 92 101 142 159 170 188 209 220 223 246 263 278 286 291 298 299 305 313 330 344 347 357 358 369 390 394 405 417 434 447 478 485 488 496
10 52 26 30 33 46 56 62 77 95 96 99 125 129 132 144 161 166 173 176 180 185 207 223 225 232 239 242 289 297 298 302 320 329 349 355 365 390 396 399 409 416 424 425 430 455 460 465 477 485 488 492
11 26 21 34 39 63 66 69 79 81 83 88 94 118 130 143 147 148 167 178 187 189 190 217 218 223 226 227 233 242 252 279 281 303 315 321 322 334 335 340 365 401 403 406 412 430 434 435 446 451 455 466 481 483
12 63 16 24 29 32 40 44 59 72 117 144 145 147 148 159 168 169 170 177 185 188 209 242 254 257 258 296 297 314 318 321 322 347 352 355 360 364 375 381 388 400 412 413 424 429 431 464 471 484 485
13 45 16 27 46 55 70 85 94 148 189 200 209 210 234 235 239 253 257 262 267 281 291 307 334 338 358 407 422 441 457 467 472 474 478 491
14 73 15 31 32 33 34 49 51 70 78 80 81 85 86 88 95 110 114 119 133 155 164 174 201 214 221 225 243 244 247 251 259 270 273 284 293 307 310 325 326 329 351 354 362 378 386 416 426 427 434 445 453 463 464 465 474
15 43 20 36 56 58 63 65 83 108 132 134 144 151 174 177 187 190 215 221 223 229 244 251 255 259 271 287 344 345 353 354 355 360 382 392 406 436 440 442 444 455 458 475 484 490
16 74 20 21 47 62 83 90 104 106 108 109 110 112 128 146 150 152 156 183 212 213 214 244 246 249 251 262 269 280 284 307 315 325 341 345 351 359 365 421 428 430 432 434 454 484 489 500
17 94 23 28 30 34 49 52 57 64 78 81 83 85 120 123 136 139 140 145 147 166 173 186 187 206 213 214 236 239 243 244 277 282 307 311 330 355 363 366 379 380 382 387 388 390 414 424 427 461 471 474 478 480 481 487 490
18 49 27 35 36 38 63 64 72 79 80 105 108 142 175 179 183 191 193 197 208 210 230 254 260 266 269 275 295 296 299 325 333 338 340 354 374 385 391 392 403 404 409 424 431 439 456 496
19 32 25 26 31 68 69 70 79 87 90 94 104 106 107 110 116 118 119 139 169 171 172 176 182 187 193 202 207 211 230 240 249 271 295 299 317 347 353 365 367 392 404 405 406 418 423 427 431 438 466 471 474 484 491
20 10 27 47 52 67 69 105 117 122 132 142 145 164 171 177 187 188 195 199 206 208 251 276 279 283 285 311 312 314 315 323 331 338 388 401 431 435 456 460 462 463 480 492 494 500
21 37 22 25 37 42 45 65 89 96 102 116 121 126 140 157 163 165 166 180 198 204 205 213 217 220 225 254 277 282 285 296 300 308 317 324 331 333 338 344 350 358 368 386 399 407 411 433 452 487 500
22 7 29 30 44 45 59 60 69 73 78 99 116 117 123 138 145 150 169 172 174 182 192 200 208 221 271 286 287 288 291 292 296 302 328 355 371 377 383 390 403 408 415 429 464 465
23 86 34 35 37 45 46 63 80 84 85 86 91 104 108 121 130 135 136 139 152 156 160 170 174 178 180 190 196 207 225 233 236 241 252 266 274 282 284 295 297 309 316 326 330 331 332 337 343 357 359 364 376 384 401 404 408 449 461 464 470 488 500
24 2 27 29 31 39 40 48 67 68 75 97 112 124 134 135 168 184 207 215 216 222 227 228 232 234 241 255 272 285 297 330 336 350 353 359 360 361 363 367 375 376 411 438 444 448 450 457 467 485 489 499
25 75 42 46 59 62 88 90 104 107 117 122 125 127 141 145 160 169 173 177 223 230 237 251 257 268 275 287 305 310 323 325 340 347 353 361 365 366 371 379 381 413 424 444 446 459 465 469 486 487 491 494 496
26 2 44 57 58 81 82 94 102 103 104 106 109 120 126 127 147 156 166 208 213 215 218 239 240 256 271 276 281 298 304 321 325 327 343 360 362 372 389 391 400 402 408 410 411 414 433 446 462 466 470 477 478 496 498
27 9 30 35 48 50 55 58 67 68 78 82 100 112 147 153 162 165 168 177 200 202 224 238 248 249 250 255 258 281 295 306 316 340 347 386 396 409 414 424 428 430 439 445 449 471 495
28 90 31 33 34 38 40 58 65 68 76 77 85 89 115 116 125 143 145 153 183 204 206 209 218 222 225 226 235 236 255 276 288 299 301 339 340 341 369 384 389 403 416 439 449 457 467 476 478 485 488 489 494 498 500
29 9 48 85 86 87 92 104 107 109 131 138 151 156 172 182 193 196 223 227 228 238 252 256 260 278 279 282 293 295 296 298 302 305 313 314 326 331 334 347 352 358 359 378 407 409 410 419 426 433 437 438 455 456 458 461 462 464 465 470 472 482 490 494
30 28 35 40 80 90 93 94 98 99 104 109 131 133 136 143 145 151 154 157 164 167 195 196 208 248 249 252 254 260 266 269 273 298 304 339 345 350 356 369 412 440 446 449 458 476 498
31 95 32 45 48 51 63 73 77 81 87 94 104 107 108 122 149 150 158 188 194 195 205 221 231 233 247 250 259 272 285 291 298 304 313 318 328 330 335 337 338 341 361 407 416 419 445 467 468 475 494 500
32 16 59 70 77 118 121 189 205 213 221 228 231 233 245 256 275 281 284 289 295 300 343 346 362 365 378 391 394 413 429 436 442 455 490 492 496
33 66 36 49 53 59 61 67 75 85 93 100 115 116 166 185 191 192 206 220 221 254 260 267 268 272 274 277 279 291 292 306 313 324 327 329 345 346 354 355 356 384 393 402 412 415 446 453 475 495 496
34 87 39 44 48 51 70 72 87 88 90 93 95 98 99 104 114 115 133 136 153 169 177 190 199 212 226 239 256 257 274 276 277 321 323 324 344 356 372 378 385 407 412 435 448 471 486 493 495 499
35 22 49 61 80 101 111 115 116 147 148 159 163 172 194 196 206 211 245 246 249 275 276 285 296 307 330 337 353 359 374 384 394 395 399 409 421 425 442 446 456 464 469 489 491 493 498 500
36 32 61 62 69 79 80 81 86 90 101 103 113 118 130 134 143 147 168 185 194 201 208 209 218 227 252 269 274 298 300 332 337 343 390 400 415 424 428 431 484 489 500
37 90 42 77 78 83 85 96 99 100 106 113 120 132 160 170 172 185 213 218 237 240 241 243 244 245 249 252 255 260 267 268 269 272 273 281 296 300 341 347 352 355 359 367 372 436 469 495
38 93 44 49 57 68 77 99 106 112 123 128 142 153 163 185 195 217 233 237 240 246 253 256 257 274 285 306 323 332 333 341 344 345 347 350 357 361 383 409 415 416 417 418 424 426 432 438 444 450 470 472 473 476 477 480 490 492
39 67 49 57 73 76 108 124 127 130 136 137 140 145 160 174 180 189 197 208 224 236 242 243 250 260 263 282 286 294 296 372 384 397 401 429 437 441 458 459 461 465 466 468 472
40 3 42 48 57 82 93 104 119 120 125 132 152 176 182 189 191 240 242 260 261 266 275 276 283 299 313 327 332 336 370 377 378 395 409 413 415 422 442 453 457 462 473 479 482 489
41 54 45 47 49 58 61 64 91 104 137 149 152 156 162 171 182 184 215 226 232 248 264 268 272 282 283 311 319 327 341 346 352 364 367 372 376 379 382 383 388 390 391 404 413 422 429 437 440 443 446 482 493
42 92 53 76 95 102 114 115 131 139 145 166 175 179 181 191 196 199 223 228 236 252 253 254 259 320 341 347 350 351 358 391 395 418 424 430 437 443 448 467 470 486 493 498 500
43 57 54 61 62 64 83 87 98 102 105 115 122 145 150 164 173 174 175 223 231 245 259 297 305 310 313 315 321 322 358 368 396 398 401 406 439 444 464 471 488 494
44 20 54 65 67 68 87 88 110 122 126 127 130 136 137 143 157 158 166 180 200 220 227 241 253 254 255 259 261 271 277 278 280 290 297 312 345 349 365 378 386 391 400 404 419 422 430 442 451 477 481 485 492 496 498
45 14 53 59 65 69 76 86 99 117 125 127 130 138 144 147 153 156 169 183 187 205 240 243 248 249 259 261 280 291 294 299 303 304 316 337 340 352 355 366 381 390 393 396 401 402 404 407 412 418 430 436 440 447 449 461 470 471 487 491 497
46 56 58 60 65 66 75 95 141 144 148 179 181 191 247 250 264 268 274 282 302 331 378 385 398 408 414 415 426 432 443 452 459 461 462 468 469 471 484 490 491
47 82 50 59 75 82 85 86 97 109 123 124 135 143 144 147 159 161 163 164 183 198 213 216 223 233 266 278 284 296 301 316 327 329 352 357 387 390 395 420 422 434 458 480
48 23 64 68 73 84 97 104 110 111 122 126 158 171 172 175 176 185 187 198 220 235 251 257 258 265 283 284 299 304 318 327 328 344 345 396 397 405 410 413 417 419 421 423 424 452 469 497 500
49 73 61 63 68 72 74 79 106 133 148 150 166 173 181 199 206 230 242 244 254 265 272 313 315 317 318 328 338 347 349 350 351 353 366 369 377 390 400 413 414 415 427 444 472 474 487 488
50 71 62 70 87 98 105 111 137 139 151 169 184 188 201 217 218 224 230 248 262 264 271 294 303 306 314 331 347 352 393 394 425 437 440 459 472 473 497
51 69 79 89 91 103 125 141 142 147 151 162 175 179 190 192 201 202 208 215 222 226 248 259 260 261 270 273 275 290 308 318 322 324 329 355 370 380 389 402 406 408 412 416 466 476 493 497
52 41 65 71 82 98 99 112 113 141 146 147 149 151 158 159 198 214 225 231 236 244 269 285 288 326 338 342 344 366 384 390 395 410 413 422 464 492
53 61 81 85 91 98 100 105 113 116 125 127 139 147 153 160 163 175 197 203 207 208 209 232 249 252 275 276 278 290 302 313 322 328 335 377 383 394 395 401 409 416 444 457 459 477
54 44 57 66 69 72 75 93 109 112 121 123 141 150 168 178 179 193 232 241 243 251 273 294 320 324 327 331 333 335 336 338 354 359 363 364 368 379 387 393 412 414 417 418 426 431 436 453 474 484
55 54 59 89 90 92 97 123 129 137 148 188 192 194 196 205 208 213 231 239 242 244 248 249 262 270 273 279 285 310 317 322 345 346 365 373 382 384 387 405 413 422 423 424 439 453 461 465 495 496
56 41 63 82 83 86 112 123 152 163 177 185 238 251 262 268 271 277 279 287 295 312 324 332 335 362 372 373 389 391 392 396 397 398 399 409 419 441 443 461 467 476 490 491 498
57 6 61 66 70 84 115 121 124 133 140 144 148 154 163 164 173 181 188 196 200 226 227 230 241 262 266 269 292 295 305 308 324 327 339 347 349 364 365 377 383 394 416 439 447 460 462 475 485 491
58 56 60 64 72 75 89 94 98 131 152 153 174 175 207 255 271 290 304 345 362 365 382 383 397 416 423 432 435 437 458 459 472 486 489 493 497
59 42 66 76 81 84 86 97 98 120 122 132 133 142 169 177 181 200 205 206 224 232 233 237 248 262 276 281 284 295 310 325 326 330 338 346 358 361 362 385 414 428 440 449 460 477 481 490
60 5 77 85 92 94 97 129 141 157 160 162 170 189 197 204 209 213 220 236 257 270 273 278 318 339 360 377 388 389 390 392 393 396 399 400 406 415 417 420 423 428 447 448 453 460 462 472
61 9 89 113 121 140 142 150 168 169 186 187 190 214 219 220 221 241 249 275 284 287 288 295 299 307 308 309 315 327 334 385 390 421 422 428 436 446 452 484 486 499
62 4 71 131 152 158 159 160 169 184 200 205 221 232 235 255 264 303 304 325 346 347 364 372 374 376 396 402 418 463 465 484 485
63 100 66 75 106 116 117 121 125 158 167 168 172 178 202 204 211 218 230 240 249 250 264 279 280 294 303 308 320 322 349 369 372 388 392 395 400 423 428 434 435 443 455 457 463 474 482 493 498
64 24 69 82 96 101 106 112 118 123 125 145 165 168 176 184 185 189 199 205 228 249 267 268 275 276 278 288 292 301 303 310 314 318 319 320 342 356 358 382 388 418 425 427 442 470 473 481 491
65 86 69 79 83 86 103 105 128 134 135 145 152 153 158 160 165 174 198 202 204 208 212 222 233 239 251 257 263 285 297 301 305 313 338 339 346 353 359 395 413 415 428 432 443 463 466 471 474 478 483 490 495
66 31 68 69 98 102 104 114 121 136 147 157 161 180 203 212 223 228 237 264 279 290 291 321 344 361 373 378 385 390 408 413 435 437 441 444 445 462 478 482 499
67 66 80 108 111 112 134 136 158 159 164 168 180 187 188 193 197 200 211 277 289 297 322 328 334 344 348 351 388 441 446 460 461 473 477 484 486
68 22 73 88 94 103 110 116 121 130 131 142 149 151 184 206 231 240 252 255 261 269 271 274 277 283 295 300 311 313 320 329 354 359 367 398 406 423 425 434 458 463 486 488 496
69 96 76 80 98 99 103 109 119 125 138 144 183 241 251 255 263 265 280 297 318 334 347 349 353 357 372 375 383 390 400 401 412 421 425 433 461 463 480 481 483 496 498
70 9 77 84 89 95 101 117 134 147 148 150 158 169 178 202 217 248 269 299 326 331 351 388 404 414 430 454 475 480 482 485 494 495 499
71 22 74 80 89 90 96 99 102 108 118 123 125 132 138 165 168 170 179 186 201 202 227 236 251 271 273 279 284 291 298 299 303 318 325 333 343 348 353 356 367 374 392 397 406 416 434 436 445 446 463 467 493 497 498
72 4 81 96 106 122 124 131 135 143 151 185 204 246 252 254 257 295 304 312 323 340 353 379 393 404 406 414 432 454 456 465 473 495
73 21 112 115 119 120 121 144 150 158 164 181 194 196 203 208 212 222 239 245 258 274 297 305 322 325 381 391 407 418 424 459 468 470 477 500
74 70 83 96 97 124 144 149 150 157 184 185 195 201 211 215 231 236 240 251 254 293 306 309 333 335 344 345 377 381 382 432 434 447 448 455 470 478 483
75 20 77 78 90 97 109 110 114 125 156 167 182 197 205 227 232 233 235 248 253 265 274 293 305 318 322 324 369 385 389 390 409 437 439 441 445 448 458 460 473 477 488 489 492
76 43 87 96 134 141 149 150 169 170 177 190 199 203 209 218 223 231 250 253 273 275 288 289 302 313 321 324 334 340 345 348 361 364 369 374 381 382 391 395 430 461
77 3 90 107 108 112 118 122 126 130 140 141 149 163 174 186 216 219 221 227 232 236 241 245 290 321 322 326 332 349 351 372 376 389 392 407 412 444 445 458 467 477 484 492 495
78 30 79 93 160 162 171 176 194 195 206 208 209 226 249 251 289 304 305 314 322 335 350 352 358 360 405 406 410 414 417 427 451 456 484 490 498
79 96 82 107 117 123 124 126 128 137 156 184 186 228 231 237 239 253 269 271 278 287 300 318 378 379 385 395 400 413 452 457 460 469 474 484 487 495
80 96 85 89 91 96 112 117 131 137 142 155 156 164 181 189 197 241 242 267 272 279 304 313 316 341 349 399 421 431 444 449 457 468 469 484
81 26 82 92 93 110 128 129 133 148 156 185 202 204 226 231 236 245 261 267 268 283 289 291 319 335 337 357 364 377 378 403 421 430 432 441 450 476 481 485 495
82 38 93 95 96 98 105 122 124 125 134 135 155 160 182 195 198 203 205 212 223 231 241 254 290 295 314 316 338 347 380 384 413 414 422 425 431 433 440 447 455 456 477 480 488 489 490 496
83 73 86 94 110 131 133 137 140 157 162 195 197 224 233 248 264 274 275 283 304 312 320 328 371 373 374 376 390 393 399 419 427 455 456 484 491 492
84 64 93 95 100 105 108 110 112 138 144 153 169 186 190 209 212 217 247 249 260 304 317 329 334 338 352 357 358 363 373 391 394 397 413 426 431 432 457 459 462 481 495
85 35 87 90 91 115 141 158 161 169 189 193 197 198 205 211 232 250 255 259 277 305 321 329 350 352 356 357 408 447 459 498
86 63 93 98 101 148 150 154 155 174 180 185 186 199 201 202 208 214 221 244 254 261 285 304 306 308 315 328 341 354 369 379 397 420 422 443 444 457 459 479 488 490
87 80 94 106 119 120 144 146 154 155 164 169 170 183 194 206 217 235 242 276 279 299 303 322 358 376 415 416 418 421 428 429 447 449 478 485 490 491
88 86 89 105 112 115 118 140 169 179 184 198 211 230 238 251 279 294 310 315 317 335 344 373 386 408 421 427 429 437 443 447 467 498
89 70 104 112 140 148 160 165 172 197 202 218 240 272 278 288 294 296 304 309 322 331 334 345 366 383 398 399 408 432 447 471 472 475 485 490 498
90 57 105 121 133 153 162 179 184 189 192 199 208 230 252 256 261 265 271 275 279 290 315 320 327 328 334 348 350 355 367 386 393 399 401 402 404 408 412 428 435 447 448 454 470 472 482 487 496
91 94 117 128 140 147 155 173 180 191 193 195 200 201 210 221 294 305 307 339 342 343 351 353 360 370 378 393 396 401 420 424 432 434 439 448 467 486
92 90 95 99 108 125 158 159 174 178 185 200 293 295 296 300 301 304 305 323 347 348 372 376 377 402 410 425 431 436 439 448 463 470 477 481 486 497
93 30 96 103 115 118 129 131 142 149 151 156 176 177 195 201 221 223 239 240 249 258 263 268 274 293 299 304 306 310 331 334 342 351 353 386 398 400 413 429 432 460 464 474 482 498
94 26 98 114 122 123 126 130 134 147 161 162 183 203 205 214 215 228 232 238 239 243 244 256 263 279 291 322 350 359 361 363 386 392 409 439 443 457 472 484 487 496 497
95 29 104 123 136 148 160 168 173 194 210 213 218 224 226 244 249 255 261 267 275 285 287 301 304 305 314 324 340 341 354 365 373 381 393 420 425 448 458 461 472 487 493 495 496
96 77 120 127 130 140 155 157 164 203 208 228 234 244 252 268 269 272 277 286 301 305 307 313 319 320 334 353 374 377 386 394 403 405 412 426 429 432 433 434 437 440 442 466 486
97 31 103 133 141 161 170 189 233 261 283 285 298 325 330 341 353 366 373 378 387 404 424 432 447 453 459 463 467 500
98 24 128 131 137 142 175 186 189 197 200 205 225 231 233 234 243 257 277 290 293 297 301 307 315 325 332 338 357 372 374 378 391 392 393 409 440 443 472 475 486 499
99 77 106 118 132 134 144 154 171 181 201 203 205 212 213 217 240 243 248 252 258 288 302 321 330 342 347 351 363 367 369 392 398 400 402 407 408 413 435 455 465 470 478 487 491
100 68 102 103 126 131 138 148 150 176 180 197 204 206 228 251 254 267 269 273 294 301 305 352 359 381 399 438 470 478 481 486 496 498 499 500
101 71 106 108 109 113 125 136 143 148 192 205 206 217 218 248 249 251 259 261 265 268 290 297 302 306 307 308 328 358 368 376 388 389 393 403 411 445 454 463 466 476 484 499
102 15 111 112 118 167 184 185 189 193 218 220 225 248 250 251 269 273 287 290 293 310 343 346 347 353 389 404 425 430 456 472 475 489
103 28 157 160 167 173 184 202 213 232 234 245 251 261 304 327 333 334 350 361 371 373 397 408 422 429 441 451 463 472 476 478 479 482 484 487 488 491 494 495 497 499
104 98 107 116 133 134 139 160 163 172 175 195 222 223 224 226 232 250 264 283 300 305 316 319 335 344 382 393 395 406 418 427 428 435 453 454 455 464 465 467 481 484 496
105 71 112 121 123 131 140 141 161 172 216 218 243 270 282 283 296 333 337 338 339 345 353 356 362 373 392 401 405 410 424 432 457 468 469 471 475 489 500
106 7 111 113 115 132 136 139 140 144 145 151 155 159 165 168 176 179 186 200 206 226 231 244 252 256 265 274 275 308 319 330 339 340 352 362 399 417 420 425 438 473 477 499
107 76 120 127 132 141 147 153 172 175 182 185 187 197 198 208 234 242 249 267 285 312 317 331 339 342 360 387 389 397 404 411 416 417 421 431 444 470 487
108 74 113 131 144 168 174 182 191 193 195 214 230 232 257 260 265 272 283 290 294 300 310 334 383 392 401 412 418 427 446 449 450 453 454 459 470 473 483 491
109 11 117 121 164 167 170 183 190 208 231 235 246 251 260 285 291 292 295 306 315 322 324 328 329 334 370 391 392 395 405 425 429 438 444 446 450 456 468 475 482 485 486 491 495
110 22 111 115 121 122 152 155 164 170 171 174 181 205 232 233 247 248 249 252 263 277 284 328 329 334 343 366 375 391 401 416 436 443 447 449 462 467 481 489 499
111 33 123 125 129 139 150 151 197 208 225 236 251 274 284 290 296 301 312 324 326 337 344 355 356 361 377 399 413 423 439 443 445 453 455 463 480 487
112 80 116 118 120 123 137 151 163 165 166 174 177 198 225 233 235 240 247 252 254 266 267 268 330 335 338 339 358 383 392 407 408 413 438 452 468 469 472 475 479 491 493
113 15 121 125 148 153 167 168 174 222 231 233 254 264 272 286 291 292 293 294 295 297 314 318 346 349 368 369 370 372 379 382 390 395 399 405 408 411 433 434 443 452 457 463
114 88 120 137 139 143 149 151 177 190 195 198 200 218 228 232 240 241 256 266 286 289 296 311 319 328 330 332 360 367 386 390 409 412 444 445 446 459 474 499
115 56 118 122 143 150 159 162 168 169 171 198 221 233 258 284 289 290 294 298 306 325 328 338 339 351 359 366 372 377 392 394 400 410 460 472 476 487 488 494 498 499
116 66 119 130 138 141 146 154 173 175 192 196 203 214 215 217 224 228 231 236 248 249 258 262 271 275 286 308 319 335 348 359 367 374 377 385 403 407 428 468 478 480 493 497
117 15 118 122 124 130 136 144 148 175 176 177 182 187 188 192 196 202 210 212 221 223 236 237 249 276 285 303 307 311 326 327 337 348 360 363 366 369 407 412 430 452 456 459 460 472 481 496
118 20 120 140 164 168 170 184 216 228 230 238 268 287 296 310 315 343 358 363 381 384 395 417 425 434 441 451 454 456 470 471 477 479 483 489 494 499
119 24 133 134 142 146 147 153 154 169 170 172 174 202 232 240 254 256 257 264 265 277 281 284 285 304 305 313 314 319 321 325 328 334 338 357 378 401 402 404 422 431 434 447 452 476 478 482 483
120 84 129 141 145 171 172 183 186 188 198 210 212 221 222 230 242 246 247 249 260 264 266 275 280 294 298 308 310 313 332 362 364 366 371 382 389 399 415 418 428 438 445 451 452 483 493
121 49 127 138 151 169 174 188 198 203 205 222 227 232 243 244 265 280 299 300 304 317 318 321 326 330 332 340 348 351 354 364 369 386 387 393 401 422 426 436 449 463 466 474 478
122 84 134 146 152 157 160 169 188 208 211 216 221 225 226 230 252 259 283 289 302 305 312 340 346 355 356 365 377 380 390 421 433 434 436 442 443 444 446 453 459 462 464 469 488 500
123 51 126 136 145 160 170 175 176 178 185 188 203 217 228 238 248 262 271 286 318 326 337 342 346 347 354 358 359 368 379 390 391 408 426 428 434 448 452 456 467 469 478 479 489 495
124 6 161 168 170 180 206 211 226 232 243 246 262 295 309 314 327 328 333 360 366 374 401 409 434 437 438 470 484
125 13 132 133 138 141 150 156 166 167 183 184 189 194 214 229 236 244 252 253 260 295 323 338 349 366 383 387 395 407 424 437 439 444 446 447 449 452 458 460 463 468 473 475 478 481 482 491
126 4 131 151 161 174 187 197 209 220 221 228 229 232 241 250 261 266 268 269 282 285 287 289 304 309 311 329 333 343 344 350 357 359 377 389 396 399 406 423 434 451 472 486
127 79 132 155 158 176 183 185 195 205 210 213 224 243 251 253 254 257 259 260 265 275 279 301 326 340 353 374 393 395 405 407 421 427 460 472 479 487 490
128 6 130 137 153 155 184 193 194 206 208 219 232 238 240 241 244 248 264 265 266 269 275 290 295 310 317 324 331 339 351 353 360 364 375 377 391 404 408 415 422 426 427 439 461 465 466 492 493 498 499
129 30 141 142 148 162 163 168 181 190 192 205 209 217 219 223 228 230 240 250 259 269 273 297 299 304 323 328 329 335 336 338 356 357 369 372 388 395 399 400 407 412 429 432 470 475 489
130 13 150 165 191 211 227 233 238 252 283 300 310 311 325 340 342 346 383 399 404 407 429 447 453 454 468 469 472 487 492 496 499 500
131 42 140 144 153 166 167 177 190 236 242 264 271 274 294 308 310 313 325 327 341 343 352 355 356 359 370 372 379 386 395 397 419 426 428 431 440 448 464 467 476 480
132 29 140 141 157 159 162 178 192 215 217 220 221 222 259 267 271 278 294 302 318 328 343 348 373 384 388 402 404 405 406 407 419 424 428 435 440 454 465 480 484
133 59 134 139 155 170 173 174 198 202 205 219 271 272 275 288 290 299 301 309 310 340 350 359 361 411 422 438 442 444 452 464 468 472 475 486 495
134 97 156 159 167 168 182 191 200 201 208 221 236 240 242 248 254 269 275 282 293 303 304 309 328 347 361 362 369 372 378 379 402 404 410 419 441 447 454 456 465 468 476 479 481 490 494 495 498
135 45 138 146 155 168 175 182 188 206 208 212 219 288 298 318 338 351 359 362 381 396 398 428 440 443 461 465 473 496 500
136 29 138 157 159 160 168 172 186 187 192 205 223 229 241 255 257 262 307 308 326 328 346 349 353 366 389 400 411 412 413 414 429 432 450 452 458 461 474 475 479
137 1 148 157 162 172 174 179 197 235 258 260 276 278 287 289 293 297 307 326 344 351 360 366 371 375 379 384 385 391 409 412 418 427 428 438 446 463 465 482 488
138 40 139 155 168 177 189 191 200 204 205 225 226 233 234 237 254 270 280 290 312 320 321 331 351 353 360 369 378 406 412 414 418 427 429 434 438 444 453 474 476 478 499
139 39 149 150 158 162 167 172 179 184 246 247 248 254 256 258 262 266 269 270 272 298 304 313 336 343 345 355 360 362 366 383 398 408 410 412 413 431 444 445 451 457 463 475 480 484 486 492
140 94 144 150 181 182 207 208 251 253 272 276 295 298 329 342 343 348 379 395 401 405 414 425 426 432 435 438 446 460 496
141 16 144 160 163 166 169 176 216 227 231 249 266 276 283 290 299 313 337 348 374 377 379 382 393 396 405 418 435 436 438 449 464 469 480 483 492 496 498 499
142 23 161 163 172 177 188 202 203 205 207 213 231 237 245 249 258 273 303 316 331 338 348 350 361 362 373 374 398 405 409 415 418 426 427 430 433 441 448 462
143 40 146 157 223 232 238 240 241 248 257 267 274 277 279 282 286 289 292 302 303 309 319 320 324 326 327 348 357 373 382 391 392 394 398 410 412 428 456 461 470 472 485 492
144 53 152 155 158 160 165 173 178 180 184 205 226 243 244 245 249 250 260 262 287 291 296 305 327 335 350 354 369 404 408 417 436 450 455 461 475
145 30 153 167 176 185 188 189 208 213 215 226 241 270 286 297 309 313 328 330 339 340 359 372 385 387 407 413 418 423 426 432 435 438 445 458 460 466 467 472 476 481 489 490 494
146 75 153 156 160 165 178 180 184 191 197 203 204 245 297 305 331 337 355 363 387 391 407 415 429 443 447 482 488 496
147 83 170 175 177 178 187 200 220 224 234 238 243 250 258 272 274 282 283 297 323 339 344 349 350 366 439 442 485 491 492
148 80 157 179 192 194 222 230 241 242 244 245 246 248 257 270 282 285 286 295 351 356 358 371 381 417 436 450 459 463 469 475 485 489 499 500
149 37 175 197 211 216 232 236 237 238 270 273 278 305 317 319 324 359 372 373 387 396 397 399 404 408 435 440 444 447 456 464 468 474 477 480 491 500
150 35 156 169 179 215 220 235 238 240 243 266 269 294 295 301 309 313 318 351 362 375 397 413 420 423 447 449 460 461 471 474 481
151 49 163 164 176 182 187 196 220 223 224 228 229 255 262 267 283 289 324 325 327 332 333 341 348 371 377 379 412 425 427 436 439 445 453 463 488 495
152 74 167 177 202 217 234 245 271 272 288 294 295 308 327 329 340 341 342 350 353 363 377 383 385 386 393 396 398 401 428 438 468 472 482 491 496 500
153 54 171 184 185 195 197 204 205 231 252 260 269 301 319 322 332 335 343 355 365 366 379 386 390 392 394 408 411 412 413 420 429 435 449 476 483 494 495
154 31 158 183 192 195 203 221 224 229 234 237 240 248 266 267 271 275 284 293 295 298 311 312 325 326 337 357 369 376 382 387 391 392 413 426 453 456 459 467 493 500
155 56 162 174 175 177 187 189 190 191 199 218 220 247 249 252 278 282 289 293 326 345 350 353 356 383 397 414 427 434 437 438 440 448 466 473 490
156 55 175 186 200 240 263 265 311 312 322 341 343 345 346 384 404 422 426 428 430 440 452 453 463 465 471 474 485 488
157 73 161 192 199 202 209 216 221 228 230 231 233 236 251 259 262 266 274 279 290 295 299 323 347 369 371 384 403 406 439 446 459 474 484 488 500
158 12 160 161 168 171 173 180 227 246 247 258 261 283 302 306 321 325 328 347 349 353 363 369 380 381 384 387 398 405 418 424 455 456 464 484 492 494
159 50 166 167 182 197 206 210 229 239 249 253 256 261 265 274 285 288 294 318 362 369 403 413 438 447 456 489
160 34 175 181 190 191 194 212 224 247 268 271 274 290 308 317 322 340 346 352 363 368 375 381 392 393 398 401 416 437 456 469 479 480 485 488
161 36 166 168 175 183 185 228 229 231 238 244 250 257 303 313 315 322 323 324 334 345 350 352 355 365 388 391 395 413 420 424 443 448 460 474
162 58 166 172 176 178 179 189 206 207 212 227 233 236 239 243 244 250 270 289 299 324 328 346 387 392 423 425 428 440 441 444 447 471 473 476 483 489
163 4 168 169 173 179 188 191 192 198 205 208 222 244 248 254 256 279 284 294 303 309 310 321 341 348 352 356 374 380 392 423 433 438 441 442 463 480 493
164 6 176 197 208 211 218 224 272 276 283 294 306 321 326 327 330 339 373 395 408 417 437 446
165 85 174 186 211 226 229 241 260 267 277 286 310 311 322 330 346 353 355 356 365 382 387 395 396 403 416 421 422 449 453 466 468 478 481 483
166 10 170 172 194 196 207 209 211 228 238 255 256 258 267 268 281 288 295 300 310 316 321 342 441 456 459 461 475 495
167 38 182 187 198 201 204 209 270 282 288 291 292 305 311 318 324 334 345 347 348 356 372 385 390 394 396 399 409 447 464 470 477 483 494 497
168 30 186 194 195 199 216 225 232 241 246 257 262 280 293 306 335 340 345 353 355 360 363 365 381 390 392 410 415 417 444 471 478 490 493 496 498
169 34 172 174 177 179 194 204 211 233 235 244 251 254 270 276 279 312 335 346 347 357 359 367 368 369 370 374 375 383 393 398 399 404 439 442 450 456 471 474 484
170 23 172 179 181 186 227 250 253 266 268 276 293 300 302 303 304 329 344 351 354 369 375 376 379 386 387 391 399 404 408 409 415 423 432 446 450 464 466 470 496 497
171 77 175 177 181 200 206 224 235 236 258 266 275 277 280 297 332 333 356 367 396 398 401 409 432 438 466 478 482 497
172 27 175 201 202 204 206 211 213 216 223 231 233 238 251 258 272 277 293 294 298 307 315 328 330 331 341 343 364 380 384 402 407 408 413 420 422 434 445 447 463 467 471 479 482 493 494
173 73 193 212 249 267 286 295 300 301 312 324 336 340 369 370 388 389 395 416 419 435 448 461 467 483 484 492 497 499 500
174 91 189 201 215 217 224 273 283 299 305 316 321 322 348 383 396 403 410 417 418 424 425 432 435 437 444 451 455 462 473 474 486 489
175 70 186 193 199 203 207 209 218 220 224 234 242 277 284 291 300 314 318 323 332 333 340 361 369 372 397 401 410 417 433 442 447 481 482 486 487
176 85 180 203 224 227 245 249 251 255 256 258 261 290 321 344 354 364 399 404 425 435 442 459 468 478 480 486 493 499
177 91 183 193 201 203 208 215 226 229 237 269 279 280 287 298 302 306 310 321 335 339 340 344 358 365 380 384 405 417 420 436 440 466 474 484
178 66 181 202 203 211 213 233 238 257 295 311 324 326 328 330 355 368 379 386 389 420 422 453 465 466 474
179 72 184 191 227 231 234 243 254 255 256 262 302 313 322 328 336 341 362 368 375 378 380 386 407 412 414 418 426 443 453 468 478
180 75 206 209 236 248 264 276 313 326 330 335 347 357 362 367 368 381 390 395 403 417 419 422 428 437 438 445 447 450 472 481 482 494 498 499
181 12 183 190 191 200 207 209 233 262 263 267 276 287 289 302 309 323 333 349 357 375 378 400 409 420 424 429 432 445 447 454 463 481 483 487
182 96 185 189 192 217 228 263 277 283 290 333 343 367 417 420 424 428 430 437 455 456 470 477 491 494
183 20 200 201 204 208 229 238 251 254 258 263 275 276 280 287 289 293 318 322 345 347 349 351 359 364 367 375 376 389 390 394 397 401 403 408 413 436 450 483 485
184 85 188 196 211 212 226 238 244 251 262 269 270 282 286 296 306 320 321 325 326 331 336 337 342 344 347 365 367 370 379 386 397 401 404 414 417 419 426 439 442 450 458 459 469 481 482 487 492 493 500
185 23 191 192 216 224 230 251 256 258 281 282 306 309 310 330 331 352 357 408 420 424 439 478
186 10 187 191 196 197 198 209 215 218 219 220 229 232 240 270 272 285 289 302 304 317 318 355 374 385 387 409 411 420 421 496
187 100 193 202 221 248 249 256 260 264 282 295 303 318 323 336 342 343 355 356 365 375 397 400 401 431 449 472 478
188 82 203 211 263 268 285 293 296 304 319 324 331 343 354 360 368 377 405 415 419 424 431 466 490
189 5 196 199 211 216 223 251 256 261 262 263 267 278 290 295 300 308 325 326 333 335 336 349 352 354 370 377 387 403 406 421 426 439 443 446 450 463 488 493 495 496
190 90 193 207 213 224 226 241 247 248 262 263 279 280 289 290 291 292 333 341 373 379 428 437 473 475 500
191 47 192 209 211 219 223 224 232 236 265 269 276 277 280 287 295 321 343 352 357 383 389 395 396 402 405 409 431 445 480 486 490 492 493
192 77 194 199 201 262 277 282 290 294 296 301 302 303 313 323 337 340 344 345 351 364 372 377 384 392 393 398 408 413 435 445 463 470 482 484 491
193 31 195 200 229 234 236 237 247 249 269 271 276 317 332 343 344 361 366 374 375 379 385 403 404 405 411 418 421 422 432 435 456 460 463 470 494 500
194 36 199 201 209 216 229 237 239 261 263 290 292 339 341 351 355 378 382 383 392 400 402 412 425 427 430 439 478 487 500
195 57 200 203 206 208 221 224 256 264 267 274 284 290 318 353 354 369 384 415 422 451 452 456 468 487 494
196 40 197 199 205 216 218 248 254 263 265 272 285 286 288 295 317 330 331 333 334 338 363 368 369 371 376 378 391 428 431 435 442 457 474 477 485 498 500
197 51 207 224 241 244 249 254 261 276 285 288 323 326 328 329 333 346 350 357 358 373 380 399 403 409 429 444 459 470 495
198 74 201 203 209 213 215 236 239 243 244 257 258 286 289 309 316 318 325 333 337 357 372 398 406 418 420 440 445 461 469 471 492 497
199 73 200 214 224 226 232 240 249 252 266 310 363 376 400 409 410 416 429 432 439 442 456 459 465 469 474 485 495
200 25 203 204 206 220 222 227 230 237 257 267 290 296 299 301 319 343 352 390 398 399 405 419 423 427 430 442 448 476 483 486 497
201 23 218 224 236 242 251 260 261 302 314 315 321 324 339 340 341 366 373 376 382 391 400 405 415 426 434 452 454 468 469 470 471 474 495 499
202 23 206 221 233 234 240 244 245 252 265 290 316 318 319 332 354 355 361 368 375 404 412 413 414 423 438 441 442 448 449 484
203 9 209 212 224 229 238 253 255 279 280 292 307 323 327 343 347 358 361 376 400 404 406 410 421 423 434 465 497 499
204 38 223 237 241 253 254 256 281 282 287 308 323 324 327 328 340 347 355 356 358 364 382 383 394 398 401 415 417 429 432 434 437 439 469 475 478 482 500
205 17 214 219 228 234 236 238 255 256 273 279 283 284 290 307 314 315 324 330 340 353 361 372 404 425 428 431 448 461 472 477 478 483 494
206 50 222 223 240 244 247 253 263 266 273 274 280 283 297 313 321 337 362 385 386 404 410 423 424 436 462 464 466 479 485 491 493
207 78 211 213 217 221 222 239 241 242 244 250 252 254 258 271 302 326 355 357 363 381 397 410 417 422 431 432 434 452 461 466 475 481 496 498 499
208 34 211 215 226 239 244 264 274 307 309 310 323 328 333 337 343 353 370 382 385 396 415 453 457 468 480 482 488 489 499
209 44 253 266 293 305 321 322 329 339 348 355 357 366 369 372 373 376 382 383 385 391 404 407 413 435 441 452 477 479 485 498 499
210 47 217 221 229 244 249 253 260 272 277 293 298 306 318 353 359 362 384 399 406 414 415 422 425 457 464 479 483
211 94 213 226 237 241 246 247 261 266 270 276 277 293 318 327 358 373 374 375 376 418 419 424 425 457 479 486 489
212 62 232 247 254 262 268 269 295 321 340 347 353 368 384 396 405 409 426 428 459 461 463 465 469 473 491 500
213 32 214 220 222 232 234 250 265 281 285 289 292 293 295 307 314 320 326 327 328 329 350 372 377 379 382 390 392 393 395 397 426 427 444 455 476 481
214 53 215 227 234 237 241 247 254 280 291 308 318 331 335 348 362 363 384 387 414 417 442 447 463 479 482
215 5 217 222 249 252 262 265 269 285 299 311 312 313 325 330 336 337 344 348 349 356 363 364 372 377 382 386 398 403 421 430 439 447 453 462 469 477 490 495 496 498
216 37 232 235 237 241 286 293 305 315 331 334 353 354 356 359 361 374 402 410 413 440 447 449 451 475 486 499
217 21 227 232 234 235 253 269 272 280 308 321 335 359 363 369 379 397 417 428 438 446 451 454 458 467 479 482
218 45 224 245 268 269 291 302 306 317 323 347 351 352 398 399 402 442 449 453 461 476 500
219 32 225 259 267 271 273 292 295 303 305 309 315 316 317 335 340 362 388 401 403 418 428 438 449 454 462 471 472 481 492
220 70 229 231 238 239 262 263 265 279 294 317 319 328 332 333 341 354 371 394 395 396 398 416 431 432 441 447 454 459 460 463 480 484
221 83 232 233 236 239 243 246 251 260 266 281 282 283 289 299 309 315 320 339 344 347 357 361 368 397 407 412 418 423 430 435 439 449 452 497
222 45 226 239 244 256 266 268 275 288 290 304 312 334 338 341 362 368 388 393 416 423 424 473 482 496
223 75 227 236 249 263 268 271 284 304 311 333 343 352 361 364 368 374 394 403 407 416 419 444 469 476 491 500
224 39 226 248 270 360 377 388 393 400 404 405 413 420 438 444 445 447 450 456 469 472 478 481 485 495 496
225 28 245 253 255 259 280 288 291 298 318 321 341 346 347 354 369 394 400 415 439 452 465 477
226 39 260 279 297 301 329 350 370 382 390 391 406 408 413 419 425 434 441 443 460 478 483 486 499 500
227 48 231 236 239 240 248 254 271 280 281 287 292 313 329 331 340 341 364 378 379 385 393 395 404 424 425 426 430 448 451 456 466 475 476 481
228 13 234 240 243 246 248 261 264 265 284 313 316 319 323 340 351 367 377 386 389 426 435 439 446 460 466 477 491 493
229 36 237 245 260 261 262 269 271 279 285 294 303 323 327 333 342 370 375 377 409 411 414 419 420 428 433 437 456 463 466
230 73 242 245 252 254 269 276 278 279 280 287 297 300 305 321 331 357 379 383 387 413 419 420 433 435 437 438 450 480 490
231 19 232 239 240 256 272 273 292 299 310 314 332 350 352 364 365 386 402 415 423 441 442 443 447 461 467 470 472 476 477
232 29 259 261 277 285 311 333 350 355 356 365 366 368 377 380 403 412 419 441 471 481 484 497 500
233 49 236 241 252 264 291 302 321 331 338 341 342 351 367 368 391 407 411 416 426 438 440 441 447 458 474 495
234 23 237 246 265 268 275 286 289 305 321 324 331 351 417 443 461 483
235 10 241 244 246 277 288 292 297 303 314 322 327 336 349 359 365 371 373 375 378 380 383 396 416 421 425 437 467 469 499
236 29 287 290 298 314 330 332 333 354 367 371 372 382 386 389 420 428 460 464 494
237 60 280 293 322 325 336 342 355 364 394 415 416 423 429 432 466 477 487 498
238 88 241 246 249 252 280 312 325 337 351 353 354 357 363 377 387 440 451 462 463 469 485 499
239 23 251 256 259 273 279 280 286 319 325 329 333 345 346 348 354 367 375 381 387 391 404 417 439 445 450 458 459 460 474 477 497 500
240 51 242 244 245 255 261 286 306 310 347 368 379 389 400 413 423 424 428 430 431 432 436 437 465 467 470 475 478 480 491 494 496 499
241 63 242 249 256 257 266 271 290 292 324 338 358 364 370 377 381 403 422 435 454 456 458 477 479 495
242 18 244 266 292 295 307 312 322 338 342 343 350 355 364 381 403 408 423 430 444 454 461 465
243 74 255 257 265 268 270 278 286 290 293 307 308 316 319 348 349 351 357 358 382 392 397 399 408 417 425 428 433 437 444 448 476
244 94 248 253 254 258 264 270 271 307 312 314 321 337 357 361 364 371 372 391 409 417 427 436 443 454 462 470 474 482 484
245 65 257 272 275 291 303 307 323 327 340 344 345 346 359 360 362 364 383 388 389 394 403 417 425 470 491 492 495
246 25 247 255 263 264 273 286 290 306 353 374 383 388 394 405 417 440 442 443 448 461
247 75 252 253 265 271 272 286 288 298 301 305 306 307 322 323 333 335 365 371 372 377 402 411 414 417 430 435 438 449 455 465 467 474 476 479 496
248 39 261 266 281 297 316 322 328 331 337 345 388 407 423 433 439 442 447 464 466 492
249 44 262 272 281 293 316 321 329 331 347 350 351 352 355 371 428 449 460 476 478 484
250 80 253 258 267 271 288 290 298 299 303 309 331 333 338 342 344 345 354 356 379 391 396 447 448 459 468 479 486
251 52 258 288 325 331 383 384 387 395 403 434 444 445 460 473 479 480
252 44 262 265 275 276 292 294 295 306 327 394 418 425 427 449 451 459 480
253 57 282 283 326 334 341 346 368 371 385 404 406 414 433 436 450 451 453 473
254 48 257 290 301 304 305 328 343 376 378 382 393 414 420 442 446 450 451 464 465 466 481
255 45 257 271 281 294 295 297 298 299 308 334 342 354 360 363 367 369 384 386 391 418 423 446 464 469 482 490
256 15 296 306 323 325 330 331 334 355 366 404 409 418 420 433 444 445 446 455 457 462 464 480 481 485 492 495
257 65 288 299 309 313 316 331 336 339 342 348 350 379 390 391 403 436 445 450 484 492
258 76 271 273 275 278 301 302 311 313 319 330 344 355 362 364 402 409 413 415 417 424 447 459 464 465 477 481 487 500
259 80 274 283 289 299 304 332 339 346 353 359 362 367 387 391 395 443 450 454 470 484 488 498
260 47 281 306 314 319 324 334 351 352 353 358 368 371 381 393 397 406 408 411 417 436 439 453 458 467 475 482 493
261 99 262 291 298 304 305 314 322 324 331 339 344 345 353 359 361 365 366 377 392 394 412 416 426 438 467 482 483 487
262 58 282 284 294 305 319 320 344 345 350 356 373 380 387 420 423 430 440 470 472 473 475 477
263 51 264 268 300 303 311 337 348 368 392 419 420 427 445 447 452 454 456 458 463 464 473 491 494
264 47 271 273 281 305 331 349 370 381 387 397 409 417 429 443 456 467 471 476 482
265 19 267 274 280 300 306 312 317 328 336 348 351 362 364 378 396 411 418 448 454 456 461 465 468 475 490
266 25 271 273 296 326 345 372 379 384 386 390 394 404 408 413 439 448 480 481 485 498
267 5 279 281 286 294 295 296 315 320 325 332 334 339 346 355 356 357 374 387 389 399 406 411 415 430 433 434 440 442 453 458 472 473 486 491 498
268 46 277 325 329 330 347 350 367 369 370 403 423 443 451 455 456 460 466 480 483 486 491
269 92 293 294 308 311 312 315 321 339 354 368 373 374 382 392 393 399 401 432 433 446 448 451 456 462 468 477 479 491 498 500
270 60 271 298 299 311 326 329 338 339 354 355 373 380 418 430 433 437 443 445 446 455 469 477 492 498
271 65 278 283 288 289 298 303 314 315 378 382 421 433 452 463 471
272 76 273 286 287 289 291 297 304 307 311 327 342 355 383 385 386 392 397 414 421 445 451 463 464 488
273 53 297 301 324 326 327 369 372 377 382 424 430 437 452 459 481 493
274 95 276 277 310 311 312 327 340 347 357 384 388 396 397 406 419 425 433 434 437 439 443 444 450 460 467 479 493
275 89 290 295 304 312 320 321 329 338 340 349 362 366 373 374 385 386 389 413 433 437 468 479 490 492 494
276 64 309 310 311 312 318 324 328 349 356 366 375 381 431 455 456 458 480 481 483 489 492
277 60 289 291 312 329 343 346 347 362 383 393 396 399 401 403 407 409 410 422 428 432 433 453 465 485 490 495
278 96 303 327 351 371 419 430 440 452 456 478 491 497
279 7 283 299 304 322 325 326 331 344 352 359 380 421 439 440 442 445 467 478 491
280 92 291 293 309 329 366 375 379 387 396 411 418 437 444 470
281 14 288 290 291 305 341 346 349 360 361 372 375 389 404 412 423 446 450 464 473 477 486 495
282 70 285 295 311 316 324 334 344 374 375 379 385 395 398 407 415 417 429 430 445 450 457 460 461 465 472 476 478 481 483
283 13 287 292 297 324 325 327 371 386 393 394 415 424 431 434 435 445 454 455 460 461 470 471 475 490 497
284 69 290 314 315 339 344 354 370 375 390 402 403 407 410 420 429 451 460 475 480 482 486 491 494 499
285 57 294 300 301 310 318 334 336 343 354 359 360 367 374 375 386 398 405 418 445 451 453 464 470 473 487 491 498
286 38 303 310 311 321 333 334 337 343 352 360 382 404 413 441 444 456 457 471 484 488
287 69 293 301 310 347 353 358 383 390 399 410 414 429 441 452 456 458 460 467 468 491
288 90 292 296 298 309 332 336 351 354 357 373 374 381 386 400 413 425 436 440 465 468 471 493 497 499
289 9 301 307 332 333 350 355 364 372 384 387 391 393 401 427 455 458 471
290 69 296 299 320 321 350 377 381 389 392 399 402 404 407 429 435 437 446 447 469 476 482 486 496
291 5 297 305 309 315 328 331 332 336 352 360 361 371 374 392 394 403 415 448 449 454 476 477 479 482 498
292 4 302 306 318 330 346 361 376 384 387 393 435 436 458 462 466 467 469 474 482 491
293 76 323 335 343 350 352 364 369 370 383 388 422 428 431 442 445 460 463 466 470
294 46 298 308 329 339 348 358 397 416 425 429 447 448 452 470 472 483 485
295 45 302 303 306 323 342 361 364 368 374 407 408 409 419 420 422 431 434 462 477 479 493 496
296 77 320 332 333 347 355 368 373 378 432 435 445 448 453 460 482
297 70 327 341 370 372 376 416 417 437 465 471 477 487
298 41 309 310 313 331 342 344 350 360 365 398 406 418 431 448 457 465 473 491
299 76 315 323 330 352 365 366 371 372 383 385 413 414 422 429 441 445 459 465 470 474 475 493 494 496
300 74 302 306 321 322 325 369 375 380 381 388 389 410 415 418 423 435 436 442 444 445 446 454 458 472 478 486 493
301 80 311 327 333 340 364 370 377 379 386 401 432 442 457 474 485 490
302 86 313 319 320 323 328 335 353 354 378 389 391 397 404 425 429 434 449 452 463 476
303 70 305 324 356 368 379 401 406 426 438 443 444 449 455 456 481 482 498
304 40 305 315 343 350 354 363 401 411 414 420 449 459 460 462 463 487 493 496 500
305 43 328 333 400 405 420 425 432 447 459 462 470 473 483
306 10 316 329 339 347 348 350 373 377 385 402 413 414 422 466 489
307 70 315 320 333 345 350 351 382 390 407 417 424 425 426 428 455 466 469 479 483
308 4 324 348 353 356 366 371 386 395 398 404 405 409 423 437 442 447 461
309 41 314 320 323 326 346 366 405 410 416 427 445 450 451 465 477 490
310 14 323 325 326 348 353 356 363 365 369 371 372 390 396 397 398 417 420 456 465 486 496 497
311 76 317 325 341 345 358 377 378 388 392 394 399 420 426 435 444 454 457 458 461 474 478 482 489 490 494 497
312 88 326 332 346 358 375 386 398 401 410 430 442 443 451 455
313 82 316 324 337 346 356 361 367 394 432 436 437 444 448 456 461 462 464 469 472 479 490 492 497 498
314 89 337 342 343 353 356 361 377 386 389 394 405 412 428 441 452 456 458 461 470 477 479 495 499
315 20 320 328 331 332 335 381 391 400 401 412 423 431 440 446 452 476 486 487 489 490 491
316 52 339 343 344 346 359 363 375 382 389 392 412 437 446 451 455 469 473 476
317 89 322 327 328 337 340 354 362 370 377 391 395 397 418 431 441 445 446 456 460 465 471 472 484 487
318 16 344 349 360 370 386 405 406 407 415 431 450 462 474 489 492 494 495 496
319 65 331 336 350 358 361 380 405 410 419 439 440 472 477 488
320 43 325 347 371 372 382 390 403 419 424 464 492
321 55 322 345 353 355 356 360 376 383 397 398 430 451 474
322 60 329 350 353 358 361 369 391 399 418 422 454 458 465 484 490
323 30 327 337 349 383 389 391 411 425 426 427 431 434 439 441 449 452 460 464 475 487 499
324 89 340 349 357 368 381 390 395 399 409 422 424 427 428 439 447 461 466 475 481 491 496
325 81 326 338 346 350 360 362 366 369 370 380 410 412 413 426 431 433 435 448 449 458 472 477 489 497
326 17 328 330 338 339 350 360 370 373 394 409 412 422 436 444 465 468 470 483 487
327 80 332 334 345 356 358 363 379 386 388 398 417 427 444 445 453 461 462 490 495
328 4 332 343 394 400 438 452 475 481 497
329 68 343 353 360 365 366 384 390 397 402 407 415 428 432 439 443 445 461 466 468 470 478 482 483 491
330 4 338 349 398 400 409 410 447 448 477 480 484 485 489 492 493
331 55 352 357 364 372 373 385 408 424 426 443 457 459 471 472 494 496 499
332 40 333 348 351 353 361 368 371 382 386 405 421 426 434 441 459 467 470 473 485 498 500
333 72 335 348 364 378 382 389 392 395 406 415 417 421 429 431 458 473 476 477 496 499
334 52 336 349 378 383 421 427 434 455 460 473 492 493 494
335 4 342 344 353 360 361 364 391 393 406 422 433 438 445 484
336 66 337 352 381 385 396 405 427 431 435 440 456 467 469 475 485 495
337 95 341 344 349 352 353 357 376 424 444 447 467 485 487 494 497
338 8 344 347 349 351 373 379 383 418 459 465 475
339 99 342 362 367 381 382 386 399 403 411 419 437 443 468
340 88 345 346 348 362 375 385 390 398 408 417 418 426 445 449 450 452 463 469 491 495
341 12 371 377 384 397 403 406 409 414 421 435 438 450 456 472 474 491
342 94 361 365 389 398 413 432 436 441 442 447 468 473 477 480 488 493
343 65 358 359 363 368 374 391 395 444 447
344 9 360 375 376 379 416 417 431 447 455 461 467 486
345 26 375 381 405 452 459 460 469 489 495
346 26 347 356 357 361 382 402 430 434 440 453 481 491 499
347 35 360 366 367 374 400 419 420 431 446 452 475
348 37 358 362 366 368 372 376 379 380 385 387 388 392 393 395 406 409 413 421 424 431 432 433 436 440 448 462 475
349 41 355 358 362 368 371 372 376 387 393 398 416 421 467 479 483
350 51 357 370 391 394 411 416 441 471 475
351 50 380 381 399 404 413 421 422 447 448 470 481
352 39 356 366 371 373 402 405 409 417 420 436 449 456 457 464 466 470 475 480 490 494
353 27 356 365 367 375 406 415 427 437 452 459 461 463 476
354 1 356 365 369 371 389 392 400 414 419 422 423 444 446 459 471 481
355 17 366 386 393 396 404 435 450 459 462 480 481
356 45 363 366 373 376 377 378 391 392 435 438 460 473 485 488 491 500
357 7 358 373 375 379 396 403 412 417 419 423 425 440 442 458 476 498
358 20 369 382 384 387 400 409 418 456 457 465 481 484 490 492
359 38 369 371 382 389 406 413 432 434 440 451 452 470
360 5 365 395 396 416 418 421 436 446 448 458 464 481 495
361 4 369 372 410 418 422 423 424 425 438 457 473 475 476 485
362 59 387 392 407 410 440 476 490
363 27 373 389 401 407 415 416 423 456 462 477 479 496 500
364 11 383 389 390 394 401 423 427 462 464 468 477 478 493 498
365 92 379 395 448 451 462 464 468 484 488 498
366 9 375 391 394 395 397 419 423 436 438 447 456 473 476 478 479 491 494
367 40 388 394 403 407 410 439 452 460 469 472 476 495 496 498
368 66 381 392 393 397 398 407 414 426 433 438 445 449 464 465 467 472 474 478 494 496 499
369 94 393 400 410 414 420 429 445 450 467 476 483 498
370 54 393 401 410 414 447 449 464 474 475 481 489 490 497
371 15 375 395 413 421 422 439 461 469 475 483 484 496
372 31 393 400 407 422 424 429 438 440 442 446 451 454 475 497
373 54 381 385 391 395 403 424 430 454 468 476 484
374 17 381 387 389 393 394 410 414 425 435 440 459 461 469 472 473 476 477 483 485 491 497
375 58 390 392 402 403 429 431 445 456 472 473 479 480 490 498
376 27 382 386 390 422 438 446 452 472 473 493 494
377 54 384 387 398 399 424 443 451 456 460 475 486 498
378 84 383 396 414 416 419 421 436 451 476 482 483 493
379 69 385 391 392 393 413 418 421 423 424 428 431 432 438 452 460 482
380 14 389 390 396 400 406 407 411 422 435 450 456 470 485 490
381 74 387 389 420 424 427 428 456 465 476 482 488 494 495
382 77 392 393 403 406 410 414 420 428 429 440 446 452 458 484 495
383 49 395 414 415 419 437 444 445 449 455 474 485
384 37 422 424 438 439 440 479 491
385 76 430 446 451 472 475 478 482 489
386 65 387 390 393 404 412 417 429 434 448 463 476 478 479 499
387 79 393 408 410 413 437 446 456 469 477 482 486 487
388 58 404 428 439 442 468 469 479 485
389 24 407 425 436 441 443 464 483 491 496
390 67 396 403 406 415 427 437 439 447 457 470 483 491 498 499
391 5 395 410 430 431 441 454 463 486 490 497 499
392 50 395 396 400 421 424 467 468 480 498
393 1 427 448 476 485 491
394 69 397 404 420 425 429 455 457 478 488 492
395 32 402 427 440 445 450 459 470
396 94 405 408 419 437 458 466 483
397 43 400 403 432 433 440 447 451 456 459 482 485 497
398 74 411 420 422 423 424 431 433 446 460 466 485 488 494 495
399 51 411 443 462 484
400 43 418 448 452 482 486 490 500
401 56 406 423 428 435 453 456 458 459 466 479 484 485 486
402 25 417 420 430 437 448 455 469 471 475 476 492 495
403 8 405 419 428 439 445 460 461 474 476 480 491
404 88 415 456 477 478 485 495
405 27 417 429 438 439 444 462 481 500
406 28 410 413 414 429 440 459 467 473 482 483 486
407 41 410 416 421 425 447 448 456 472 480 481 486 495 499
408 6 419 420 436 440 448 454 468 472 494 495 500
409 1 420 422 429 440 447 461 468 482 494
410 83 415 424 430 440 460 461 468 494
411 87 414 422 446 459 465 477 484 489 492 500
412 8 416 449 497 500
413 31 450 480 484 487 488
414 95 430 439 440 459 461 465 479 490 494 495 496 499
415 85 433 437 476 482
416 85 433 434 446 467 468 469 476 489 500
417 82 424 427 432 459 486 489 493
418 36 424 437 445 453 456 464 475 477 479
419 81 428 438 440 454 465 490 492
420 52 425 430 441 446 453 457 464 487 493
421 81 428 441 445 454 479 493
422 38 425 462 469 483
423 71 425 426 435 439 440 443 455 460 466 468 471 484 500
424 95 427 456 499
425 7 437 449 450 455 467 470 492
426 10 455 467 469 486 491 495
427 63 441 452 453 455 483 484 486 500
428 37 440 443 458 466 471
429 5 449 463 485 495 496
430 30 433 434 435 437 438 446 450 471 478 482 494 496
431 14 440 446 448 468 488 496 497
432 91 435 445 447 465 468
433 26 435 436 443 446 457 468 473 480
434 16 452 466 492 497 498
435 19 449 468 471 480 483
436 55 442 451 453 467 474
437 70 443 446 477
438 38 459
439 6 440 464 469 472 475 491
440 99 442 447 460 472 476 480 489
441 29 486 493 498
442 59 480 485 495 499
443 10 445 459 473 489 491
444 90 447 464 467 477 485
445 32 451 456 462 483 499
446 70 459 472 486 488
447 88 456 457 482 483 490
448 23 449 455 458 466 470 499
449 52 450 462 464 466 473 487 496 499
450 17 471 494 499
451 44 460 481 483 488 495
452 94 458 463 466 485 492
453 6 462 467 468 472 485 490 492
454 77 464 472 473 475 477 481
455 26 462 468 495
456 92 475 477 498
457 99 460 463 469 480 485 487
458 77 466 467 469 484
459 64 461 484
460 28 476 479 500
461 38 464 465 468 471 472 478
462 25 490 498 499
463 8 472 483
464 94 466 469 484 489 491
465 75 469 476 485
466 36 477 484 485 493 494 495 499
467 46 469 471
468 68 474 496
469 97 472 478 481 484 485 490 499 500
470 26 474 478 485 499
471 45 474 480 491 493
472 52 488 492
473 30 486 489
474 63 478
475 9 477 483 500
476 68 487
477 74 497
478 32 484 494 498
479 89 486 495
480 79 491 492 500
481 23 484
482 26 484 485 488 493
483 41
484 90 487
485 3 492
486 93 490
487 67 492 493 496 497 498
488 79
489 83
490 78 492 494
491 35 493 496
492 98 494 495 500
493 78 499
494 73
495 19
496 27
497 2
498 10 499
499 38 500
500 3
