500
1 83 7 9 23 28 52 57 64 68 87 96 98 100 109 111 130 138 143 154 163 180 187 191 193 194 197 199 201 217 223 224 231 238 239 241 262 263 270 271 276 280 284 308 314 319 328 333 345 348 359 371 382 383 389 394 397 407 421 422 459 461 462 464
2 94 5 17 18 27 28 39 48 73 84 86 96 125 131 145 149 154 157 160 162 174 176 196 200 201 211 216 225 227 232 237 239 248 255 257 266 279 281 304 307 316 318 323 325 327 367 376 386 410 417 419 450 487 498 500
3 64 6 9 17 34 36 47 53 63 67 102 110 120 126 136 138 154 169 175 238 246 252 267 268 278 321 337 352 362 375 378 386 392 409 418 421 429 432 435 440 444 488
4 92 6 9 32 36 44 47 55 62 64 67 68 78 80 82 88 111 113 114 121 149 173 175 208 218 220 234 239 248 250 264 279 291 319 328 339 343 348 400 413 419 421 428 435 438 459 462 488
5 18 6 10 14 19 25 29 43 54 69 72 77 79 83 92 98 102 103 116 123 126 164 181 186 190 203 216 221 228 235 247 255 258 262 277 281 284 307 322 324 354 359 360 373 386 388 393 407 426 457 484 490 498 499
6 97 25 30 35 36 46 57 76 82 109 123 162 163 174 175 182 202 210 217 241 243 250 262 263 284 290 291 301 306 343 344 352 355 362 395 396 397 400 406 407 414 440 447 449 468 476
7 73 14 32 42 61 64 67 72 77 80 93 129 130 131 132 137 163 170 177 178 179 182 183 191 202 221 247 252 264 266 284 290 293 296 305 320 321 322 335 341 343 368 379 386 387 391 395 402 403 407 417 419 431 432 433 434 438 448 452 455 469 470 473 481
8 12 10 16 37 38 63 66 72 79 80 96 98 115 161 167 174 189 210 227 229 238 241 282 294 300 315 323 339 360 373 374 375 391 400 404 444 446 471 474 477 491 492
9 22 10 11 15 18 23 24 31 41 48 56 57 76 88 126 127 128 130 135 138 146 154 168 171 173 175 178 181 195 197 208 222 227 234 251 258 260 262 270 273 275 277 298 305 306 315 318 331 348 387 399 400 419 422 428 442 456 457 462 468 475 478 481 493
10 83 16 18 35 36 38 40 48 50 55 59 70 78 85 88 89 111 116 130 131 146 157 158 160 161 186 194 203 220 231 237 242 243 249 279 284 287 296 306 307 311 325 327 387 396 405 412 418 427 439 443 447 448 454 468 498
11 58 13 19 37 38 54 64 68 70 96 100 113 126 141 142 155 162 170 173 184 197 203 214 230 236 238 239 249 271 290 309 311 317 343 352 353 368 371 374 375 394 398 400 416 423 424 429 437 439 453 454 455 457 478 484 489 495
12 16 14 35 46 53 60 62 66 80 91 109 132 137 143 165 197 205 220 228 230 238 241 245 259 263 267 281 297 310 321 326 335 336 341 357 364 369 372 401 405 440 443 471 472 480
13 55 40 44 45 87 107 111 121 132 140 143 146 151 161 169 172 177 195 196 201 206 208 212 214 245 255 259 261 263 268 305 310 312 318 323 346 371 376 378 383 417 426 429 432 440 446 453 463 472 473 476 491
14 47 27 32 39 58 66 113 121 126 132 160 177 192 198 208 215 220 224 235 237 247 275 280 290 300 309 314 332 351 388 389 397 398 411 429 437 449 455 456 462 478 484 488 493 500
15 65 22 25 30 69 79 86 88 104 114 120 128 153 161 162 164 177 204 217 240 241 243 264 311 322 341 346 353 382 404 410 416 425 427 441 449 454 461 481 484 492 493 496
16 29 19 35 38 39 45 51 62 68 83 84 105 106 118 126 129 135 142 144 148 152 163 182 183 187 189 190 193 199 221 222 223 233 237 241 247 250 251 252 263 269 271 278 285 288 289 322 337 340 350 355 356 360 362 395 398 407 419 420 454 479 482 485 493 499
17 27 25 69 71 79 96 106 112 113 116 118 120 133 137 149 168 170 171 176 180 200 204 218 222 228 237 239 241 243 246 258 268 276 293 296 318 326 334 338 339 359 367 369 374 377 403 412 423 427 439 447 464 466 476 495
18 64 21 28 45 60 70 92 106 108 111 112 119 136 147 150 171 176 181 185 192 205 214 235 257 279 307 317 328 354 373 375 382 384 398 400 407 416 418 426 438 448 452 466 479 495
19 5 26 27 43 52 60 61 67 88 101 103 105 114 126 129 138 141 166 173 180 182 202 211 221 225 226 227 231 256 262 266 290 294 296 300 302 306 312 318 325 336 352 371 391 392 395 397 413 415 462 463 466 475 485
20 59 36 50 51 69 75 92 93 102 109 113 119 132 148 166 181 188 190 202 207 213 228 250 256 308 319 323 326 359 381 382 398 412 429 454 459 465 466 469 474 498
21 32 23 29 35 54 85 96 109 122 134 138 148 156 163 167 177 178 194 197 198 215 223 246 247 251 259 268 273 280 287 295 297 303 306 343 348 357 394 402 418 425 432 440 467 471 482 486
22 53 46 47 49 58 85 87 95 127 130 132 144 150 158 168 169 172 184 201 224 235 239 241 246 262 278 292 294 297 300 317 336 341 346 347 360 368 370 377 382 387 393 394 433 436 438 442 453 456 469 475 480
23 70 31 42 59 65 77 83 84 85 102 103 108 137 140 142 145 146 147 161 167 170 181 197 202 208 222 235 237 246 255 272 284 300 309 314 318 324 326 354 355 358 366 374 381 399 414 418 426 438 439 464 480 483 499
24 20 37 52 60 72 84 87 111 118 133 146 148 149 151 154 157 170 184 214 223 225 232 240 244 256 260 270 279 280 296 299 318 319 329 344 347 348 364 368 376 380 388 395 397 406 441 469 470 486 490 495
25 88 32 49 55 73 100 108 145 148 161 176 205 206 207 220 228 230 248 255 257 262 268 269 280 281 284 288 293 315 322 334 335 340 359 393 403 410 427 429 430 437 448 458 476 480 487 492 499
26 17 36 70 86 91 92 101 121 127 132 135 138 140 154 157 160 164 189 204 210 211 215 246 248 254 263 264 280 286 289 292 302 310 322 332 341 349 363 365 368 387 390 391 409 419 422 448 449 468 472 473 481 485 488 493
27 36 53 56 68 72 88 90 100 101 104 105 117 118 119 125 129 144 168 177 208 241 244 248 249 257 264 271 273 300 301 309 313 318 319 329 336 341 349 353 356 371 375 381 383 389 394 405 410 412 419 420 451 475 492
28 2 31 33 38 52 61 62 64 102 116 155 171 172 174 177 185 208 214 219 227 246 249 251 264 268 319 354 366 378 391 395 428 433 438 441 448 451 458 460 482
29 53 35 42 43 48 74 75 90 96 109 110 113 118 123 133 139 142 149 150 160 187 205 227 238 246 251 260 263 267 270 273 274 277 287 294 324 327 339 345 368 369 371 375 377 378 408 421 425 442 443 449 456 489 490 491 497
30 54 31 51 57 70 83 103 104 107 126 128 136 140 142 146 147 178 183 206 218 232 249 275 283 286 288 292 297 299 301 313 326 329 338 368 380 388 403 407 409 431 438 445 459 463
31 30 50 51 58 67 69 70 73 91 94 96 99 120 123 129 152 164 166 186 191 211 230 233 240 249 262 272 282 283 297 298 333 334 350 374 384 412 421 429 438 442 449 459 463 471 474 483 493
32 1 47 49 68 78 108 115 116 127 134 147 165 166 168 180 199 212 229 239 255 269 279 281 282 289 305 335 367 374 375 378 384 393 403 404 427 470 478 483
33 37 34 42 59 89 91 92 119 123 126 132 143 149 156 185 202 231 252 254 259 262 267 281 283 284 303 304 305 309 320 352 364 367 372 383 390 398 404 405 419 444 452 460 462 465 473 477 497 499
34 95 35 43 44 50 82 97 116 158 167 186 202 209 222 239 246 258 266 271 292 295 314 352 358 359 364 368 373 386 410 435 453 457 470 474 475 476 493 495 496 500
35 32 49 59 79 88 90 100 107 112 115 116 117 122 124 136 140 151 161 166 178 202 210 212 218 254 266 270 316 330 336 337 338 375 392 398 408 410 430 448 451 453 461 495
36 3 37 54 56 59 69 75 83 90 118 130 138 144 161 166 176 183 186 197 198 200 211 218 242 245 250 251 255 259 265 268 273 293 299 300 317 325 328 392 407 408 410 414 437 442 443 450 465 478 492 496
37 61 47 48 53 69 75 89 91 95 103 104 106 107 112 145 151 152 161 166 169 174 181 195 204 208 217 218 222 243 246 257 268 271 288 298 310 354 358 361 365 367 374 386 414 421 423 426 443 463 469 473 481 487
38 79 55 63 82 86 90 98 102 107 109 113 120 128 129 137 175 180 186 195 198 203 204 207 217 240 246 269 283 286 303 318 359 362 367 370 375 382 398 436 442 449 459 472 477 489 492 499 500
39 70 49 53 55 57 69 82 85 95 101 109 116 143 145 154 156 158 161 166 172 178 179 181 192 196 208 210 211 221 228 256 269 282 291 298 306 315 327 329 344 353 355 372 381 385 404 407 409 425 430 448 467 486
40 45 42 55 56 73 82 105 108 119 120 126 168 176 195 200 202 210 218 222 247 268 296 300 317 318 322 330 358 364 380 389 395 403 405 406 410 439 454 463 476 478 482 489 499
41 97 50 58 65 79 80 83 91 93 96 106 123 127 135 137 138 148 151 164 165 166 195 196 227 232 240 241 245 260 265 280 290 300 306 313 322 324 326 337 360 364 372 382 385 392 408 440 453 461 500
42 2 51 53 58 61 65 66 81 108 124 126 133 139 144 162 168 178 184 190 211 214 219 243 260 264 286 292 302 307 318 324 326 329 335 336 344 347 360 369 374 377 393 396 423 444 449 451 458 459 465 470 484 491
43 73 45 49 50 54 55 89 101 105 108 116 121 123 140 141 144 160 173 174 183 188 214 223 227 231 246 271 292 319 328 329 334 340 345 355 356 357 359 390 395 409 433 437 439 443 454 455 459 483 499
44 25 48 64 79 86 88 100 103 117 124 137 142 143 147 151 162 166 167 173 174 182 208 211 220 227 228 247 254 257 326 334 339 352 360 385 417 418 439 456 473 481 490 492 494
45 37 81 82 99 104 106 108 112 141 144 161 175 191 228 230 234 241 257 265 281 294 305 312 313 332 386 391 419 422 427 451 454 456 468 481 490
46 64 61 62 67 75 76 78 87 92 116 136 137 149 155 159 162 167 179 194 197 215 233 239 244 252 277 284 299 300 311 317 327 342 343 368 369 397 398 410 411 417 427 430 432 448 449 452 457 479 493
47 61 74 78 80 102 104 113 122 124 133 144 156 157 170 171 189 198 223 227 238 248 254 256 281 294 297 303 310 319 322 335 358 365 366 383 396 407 414 429 437 439 453 463 471 488 489 499
48 2 52 55 56 61 111 113 120 124 137 146 180 186 188 206 211 217 218 227 242 253 270 274 288 296 297 302 308 310 312 323 324 346 354 355 360 363 393 396 406 419 455 480 492
49 25 61 62 77 103 108 141 146 164 181 196 200 205 209 210 222 229 237 243 246 252 262 264 270 275 286 288 292 297 340 343 346 350 361 363 372 375 381 393 404 433 439 440 446 455 478
50 43 70 71 74 82 83 85 97 108 131 133 140 141 186 190 194 207 209 214 217 235 243 247 256 263 285 334 345 348 350 352 357 361 368 369 381 390 402 404 415 434 435 443 466 484
51 10 85 93 94 106 107 120 122 127 128 130 134 149 156 164 165 173 184 188 191 199 221 241 245 250 260 278 285 292 296 297 308 321 330 352 366 367 374 377 382 384 390 391 396 408 414 418 448 450 451 467 486
52 42 67 70 80 111 113 125 126 153 174 178 203 209 215 237 243 287 325 326 331 351 365 367 368 380 382 400 408 410 411 414 421 437 441 469 484 491 498
53 2 54 61 67 76 78 85 97 102 114 138 139 147 154 157 164 171 173 188 197 200 205 249 251 256 285 326 335 339 343 354 356 376 378 395 425 441 442 482 486 488 494
54 25 59 65 68 81 109 142 147 157 180 194 198 202 210 220 221 223 226 237 238 274 276 294 299 300 310 312 353 371 386 390 403 410 417 435 437 445 447 454 474 493
55 96 56 58 59 81 91 109 115 119 158 159 160 165 173 189 190 192 200 249 262 271 292 295 296 308 311 322 335 343 345 361 391 397 407 414 445 449 457 467 482 500
56 74 58 74 89 92 110 115 126 140 142 152 157 159 178 179 184 189 196 203 209 215 223 224 244 253 254 258 261 262 272 315 332 341 343 349 367 369 385 394 408 409 412 417 418 426 439 484 490
57 84 68 77 82 91 97 147 170 171 183 189 202 204 217 223 235 238 241 254 306 321 326 344 345 352 367 386 401 423 434 447 454 465 467 477 481 489 495
58 24 64 66 67 85 95 102 108 109 118 127 132 134 138 141 144 151 156 161 163 173 222 225 233 235 236 238 248 251 261 285 296 301 305 307 318 324 331 344 347 350 356 360 371 376 382 387 401 402 430 434 436 440 457 476 481 498
59 41 61 76 87 104 118 123 134 142 145 148 150 155 160 178 179 186 204 208 214 245 263 271 278 282 283 300 310 311 338 374 380 418 426 434 435 439 445 452 455 487 493 497
60 90 82 88 91 101 104 105 118 142 175 180 188 191 199 212 216 236 239 272 293 300 302 304 313 322 329 330 338 353 378 395 403 434 450 455 465 484
61 45 73 99 107 124 132 145 147 164 177 202 210 212 224 255 264 265 272 275 292 302 317 321 327 343 348 352 366 394 403 425 426 437 453 469 488 491 495
62 98 85 91 95 116 117 128 137 140 168 172 173 178 180 183 191 194 198 200 241 267 285 308 316 319 322 327 355 356 362 365 371 383 392 427 446 449 455 480 481 484 499
63 71 89 100 107 112 114 115 120 122 124 140 155 188 199 203 218 226 234 255 256 261 267 270 273 281 297 305 310 323 342 347 349 364 375 385 386 393 403 406 417 422 431
64 59 74 77 80 81 83 85 87 95 99 120 125 128 131 176 181 187 203 236 243 248 258 264 282 304 326 342 343 388 390 411 426 453 454 464 466 468 477 483 484 485 488 490 492 497
65 14 74 82 102 111 120 124 139 147 157 158 165 166 172 187 198 203 259 278 288 291 301 313 318 322 332 342 355 364 367 374 382 384 385 386 389 391 402 418 420 439 450 460 482
66 27 71 79 92 96 101 106 127 139 145 146 149 159 162 181 185 186 189 194 199 206 211 213 226 235 236 242 256 260 274 275 281 296 320 328 330 347 352 360 379 381 386 388 389 390 393 417 424 425 431 432 439 450 461 495 496 499
67 6 78 80 88 95 116 123 130 138 149 154 168 180 198 200 207 210 216 220 244 260 264 269 271 276 291 297 310 344 347 361 372 377 379 384 390 391 397 402 404 416 421 423 434 436 438 448 453 455 462 469 472 493 496
68 96 74 83 84 85 100 114 126 128 137 143 147 150 152 170 178 200 208 215 250 258 270 275 279 289 301 305 329 331 334 343 347 351 356 372 381 398 403 415 430 439 443 445 447 454 465 468 476 493 499
69 52 76 91 101 110 114 138 141 150 154 172 185 187 202 205 210 216 222 224 228 229 233 234 235 239 290 292 301 303 323 334 344 346 358 369 375 376 379 399 404 419 423 437 451 452 475 489 494
70 37 81 88 93 94 98 117 136 140 152 158 162 170 184 190 229 230 252 254 262 267 270 293 299 300 302 306 311 316 319 323 334 355 357 358 363 390 393 395 404 416 417 434 438 454 457 471 485
71 90 76 84 99 115 118 122 131 140 168 170 205 207 224 226 234 238 250 263 277 279 305 311 313 319 324 326 330 361 364 369 378 383 398 414 428 429 443 447 450 473 483 496
72 50 74 75 89 104 113 124 131 161 162 178 180 196 218 219 240 241 246 298 303 324 329 337 341 350 362 386 388 395 405 452 454 461 465 482 484 488 490 491 500
73 26 81 92 96 102 105 114 119 120 127 128 131 135 136 143 151 152 168 201 204 212 214 226 252 261 263 271 277 296 306 322 337 359 361 366 379 387 395 397 428 429 440 443 458 468 478 489 495
74 40 95 103 107 108 115 139 154 164 202 218 224 228 230 239 268 304 312 321 332 343 344 351 396 404 411 418 426 431 455 472 489
75 92 98 99 104 112 119 126 141 161 169 170 186 187 189 193 202 204 215 233 238 248 251 261 267 283 291 298 308 324 344 357 363 388 392 405 406 426 440 450 465 481 483 486 492 494 497
76 57 85 103 114 119 127 134 172 186 199 205 206 212 241 242 279 285 287 297 301 303 329 334 342 363 369 406 419 421 425 441 450 452 472 478 479 495
77 51 80 102 104 114 122 146 151 156 168 170 171 175 210 219 225 244 247 250 252 257 260 266 271 279 286 303 308 312 347 355 360 362 364 374 387 391 416 428 434 442 446 451 459 483 487 488 491 492
78 79 79 94 118 146 147 169 171 172 176 185 187 226 227 257 261 269 277 292 297 316 320 330 336 344 377 395 398 406 411 414 418 440 447 461 476 482 489 496
79 71 81 85 98 103 104 116 133 134 138 154 156 162 178 184 217 224 241 248 252 262 279 280 290 291 307 330 344 350 370 401 419 427 429 448 458 481 485 493
80 7 102 117 146 147 153 172 174 193 205 231 235 236 238 239 254 259 262 269 274 289 294 295 306 308 319 324 328 349 361 392 395 420 441 458 460 462 485 497 500
81 1 82 85 88 99 101 102 105 106 115 132 154 161 171 175 176 203 211 225 229 241 243 248 264 265 269 275 300 312 313 317 320 324 326 340 341 348 358 359 370 381 387 419 431 448 486 489 490
82 48 92 109 125 130 135 144 157 167 168 171 191 199 212 213 248 254 266 268 271 294 295 317 323 329 331 335 336 352 378 404 406 412 413 423 425 426 431 475 479 485 486 498
83 48 85 91 109 110 113 115 119 120 123 141 154 165 168 171 222 228 236 256 265 273 282 283 289 292 296 303 314 336 338 342 343 347 375 387 388 397 400 407 424 434 440 493 497
84 94 100 105 106 119 140 145 161 190 199 226 239 245 246 251 268 269 270 276 324 327 348 370 372 400 401 402 405 407 414 415 424 428 437 447 454 460 464 465 468 473 475 486 491 493 495 497
85 74 97 102 118 134 141 146 149 162 169 172 178 189 190 194 198 222 235 241 247 248 252 254 266 278 285 291 294 303 326 362 372 385 427 488 492 499
86 68 88 90 101 105 109 129 131 133 140 155 178 190 192 193 219 238 240 243 264 265 284 293 300 319 338 357 382 387 408 410 412 413 415 433 442 445 446 449 450 480
87 72 105 117 149 159 163 186 190 232 244 258 260 297 319 323 326 329 339 350 351 356 359 362 364 368 374 375 381 382 386 400 403 407 444 446 468 470 474 496
88 80 95 100 104 134 135 137 150 151 155 159 161 170 173 185 190 202 203 228 234 235 236 251 273 279 291 300 319 330 345 350 357 360 367 371 392 397 411 415 420 432 433 447 453 459 465 474 481
89 6 96 144 151 152 155 165 173 176 177 186 189 200 212 218 229 233 236 244 262 266 267 278 305 308 310 316 326 332 342 343 358 371 378 381 393 394 407 413 416 421 429 454 469 495
90 95 98 99 107 116 123 126 136 144 147 153 171 206 218 225 233 235 238 261 262 285 294 302 320 329 362 363 366 378 398 410 418 420 427 433 451 455 472 473 478 490
91 20 105 109 119 120 123 157 165 179 196 217 233 234 246 253 258 288 303 311 317 323 328 339 352 364 393 397 417 421 432 450 458 474 481 487 488 495 500
92 54 95 98 117 118 140 155 157 166 167 171 174 178 185 187 190 191 195 196 203 214 226 229 235 237 258 274 277 297 303 304 313 329 333 342 346 357 370 376 397 407 416 436 442 454 460 491
93 23 96 112 117 119 124 129 131 148 153 176 181 203 221 252 264 275 286 297 303 313 327 340 342 363 379 381 382 395 406 409 411 413 425 440 451 475 479 494 495
94 44 97 101 117 148 155 157 165 203 204 206 211 218 230 231 243 253 261 270 290 297 299 320 333 340 343 348 371 426 431 434 459 473 500
95 29 102 105 107 125 131 132 139 141 152 156 194 202 214 217 221 224 227 239 243 248 253 267 271 284 385 394 405 414 446 452 453 457 475 478 480 487
96 4 113 121 140 147 159 165 170 181 204 215 218 226 227 229 231 235 238 240 243 255 256 267 273 287 293 297 302 315 325 328 357 362 381 383 384 387 401 414 419 438 440 446 470 474 497
97 20 106 113 122 126 127 139 176 210 211 223 258 261 288 293 295 300 301 307 317 324 331 333 343 344 346 348 349 353 355 362 364 365 376 387 398 404 405 408 421 424 431 432 434 447 448 457 468 472 480 489
98 97 113 120 125 127 128 141 167 182 196 198 216 229 230 231 234 240 241 277 279 284 301 342 371 375 380 382 398 400 409 413 414 429 433 435 439 451 453 462 476 482 495 497
99 89 101 102 109 125 129 145 150 158 162 166 192 195 205 208 222 232 233 252 261 264 265 268 283 285 312 313 324 342 347 350 354 358 371 382 390 391 415 452 464 466 468 469 480 495 499
100 91 104 107 143 157 158 164 169 196 205 210 215 221 222 234 243 268 290 291 294 333 351 356 358 361 367 371 376 406 432 441 445 463 466 475 483 484
101 57 120 121 132 137 172 181 183 189 200 206 210 220 224 241 244 247 250 261 279 287 323 332 342 347 351 358 376 378 391 397 403 452 456 461 475 485 488 490
102 91 118 120 130 137 142 160 168 176 180 184 190 203 208 209 215 221 271 276 277 284 295 305 308 313 329 335 357 359 370 374 387 400 403 411 429 431 440 441 448 449 451 453 455 481
103 2 107 111 123 136 149 162 166 187 198 220 233 237 242 246 249 262 265 275 286 294 296 304 320 326 327 336 340 341 342 346 357 371 377 387 389 394 410 414 424 441 453 466 481 484 499
104 49 105 111 112 120 123 134 135 144 168 184 185 232 238 249 280 290 292 319 336 341 366 384 387 391 392 407 412 414 430 482
105 73 117 124 141 157 161 172 177 178 179 186 210 233 242 245 248 249 255 284 291 294 313 315 319 322 340 348 366 367 368 373 379 395 397 420 432 438 448 453 457 464 472 474 477 480
106 31 109 114 120 147 160 171 172 173 194 206 219 232 238 243 269 308 312 316 325 343 353 356 359 366 382 393 411 433 438 450 454 456 483 487 500
107 29 122 143 171 172 180 192 205 207 213 214 230 232 238 244 253 272 279 282 297 300 307 308 325 331 337 363 373 374 388 402 409 430 441 444 450 455 461 463 464 483 495 499
108 91 110 117 118 150 151 158 170 182 201 233 234 243 248 255 265 275 303 329 357 361 364 378 385 386 393 395 396 399 410 447 450 452 477 479 489 492
109 87 122 148 149 175 213 222 252 257 258 260 267 274 287 288 299 311 313 361 392 401 409 411 423 430 439 443 453 463 480 484 485 486 488 491
110 53 111 113 116 130 133 154 176 177 180 197 204 224 234 240 243 279 282 296 303 310 315 324 340 342 344 355 359 360 365 369 378 392 406 434 457 468 489 499 500
111 37 115 119 121 130 131 132 139 144 150 156 167 168 169 192 224 225 235 243 249 262 275 277 279 285 294 312 332 351 359 361 376 389 400 419 432 449 452 484 487 489
112 40 122 124 128 139 141 151 162 171 172 183 189 190 191 202 208 213 215 223 238 239 242 248 270 272 274 279 289 293 299 307 317 344 369 374 389 397 402 436 437 444 463 479 480
113 1 114 116 117 119 122 124 151 153 156 157 160 165 180 189 199 224 235 256 266 271 280 285 297 302 306 328 335 337 345 350 355 360 372 376 385 394 417 424 433 446 452 455 461 488 497
114 71 130 150 154 159 164 166 197 199 200 215 216 234 257 259 266 269 282 296 301 329 336 352 354 355 360 361 390 403 410 420 425 430 460 469 484 497
115 71 130 143 145 167 171 181 188 207 228 241 245 250 253 258 263 272 292 295 305 306 324 326 329 345 367 379 391 395 408 410 411 418 419 424 426 434 447 451 454 476 485 489 500
116 78 117 118 125 143 144 148 165 169 185 186 190 196 202 210 216 245 250 263 276 288 296 299 306 311 326 341 345 360 362 366 376 378 380 386 404 425 432 450 451 456 491 497
117 81 121 122 152 166 189 205 246 255 257 270 296 301 308 318 346 356 362 370 414 419 422 423 439 440 448 466 468 472 478 494
118 10 125 134 155 162 163 173 177 183 184 189 203 205 238 257 273 282 286 290 292 294 296 301 309 314 316 324 356 382 387 400 401 404 414 448 455 464 466 474 484 485 487 489 494
119 43 129 133 143 149 178 189 224 242 243 244 246 250 251 256 261 262 263 272 273 297 300 306 315 325 332 336 348 354 383 384 388 391 393 395 407 429 431 433 434 442 454 463 466 468 471 472 473 477 479 492 499
120 31 121 127 150 181 193 194 201 215 239 249 250 255 271 292 297 301 325 333 338 344 366 381 387 390 396 404 416 423 435 443 450 451 454 474 476 482 487
121 7 130 164 195 207 209 210 238 260 263 268 297 299 311 318 323 372 379 383 447 448 449 452 456 461 462 472 487 488 489 493
122 100 188 191 196 208 213 215 256 261 274 276 278 295 323 357 362 367 379 399 400 401 406 409 438 454 460 473 475 476 479 500
123 89 137 139 141 143 154 155 158 165 184 186 214 215 221 223 230 232 241 244 260 261 272 296 315 353 366 372 373 385 390 401 402 404 409 434 441 444 460 461 462 471
124 69 127 134 139 150 167 185 213 226 242 249 252 259 267 284 298 305 314 324 329 338 340 345 361 372 378 393 394 421 441 445 446 449 460 472
125 89 133 139 140 154 157 164 168 173 183 192 218 223 224 228 244 260 262 263 276 298 306 313 334 351 367 368 370 378 394 405 414 423 433 440 443 451 457 462 471 476 489 495
126 9 131 152 174 182 189 193 205 216 239 252 263 268 276 282 283 307 316 319 322 372 386 396 399 404 422 423 424 430 438 442 451 460 475 490 495 497 500
127 73 132 133 141 143 159 170 178 197 212 214 243 248 252 268 270 272 273 279 301 306 351 357 382 385 388 389 399 425 430 431 432 435 436 463 466 472 474 479 489
128 51 133 138 157 169 170 172 183 205 211 224 248 264 275 281 287 289 292 297 303 310 316 325 344 348 355 357 372 378 391 404 413 431 433 434 435 440 464 470 471 490 500
129 38 141 160 166 169 174 191 224 242 250 260 274 280 283 299 301 306 315 328 337 355 374 383 386 391 406 410 411 415 422 430 456 457 460 470 481 485
130 80 138 139 146 164 169 186 187 188 194 197 205 212 222 234 239 241 286 293 296 319 329 342 346 354 361 364 365 374 384 388 393 394 411 431 434 440 444 445 446 455 460 465 467 499
131 86 141 160 174 184 187 227 249 251 258 264 285 289 296 301 313 341 353 361 369 377 392 393 400 421 434 438 447 468 472 473 477 486 497
132 96 145 147 155 179 190 205 206 229 232 252 261 266 271 291 295 354 357 377 391 395 400 415 425 434 484 491
133 75 134 137 160 172 198 201 215 216 219 221 236 238 241 252 262 288 300 313 319 322 331 337 351 352 358 373 375 376 378 404 433 449 458 468 471 473 481 499
134 74 135 142 160 172 190 207 224 258 279 306 308 316 324 336 367 377 382 400 407 447 455 460 462 471 483 486 494
135 26 139 148 157 161 165 168 174 182 234 235 240 242 247 248 251 260 262 264 276 277 304 308 310 319 323 327 334 348 354 363 367 372 392 396 402 407 411 412 425 432 471 475 476 478 485
136 3 142 149 166 191 195 208 209 212 245 269 272 279 286 295 304 316 317 318 323 326 332 345 353 374 383 399 401 403 405 420 437 443 448 449 470 486 490 491
137 79 149 166 173 174 194 199 231 236 246 248 260 271 308 324 333 341 346 411 422 433 435 441 444 455 459 469 477 479 491 497
138 78 147 148 179 183 185 238 254 256 260 265 291 292 307 326 331 334 349 354 358 360 362 366 367 382 399 400 401 422 423 433 435 441 453 460 469 494
139 3 165 172 183 230 232 268 317 327 345 366 404 422 425 449 472 475 476 498
140 95 155 156 174 177 187 191 207 213 228 229 234 238 241 271 279 288 294 305 309 310 342 343 356 403 429 431 484 491 495
141 60 150 151 152 161 166 200 202 204 219 222 247 250 260 263 266 280 288 292 305 321 341 363 370 376 387 389 391 409 417 422 425 428 430 433 447 453 459 463 474 478 490 492
142 63 143 146 147 155 158 163 172 175 179 186 190 195 202 212 216 225 226 246 253 254 257 270 278 306 316 324 341 359 361 369 394 399 403 412 421 443 449 465 466 471 472 478 488 491 497 499
143 58 155 181 188 195 205 215 243 251 255 261 266 276 279 280 286 289 290 291 330 331 337 342 344 348 349 352 374 389 407 411 416 428 450 454 470 473 474 477 478 488 490
144 33 146 150 154 159 164 203 226 234 238 244 246 257 260 303 321 323 345 352 361 372 399 406 418 420 465 475 484 491 499
145 48 151 155 159 164 194 204 205 211 231 248 255 267 294 297 303 311 317 340 341 359 370 379 383 394 396 399 402 405 417 427 443 452 457 458 474 476 487
146 66 149 159 160 168 173 175 187 216 232 247 256 281 292 318 329 333 341 351 357 367 369 371 381 389 392 409 418 419 424 430 446 451 463 464 465 469 478 484 486
147 37 148 173 177 180 182 190 194 207 219 230 248 257 265 266 283 293 302 311 327 344 347 350 359 368 373 385 388 395 412 418 420 432 442 443 445 446 455 458 459 473
148 49 150 156 169 200 204 218 222 225 228 268 277 279 293 304 308 322 334 348 353 390 419 425 439 448 468 472 483
149 84 157 160 167 168 169 191 200 209 213 231 248 255 257 260 277 288 295 306 317 329 335 338 354 356 401 421 429 431 463 499
150 92 162 173 181 182 183 185 202 205 241 263 275 297 323 324 332 342 357 411 418 429 434 466 470 483
151 8 164 171 172 173 177 189 190 197 200 210 212 218 244 264 281 286 293 294 297 298 299 305 310 314 317 325 335 342 356 363 365 376 384 400 416 417 425 441 455 459 463 465 466 472 474 480 483 490 494 496
152 57 156 167 168 175 187 193 199 200 206 246 247 256 268 285 289 293 300 302 304 318 319 326 329 334 355 359 380 402 415 425 432 439 442 444 447 461 462 465 472 473 483 490
153 16 154 164 166 170 188 205 220 262 266 277 284 290 294 295 303 318 321 322 332 341 346 377 378 399 403 406 413 417 420 426 428 445 467 472 496 499
154 75 167 169 177 180 182 185 186 191 194 219 226 246 248 255 256 270 272 285 288 300 307 317 320 328 343 350 368 374 380 389 393 400 406 410 411 414 431 433 438 467 478 479 486
155 68 159 163 167 196 197 199 201 217 223 224 243 249 256 268 273 284 292 303 304 314 322 323 325 327 337 342 349 363 379 406 425 452 486 494
156 98 157 159 162 165 183 184 201 222 229 250 259 272 280 285 290 321 325 326 350 353 366 390 391 404 406 410 423 424 425 445 448 461 462 464 475 495
157 74 159 175 192 206 219 236 265 268 270 277 283 303 316 317 337 347 353 355 357 362 366 387 405 406 415 436 445 457 462 476 498 500
158 29 159 173 187 189 196 216 217 222 223 235 257 267 270 271 275 293 302 312 342 356 361 375 378 388 390 391 399 418 445 448 459 461 466
159 27 161 162 171 198 201 203 217 226 241 247 248 263 292 293 304 309 315 316 323 332 346 352 375 390 404 412 413 423 428 442 470 481 489 497
160 53 165 174 177 179 181 184 189 190 199 205 212 227 230 233 243 265 272 297 299 308 315 325 327 328 344 348 349 352 354 365 367 369 378 379 383 392 396 402 403 404 407 418 425 429 451 464 472
161 32 166 184 186 189 190 200 208 217 231 242 263 272 284 309 332 344 355 357 375 384 412 415 430 434 443 446 447 456 462 475 480 486 492 494
162 13 164 165 170 187 207 208 216 229 237 253 269 273 281 282 288 309 317 338 349 352 375 387 407 411 414 417 432 437 446 451 455 474 479 490
163 4 177 179 191 195 198 211 226 235 242 252 271 279 283 290 293 305 319 320 340 349 354 369 392 395 397 422 423 424 446 451 462 482 487 492
164 13 169 170 176 188 192 196 199 205 220 226 256 270 272 289 290 335 352 382 385 389 395 408 411 412 433 452 454 465 487 493
165 29 177 183 192 194 197 204 211 216 234 238 245 252 257 275 285 325 326 330 332 374 387 390 391 412 426 427 430 432 434 443 463 466 485 490
166 38 167 194 196 198 239 244 260 263 270 282 286 288 300 309 328 356 391 408 425 458 459 468 471 474 479 487 498 500
167 37 171 177 192 193 202 211 219 231 252 253 256 262 273 280 283 305 310 317 327 328 344 351 362 364 376 381 393 404 412 441 442 451 493 497 498
168 13 191 215 216 217 223 240 244 246 247 249 253 261 269 272 275 278 279 295 298 314 352 355 377 392 394 399 400 407 452 459 460 468 476 484 496
169 62 171 176 177 180 181 186 199 206 218 235 237 284 298 299 301 314 326 342 347 363 400 401 411 413 417 418 421 432 438 447 484
170 49 192 199 207 208 216 220 236 240 244 246 253 254 267 297 301 316 323 327 336 351 361 366 387 397 421 454 475 481 483
171 36 178 188 193 231 237 251 252 254 256 270 308 331 332 333 340 366 391 392 405 409 412 413 453 455 462 479 484 486 491
172 31 189 190 199 202 212 215 216 235 236 245 256 265 268 269 276 286 291 296 302 312 318 323 330 333 339 340 341 353 358 359 365 367 398 410 417 420 422 438 449 451 453 466 467 484
173 15 175 189 196 198 212 214 228 230 241 245 259 266 284 285 291 301 303 311 315 317 318 322 330 332 342 348 355 382 388 392 398 402 410 429 449 459 462
174 98 185 186 187 200 222 226 239 242 283 292 320 335 342 387 401 414 427 434 435 439 453 457 475 484 492
175 84 204 215 225 232 261 267 284 287 288 301 304 319 342 350 371 394 399 417 418 449 455 463 465 470 474 480 483
176 62 181 182 184 185 193 197 217 220 226 233 235 240 273 280 319 333 339 340 341 362 364 379 391 398 407 408 416 454 455 462 468 476 496 498
177 42 181 183 217 221 227 228 233 237 246 254 255 299 303 323 333 342 375 382 392 405 422 429 434 435 446 454 463 470 493
178 57 183 187 197 201 204 205 209 219 241 243 248 249 257 259 267 274 303 315 319 326 330 341 350 354 367 368 373 374 375 377 395 397 431 445 448 451 452 463 467 470 477 495 498
179 5 185 207 209 216 223 233 237 251 255 284 288 300 312 343 367 369 395 409 414 415 419 427 430 445 449 455 458 459 469 471 472 489 495 499
180 52 186 200 207 220 227 234 242 243 258 261 294 326 327 329 331 332 336 341 347 351 364 367 386 408 414 429 448 465 473 485 490 491
181 71 186 196 197 202 207 210 212 235 237 242 249 251 252 257 260 261 266 285 288 300 302 313 314 323 341 354 364 367 388 397 400 430 461 495
182 73 190 198 200 211 213 223 224 225 236 238 270 273 274 289 317 345 346 347 358 359 365 376 377 385 387 396 405 433 438 459 486
183 16 186 194 195 196 207 212 216 230 240 248 259 263 264 288 305 310 319 332 333 335 358 361 367 376 380 389 391 394 397 404 409 430 433 438 440 443 461 462 464 473 475 486 492
184 31 194 201 211 217 226 238 240 259 260 265 267 268 270 277 312 313 315 318 319 328 332 335 356 359 360 365 376 377 379 385 393 396 405 410 446 447 478 496
185 41 189 198 207 212 217 219 220 221 222 255 261 267 276 290 304 319 342 355 364 372 383 397 399 406 427 436 441 449 468 482 484 485 499
186 20 189 197 202 217 222 229 259 260 272 273 281 286 289 312 319 327 329 375 380 382 389 395 400 401 402 406 409 448 470 472 476 485 493
187 80 208 210 220 222 227 231 271 299 309 325 326 358 371 389 393 397 408 424 434 442 469 470 479 482 486
188 97 193 196 199 201 205 210 215 223 225 228 239 279 286 294 304 313 330 337 338 340 365 368 369 392 412 434 440 443 447 453 469 478 480 481 487 488 491 493
189 36 198 208 222 224 229 231 244 246 257 259 285 293 297 305 340 348 349 392 397 406 408 409 417 425 427 430 455 487
190 51 201 220 225 228 230 240 246 257 258 260 264 267 270 280 282 300 323 354 355 365 383 404 412 417 425 436 448 451 466 479 485 498 500
191 68 195 204 206 243 281 288 289 310 313 317 330 338 340 350 358 365 383 385 394 398 413 421 428 432 433 434 450 467 499
192 6 196 208 214 256 265 291 301 316 323 325 327 352 380 381 382 388 389 395 414 415 417 423 425 428 437 454 460 464 477 483 492
193 40 205 239 260 272 298 309 323 324 325 326 327 334 347 367 374 380 381 392 405 407 432 435 440 453 455 459 480 481 496
194 2 196 199 208 213 221 232 247 256 262 272 275 286 291 296 299 322 323 329 336 345 356 410 413 425 434 457 459 485 493 497
195 56 196 198 217 224 232 237 243 257 267 273 288 289 304 314 320 336 340 341 365 367 368 376 380 385 398 400 407 409 426 429 436 445 453 479 488 491 494 496 500
196 31 197 201 212 223 231 253 267 272 276 287 300 314 316 317 329 332 335 360 377 378 381 390 394 401 406 441 448 457 478 479 480
197 73 202 205 206 207 212 231 250 277 281 284 299 306 313 317 320 329 354 358 362 365 370 372 380 389 392 397 405 418 419 477 483 489
198 48 204 208 209 212 218 226 248 274 283 284 292 294 295 302 311 319 331 335 345 380 396 404 445 458 461 478 491 494
199 62 207 219 221 227 232 254 264 273 280 297 298 303 306 311 315 326 340 342 345 349 365 368 375 385 411 414 425 426 434 436 444 451 454 483 486 490
200 23 207 213 241 254 259 263 270 272 273 275 279 280 287 288 291 296 302 329 345 378 379 381 385 386 388 397 403 406 407 409 426 428 431 438 447 450 473 481 485 499
201 20 210 211 212 215 238 248 259 274 290 294 299 311 314 319 329 331 347 355 366 375 378 395 443 445 450 455 456 467 469 473 474
202 78 253 254 260 272 277 288 299 309 310 318 320 331 334 342 345 363 368 373 397 399 405 408 414 418 427 451 458 462 474 475 488 492 498
203 53 204 205 206 215 239 240 243 246 250 251 274 277 280 297 303 315 322 331 332 338 345 346 350 377 394 396 406 414 436 438 451 455 458 459 475 477 483 486 492
204 50 208 218 221 245 246 254 274 294 299 301 306 307 314 318 325 346 355 357 360 370 396 400 402 403 411 432 465 467 480 486 488 491
205 24 207 225 234 246 253 254 260 262 270 282 286 296 298 306 313 316 323 336 340 352 361 374 385 390 401 421 425 439 477 479 486 493 500
206 68 233 235 236 239 240 258 265 283 312 320 326 335 345 356 360 366 369 375 403 438 449 464 478 487 493
207 17 208 217 222 234 239 246 248 263 266 282 286 292 311 324 351 365 377 411 417 434 439 469 474 477 484 500
208 41 228 235 239 244 245 276 281 282 288 311 331 340 355 357 375 377 423 431 437 440 443 449 452 456 468 474 479 491 494 498
209 63 216 227 231 244 259 272 277 282 285 338 344 345 347 354 355 373 378 393 399 449 458 462 473 474 488 498
210 30 232 247 267 268 274 283 289 300 303 305 314 323 326 330 331 342 348 349 352 353 371 372 374 383 396 401 402 403 416 419 427 439 441 474 479 490
211 38 229 257 282 293 294 299 306 347 355 367 385 398 399 446 449 466 472 485 489 493
212 24 217 221 222 232 253 255 256 258 264 280 342 352 354 361 363 395 401 411 436 442 452 474 482 490
213 61 215 242 247 269 270 274 277 284 285 302 329 331 333 341 385 388 389 398 403 411 415 446 452 456 469 478 488 493
214 26 247 251 253 276 299 312 319 324 329 344 349 366 393 402 405 409 420 439 448 450 456 463 473
215 72 217 218 235 246 249 260 262 275 294 309 321 336 363 395 413 429 431 433 435 436 440 486 491
216 66 229 233 243 244 259 280 283 304 305 314 322 329 358 361 376 408 439 469 481
217 69 220 240 250 257 266 269 271 286 305 309 316 320 322 360 362 390 392 393 410 411 412 415 437 449 457 460 468 486 489
218 1 241 254 264 276 281 283 292 299 302 351 354 360 363 383 385 406 413 420 422 425 427 428 432 438 446 492 495
219 52 225 241 243 254 264 268 273 275 292 294 297 326 362 374 383 401 408 410 413 414 425 442 445 448 454 461 464 477 486 491
220 13 229 230 233 242 250 252 253 261 264 269 338 339 345 346 358 362 379 383 392 399 403 440 458
221 61 250 266 272 285 292 313 315 319 320 335 364 367 371 376 386 388 389 395 403 422 428 453 454 459 467 474 490
222 42 242 314 329 337 343 351 359 377 385 406 414 422 477 479 480 482
223 26 228 235 252 266 276 279 310 318 323 326 327 348 354 357 358 369 371 377 382 386 413 436 458 473 482
224 45 225 227 233 239 254 273 275 280 283 301 310 317 321 333 346 358 365 379 387 402 403 415 417 421 432 447 450 464 472 496
225 82 232 235 251 256 272 289 290 297 301 305 307 319 342 355 368 376 390 420 422 423 433 435 444 449 463
226 16 238 249 253 263 282 291 305 309 329 346 363 377 420 444 445 449 451 461 479 481 493
227 56 249 282 286 288 297 309 311 338 348 351 357 359 367 376 380 392 398 411 426 433 448 454 483 491
228 32 236 251 258 286 288 290 295 305 306 307 315 324 330 341 344 349 366 374 379 395 400 403 411 430 455 459 478 479 496 499 500
229 88 245 263 278 282 283 310 311 316 321 322 332 340 343 351 380 384 392 395 405 406 417 427 430 431 440 455 457 466 469 489
230 86 247 253 261 266 288 300 311 316 322 340 341 342 361 364 380 383 384 390 394 400 429 431 458 469 471 472 481
231 82 239 242 245 259 265 278 280 288 310 311 320 323 353 354 358 364 383 397 411 424 442 444 455 456 483 489
232 16 235 237 238 291 312 313 324 325 332 353 382 405 425 441 485 499
233 27 236 237 241 242 271 272 273 288 291 300 342 360 379 394 395 399 412 417 421 422 427 429 434 439 451 466 488 492 493
234 63 241 262 270 287 298 337 380 381 386 409 412 421 446 462 470 471 477 479
235 82 237 239 253 264 270 275 278 279 292 294 301 302 303 308 315 318 320 324 328 360 371 379 383 389 394 403 405 422 424 426 433 447 454 465 471 499
236 92 265 270 286 302 317 321 323 325 330 331 333 355 360 379 402 417 436 441 458 463 484 493 500
237 88 256 274 297 298 325 354 374 377 380 388 394 407 431 434 449 452 456 458 468 476 483
238 93 246 247 261 265 274 281 284 294 305 307 316 317 323 328 334 337 346 357 383 397 401 402 403 404 405 422 427 432 436 440 454 459 461 475 482 488
239 14 245 247 255 258 266 269 275 277 291 292 304 306 307 319 330 332 344 347 348 351 366 381 383 391 404 406 413 417 423 429 432 443 463 492
240 27 243 262 263 269 272 287 290 301 325 326 328 337 338 340 344 346 347 348 393 395 399 409 429 430 432 433 457 463 479 480 482
241 68 242 245 289 294 295 305 310 320 344 355 357 371 375 376 386 397 398 399 412 429 431 435 449 451 459 463 474
242 38 250 260 271 272 278 279 283 286 316 340 363 364 409 410 414 417 418 422 428 433 448 461 479 482 488 496 499
243 3 249 267 272 277 279 294 350 361 365 366 374 375 376 380 383 408 414 426 436 438 443 449 455 469 471 487 500
244 91 252 253 254 260 299 300 308 309 310 324 329 333 336 344 356 362 368 392 393 409 419 462 465 473 478 487 490
245 98 247 250 253 257 272 277 278 286 287 289 295 321 333 335 340 352 372 375 383 390 400 404 413 428 435 437 452 469 482 486 497
246 41 267 268 274 290 298 302 312 336 375 377 383 384 387 397 398 401 417 420 442 460 475 485
247 34 286 291 303 315 321 328 332 339 343 358 362 373 378 415 421 458 466 467
248 16 271 277 278 280 281 292 293 294 314 329 330 336 353 365 376 386 389 408 417 419 425 428 430 436 455 491
249 64 262 276 299 301 326 328 333 363 371 376 380 383 389 411 419 431 437 440 476
250 50 252 307 311 328 330 338 340 375 376 400 411 413 414 428 430 437 438 459 467 474 491
251 14 256 267 275 279 280 297 304 349 352 372 378 410 412 424 425 430 460 470 474 475 477 487 491 494
252 82 255 289 300 314 337 360 366 369 387 415 423 431 435 451 486 498
253 66 264 284 288 306 331 339 343 346 350 363 369 377 382 434 455 466 467 468 485 498
254 81 267 281 285 303 305 313 323 332 348 381 391 413 418 422 433 441 451 453 467 472 474 476 491 498
255 83 260 266 295 334 338 340 354 359 360 370 371 373 374 377 379 385 395 406 415 418 423 430 435 437 469 473 475 486 498
256 46 277 279 289 293 307 309 321 328 335 345 363 395 405 406 409 415 416 420 463 464 470
257 53 268 277 282 306 311 332 340 345 353 362 375 377 405 411 456 464 466 470 478 488 495
258 91 261 288 302 308 319 320 357 358 393 397 412 419 423 430 435 453 479 482 486
259 21 281 303 312 313 333 353 359 363 387 398 414 437 461 467 474 485 496
260 88 268 306 307 317 320 331 337 342 344 362 383 399 400 409 444 445 449 452 454 458 468 473 475
261 84 273 316 336 358 372 379 409 410 411 415 418 423 426 445 457 472 479 485
262 48 267 277 282 290 293 333 339 364 374 375 379 394 404 414 415 418 426 443 453 459 466 486
263 31 277 287 298 313 318 338 371 377 397 399 426 435 442 465 480 486 491 494 495
264 15 279 284 293 297 298 305 307 312 315 317 320 339 391 392 399 403 405 410 411 421 433 437 441 464 469 472 482 490 495 500
265 39 275 281 295 297 301 303 311 319 331 339 347 350 362 367 377 395 400 436 438 461 473 488 498 500
266 69 276 280 282 287 294 307 313 319 328 340 341 344 345 390 394 416 435 449 451 457 475 491
267 52 278 287 288 295 304 333 334 339 366 377 394 404 424 426 436 438 462 467 468 470 473 484 491
268 89 277 291 311 312 316 337 340 342 349 366 377 385 389 395 403 404 428 452 473 478 483 492 500
269 37 272 277 279 281 292 294 306 309 311 320 321 333 354 363 389 421 431 455 459 464 472 481 490 500
270 15 272 279 291 308 318 333 335 345 347 351 404 408 417 421 444 445 450 451 458 460 472 487
271 84 286 289 294 307 318 330 337 339 344 345 346 349 353 363 388 396 399 401 408 424 440 456 475 483 488 492
272 17 274 288 290 291 292 306 321 343 380 400 401 407 414 422 440 452 463 465 471 484 498 500
273 92 275 282 295 311 318 333 338 359 377 379 400 403 419 436 440 446 447 466 467 468 471 480 488 495
274 99 291 296 309 310 356 362 366 392 395 399 404 411 415 419 423 434 438 442 446 454 488 494 499
275 68 282 293 300 305 314 316 327 335 336 341 350 356 358 385 394 400 404 406 407 408 411 412 422 425 446 450 454 483 489
276 71 286 305 320 336 340 348 352 353 355 370 371 382 395 399 411 413 416 417 426 432 442 445 450 473 484 486 489 494 500
277 56 279 286 299 306 326 327 328 332 336 347 357 394 399 402 404 408 409 415 420 472 479 499
278 22 283 290 304 314 319 320 326 362 368 381 414 433 434 442 449 455 459 465 481 494
279 10 289 304 308 333 347 351 368 376 381 383 389 416 419 437 438 448 451 452 460 462 468 469 470 485 489 491 492
280 74 291 297 300 318 319 323 329 334 344 359 364 367 380 396 397 401 407 414 441 454 482 490 491 495
281 68 311 314 333 339 361 367 383 384 399 418 419 421 453 464 475 481
282 64 285 288 299 308 319 325 341 347 383 401 402 408 429 431 438 442 459 461 468 472 476 479 496 499 500
283 96 285 297 302 303 310 313 328 329 353 370 393 399 456 469 486 488
284 32 287 294 297 304 324 334 364 393 406 413 418 421 440 463 472 473 476 482 487
285 91 333 337 357 361 367 373 395 397 402 411 415 422 428 451 456 467
286 66 319 325 342 344 351 354 358 365 371 397 434 454 455 468 470 477 478 483 486 497
287 76 289 300 308 346 362 366 370 375 376 379 380 398 430 451 460 477 480 482 487 489 490 491 492
288 27 304 309 314 319 322 324 334 335 341 344 348 363 367 381 384 385 406 408 421 432 441 456 462 463 473 490 494 495
289 28 291 293 317 346 349 365 369 370 384 391 424 429 437 451 460 463 467 469 494
290 29 297 306 308 322 340 342 343 351 353 363 366 387 390 396 401 409 415 418 433 442 447 467 468 488 499
291 73 293 304 310 316 317 322 323 334 354 369 379 401 426 431 450 468 469 471 490 491
292 61 301 304 309 310 313 320 334 349 350 367 384 407 436 456 463 465 469 470 487
293 98 303 304 313 314 319 322 341 342 346 360 387 391 392 395 420 427 428 433 441 445 466 482 491
294 47 305 310 320 339 347 352 369 372 379 385 388 398 399 419 426 446 447 463 471 495
295 96 297 304 306 352 354 382 391 394 397 398 399 404 411 422 454 462 465 466 475 487 489 493
296 85 319 320 328 332 346 351 364 383 387 425 437 440 454 467 480 495
297 85 310 312 314 360 371 378 397 419 421 427 430 434 463 467 483 497
298 26 299 307 311 316 332 356 357 360 361 382 383 386 399 401 403 409 416 436 448 454 490
299 100 310 312 314 342 344 349 370 373 376 382 387 428 442 444 450 455 468 477
300 65 306 325 329 339 361 370 374 390 392 410 418 426 434 446 447 449 451 454 482 497
301 26 307 312 324 346 362 374 380 384 401 403 407 443 457 460 468 469
302 85 334 336 339 344 351 393 402 406 407 409 431 434 435 442 448 465 467 475 477 499
303 91 326 330 336 343 353 369 371 396 404 405 406 411 414 419 420 438 443 459 460 464 478 481
304 46 328 335 356 358 370 375 377 379 392 395 422 434 441 445 454 457 486
305 50 306 336 337 355 358 366 375 386 390 391 409 436 438 444 457 489 496
306 99 314 315 321 353 377 380 389 395 399 405 412 415 419 432 437 443 454 472 478 481 500
307 6 323 327 334 339 345 347 351 363 366 377 383 397 399 425 429 436 447 469 470 474 484
308 70 333 336 362 366 383 384 387 388 390 393 396 397 405 421 426 431 433 435 453 458 463 473 474 478
309 35 313 331 332 344 364 375 381 383 385 386 399 402 408 421 423 424 433 441 442 447 451 496
310 90 340 342 343 351 355 366 370 376 385 394 403 418 420 421 431 434 438
311 66 319 320 333 354 355 361 367 371 398 403 404 428 439 468 477 494 499 500
312 76 314 322 324 332 350 373 379 386 394 397 400 408 439 441 444 456 463 473 489 491 492 495
313 2 320 355 370 378 395 432 442 470 474 479 488 494
314 7 319 323 330 334 338 379 383 386 434 442 451 455 471 474 487 490 494 495 496
315 36 318 320 321 330 346 364 375 381 388 390 413 427 435 436 442 448 449 481 489 496
316 81 325 335 355 367 368 369 373 378 382 410 415 417 451 466 486
317 9 318 325 327 336 350 356 364 369 383 389 396 414 421 446 454 460 477 483
318 8 339 346 377 392 395 419 420 428 429 444 455 456 473 475 484 486
319 94 331 352 353 355 363 406 409 410 411 423 425 451 455 480 496 500
320 44 340 342 389 394 396 401 411 419 422 424 427 442 451 458 462 473
321 60 334 345 364 376 383 406 413 435 437 443 485 486
322 97 330 358 381 396 402 457 478 486 496 499
323 36 338 349 389 399 400 412 423 425 428 430 450 463 464 468 493 494
324 5 336 378 380 389 410 417 427 436 437 441 459 467 471 474 479 491 492
325 95 339 347 352 360 362 366 376 379 384 387 424 431 440 452 456 459 471 477 481 484 489 493
326 13 328 337 339 341 348 367 386 392 414 429 434 442 449 455 487
327 16 330 331 333 339 382 394 401 408 418 442 448 463 470
328 31 329 334 347 349 358 364 367 380 388 402 419 429 433 437 447 459 464 481 488 498
329 76 333 357 365 382 394 405 412 414 415 426 436 440 449 458 465
330 31 331 338 351 356 358 372 381 389 405 430 456 464 480 484
331 61 336 355 360 363 365 372 373 375 376 381 382 394 403 424 430 440 445 447 484 490
332 32 334 335 337 342 344 357 363 398 400 405 406 409 410 413 439 460 470 478 484 486 489
333 42 350 351 355 362 363 367 368 376 398 401 424 428 437 460 463 467 477 478 486 493
334 74 342 346 370 375 382 385 398 400 402 443 449 453 460 491 498 499
335 49 347 372 382 388 400 409 411 431 433 455 483 487 495
336 94 341 353 363 365 383 396 408 418 428 451 474 496
337 33 359 388 405 407 418 423 450 464 468 471 480 485
338 87 340 341 346 354 361 373 392 398 412 417 419 426 430 446 449 451 461 465 471 486
339 93 343 348 363 368 370 371 381 387 399 401 408 447 450 452 466 475 476 478 488
340 87 342 345 366 380 382 388 395 411 423 430 432 445 455 456 464 482 499 500
341 66 343 355 368 378 387 396 402 406 417 427 436 443 449 472 486
342 82 344 345 364 366 374 388 395 396 405 412 427 431 445 455 467 469 470 472 473 476
343 17 359 366 367 368 399 405 437 439 445 469 477 490
344 96 358 367 371 384 392 411 412 422 429 440 457 462 473 483
345 65 383 393 404 405 421 450 452 463 472 475 489 490 494
346 8 348 367 379 384 386 388 389 405 408 434 449 462 466 470 479 491 498 499
347 72 384 389 400 404 406 440 448 457 461 468 484 489
348 37 371 373 380 407 408 414 425 428 432 447 459 460 466 470 479 480 489 491 493 494
349 19 360 363 376 385 390 393 409 414 425 444 447 455 499
350 35 409 420 425 427 429 434 454 460 484
351 79 358 362 363 390 408 421 451 467 475 477 480
352 95 354 356 358 372 373 382 393 400 408 436 461 473 479 490 499
353 80 362 370 374 391 402 407 410 425 428 434 436 441 442 446 455 462 463 469 478 488 495 497 499
354 26 362 380 383 391 400 447 456 463 468 477 486 490 496
355 36 369 372 378 381 399 406 407 410 412 421 425 426 430 431 451 455 468 471 474 480 485 491 492 495
356 63 370 377 378 398 403 429 438 439 446 449 452 460 470 488 491 499
357 68 359 369 384 391 395 402 408 411 412 417 425 433 472 483 495
358 87 366 374 382 388 392 395 400 403 415 417 433 438 441 448 452 455 457 466 470 475 483 487 488 490 496 499
359 84 367 381 400 435 446 451 471 481 482 491 493
360 98 366 383 420 438 450 457 473
361 99 364 368 375 394 400 404 414 417 420 443 452 453 459 469 484 496
362 45 383 393 395 401 402 413 456
363 76 375 393 405 410 419 446 461 472 473 477 488 489 495 500
364 95 383 384 385 400 401 406 429 444 446 464 472 474 478
365 96 376 387 394 407 413 426 437 459 463 482 489 491 495
366 68 372 375 392 396 397 411 416 422 432 437 473 474 479 493 497
367 29 374 380 385 389 412 413 422 432 437 447 462 465 466 481 488
368 78 402 425 437 442 445 466 474 476 478 485 486
369 11 370 401 408 415 421 443 453 457 469 473 479 482 483 485 488 494
370 77 374 396 399 408 422 423 425 426 431 432 439 483 494
371 8 372 375 379 381 410 417 453 457 468 469 483 495
372 13 382 389 407 411 412 448 468 479
373 7 379 384 387 396 403 414 421 424 425 432 435 436 440 445 475 483 484 486 489 500
374 49 377 388 390 401 428 429 432 455 475 479 496
375 33 384 386 394 413 421 427 442 443 452 475 479
376 52 384 385 394 407 416 419 427 446 461 463 464 499
377 34 379 381 382 390 394 417 422 424 429 433 437 450 491 492 498
378 60 386 396 407 416 430 432 433 434 439 450 459 465 468 480 499
379 46 384 396 405 408 438 465 466 475 477 488
380 100 404 407 409 437 446 450 460 467 469 471 472 477 478 486 490
381 48 385 390 406 407 414 420 421 447 465 473 478 484
382 89 385 407 424 433 436 447 451 455 456 469 475 476 478 490
383 27 393 410 418 422 426 437 439 448 458 473 484 492
384 20 385 388 394 403 409 417 422 436 440 476 477 478 480 482 486 494 497
385 97 398 412 422 441 443 447 451 452 456 474
386 17 394 410 418 440 452 457 472 473 489 490 496
387 3 399 400 407 412 418 424 456 477 479 481 496 499
388 69 395 419 422 427 474 479
389 41 393 397 409 440 451 453 457 458 459 468 469
390 31 416 455 456 465 467 479 481 487
391 47 420 441 447 464 468 473 476 487
392 74 394 408 428 435 438 439 467 479 493
393 21 398 405 422 426 432 458 460 461 467 471 489
394 94 399 417 420 446 449 455 460 463 471 472 492
395 89 399 405 412 424 436 444
396 48 401 433 455 457 476 480 496 497
397 32 399 410 414 430 440 441 449 455 459 468 474 481 485 492
398 66 399 404 421 423 439 442 469 473 474
399 51 416 419 420 457 466 473 475 484 491
400 58 404 406 412 426 441 443 444 445 464 473 481 483 491 499
401 31 403 424 431 433 449 450 464 475 476 478 489
402 52 403 406 430 437 464 479
403 31 414 415 422 433 442 443 446 449 453 460 472 474 494 495
404 25 414 417 419 424 427 428 433 434 457 461 472 477 486 494 498 500
405 43 427 473 480 487 489 499
406 58 411 425 433 434 441 446 455 469 473 476
407 37 438 441 446 456 485
408 99 413 430 450 470 474 475 477 480 492 494 499
409 64 439 443 448 449 456 474 475 482 492 500
410 24 422 423 427 432 460 468 484 490 493 500
411 3 431 434 438 497
412 59 416 417 419 423 432 437 478 483 492
413 51 415 422 431 435 441 449 453 466 472 479 482 493
414 30 431 439 442 464 476
415 86 418 443 444 452 469 485
416 98 420 421 422 440 443 447 450 451 461 479 481 483 490 494 498
417 96 430 442 445 447 490 493 499
418 32 428 439 442 461 476 480 497 498
419 72 423 436 446 454 460 490 494 495
420 49 422 424 440 442 446 454 458 472 476 480
421 63 427 431 439 444 451 464 471 472 481 486 500
422 20 430 435 447 478 482 496
423 4 427 440 441 443 462 463 467 468 491
424 85 437 452 458 466 467 470 474 478 486 490
425 86 428 429 437 442 448 479 487 500
426 73 451 452 484 490
427 46 431 441 471 489 491 497 499
428 77 438 441 460 471 474 478
429 17 446 452 455 469 475 482 486
430 87 433 442 493 499
431 90 432 446 454 456 462 465 476 482
432 32 473 482 490 492
433 21 442 447 450 486 494
434 58 458 463 488
435 48 436 455 456 473 486 494
436 96 456 466 468 491 493 497
437 89 439 443 448 472 476 487 489 491 492
438 92 449 450 451 452 457 460 490 496
439 4 469 470 487 493
440 34 455 458 461 472 483 498 499
441 88 453 465 470 480
442 25 450 453 455 474 477 488
443 92 454 475 484 499
444 94 447 459 464
445 12 449 455 479 484 496
446 33 454 472 473 485 493 496
447 57 449 453 457 462 470 472 492
448 48 469 475
449 45 451 472 478 488
450 1 472 473 477 484 492
451 78 478 481 488 493
452 19 464 471 473 492
453 11 465 468 488
454 44 456 471 484
455 8 460 467 471 472 482 487 492 500
456 99 458 486
457 15 479 480 481 489 490 491 493 497 500
458 38 467
459 97
460 57 464 465 472 491 499
461 50 480
462 63 465 474 479 488 494
463 76 480 486 487 493 494
464 42 483 484 493
465 83 479 494
466 8 469 471 488 498
467 47 490 493
468 85 469 470 475 484 497
469 85 480 483
470 51 475 476 481
471 65 475 493
472 97 474 485 491 496
473 16 475
474 55 489 494 495
475 63 498
476 78 481 485
477 42 496 498
478 86 489
479 97 493 497 499
480 32 482 488
481 86 488
482 19 490
483 61 497
484 84 489 493 497
485 93 492
486 10
487 64
488 24 496
489 9 492
490 15 498
491 95 495 497
492 54 499
493 56 500
494 40 500
495 90
496 69 498
497 1
498 78 500
499 19 500
500 44
