500
1 68 19 23 39 43 45 55 60 78 90 97 99 103 112 121 131 137 161 165 166 174 181 208 210 217 229 241 247 259 260 269 274 278 282 294 303 333 370 393 394 402 409 445 456 458 482
2 1 4 11 24 34 39 42 45 46 52 67 81 84 88 91 111 112 126 135 143 160 163 187 188 206 211 214 215 217 229 232 242 274 281 292 297 305 309 327 333 356 382 441 459 472 492
3 31 12 44 45 54 55 75 91 94 99 100 101 103 107 111 112 117 120 133 158 177 183 193 211 219 221 226 245 258 271 279 282 296 297 302 321 329 336 337 348 358 365 366 372 413 416 418 459 472 486 488 490 491 493 495 496
4 3 5 23 27 37 42 47 54 60 61 75 86 92 98 112 128 142 155 168 171 204 258 259 262 268 270 277 278 301 307 321 339 358 359 365 376 393 399 419 454 462 490 498
5 20 15 23 34 41 52 64 71 73 74 99 109 114 135 151 159 162 170 172 174 187 188 194 195 221 229 236 247 249 262 267 275 281 282 286 290 295 314 317 320 331 345 349 352 360 376 380 420 428 429 443 451 475 485
6 79 9 17 20 26 35 54 56 72 77 78 108 113 118 124 133 145 152 158 182 195 216 221 222 234 244 252 271 281 292 316 329 338 342 349 359 360 363 366 373 383 387 392 393 410 413 415 445 454 460 464 467 491
7 85 16 17 25 44 62 84 86 106 107 121 125 128 129 132 145 166 169 170 174 185 192 198 201 203 212 221 244 251 271 278 283 289 301 312 356 357 360 371 372 381 383 386 390 417 454 460 461 468 469 471 484 486
8 18 14 21 23 28 35 36 60 71 72 75 80 114 127 143 161 163 187 205 213 219 228 234 237 255 261 266 274 278 283 292 302 312 327 328 340 348 355 364 372 376 377 385 414 432 436 439 461 468
9 21 15 21 46 64 67 71 74 93 95 98 99 103 111 113 136 143 149 153 164 167 188 201 216 228 229 232 246 262 266 275 292 297 307 308 310 316 320 321 322 337 341 345 349 355 371 382 387 388 396 423 432 437 447 451 473 474 476
10 91 15 18 46 62 74 79 81 107 109 137 142 165 167 176 183 184 188 218 257 270 276 278 286 288 289 299 308 311 356 370 383 398 406 438 459 475 479 484 485 489 499
11 43 25 31 59 76 81 84 93 119 169 186 192 202 219 234 239 276 280 295 302 323 373 376 390 393 401 402 405 407 439 445 450 464 469 481 482 486 499
12 41 19 20 58 66 67 69 71 76 79 93 99 105 120 121 122 123 131 148 152 153 162 171 201 219 247 252 270 272 275 287 290 300 310 317 319 334 341 354 363 368 372 373 374 382 388 394 400 404 424 427 445 491
13 20 15 19 29 35 63 69 85 110 132 134 136 152 154 169 172 173 175 177 178 180 199 205 224 245 280 281 307 309 321 323 335 362 380 381 406 410 417 421 428 438 447 467 476 481 493 494 495
14 11 17 21 30 42 45 52 67 79 80 83 114 135 143 150 163 165 175 183 186 190 199 205 219 237 256 260 268 270 272 273 275 294 295 301 312 315 343 349 373 374 376 381 384 404 416 421 432 437 444 448 478 496 498
15 82 32 47 59 65 71 79 88 94 105 112 115 134 150 168 176 206 210 214 217 220 222 238 244 246 266 268 269 272 288 289 300 307 309 316 324 336 338 351 360 363 364 365 372 373 398 409 411 412 422 426 429 444 457 466 469 475 487 490 492 494
16 97 22 36 56 88 97 102 107 110 128 134 135 139 167 174 180 182 188 194 212 213 215 226 237 245 249 257 270 292 297 303 308 317 319 323 333 346 348 356 369 380 396 398 403 404 412 423 426 427 439 442 444 447 456 458 460 462 496
17 20 75 84 98 127 137 145 149 152 172 173 177 179 181 192 193 200 203 209 214 223 232 238 258 281 288 297 301 302 304 307 315 319 327 335 357 378 382 390 404 416 423 424 434 453 466 474 486 490 497
18 34 23 31 40 53 58 76 88 94 100 127 128 138 151 154 186 188 192 193 205 207 213 224 225 250 257 260 287 288 297 302 334 357 413 422 429 431 432 435 440 445 446 464 481 482 487 500
19 30 27 29 32 46 47 49 58 61 73 80 85 88 94 112 113 114 156 169 178 194 198 203 207 209 218 248 253 264 277 292 305 316 337 360 378 396 403 416 441 459 461 466 473 482 485 489 490 499
20 9 25 27 32 40 41 45 50 69 79 89 92 110 115 122 123 138 140 141 162 167 170 175 230 249 258 259 264 291 296 299 313 322 338 340 350 352 355 374 404 407 411 419 423 428 468 494 500
21 82 34 56 62 91 97 120 123 136 185 189 202 221 265 266 268 284 317 322 336 345 356 363 385 392 397 406 424 425 441 451 458 472 473 482
22 57 27 35 42 43 47 53 60 68 73 74 80 87 102 109 124 154 159 163 174 179 183 193 195 203 222 224 225 235 239 248 258 262 270 286 306 316 317 337 354 376 384 401 407 417 423 438 447 456 463 497
23 44 33 42 45 77 84 115 152 153 155 158 189 194 203 216 226 229 230 231 241 246 250 258 259 272 285 289 300 304 319 324 334 361 370 381 399 404 424 425 458 460 485 496
24 30 30 48 53 56 63 70 84 88 89 90 113 130 131 132 137 145 151 160 171 193 202 207 210 212 225 227 246 251 261 270 274 276 281 283 289 290 302 307 308 353 357 367 375 387 396 403 433 436 441 480 487 492 499
25 33 29 43 55 85 88 108 120 131 156 190 191 204 211 216 225 228 262 263 270 277 287 292 295 302 329 331 343 349 350 363 370 431 432 440 448 450 454 456 465 470 482 496 500
26 77 32 37 47 51 84 91 100 124 138 146 155 167 169 172 175 185 186 203 211 213 228 232 264 278 281 292 301 309 324 327 333 335 340 341 349 356 359 363 374 385 388 398 399 401 403 405 412 419 438 446 453 455 460 461 465 469 472 477
27 10 30 37 45 47 53 54 84 93 129 136 142 157 160 161 164 166 173 184 189 195 198 199 218 238 245 246 248 260 280 284 291 321 342 363 374 380 382 389 413 416 426 435 455 476 488
28 91 44 45 53 54 56 76 79 89 96 106 110 149 150 157 161 180 181 198 206 228 240 241 267 268 274 276 282 300 301 304 310 318 367 375 385 399 415 419 433 439 445 459 469 478 481 482 483 489 494 497 500
29 38 66 86 90 99 114 122 123 133 136 143 157 168 171 180 193 209 220 222 242 245 255 262 264 296 297 300 304 328 347 351 353 354 355 374 384 389 422 426 441 445 446 447 450 482 483 485
30 77 57 58 67 80 100 129 143 144 151 168 172 210 223 224 257 263 274 275 279 289 301 313 324 333 334 354 381 401 404 413 418 420 438 444 451 466 496
31 22 46 51 69 77 79 84 93 102 105 108 117 124 136 144 161 162 172 178 180 184 196 206 212 239 251 255 258 271 273 278 281 297 299 310 338 346 383 391 407 408 409 424 428 430 451 465
32 54 48 56 73 147 153 166 172 175 180 181 183 193 208 230 244 250 300 311 316 319 334 338 347 359 370 377 388 400 412 417 433 442 476 481 491 500
33 59 40 89 92 104 116 123 131 151 174 185 191 223 224 229 247 255 265 283 298 306 309 319 320 334 376 393 404 413 418 437 447 454 460 478 499
34 84 45 62 76 102 105 106 108 128 143 144 151 155 160 163 172 178 188 202 206 220 227 259 260 271 296 297 310 350 366 367 380 417 418 434 444 452 456 469 473 479 487 489 493 499
35 2 36 42 99 101 126 151 160 161 171 176 186 195 197 200 207 209 217 218 227 246 256 260 275 277 285 292 323 327 328 334 356 369 403 410 412 414 416 423 427 435 436 437 440 460 490 497
36 82 37 42 50 51 52 59 61 71 82 105 130 143 147 184 191 194 200 215 224 264 266 285 299 319 331 345 364 373 384 407 426 427 432 445 446 448 449 456 462 475 479 482 487
37 47 48 53 59 67 71 75 82 98 106 111 129 131 147 152 173 183 190 192 201 207 220 235 266 288 289 295 300 304 306 310 319 329 350 360 369 377 381 403 404 433 435 447 453 463 490 493 499
38 64 44 59 61 64 77 93 104 107 122 126 136 138 141 144 151 153 165 167 171 177 180 189 193 199 203 208 212 224 226 239 261 271 276 277 285 289 293 310 311 322 335 338 339 353 354 361 363 369 376 377 391 395 413 431 478 485 486
39 36 41 66 69 76 92 106 108 110 139 159 160 168 174 185 188 192 193 197 213 224 226 228 245 250 253 256 279 280 281 290 291 312 340 344 347 353 372 376 384 390 402 407 415 448 458 461 471 473 475 482 488 494
40 20 42 51 58 67 75 77 78 95 96 107 118 130 151 169 171 179 184 186 193 198 205 206 233 241 242 253 274 278 316 317 319 321 322 327 331 343 349 350 356 362 404 414 442 443 446 447 448 457 466
41 22 46 59 62 65 96 107 118 136 142 170 180 186 199 219 226 242 259 261 268 270 279 286 296 308 310 322 325 333 337 341 350 458 461 467 472 484 485 495
42 55 52 87 90 91 102 121 146 150 155 160 162 173 180 195 200 225 245 271 299 310 320 348 356 357 371 392 402 406 410 413 418 443 467 479 486
43 86 63 66 74 77 80 103 122 130 145 147 148 183 189 190 194 195 199 210 216 225 228 232 235 237 267 272 283 292 300 306 313 315 337 339 344 350 354 361 387 398 399 412 414 418 428 436 441 453 459 488 497
44 5 60 73 83 106 112 122 156 163 181 192 204 211 222 236 243 268 270 288 301 307 308 313 314 315 330 336 351 376 392 402 408 436 448 456 458 460 476 483 497
45 46 51 58 73 86 107 113 114 115 126 143 149 167 183 188 195 207 220 232 257 268 270 273 294 295 306 312 316 326 328 337 343 349 377 379 387 389 404 410 411 414 416 455 474 476 491 493
46 88 64 80 91 93 102 107 125 132 154 169 173 184 204 216 234 236 251 252 262 267 272 286 296 297 304 330 334 335 350 357 360 363 367 381 387 397 407 426 434 457 461 468 473
47 40 48 49 67 68 78 82 96 100 106 118 126 127 137 168 172 180 181 189 193 237 242 252 253 271 291 299 310 312 313 316 336 337 360 366 369 377 382 415 424 456 470 489 490 495 496 497
48 87 65 72 74 78 98 115 119 120 122 133 143 159 173 191 192 198 202 206 209 215 221 223 245 251 255 261 262 269 270 272 280 282 285 292 302 309 310 313 319 351 369 381 389 391 397 403 404 447 450 453 490
49 81 56 70 88 90 96 110 127 130 133 161 178 207 214 234 252 279 282 297 306 318 321 324 339 353 366 381 384 403 437 460
50 99 72 75 80 84 93 126 135 142 147 151 155 160 162 181 183 184 197 203 213 224 229 232 235 249 268 275 317 324 334 353 368 381 401 403 418 423 456 482 484 487
51 78 57 62 100 104 105 136 149 153 181 215 231 237 243 253 262 284 288 303 314 316 322 340 372 376 385 392 424 450 453 456 495
52 89 80 85 90 93 94 104 106 107 112 116 129 131 133 136 145 158 161 168 177 186 188 190 204 205 209 215 220 240 243 249 271 277 304 340 362 369 380 387 402 412 421 445 450 466 476 492
53 15 59 85 93 97 101 170 175 181 185 195 201 213 227 246 248 253 270 283 287 290 314 323 330 336 337 350 354 374 380 395 409 421 422 426 462 474 484 490 492 495
54 98 69 70 75 76 81 83 91 109 111 113 128 140 148 156 161 167 187 188 195 205 214 218 227 239 246 247 249 253 257 278 290 293 301 317 327 339 340 342 344 346 355 357 378 393 399 400 402 408 411 421 426 442 457 458 491 496
55 2 61 64 89 102 110 112 128 144 150 175 213 227 231 239 241 242 244 248 251 257 270 271 275 279 295 296 308 323 326 332 364 376 390 391 396 420 424 429 441 444 446 471 473 488 499
56 84 75 93 100 143 166 180 182 191 218 223 224 226 244 251 258 278 299 300 301 307 308 316 329 333 335 338 369 370 371 372 377 397 402 410 414 416 422 429 445 461 463
57 52 76 92 98 107 119 125 128 131 157 182 200 203 215 220 232 238 260 276 279 302 325 335 370 384 385 389 402 409 419 448 458 459 461 465 471
58 71 65 69 86 89 90 98 104 117 125 128 132 133 136 143 151 155 167 178 183 186 188 195 208 227 231 232 236 242 251 253 269 275 287 325 337 338 347 354 371 375 378 396 406 417 422 428 435 439 440 445 451 455 457 467 470 475 493
59 16 101 102 103 121 132 141 146 151 155 156 180 206 225 235 236 240 249 254 261 263 265 268 286 289 301 316 319 321 330 333 344 346 376 430 475 483 498
60 12 61 91 92 93 99 110 114 117 122 126 150 159 190 192 200 204 213 214 215 218 221 232 239 269 274 291 293 296 297 330 334 342 343 350 359 367 370 388 391 434 445 452 454 457 459 475 488 492 495
61 55 68 71 82 88 94 108 113 131 135 136 153 156 157 173 192 201 213 234 239 245 274 288 303 311 317 329 350 354 358 365 368 370 416 423 436 437 464 470 500
62 99 64 72 123 127 134 137 144 162 165 178 181 188 204 206 227 251 253 264 270 291 296 319 320 321 333 336 344 346 349 353 368 370 382 386 399 404 409 416 418 421 435 439 440 462 471 485 489 490
63 98 83 94 101 108 114 127 132 137 150 170 175 180 186 207 217 241 269 277 288 307 309 316 323 332 336 349 357 361 385 392 402 410 417 420 425 429 431 433 441 442 446 450 465 474 481 484
64 31 75 80 92 94 101 110 117 118 130 144 149 159 171 192 201 211 256 263 284 299 315 320 339 348 360 364 370 372 385 401 412 413 428 433 483 489 494 496 499
65 36 104 120 152 157 179 199 201 204 205 215 242 243 248 261 265 282 285 294 306 310 329 336 340 345 368 373 393 399 403 417 420 433 439 452 457 475 485 491 494 500
66 73 83 87 101 114 141 161 163 183 192 199 200 205 211 227 231 247 258 265 270 286 295 309 310 315 322 325 327 343 349 367 375 380 394 402 427 431 454 475 479 481 491 500
67 57 77 78 83 86 88 94 97 101 113 117 128 140 141 148 168 171 194 200 222 236 237 245 246 253 263 269 284 286 290 295 307 318 321 337 382 389 396 398 417 420 449 458 484 487 489
68 2 75 81 83 86 89 90 94 118 123 129 132 134 141 161 166 186 204 212 216 227 230 247 251 256 288 311 319 325 326 368 382 427 432 447 456 485 494 498
69 76 70 81 95 122 125 140 141 142 149 151 156 165 174 177 179 200 211 212 215 219 262 273 279 291 300 308 317 321 330 333 344 349 350 359 364 372 395 424 430 498
70 76 76 78 85 97 98 106 111 119 121 135 170 196 221 228 253 254 289 300 303 305 367 375 378 401 405 406 417 427 433 434 439 446 447 454 485 494
71 14 73 89 92 117 132 138 151 155 181 197 203 221 235 242 251 268 272 282 289 302 303 323 339 348 355 356 364 371 392 422 469 476 491
72 23 73 119 132 167 181 184 208 217 227 228 241 253 257 261 274 279 286 289 297 299 308 309 328 343 357 379 396 401 412 427 436 440 443 452 460 474 482 487 500
73 71 75 129 140 149 160 168 196 207 216 238 239 242 266 267 268 276 294 327 351 363 367 381 384 388 411 431 438 439 445 452 456 468 475 487 490
74 19 76 87 93 94 105 116 117 122 133 171 173 201 214 218 226 227 233 251 260 272 278 285 286 289 294 296 315 318 330 341 357 365 394 404 410 434 447 451 479 497 500
75 92 80 83 106 107 132 151 161 169 190 201 217 219 240 245 251 256 257 261 266 268 277 278 279 291 298 303 306 307 312 313 314 329 340 343 357 359 373 377 383 391 393 405 406 408 409 421 449 458 469 473 474 475 492
76 3 83 84 125 129 136 151 157 181 183 198 207 215 232 254 262 285 288 290 295 296 298 326 327 341 347 355 362 386 388 408 414 415 421 425 429 430 441 444 446 464 468 469 476 480
77 100 84 98 102 121 122 123 125 161 163 165 166 167 168 182 189 195 209 213 214 217 220 232 240 245 251 257 267 288 289 294 320 333 335 342 347 364 379 394 408 410 413 430 431 438 445 462 465 467 477 481
78 95 84 100 126 149 173 186 202 203 206 226 242 245 249 266 283 299 414 417 430 452 454 458 459 468 489 497 498
79 68 86 94 101 110 123 138 140 141 176 181 188 232 235 245 247 256 280 282 290 319 339 354 355 359 360 368 372 379 392 414 424 425 448 480 481 483 485 489 496
80 81 87 95 98 123 132 133 136 168 189 197 211 275 292 318 331 334 340 354 355 358 369 375 390 395 404 444 471 479 482
81 87 88 104 123 125 153 160 166 169 185 203 206 219 228 235 240 245 252 256 273 275 321 344 366 370 386 392 395 400 404 406 421 429 451 476 484 494
82 56 88 89 106 119 131 143 160 161 163 183 186 192 194 206 213 237 248 249 268 275 282 293 311 331 338 353 363 370 381 385 392 393 403 406 408 423 430 436 448 455 456 461 465 473 475 498
83 66 97 139 144 153 161 166 177 189 192 199 229 236 242 247 250 256 289 294 303 309 323 325 333 337 354 368 389 405 414 420 423 457 469
84 6 92 113 118 122 128 142 166 170 185 187 198 204 213 217 220 224 226 229 232 248 251 262 286 290 291 293 302 307 309 327 341 356 360 375 384 388 412 433 435 441 455 481 484 485 486
85 75 87 94 97 108 117 121 143 145 155 165 173 174 175 178 195 196 209 232 240 254 258 281 282 284 317 330 334 338 345 355 370 373 376 386 405 411 412 418 420 425 428 438 439 445 450 451 473 483 498
86 53 88 99 107 109 115 122 126 132 161 167 190 192 193 198 206 233 242 249 264 269 279 280 285 295 313 320 329 331 359 363 369 385 386 390 393 437 481 491 498 500
87 36 92 94 100 116 120 142 155 166 177 213 228 229 243 256 268 277 280 286 293 301 305 329 341 343 351 353 389 408 409 418 442 444 449 466
88 57 93 99 114 115 127 130 134 136 139 154 182 187 190 192 195 202 218 221 230 235 251 253 257 258 265 275 286 288 295 309 315 319 322 326 327 360 369 371 372 374 379 380 391 399 402 405 425 447 451 475 476 491 498
89 75 91 108 116 123 127 146 153 165 166 172 181 187 203 214 218 251 271 278 299 309 310 312 329 354 358 368 374 403 409 410 428 435 440 443 459 476 482 483 492 493 497
90 57 91 96 104 113 114 139 150 153 184 205 208 209 214 219 220 249 251 256 269 286 295 299 313 316 322 349 352 361 376 377 390 397 422 447 463 471 475 489 491 495 500
91 16 100 130 152 164 170 223 255 264 277 284 296 301 306 328 340 342 343 355 357 359 362 368 374 379 381 390 396 407 445 450 453 455 462 478 485
92 37 112 114 125 143 149 153 154 168 172 203 208 216 226 233 263 277 289 297 305 311 313 334 365 366 368 371 387 396 425 427 438 460
93 3 113 123 125 139 141 153 158 159 162 166 186 191 192 194 195 211 229 240 266 277 280 282 314 335 337 345 350 352 353 368 385 386 397 398 412 420 439 468 469 470 474 487 491
94 3 98 102 108 116 132 137 138 145 146 148 156 158 160 166 171 191 197 209 217 224 225 228 280 301 311 317 365 369 382 386 399 438 459 476
95 99 102 114 123 125 126 140 145 171 178 181 182 196 199 200 203 254 258 261 266 273 274 275 282 283 289 297 300 311 314 325 329 338 348 357 361 365 366 367 382 399 404 406 422 437 443 447 450 453 466 467 475 481 491
96 10 107 113 125 127 129 130 135 141 146 158 164 165 177 181 200 207 214 225 253 264 279 281 284 288 297 315 344 376 380 381 389 420 444 445 456 470 476 483 497
97 75 119 122 130 132 134 137 145 159 160 174 175 178 183 185 203 213 231 251 259 281 285 286 291 292 307 309 323 355 358 382 386 392 398 409 417 426 430 431 433 446 452 456 466 476 479
98 68 109 128 130 141 145 147 212 221 225 243 262 274 278 303 334 337 352 359 363 382 386 430 437 440 444 450 460 465 469 478 480 489 497
99 21 111 119 121 155 158 160 169 175 182 186 188 205 220 224 255 297 298 308 318 347 360 393 403 410 430 445 448 455 464 466 469 474 477 484 488 490 491
100 14 134 148 170 182 187 206 219 245 251 264 265 266 275 295 299 300 308 309 312 314 323 341 342 359 362 364 387 408 416 427 430 441 500
101 76 108 113 125 170 180 183 185 208 212 256 274 281 283 290 293 298 300 310 314 323 330 334 349 351 357 368 393 407 410 413 416 423 442 448 450 457 459 470 478 492 498 499 500
102 32 110 128 130 135 138 143 150 163 178 180 182 189 203 214 218 223 237 249 255 257 263 264 274 278 298 312 315 324 328 331 356 357 360 370 390 398 408 409 414 421 433 440 467 484 487 492
103 91 111 129 131 144 146 147 150 152 158 162 166 167 171 176 177 195 196 197 203 209 215 236 241 245 246 265 271 299 303 309 331 364 388 393 395 396 427 428 467 473 485 498
104 37 107 118 120 122 123 132 134 137 155 168 186 187 190 198 217 231 239 243 252 268 272 274 278 291 315 316 322 356 391 396 401 410 413 418 424 425 447 448 455 466 474 479 492
105 65 108 128 129 144 152 161 179 194 196 219 236 243 269 294 303 307 325 326 329 338 352 364 368 380 385 390 408 426 439 445 450 451 453 474 479 484 495 499
106 22 118 137 146 176 185 201 204 220 247 249 259 271 278 292 299 342 346 367 376 398 406 407 416 419 434 443 452 454 469 476 480 482 487 494 495 500
107 61 130 131 145 162 168 169 182 194 202 207 211 220 223 230 236 252 278 280 283 296 302 313 316 326 346 370 382 386 391 416 419 458 462 463 468 472 473 477 497 498
108 60 111 115 117 118 123 132 133 140 156 157 163 168 175 188 191 195 214 216 219 220 225 243 250 251 257 285 305 324 331 337 345 361 362 364 367 372 374 378 381 392 402 409 431 438 445 446 467 497
109 33 112 121 126 129 147 153 156 170 172 181 191 192 194 207 211 223 244 272 283 293 297 305 311 340 350 372 382 391 397 405 409 411 414 416 423 452 453 466 477 492 497 498
110 5 114 138 145 146 150 154 159 162 167 168 184 195 204 218 220 222 262 266 275 280 284 297 308 310 312 320 346 348 349 354 355 363 365 366 372 376 379 382 387 404 434 436 453 468 484 489 490
111 76 115 128 130 143 149 164 169 181 182 190 191 192 195 198 212 226 237 244 257 270 292 303 311 342 350 354 366 375 384 387 403 415 432 445 470 485 488 496
112 74 116 123 140 145 146 163 170 178 207 219 240 241 253 274 282 290 305 310 317 320 327 350 351 365 368 386 411 421 461 468 473 476 478
113 78 135 141 148 159 164 174 182 198 210 221 234 239 241 243 257 259 266 280 293 299 314 316 317 319 323 324 334 343 369 372 373 382 388 391 416 417 421 459 470 478 486 494
114 13 121 126 143 154 165 179 184 193 226 228 231 242 252 253 256 262 266 269 292 295 302 328 335 342 344 349 352 373 399 402 406 408 423 427 434 435 454 455 474 475 490
115 93 116 120 140 157 164 174 176 179 184 190 233 238 240 241 242 255 266 267 275 291 292 308 312 323 336 368 383 389 390 391 398 408 413 427 431 432 433 439 442 448 456 467 468 473 488 497 500
116 81 125 135 142 146 156 157 158 160 161 175 176 177 194 196 239 246 261 266 274 280 291 300 302 312 328 343 351 355 372 393 401 408 425 443 453 457 485
117 20 119 123 160 164 171 192 207 213 216 226 236 239 273 274 279 291 308 318 334 337 342 343 352 364 368 371 383 384 386 415 437 449 466 472 477 483 486
118 74 128 138 146 148 163 171 175 177 181 184 190 196 197 221 230 234 246 264 265 269 278 279 280 284 291 300 323 350 353 354 364 379 384 398 415 458 465 482 494
119 19 138 147 149 169 177 185 189 205 216 221 226 234 242 248 277 288 291 293 305 307 325 327 332 336 353 360 371 375 376 383 385 387 391 393 426 434 438 448 456 458 461 470
120 55 130 135 139 150 156 214 227 242 247 252 304 305 307 312 353 358 361 365 382 394 421 424 430 450 456 464 471 491
121 13 124 136 146 150 154 202 212 233 234 238 239 242 246 258 262 283 303 305 315 323 335 360 376 387 392 395 397 411 427 465 471 477 487 496
122 36 140 155 173 175 179 221 226 256 271 279 303 313 314 323 347 355 356 358 367 376 389 401 403 418 426 460 463 477 485 493
123 36 136 187 195 198 199 214 215 218 223 242 249 256 257 291 296 324 349 357 358 363 375 383 387 399 403 407 409 410 423 431 449 467 480 486
124 11 130 132 142 144 145 148 157 169 197 200 225 241 252 267 268 292 301 313 334 343 359 362 363 394 399 426 431 432 433 443 448 480 487 493
125 71 147 158 181 182 190 196 197 203 204 220 251 257 259 287 293 294 299 307 313 319 322 340 346 351 353 371 379 381 391 397 407 408 435 436 466 473 474 486
126 46 127 129 135 144 169 173 174 189 198 206 216 217 219 231 240 245 264 273 281 284 290 293 296 333 346 349 351 369 371 389 412 435 442 459 462 465 470 475 478 488 494 495
127 85 130 137 158 184 193 233 248 281 292 295 306 316 317 325 347 350 364 382 388 394 412 417 420 423 434 435 437 444 455 462 468 489
128 32 130 131 134 143 151 154 170 173 198 210 212 226 235 259 261 269 277 343 345 369 374 377 378 385 386 389 395 397 412 415 417 419 450 454 462 468 485
129 78 131 133 143 144 180 182 183 211 214 218 219 235 239 244 251 260 288 295 306 323 342 343 367 368 380 392 396 414 424 446 458 462
130 86 131 143 171 178 188 193 211 220 239 246 253 274 275 276 280 288 291 292 310 323 343 352 355 362 395 426 428 430 446 452 457 460 462 468 469 491
131 70 135 137 151 161 162 163 179 198 200 206 207 209 219 242 266 276 278 283 285 289 291 298 305 306 316 355 357 365 371 376 377 379 385 395 407 413 418 420 439 441 464 475 477 478 483
132 11 143 147 179 186 221 242 281 285 288 293 312 330 332 342 351 361 362 364 365 368 372 380 381 385 399 413 417 422 430 431 436 441 448 453 459 461 482 485
133 94 138 139 141 147 155 159 165 166 178 195 201 205 220 221 226 246 247 248 253 261 269 277 280 283 284 300 304 332 335 337 344 351 353 357 377 382 385 392 405 406 452 460 461 475 482 487 491
134 15 135 137 138 141 148 150 176 185 186 209 221 226 228 233 235 243 251 267 289 296 300 306 310 311 317 325 328 329 332 341 346 351 357 372 383 396 402 403 413 421 430 438 445 462 474 485 486 498
135 42 146 148 157 177 194 208 252 255 287 307 309 312 321 333 334 345 346 355 361 364 383 389 391 399 402 438 440 448 467 468 472 497
136 62 147 163 166 167 179 182 184 188 198 211 218 236 239 250 252 263 264 276 282 288 291 312 320 321 333 351 353 355 356 360 383 391 411 417 426 432 442 443 452 457 470 491 499 500
137 26 161 181 182 222 227 232 234 238 239 255 270 272 275 288 292 294 296 299 311 324 341 342 344 351 352 362 366 369 374 375 392 407 419 422 432 434 477 482 487 492 495 498
138 23 151 153 159 168 169 177 178 181 185 195 201 213 215 220 244 251 260 264 271 273 274 278 298 303 325 344 365 415 417 437 441 445 450 452 458 482 488 493
139 47 144 154 157 158 178 215 228 238 246 250 259 262 279 286 308 310 316 328 347 364 420 458 478 490
140 40 148 149 153 162 170 179 213 219 225 228 251 253 261 264 266 270 275 286 292 306 316 322 329 337 338 340 359 365 368 390 391 392 398 417 426 434 439 460 465 466 479 485 490 497
141 73 142 144 156 166 177 180 185 193 213 215 227 238 244 252 279 291 304 305 312 316 328 346 359 369 376 382 396 404 414 423 429 430 438 439 441 442 446 466 467 468 472 473 475 478 481 490
142 54 145 153 164 168 190 197 201 221 233 240 244 245 270 279 288 291 318 323 345 346 370 377 387 403 409 428 436 442 446 461 467
143 77 163 166 171 172 197 206 218 226 227 229 233 234 241 246 247 248 299 308 309 330 349 350 353 356 373 380 411 422 424 428 431 445 468 475 492
144 53 146 167 179 190 199 200 201 209 225 226 241 254 257 258 263 267 271 275 289 304 308 316 317 320 321 337 343 351 367 368 384 394 396 397 403 416 430 433 444 456 459 464 476 479 483 490
145 20 146 159 198 208 209 210 220 230 232 234 241 248 255 256 273 281 305 306 338 348 352 369 382 400 403 404 443 450 451 463 476 484 492
146 93 150 173 178 179 180 193 196 198 207 216 224 230 245 251 261 274 287 294 331 342 357 361 382 395 418 435 438 442 455 463 492 497
147 16 155 158 164 171 184 208 212 263 277 283 293 306 323 332 338 372 389 397 414 435 438 449 455 472 480 482
148 77 150 160 163 181 183 191 207 210 212 213 215 228 238 239 247 257 258 262 288 293 298 320 323 362 376 400 401 409 410 413 424 440 450 463 465 466 467 481 483 488
149 86 159 199 203 213 217 222 228 261 263 272 280 283 351 381 384 408 418 419 422 436 440 458 467 500
150 75 151 159 178 181 183 191 204 205 213 218 222 232 238 253 283 291 292 307 312 319 330 331 335 348 353 370 387 395 404 408 415 436 440 445 449 454 457 461 479 483 492
151 27 160 174 187 188 199 203 221 226 234 241 259 261 273 275 283 287 290 294 298 315 318 319 325 328 329 345 364 366 371 380 381 410 411 424 432 441 452 457 458 461 474 477 484 487 489 493
152 74 163 183 193 201 214 216 225 231 235 237 238 261 262 272 278 285 291 294 296 306 308 314 322 331 336 338 342 361 385 410 412 417 420 426 441 442 446 465 469 471 484 485 500
153 2 154 177 182 191 215 216 218 220 221 232 246 248 251 266 272 274 291 292 305 306 322 328 331 353 361 366 371 375 376 379 394 404 416 422 423 450 456 458 469 475 479 488
154 21 155 157 163 164 170 171 178 206 244 253 254 256 260 264 275 276 280 286 290 292 300 307 313 317 336 337 351 352 356 417 422 430 436 445 459 460 462 474 489
155 58 163 164 168 175 182 190 192 195 203 205 216 224 235 240 241 273 276 279 280 291 316 317 324 343 346 384 391 395 403 419 425 433 437 443 447 455 459 467 474
156 18 167 176 200 203 204 205 209 227 239 263 270 272 274 276 279 286 303 304 309 332 338 348 357 366 374 380 383 386 391 406 425 432 436 442 464 474 481 492 495
157 29 168 182 187 189 199 215 217 218 230 231 233 244 265 270 271 276 281 288 299 302 311 315 324 335 337 340 345 368 380 385 401 424 425 444 460 467 469 485
158 46 161 162 175 187 212 213 214 222 225 242 257 266 270 271 286 289 306 313 322 332 343 353 359 377 381 382 386 388 406 410 411 421 437 441 455 456 461 473
159 23 174 183 186 188 202 213 216 225 250 262 279 292 305 316 321 326 335 344 361 364 368 378 392 396 397 403 410 425 435 436 450 453 456 463 469 474 476 478 480 488 492
160 29 186 189 195 206 215 219 226 228 232 250 284 287 294 311 319 327 330 337 353 370 372 384 405 414 432 440 442 458 465 467 475 483 491
161 77 205 206 219 231 259 271 281 292 308 335 340 347 351 355 357 366 397 403 414 419 429 452 459 463 489 491
162 57 164 196 197 211 215 229 235 261 272 274 280 286 321 324 354 410 414 416 427 428 444 453 460 468 486 491 492 493
163 36 196 241 250 258 261 283 284 286 309 310 322 328 332 340 350 398 399 417 438 448 465 468 471 478 484 485 488 493 496 497 498
164 27 171 179 181 203 210 212 235 245 246 250 259 278 309 310 342 354 355 359 376 383 402 413 414 421 428 436 478 479 480 488 495 498
165 55 196 204 205 206 228 229 234 236 237 238 256 269 279 282 285 290 305 319 323 324 327 345 346 351 361 378 384 409 413 432 436 440 443 452 455 456 460 464 489
166 74 179 180 205 209 230 251 259 264 268 269 278 281 316 317 323 325 326 327 335 337 348 376 386 388 412 420 422 435 463 468 478 483 492
167 45 197 206 216 219 228 233 234 248 265 308 343 352 353 361 362 382 391 394 395 408 418 420 436 446 450 457 459 466 482 490 495
168 90 177 183 193 207 212 221 227 230 245 247 250 259 266 274 287 307 311 339 341 342 350 363 388 398 405 408 410 413 416 425 433 438 451 478 486 493
169 3 174 175 178 190 195 203 208 232 234 235 237 240 246 248 251 255 257 262 268 281 282 286 288 296 300 304 334 335 359 360 361 363 368 398 404 406 422 431 432 442 450 452 456 489 500
170 93 171 178 185 194 198 213 221 260 261 273 275 298 303 311 314 320 332 345 356 369 371 389 395 401 410 411 413 414 420 425 426 431 434 435 436 451 455 464 474 484 497 499
171 56 179 183 195 216 226 227 232 249 258 263 276 286 290 291 304 312 317 327 334 335 336 338 342 353 358 363 366 369 380 383 385 396 400 408 417 422 434 458 473 479 485 498
172 50 184 187 203 209 219 242 243 247 267 271 292 293 323 344 351 356 363 368 376 377 388 398 403 405 422 427 439 444 459 470 484 488 493 496 498
173 28 193 208 224 240 247 255 256 260 278 297 309 323 345 358 364 369 400 405 414 416 421 443 449 477 492 495 496 498
174 46 175 180 181 186 187 193 212 215 216 219 222 245 263 268 279 282 290 294 300 313 326 330 368 386 397 406 407 425 429 430 441 454 469 473 476 480
175 87 177 181 189 193 195 209 210 219 226 241 243 244 248 253 257 270 307 330 341 345 357 363 369 385 388 399 404 426 455 456 458 475 479 493
176 93 178 179 182 189 191 221 223 242 244 272 285 294 295 298 302 318 323 331 347 358 370 376 378 385 398 404 416 417 430 435 440 457 482 488 496 499
177 9 179 185 209 211 254 255 261 264 281 295 304 307 314 318 352 356 390 391 409 413 449 454 467 476 480 497
178 36 187 203 211 229 236 244 251 255 259 260 271 278 283 288 299 303 304 308 370 371 372 401 406 417 423 429 451 452 458 462 465 474 476 477 483 484 485 486
179 40 198 208 213 247 254 255 260 278 297 306 313 316 330 335 337 339 340 344 349 352 356 366 376 387 392 405 410 424 442 446 451 456 459 460 479 480
180 99 182 189 197 226 240 247 255 260 287 289 292 305 309 316 327 343 361 367 369 383 397 422 428 439 441 453 454 464 478 482 495
181 87 193 196 206 211 220 224 250 255 257 264 267 271 292 301 309 318 359 370 399 402 412 421 435 452 496 500
182 39 205 240 241 243 253 260 267 268 280 298 309 315 318 320 325 389 432 440 456 467 471 485
183 38 188 193 194 203 232 252 254 274 280 304 328 333 334 337 342 360 366 391 412 420 421 425 427 438 444 460 461 478 488
184 1 187 195 197 212 217 224 244 247 251 265 272 291 302 311 312 313 321 326 356 371 386 387 394 413 458 461 462 468 469 476 478 480 489 499
185 7 188 193 203 247 254 255 261 272 279 294 312 318 326 343 349 354 368 387 396 402 408 416 434 443 444 445 446 448 468 478 481 486 488 495
186 43 193 209 228 240 248 273 276 279 284 302 323 336 349 362 367 376 381 385 390 392 406 408 409 437 441 458 477 485 494 495
187 13 189 202 230 243 244 245 250 256 257 264 267 280 283 293 308 314 335 337 347 348 350 359 374 377 381 395 401 404 406 426 427 451 452 460 476 481 482 486 498
188 86 221 224 235 255 265 275 287 299 300 310 311 321 325 331 332 336 373 376 380 387 397 420 432 447 456 457 466 491
189 22 199 220 236 246 265 286 292 294 302 331 337 338 343 355 359 364 368 369 377 411 429 437 446 464 468 492 496 500
190 90 193 209 215 218 223 238 258 281 308 319 320 321 330 332 344 353 354 362 369 389 412 417 419 420 436 444 461 463 477 481
191 79 198 201 203 211 226 244 251 253 263 265 273 277 284 285 286 309 323 327 342 345 347 352 379 381 397 398 405 408 414 416 419 422 436 438 440 457 478 497
192 23 195 198 199 209 213 215 222 233 243 247 248 249 256 261 288 290 303 313 335 356 362 374 375 384 387 389 402 447 459 463 479 492
193 30 220 227 234 242 249 256 258 267 286 297 327 328 335 339 356 375 380 392 403 424 431 456 462 469 473 477 479 495 498
194 29 199 215 223 237 239 252 257 289 313 322 326 333 336 347 353 356 371 378 400 405 407 411 412 416 436 458 471 473 474 481 493 494
195 2 214 220 223 230 240 244 254 255 258 260 276 278 283 286 313 320 325 334 345 359 368 384 405 409 413 415 417 432 444 470
196 34 207 210 214 220 232 240 243 257 266 267 275 276 278 280 294 297 298 309 313 325 332 336 350 364 366 368 370 375 377 391 398 404 408 422 433 443 445 447 467 484 489 498 499
197 63 202 206 218 225 227 235 244 247 252 262 273 275 285 291 296 319 337 340 356 362 390 393 404 434 456 459 471 473 475 478 481 485 496
198 24 204 214 219 258 261 266 267 271 278 286 296 302 306 311 321 325 327 333 341 354 356 362 364 369 373 393 394 435 437 441 443 448 466 468 477 491
199 80 200 203 214 221 226 250 261 274 276 281 288 291 297 309 312 314 316 328 330 342 374 379 381 386 387 389 395 414 421 454 460 469 471
200 3 203 204 225 229 260 288 295 329 332 340 358 371 372 377 385 396 411 412 413 421 450 454 472 485 486 490
201 77 207 215 252 261 272 276 287 300 301 309 316 319 328 345 359 372 389 392 394 409 415 417 427 438 447 474 475 485 488 495 497 500
202 23 204 206 207 208 223 224 230 242 252 259 265 282 288 291 294 310 313 327 337 349 364 365 371 374 375 386 396 411 412 422 445 451 459 491 494
203 47 211 234 260 265 275 278 284 311 313 334 339 360 362 363 368 369 372 374 391 398 403 408 415 416 431 440 445 451 486 487 493
204 37 209 217 220 224 237 243 246 248 283 290 292 295 316 324 355 363 367 379 392 400 415 421 422 424 429 437 438 439 453 460 461 463 482 486 491 493 494 495 499
205 84 210 215 223 229 237 253 271 278 308 310 326 352 356 360 361 363 364 368 369 384 393 402 415 417 429 443 457 459 465 473 494
206 49 210 215 226 250 255 257 270 272 273 288 290 293 299 303 307 309 313 314 318 323 326 337 338 359 372 376 411 423 430 434 441 449 458 479 482 490
207 25 208 209 210 229 235 238 248 250 253 254 259 267 287 297 298 302 303 321 327 330 347 356 358 370 376 378 393 396 397 400 406 420 429 450 454 470 477 483 499 500
208 62 214 235 242 249 251 253 257 262 266 273 274 294 297 320 324 326 329 331 339 352 367 369 379 387 397 400 408 410 411 421 432 433 440 441 445 446 492
209 68 213 228 230 275 276 278 283 290 293 295 300 311 313 315 318 320 324 329 337 339 340 364 368 372 378 386 387 401 404 408 415 464 481
210 96 212 213 222 246 252 265 269 281 282 283 296 299 307 317 320 323 337 349 353 378 398 412 413 421 426 427 428 430 435 462 482 487 499
211 26 220 224 232 233 251 253 257 258 271 285 295 301 303 304 320 330 345 351 352 359 362 364 368 377 387 391 393 399 413 427 442 473 483 487 496 499
212 89 215 241 256 263 271 288 294 304 307 310 329 333 338 355 376 386 427 434 439 457 465 471 489 491 498
213 16 217 248 252 259 264 279 286 302 330 343 359 362 364 367 371 400 413 434 449 474 480 485 492 494 496
214 14 222 223 230 239 251 256 259 262 273 275 276 291 292 297 309 320 321 329 330 347 363 374 376 379 395 419 462 471 477 481 490 495 498
215 37 222 228 240 243 250 255 271 273 278 281 290 294 297 313 319 322 331 341 342 349 357 360 364 368 375 385 390 396 406 426 435 436 441 448 452 472 480 489 490
216 12 233 236 249 251 258 269 288 291 296 297 313 321 331 332 333 334 355 365 368 371 374 389 416 419 451 466 474 477 483
217 20 222 234 236 238 261 262 268 271 283 295 304 315 323 330 368 369 371 385 390 397 398 425 427 435 436 454 470 484 485
218 50 228 235 236 238 243 259 263 292 295 301 311 326 338 339 340 344 345 361 364 376 407 415 432 434 445 448 450 453 458 482 487 492 493 497 499 500
219 87 220 225 237 247 286 288 292 306 316 320 324 325 327 348 371 387 395 399 415 425 441 443 454 477 493 496 499
220 82 224 229 236 237 242 255 256 266 272 303 304 316 325 329 336 338 343 345 346 350 352 373 374 400 402 411 414 439 464 468 473 480 495 496
221 75 238 247 273 283 306 310 319 328 336 342 345 348 361 365 369 371 374 382 395 426 435 436 439 443 449 490 495 498
222 30 236 246 249 250 286 289 306 331 337 342 346 347 349 355 383 390 400 421 422 425 478 484 487 500
223 24 225 226 227 234 242 243 247 252 273 275 311 326 341 342 353 355 363 364 385 390 402 414 437 448 489 492
224 26 227 229 245 320 331 334 336 340 349 350 364 377 379 381 382 435 455 468 474 491 492 497
225 27 251 271 289 296 297 304 305 324 330 333 335 343 347 351 352 356 357 360 365 366 379 391 399 412 416 425 433 448 455 467 484 497
226 65 231 232 244 245 257 263 272 286 287 293 298 334 357 363 370 389 406 431 432 441 444 446 455 472 476 477 478 486 496
227 5 238 240 241 246 266 267 285 291 293 305 307 313 324 331 334 346 350 361 364 365 377 382 387 394 407 440 451 456 460 467 484 488 489 495 497
228 48 237 243 255 273 325 332 341 351 364 369 379 382 389 402 403 413 424 433 442 451 466 469 480 484 492 495
229 99 259 260 276 285 287 299 305 318 345 351 357 387 395 402 405 410 421 423 447 464 477 479 482 485 489 492
230 45 233 245 263 271 274 282 293 298 319 326 342 370 371 387 400 434 436 444 446 449 459 469 472 480 482 495 500
231 32 233 241 246 250 255 258 266 289 301 308 311 316 326 333 351 353 357 359 382 388 393 418 432 454 471 473 476 483 492
232 74 236 258 259 263 264 273 281 285 294 304 312 316 321 359 369 371 374 391 398 400 404 405 440 462 465 483 488 492 497 500
233 54 239 254 263 274 276 282 285 286 290 302 315 322 342 361 381 387 404 412 416 425 431 454 466 476 480 486 496
234 16 237 251 259 264 294 297 301 304 308 312 321 335 337 338 339 349 352 366 368 378 382 387 396 412 417 420 423 432 437 443 449 451 468 476 481 484 488 490 492 493 499 500
235 34 236 237 246 252 260 270 278 279 302 338 341 369 394 430 458 484
236 86 271 287 293 325 328 335 349 350 373 379 383 411 437 441 447 448 455 457 461 464 475 486 491 497 498
237 4 242 254 257 264 269 272 283 299 305 306 309 310 327 335 337 344 363 372 379 410 423 426 435 443 461 492 495 500
238 97 245 253 273 304 305 307 308 310 311 320 330 332 354 360 363 371 379 389 390 414 422 442 457 461 463 466 473 480 484 493 494
239 14 253 266 270 271 294 306 319 320 331 361 368 374 384 408 409 410 441 445 466 467 499
240 18 252 256 258 259 281 294 299 323 324 328 331 337 387 392 406 416 422 424 425 432 436 438 440 447 466 474 479 483 486 491 492 493 494
241 49 246 262 268 269 313 314 328 341 348 373 374 396 448 458 471 477 487
242 45 248 257 259 260 314 343 370 373 376 378 391 399 422 426 440 454 469 477 483 484 485 492 496 498 500
243 87 257 259 278 280 283 284 287 291 294 309 320 334 340 345 346 348 363 366 373 377 384 391 396 400 404 407 426 436 442 445 450 454 456 470 473 478 496 500
244 34 252 261 263 271 286 288 295 310 313 317 318 324 357 359 365 392 399 418 419 423 427 428 438 439 449 451 454 464 470 476 477 487 493 497 499
245 44 256 265 269 275 284 298 302 308 312 325 339 355 356 360 369 373 387 405 409 431 438 442 444 469 475 488 489 491
246 12 257 274 287 294 299 310 314 316 328 339 343 367 374 378 387 413 419 422 431 447 460 462 463 469 482 484 485 493
247 8 249 259 264 274 290 311 314 315 349 351 368 372 382 383 403 409 419 426 441 444 447 451 477 492
248 77 258 270 275 281 307 310 316 320 323 331 339 343 347 348 352 359 361 377 383 388 395 397 401 417 471 487 493
249 63 250 257 269 301 307 327 333 337 343 351 360 366 390 394 400 417 432 433 447 457 459 460 466 475 489 499 500
250 2 251 282 289 292 293 302 311 319 321 334 359 365 370 377 380 402 425 429 443 464 465 494
251 21 252 280 294 297 313 318 319 327 339 343 377 383 406 407 412 417 419 420 436 457 474 481 483 492 493 498 499
252 11 259 268 290 294 295 298 304 317 328 335 338 368 370 373 380 390 401 414 438 471 479 487 499
253 91 260 264 266 269 273 289 297 299 316 318 322 337 340 344 350 378 390 394 405 418 426 428 430 439 446 451 452 458 461 475 478 487
254 81 291 292 306 345 348 351 364 366 380 384 385 386 394 422 431 441 442 448 450 452 471 480 493 494 500
255 33 265 276 295 296 305 308 313 342 346 348 373 393 396 400 401 420 421 435 440 477 480 484
256 41 258 268 279 280 285 316 322 329 375 378 402 413 433 438 443 449 459 461 470 474 476 483 492
257 81 270 289 294 302 303 307 312 318 320 325 328 333 335 337 357 358 359 379 380 390 392 396 404 423 431 433 439 443 447 452 454 457 461 464 465 471 489 490 496
258 42 260 275 281 285 298 321 326 328 332 359 362 364 372 386 393 396 397 399 424 431 438 459 474 478 488 491
259 35 275 279 296 322 340 352 368 374 383 384 403 432 438 446 450 458 479 480 493 498
260 23 268 292 293 294 299 302 306 331 332 344 346 355 370 379 388 395 401 420 450 459 465 471 474 477 489 493 495
261 24 266 273 280 283 288 316 338 340 346 355 357 368 381 397 401 424 447 454 476 483 493 494 498 499
262 84 270 273 290 312 314 323 326 327 338 343 352 357 362 365 367 372 373 383 413 414 415 417 418 432 433 436 445 457 459 466 483 487 490
263 89 274 285 288 296 307 335 337 344 372 376 391 436 451 459 468 471 474 492 495
264 65 270 287 290 300 314 329 353 354 373 382 403 421 422 429 439 446 448 465 479 481 489 491 492
265 68 276 280 284 288 292 323 328 330 334 335 338 343 363 369 374 378 392 402 412 415 420 424 425 431 444 447 457 477 495
266 91 272 274 284 294 298 304 321 339 342 353 358 375 380 387 403 424 435 465
267 81 279 296 305 331 332 334 342 343 353 356 361 365 375 391 395 402 409 420 425 448 451 457 461 468 470 474 479 484 486 500
268 27 269 270 287 292 314 332 343 344 348 389 404 406 444 463 470 473 476 478 479 482 491 493
269 29 294 312 329 350 360 363 365 366 374 412 415 418 420 423 426 431 443 449 455 462 463 471 475 483 484 488
270 90 279 288 296 298 307 317 319 324 336 342 343 352 357 359 389 392 408 418 441 446 460 469 471 487 500
271 80 282 299 321 344 349 352 354 371 375 377 387 394 419 429 444 467 489 490 492
272 10 287 333 345 352 386 396 399 421 431 434 435 456 485 489 495 496
273 31 283 297 315 342 343 365 368 374 390 419 423 428 444 453 455 459 471 481 483 492
274 69 289 313 326 330 337 346 353 366 375 384 387 391 392 404 405 417 438 448 450 454 465 474 485 490 494 495
275 90 294 300 333 336 343 345 365 367 370 375 379 382 402 436 440 458 459 461 471 481 488 493
276 58 328 359 363 388 393 394 409 412 419 423 445 453 460 464 466 468 469 470 471 482 489
277 18 279 285 287 288 298 302 305 306 312 313 337 338 341 348 354 359 361 380 409 413 416 421 422 428 438 441 447 467 477 486
278 13 279 291 292 298 299 301 307 315 319 325 336 349 357 362 365 368 381 384 391 408 412 416 418 433 450 452 456 457 468 481 484 491 493 496
279 41 283 285 293 312 318 327 341 358 361 370 387 391 403 410 435 438 449 450 453 454 456 457 469 471 472 495
280 53 289 294 309 311 326 342 343 350 354 364 365 378 380 391 396 406 420 439 445 448 465 467 469 481
281 85 299 319 326 329 331 347 348 358 359 361 388 407 419 420 429 435 442 443 448 452 458 462 468 473 486 497
282 78 286 287 295 305 332 333 336 345 347 350 354 361 404 436 453 472 477 479 480 481 493 495
283 5 287 337 347 364 369 372 375 377 380 397 401 418 424 427 431 432 446 448 455
284 24 285 291 297 310 313 351 360 417 434 440 456 463 493
285 50 296 301 305 317 337 353 369 394 403 404 407 429 430 439 443 459 465 475 479 480 485 488 499
286 27 287 291 300 304 305 320 329 350 351 353 364 376 385 388 430 439 445 460 482 495
287 81 297 307 313 315 332 337 342 348 353 363 372 390 391 395 401 402 403 411 429 434 436 456 460 461 464 469 470 481 490 492
288 62 289 305 309 336 358 371 376 381 383 384 398 402 427 428 431 442 443 464 469
289 37 324 331 335 346 350 353 362 365 373 383 393 394 408 419 431 459 471 479 485 486
290 56 298 299 335 351 380 386 394 411 412 416 420 422 438 459 468 473 475 486
291 34 314 362 369 370 379 384 402 406 421 433 442 444 448 465 488 491 493 495 497 499
292 56 299 301 314 344 352 358 368 375 401 407 414 417 425 439 442 443 452 462 469 476 482 491
293 74 322 342 361 383 386 406 422 428 443 470 475 483 484
294 51 296 319 329 332 335 363 373 375 391 401 403 441 443 472 483 486 491 496
295 39 314 320 342 370 382 387 394 409 410 413 427 433 444 481 489 492 497
296 32 307 320 321 324 334 346 351 360 375 387 398 414 422 437 453 471 475
297 85 306 321 340 341 354 366 374 381 384 385 398 399 420 439 442 446 454 459 461 465 468 469 474 491 492 495 498
298 84 300 307 310 314 315 336 347 351 360 365 379 381 394 402 412 419 426 431 436 458 480 491 492
299 8 315 319 340 341 342 347 355 364 373 381 389 393 395 396 402 451 464 491
300 27 313 319 332 334 343 350 372 374 378 387 400 431 434 439 458 470 474 476 485 492
301 81 303 316 327 356 367 375 377 378 395 397 414 419 429 430 445 449 480 484
302 95 314 317 331 349 375 386 395 426 427 434 437 443 457 461 467 469 496 497
303 50 326 353 364 375 378 389 392 400 409 423 427 433 455 460 462 463 476 482 485
304 75 310 312 320 339 355 357 373 392 400 424 438 440 454 456 458 472 474 486 489 490 491 493
305 23 307 328 336 340 377 398 405 407 428 433 437 450 462 467 474 481 493
306 68 308 310 320 332 340 343 349 356 376 414 426 433 442 456 483 489
307 54 313 325 345 347 350 380 405 410 447 457 496
308 27 315 318 320 322 334 384 411 444 462 490
309 67 311 313 317 318 319 322 327 328 331 339 357 360 362 366 378 387 394 399 407 419 421 422 427 433 435 463 478 483 489
310 60 320 331 355 361 373 376 379 380 390 423 432 443 460 469 485 499
311 27 319 320 325 339 342 344 346 347 352 353 354 398 401 446 475 481 488 494 497
312 89 325 335 351 355 360 373 378 383 396 397 399 411 412 429 432 437 447 471 475 494 498
313 62 319 327 328 334 335 339 341 342 346 361 384 385 391 400 411 416 424 447 464 467 468 474 497 498
314 70 320 324 335 336 355 361 372 390 402 412 419 437 452 457 460 486 487 492
315 86 323 329 331 334 346 351 372 374 376 378 401 405 406 407 427 438 457 462 468 479 484 486 487 500
316 8 320 322 344 348 358 362 368 377 378 398 402 415 429 437 438 445 454 459 470 478 481
317 12 323 351 352 364 386 391 394 406 412 414 419 425 427 434 450
318 16 327 335 372 377 381 400 407 427 428 431 435 436 438 450 455 462 477 479 482 492
319 50 326 336 338 354 372 395 407 411 440 442 444 449 465 480 484 497
320 74 331 345 346 347 353 365 373 380 398 407 425 440 454 455 463 494
321 66 332 351 359 372 389 403 420 427 436 445 446 450 471
322 14 323 324 325 329 330 334 350 363 367 376 381 397 409 434 441 444 449 456 459 461 464 467 499
323 100 349 358 385 394 397 402 403 405 407 410 413 423 426 438 452 454 465 475 483 486 488 492
324 83 331 335 336 341 374 375 377 387 390 429 432 463 467 473 476 481 490 492
325 66 329 342 344 366 368 370 399 425 427 439 445 446 449 450 451 454 477 498
326 25 333 364 365 368 374 379 382 386 389 415 423 426 428 436 458 465 471
327 78 339 351 352 370 382 383 405 416 417 431 446 467 499
328 18 349 355 357 361 363 374 381 419 437 441 452 467 470 477 492 495 496
329 94 336 337 339 346 351 385 418 425 437 460 463 468 480 489
330 47 332 334 341 387 393 406 419 436 441 481 487
331 86 344 345 350 351 359 364 375 394 415 426 439 448 459
332 96 337 356 365 372 396 403 424 432 438 439 441 443 451 453 462 495 499
333 56 360 361 364 373 393 412 417 419 439 452 464 484 485 490 494 497
334 41 339 352 355 358 359 363 364 392 396 409 429 440 449 450 454 456 464 479 482 494 495 496
335 57 344 377 384 394 400 405 409 420 427 446 454 468 483 490 495
336 45 337 349 360 364 374 401 402 410 411 420 459 469 471 483 486 489
337 59 339 340 347 348 357 372 373 377 387 388 389 444 449 451 453 470
338 61 362 371 389 394 404 409 411 414 417 420
339 53 360 378 380 386 394 398 419 424 432 436 437 441 452 486 496
340 49 352 360 362 366 369 371 388 394 402 411 422 433 460 465 473 476 483 485 497 498
341 95 376 387 394 401 413 423 424 429 440 459 476 479 487 490 499
342 64 357 359 366 370 379 380 388 389 391 416 419 433 468
343 61 359 366 377 378 379 385 389 393 413 414 433 442 464 470 474 489 491
344 27 346 375 390 391 421 441 448 449 457 487 489
345 1 357 360 364 365 368 382 397 398 449 459 467 469 471 479 500
346 88 347 350 362 373 380 381 390 393 413 416 419 425 433 455 461 472 474 483 490 492 500
347 63 366 374 380 407 439 447 487 492 497
348 92 354 363 391 394 402 406 410 416 419 432 437 442 444 445 451 460 483 499
349 13 386 399 414 428 461 467 468
350 62 358 369 373 392 398 399 401 440 446 449 452 461 478 480 488 492 495
351 23 371 376 384 388 397 408 416 419 420 423 429 431 447 456 461 465 468 474
352 51 370 371 375 396 399 409 448 455 459 466 467
353 69 354 358 362 369 374 386 388 390 391 396 401 406 411 441 443 465 480 497
354 44 367 370 391 409 435 436 459 468 469 478 480
355 82 358 364 365 367 376 381 388 390 394 396 409 412 428 437 445 448 453 468 475 477 479 481 494 499
356 80 381 404 421 457 494
357 94 358 371 372 395 409 411 420 421 424 425 433 450 454 458 463 466 471 481 483 485 495 499
358 47 360 364 372 375 386 391 396 403 410 418 438 440 441 458 468 472 484
359 1 362 373 374 377 380 398 413 425 448 452 454 458 486 491 493
360 58 373 383 411 434 448 458 476 495
361 15 375 379 393 426 432 434 435 436 446 448 449 466 470 479 483 496
362 45 371 376 386 392 400 414 426 437 448 451 464 478 479 482 486 492
363 42 376 377 380 405 427 429 437 446 459 475 500
364 83 370 377 395 403 407 418 431 442 448 472 478
365 30 367 369 379 383 386 401 403 407 409 426 436 437 438 455 456 458 470 484 487
366 25 378 413 416 417 426 451 452 457 458 459 466 477 480
367 36 371 380 403 404 417 431 436 467 474 475 480 492
368 40 373 382 384 395 397 403 404 409 415 425 427 451 452 458 460 465 466 475 488 493
369 4 417 418 419 430 449 455 456 470 472 475 484
370 81 388 391 394 405 408 411 418 463 466 472 484 500
371 12 376 394 415 416 419 432 434 440 448 473
372 70 383 384 406 418 422 423 459 471 482 489 493 496
373 85 389 402 406 409 416 434 455 465 474 489 494
374 100 388 391 401 412 426 459 467 477 483 500
375 41 400 416 424 431 453 493 496 498
376 96 402 406 415 426 433 442 447 458 471 488 497
377 35 382 386 389 391 392 405 406 411 429 445 458 460 464 470 480 486 488
378 55 381 383 397 405 409 416 417 435 437 446 457 472 491 493 495
379 86 394 422 424 426 430 440 448 450 451 459 470
380 48 401 414 417 422 431 435 452 461 465 475 498
381 68 385 393 394 395 419 423 434 439 440 482 485 487 489 494 496
382 44 387 397 404 413 419 430 434 441 453 461 464 465 468 471 477 479 488 496
383 86 390 394 414 424 430 448 451 453 456 464 466 474 484
384 59 393 395 404 408 411 423 437 440 445 477
385 73 405 407 410 414 443 459 480 484 488 491 494
386 85 391 398 407 411 436 437 446 448 452 456 493 497
387 82 397 418 435 437 440 448 467 469 473 474 484
388 65 395 396 413 415 431 446 449 458 465 493
389 30 394 399 416 422 437 443 470 472 487
390 26 392 393 396 402 410 411 412 417 425 442 455 461 470 481 485 488 500
391 8 393 403 407 411 419 423 428 434 440 482 490
392 79 396 409 411 412 417 429 430 432 443 444 455 464 466 474 481
393 95 394 409 414 454 457 460 474 482 487 489 494
394 60 395 409 414 420 427 471 477 485 486 493 499
395 53 404 416 443 464 467 474 482 489
396 78 402 403 431 435 449 468 479 480 483 496 498
397 59 414 443 461 473 482 499
398 10 399 400 402 407 414 431 437 446 460 464 468 474 497
399 25 417 418 429 430 431 438 446 448 452 454 462 467 483 492 500
400 69 434 446 453 463 467 472 483 490 500
401 50 419 422 426 434 443 446 451 457 469 486 494 495 496 500
402 76 427 428 434 443 454 464 466 477 486 490 498 500
403 10 404 408 434 451 464 468 482 483 485
404 78 423 434 442 452 453 481 482 488 495
405 98 421 430 438 440 446 448 455 475 476 478
406 10 412 422 460 464 476 491 493 497 499
407 69 408 419 424 430 458 465 480 482 484 489
408 17 415 416 420 426 428 430 433 438 453 463 488 491 498
409 25 412 430 449 452 459 460 461 467 478
410 13 423 428 435 442 460 463 484
411 61 417 419 443 446 486 488 499
412 84 422 437 442 444 450 460 462 469 475 477 479 480 488 497 498
413 72 429 434 442 452 454 462 466 472
414 8 415 447 472 475 484 494
415 29 420 425 430 434 439 455 460 472 495 500
416 55 428 450 457 466 467 500
417 35 419 420 429 432 457 461 462 492
418 94 423 436 454 455 460 475 487
419 55 430 442 451 452 459 462 486
420 97 472 474 482 497
421 25 435 437 440 464 470 472 473 474 479 492
422 36 425 426 439 446 448 450 458 468 472 485 495
423 2 433 435 442 444 451 462 464 473 475 486 487 488 489 494
424 97 447 448 455 456 469 478 488 492 500
425 12 431 438 462 465 485 487 499
426 92 427 428 432 434 443 445 451 452 487 490 491
427 50 445 458 474 476 494
428 12 434 435 436 442 448 456 467 485 489 491 495
429 74 432 435 442 454 497 500
430 24 443 460 469 489 497
431 64 440 442 462 466 480 482
432 36 441 443 446 454 477 478 483 484 487 490 495
433 17 435 465 474 481 498
434 10 436 437 455 461 468 475 479 487
435 79 437 447 450 460 470 476 478 485 500
436 2 440 441 445 455 463 471 480 486 499
437 75 446 455 466 469 470 473 478 489
438 100 450 452 453 460 461 466 479 492
439 50 445 451 459 482
440 2 446 463 465 468 485 498 499
441 62 442 462 482 488
442 16 447 449 450 457 460 464 471 474 481 490 494
443 45 444 446 450 479
444 53 445 456 465 469 475 479 491 494
445 95 447 456 465 472 477 479 482 486 487 489
446 64 454 474 484 490 498 500
447 44 449 468 488
448 84 451 454 470 487 496 498
449 39 458 473 478 485 487 489
450 43 467 472 479 493
451 11 452 459 475 498 500
452 74 469 473
453 6 472 473 476 484
454 18 475 496
455 89 466 469 472 476 488 489
456 19 465 471 474 477 487 493 496
457 67 461 471 486
458 53 460 464 467 477 494 495 497
459 18 467 480
460 57 479 487 494
461 86 464 488 489 495
462 60 486 488 495 498 499
463 98
464 32 475 482
465 54 470 472 474 475 491
466 64 496
467 6 472 479 482 497
468 11 497
469 32 482 485 490 498
470 43 483 484
471 90 488 497
472 53 474 483 500
473 63
474 36 500
475 50 483 491
476 46 479
477 87
478 88 493
479 28 492
480 86 484 486
481 97
482 19 485 487 490 497
483 11
484 36 490
485 81 491 498
486 75 488
487 78 500
488 42 494 497
489 94 498
490 72 492
491 94 498
492 25 498
493 83 499
494 78
495 75
496 40 499
497 37
498 33 500
499 27
500 14
