500
1 63
2 83
3 84
4 56
5 95
6 30
7 68
8 79
9 78
10 11
11 96
12 10
13 31
14 5
15 65
16 28
17 91
18 49
19 70
20 62
21 44
22 1
23 38
24 88
25 63
26 95
27 72
28 31
29 10
30 85
31 32
32 4
33 30
34 37
35 64
36 65
37 88
38 75
39 93
40 23
41 78
42 19
43 97
44 59
45 58
46 43
47 71
48 2
49 36
50 75
51 14
52 38
53 65
54 78
55 27
56 69
57 73
58 24
59 70
60 10
61 77
62 11
63 60
64 54
65 17
66 25
67 61
68 71
69 57
70 2
71 43
72 81
73 81
74 96
75 66
76 77
77 46
78 92
79 69
80 19
81 1
82 97
83 4
84 83
85 56
86 15
87 16
88 99
89 89
90 72
91 98
92 37
93 83
94 73
95 18
96 94
97 95
98 60
99 59
100 40
101 23
102 74
103 56
104 59
105 89
106 59
107 78
108 69
109 8
110 32
111 48
112 33
113 47
114 59
115 27
116 60
117 52
118 34
119 70
120 6
121 52
122 39
123 82
124 60
125 7
126 58
127 73
128 50
129 12
130 21
131 49
132 32
133 34
134 67
135 25
136 6
137 83
138 89
139 10
140 27
141 90
142 57
143 52
144 40
145 11
146 73
147 75
148 23
149 17
150 69
151 9
152 59
153 84
154 90
155 51
156 19
157 57
158 68
159 45
160 87
161 95
162 52
163 22
164 95
165 69
166 76
167 95
168 10
169 21
170 36
171 42
172 37
173 62
174 75
175 77
176 77
177 9
178 17
179 40
180 16
181 42
182 72
183 4
184 66
185 82
186 55
187 36
188 43
189 70
190 20
191 5
192 12
193 50
194 63
195 72
196 71
197 32
198 8
199 65
200 1
201 41
202 14
203 58
204 73
205 24
206 12
207 72
208 21
209 35
210 32
211 19
212 75
213 46
214 9
215 80
216 77
217 21
218 33
219 72
220 52
221 8
222 46
223 79
224 72
225 59
226 29
227 99
228 88
229 57
230 88
231 86
232 49
233 57
234 1
235 43
236 1
237 5
238 10
239 40
240 89
241 61
242 29
243 12
244 25
245 76
246 62
247 17
248 82
249 57
250 85
251 98
252 57
253 65
254 97
255 48
256 56
257 84
258 92
259 3
260 69
261 7
262 57
263 64
264 63
265 64
266 43
267 88
268 78
269 62
270 23
271 37
272 39
273 38
274 80
275 22
276 83
277 10
278 29
279 44
280 13
281 21
282 39
283 54
284 60
285 60
286 36
287 43
288 91
289 64
290 60
291 89
292 24
293 69
294 70
295 56
296 96
297 32
298 51
299 85
300 50
301 77
302 26
303 70
304 70
305 94
306 25
307 55
308 56
309 50
310 24
311 47
312 40
313 24
314 89
315 85
316 54
317 42
318 42
319 49
320 47
321 16
322 3
323 65
324 57
325 63
326 98
327 74
328 40
329 11
330 1
331 31
332 54
333 63
334 4
335 2
336 22
337 35
338 70
339 20
340 41
341 28
342 76
343 64
344 76
345 55
346 93
347 38
348 20
349 87
350 12
351 5
352 34
353 37
354 61
355 40
356 61
357 35
358 29
359 81
360 26
361 29
362 36
363 23
364 20
365 62
366 62
367 49
368 75
369 47
370 85
371 28
372 27
373 5
374 29
375 84
376 74
377 80
378 78
379 63
380 33
381 100
382 57
383 2
384 3
385 99
386 37
387 29
388 18
389 58
390 64
391 94
392 27
393 91
394 62
395 64
396 65
397 42
398 18
399 77
400 50
401 92
402 8
403 96
404 93
405 69
406 45
407 53
408 26
409 44
410 33
411 15
412 56
413 14
414 2
415 85
416 43
417 56
418 100
419 49
420 3
421 35
422 22
423 85
424 58
425 82
426 53
427 59
428 99
429 99
430 8
431 8
432 8
433 11
434 40
435 42
436 8
437 35
438 98
439 66
440 68
441 70
442 14
443 50
444 45
445 90
446 92
447 52
448 87
449 36
450 86
451 20
452 82
453 96
454 38
455 77
456 73
457 63
458 48
459 17
460 22
461 58
462 81
463 17
464 50
465 23
466 49
467 87
468 33
469 49
470 81
471 74
472 73
473 60
474 43
475 28
476 44
477 15
478 84
479 53
480 7
481 48
482 95
483 65
484 9
485 100
486 59
487 46
488 66
489 74
490 51
491 49
492 25
493 73
494 3
495 30
496 20
497 26
498 68
499 57
500 17
