500
1 68
2 1
3 31
4 3
5 20
6 79
7 85
8 18
9 21
10 91
11 43
12 41
13 20
14 11
15 82
16 97
17 20
18 34
19 30
20 9
21 82
22 57
23 44
24 30
25 33
26 77
27 10
28 91
29 38
30 77
31 22
32 54
33 59
34 84
35 2
36 82
37 47
38 64
39 36
40 20
41 22
42 55
43 86
44 5
45 46
46 88
47 40
48 87
49 81
50 99
51 78
52 89
53 15
54 98
55 2
56 84
57 52
58 71
59 16
60 12
61 55
62 99
63 98
64 31
65 36
66 73
67 57
68 2
69 76
70 76
71 14
72 23
73 71
74 19
75 92
76 3
77 100
78 95
79 68
80 81
81 87
82 56
83 66
84 6
85 75
86 53
87 36
88 57
89 75
90 57
91 16
92 37
93 3
94 3
95 99
96 10
97 75
98 68
99 21
100 14
101 76
102 32
103 91
104 37
105 65
106 22
107 61
108 60
109 33
110 5
111 76
112 74
113 78
114 13
115 93
116 81
117 20
118 74
119 19
120 55
121 13
122 36
123 36
124 11
125 71
126 46
127 85
128 32
129 78
130 86
131 70
132 11
133 94
134 15
135 42
136 62
137 26
138 23
139 47
140 40
141 73
142 54
143 77
144 53
145 20
146 93
147 16
148 77
149 86
150 75
151 27
152 74
153 2
154 21
155 58
156 18
157 29
158 46
159 23
160 29
161 77
162 57
163 36
164 27
165 55
166 74
167 45
168 90
169 3
170 93
171 56
172 50
173 28
174 46
175 87
176 93
177 9
178 36
179 40
180 99
181 87
182 39
183 38
184 1
185 7
186 43
187 13
188 86
189 22
190 90
191 79
192 23
193 30
194 29
195 2
196 34
197 63
198 24
199 80
200 3
201 77
202 23
203 47
204 37
205 84
206 49
207 25
208 62
209 68
210 96
211 26
212 89
213 16
214 14
215 37
216 12
217 20
218 50
219 87
220 82
221 75
222 30
223 24
224 26
225 27
226 65
227 5
228 48
229 99
230 45
231 32
232 74
233 54
234 16
235 34
236 86
237 4
238 97
239 14
240 18
241 49
242 45
243 87
244 34
245 44
246 12
247 8
248 77
249 63
250 2
251 21
252 11
253 91
254 81
255 33
256 41
257 81
258 42
259 35
260 23
261 24
262 84
263 89
264 65
265 68
266 91
267 81
268 27
269 29
270 90
271 80
272 10
273 31
274 69
275 90
276 58
277 18
278 13
279 41
280 53
281 85
282 78
283 5
284 24
285 50
286 27
287 81
288 62
289 37
290 56
291 34
292 56
293 74
294 51
295 39
296 32
297 85
298 84
299 8
300 27
301 81
302 95
303 50
304 75
305 23
306 68
307 54
308 27
309 67
310 60
311 27
312 89
313 62
314 70
315 86
316 8
317 12
318 16
319 50
320 74
321 66
322 14
323 100
324 83
325 66
326 25
327 78
328 18
329 94
330 47
331 86
332 96
333 56
334 41
335 57
336 45
337 59
338 61
339 53
340 49
341 95
342 64
343 61
344 27
345 1
346 88
347 63
348 92
349 13
350 62
351 23
352 51
353 69
354 44
355 82
356 80
357 94
358 47
359 1
360 58
361 15
362 45
363 42
364 83
365 30
366 25
367 36
368 40
369 4
370 81
371 12
372 70
373 85
374 100
375 41
376 96
377 35
378 55
379 86
380 48
381 68
382 44
383 86
384 59
385 73
386 85
387 82
388 65
389 30
390 26
391 8
392 79
393 95
394 60
395 53
396 78
397 59
398 10
399 25
400 69
401 50
402 76
403 10
404 78
405 98
406 10
407 69
408 17
409 25
410 13
411 61
412 84
413 72
414 8
415 29
416 55
417 35
418 94
419 55
420 97
421 25
422 36
423 2
424 97
425 12
426 92
427 50
428 12
429 74
430 24
431 64
432 36
433 17
434 10
435 79
436 2
437 75
438 100
439 50
440 2
441 62
442 16
443 45
444 53
445 95
446 64
447 44
448 84
449 39
450 43
451 11
452 74
453 6
454 18
455 89
456 19
457 67
458 53
459 18
460 57
461 86
462 60
463 98
464 32
465 54
466 64
467 6
468 11
469 32
470 43
471 90
472 53
473 63
474 36
475 50
476 46
477 87
478 88
479 28
480 86
481 97
482 19
483 11
484 36
485 81
486 75
487 78
488 42
489 94
490 72
491 94
492 25
493 83
494 78
495 75
496 40
497 37
498 33
499 27
500 14
