500
1 82
2 65
3 90
4 81
5 75
6 73
7 69
8 52
9 98
10 68
11 80
12 60
13 52
14 72
15 61
16 70
17 70
18 85
19 88
20 95
21 87
22 53
23 90
24 55
25 71
26 60
27 90
28 65
29 68
30 70
31 55
32 92
33 91
34 93
35 86
36 84
37 67
38 74
39 84
40 90
41 73
42 77
43 70
44 91
45 57
46 79
47 51
48 72
49 54
50 80
51 52
52 79
53 75
54 52
55 58
56 93
57 67
58 94
59 91
60 56
61 56
62 83
63 64
64 79
65 90
66 77
67 80
68 81
69 58
70 89
71 79
72 72
73 57
74 75
75 91
76 83
77 58
78 99
79 58
80 77
81 78
82 64
83 72
84 67
85 88
86 68
87 54
88 64
89 58
90 91
91 56
92 94
93 93
94 81
95 78
96 88
97 81
98 75
99 69
100 97
101 85
102 69
103 61
104 91
105 88
106 63
107 52
108 74
109 58
110 82
111 82
112 95
113 75
114 100
115 83
116 69
117 56
118 69
119 84
120 61
121 89
122 81
123 56
124 75
125 51
126 57
127 71
128 99
129 80
130 98
131 75
132 77
133 73
134 50
135 89
136 84
137 66
138 50
139 88
140 71
141 100
142 68
143 75
144 78
145 94
146 51
147 93
148 66
149 51
150 56
151 58
152 68
153 66
154 53
155 91
156 66
157 93
158 91
159 74
160 90
161 69
162 69
163 97
164 88
165 87
166 100
167 72
168 83
169 57
170 54
171 61
172 51
173 63
174 75
175 92
176 79
177 98
178 95
179 92
180 59
181 83
182 64
183 88
184 64
185 62
186 54
187 84
188 56
189 67
190 93
191 66
192 83
193 91
194 65
195 59
196 65
197 82
198 66
199 72
200 66
201 91
202 100
203 58
204 61
205 69
206 54
207 88
208 92
209 61
210 63
211 91
212 69
213 99
214 58
215 84
216 75
217 65
218 86
219 87
220 50
221 66
222 56
223 79
224 98
225 54
226 76
227 65
228 66
229 100
230 85
231 52
232 57
233 59
234 68
235 97
236 70
237 76
238 94
239 72
240 56
241 77
242 99
243 82
244 89
245 87
246 89
247 61
248 71
249 74
250 60
251 79
252 79
253 66
254 59
255 95
256 95
257 83
258 94
259 93
260 66
261 74
262 70
263 78
264 73
265 71
266 50
267 66
268 64
269 83
270 58
271 50
272 61
273 100
274 97
275 81
276 79
277 73
278 89
279 86
280 69
281 52
282 98
283 64
284 90
285 86
286 58
287 100
288 85
289 63
290 72
291 97
292 63
293 74
294 72
295 65
296 78
297 97
298 95
299 85
300 53
301 76
302 100
303 86
304 85
305 97
306 66
307 83
308 72
309 75
310 72
311 74
312 81
313 81
314 73
315 74
316 100
317 81
318 98
319 78
320 72
321 95
322 70
323 59
324 75
325 62
326 71
327 80
328 81
329 72
330 56
331 98
332 66
333 83
334 52
335 90
336 56
337 51
338 70
339 55
340 71
341 97
342 88
343 94
344 61
345 50
346 72
347 67
348 99
349 100
350 52
351 69
352 54
353 94
354 57
355 89
356 89
357 88
358 82
359 95
360 87
361 97
362 51
363 75
364 51
365 68
366 82
367 75
368 96
369 60
370 82
371 98
372 98
373 81
374 65
375 66
376 64
377 68
378 89
379 76
380 97
381 75
382 78
383 61
384 76
385 88
386 59
387 70
388 62
389 88
390 52
391 78
392 95
393 85
394 99
395 66
396 78
397 87
398 87
399 56
400 70
401 86
402 79
403 81
404 97
405 63
406 69
407 63
408 85
409 54
410 72
411 64
412 72
413 82
414 67
415 96
416 79
417 71
418 59
419 64
420 74
421 91
422 61
423 53
424 100
425 63
426 79
427 95
428 87
429 82
430 50
431 51
432 93
433 50
434 50
435 54
436 81
437 62
438 96
439 57
440 68
441 95
442 80
443 67
444 75
445 83
446 93
447 65
448 97
449 100
450 99
451 60
452 73
453 62
454 72
455 95
456 92
457 74
458 80
459 60
460 86
461 86
462 86
463 79
464 72
465 96
466 93
467 97
468 84
469 93
470 74
471 74
472 50
473 88
474 81
475 50
476 75
477 80
478 60
479 64
480 59
481 96
482 77
483 71
484 78
485 59
486 81
487 77
488 56
489 73
490 95
491 92
492 57
493 70
494 93
495 57
496 60
497 72
498 56
499 58
500 59
