500
1 47 2 8 39 43 49 52 66 83 87 91 92 111 116 138 141 148 152 155 159 165 171 176 178 181 204 212 216 218 229 232 237 243 263 267 270 275 287 289 303 355 367 379 384 409 431 441 443 455 467 491 494
2 93 9 21 40 41 63 75 92 99 101 109 118 121 122 133 146 154 161 194 199 208 218 264 272 276 279 299 300 302 305 306 317 321 329 345 372 383 416 425 429 441 443 445 455 465 477 493 495 498
3 69 19 21 24 25 27 36 53 81 83 120 122 123 136 140 143 172 192 202 211 214 215 220 239 246 255 275 283 285 286 303 304 314 324 330 333 335 344 352 362 363 382 405 412 446 452 453 460 483 496
4 28 5 10 19 20 29 33 39 46 68 116 122 128 131 137 149 159 195 208 234 240 255 279 283 284 307 326 339 349 378 393 395 410 411 434 440 447 476 482 489
5 90 8 36 42 56 59 64 76 97 111 132 146 156 180 181 192 205 215 216 235 245 250 267 284 286 300 306 336 340 343 348 351 369 384 387 390 396 409 424 433 439 442 453 478 479 480 490 500
6 30 11 20 41 43 51 75 82 91 98 112 113 118 121 131 132 162 204 206 208 214 223 253 323 327 339 340 356 357 362 383 384 386 391 396 402 409 428 435 438 452 479 490 493
7 51 12 19 27 29 56 70 124 129 134 141 155 166 178 183 196 197 210 211 236 255 276 277 322 333 334 340 354 369 374 376 383 388 417 421 422 429 432 449 469 476 478 481 484
8 93 9 35 47 49 50 57 62 93 96 115 131 145 151 156 175 178 181 186 202 215 233 246 250 251 257 268 284 303 307 322 342 345 349 362 376 388 394 404 405 417 443 449 452 458 476 489 495 499
9 62 68 79 86 103 106 150 154 171 182 187 193 222 227 236 240 251 257 261 268 275 311 341 346 347 353 360 362 363 367 368 369 376 389 391 404 407 408 415 423 431 439 449 479 482 483 486 489
10 44 13 16 38 43 44 52 73 74 89 96 99 127 138 160 187 214 216 229 234 252 258 268 281 285 288 293 304 312 317 318 336 353 359 361 363 368 370 373 380 381 385 394 400 404 405 408 415 433 452 455 470 482 494 498 499
11 47 25 27 51 62 70 82 85 87 95 120 121 132 133 137 190 197 201 203 207 223 230 244 248 251 252 257 258 261 266 268 283 284 290 306 309 317 322 327 329 339 347 352 354 369 379 384 397 398 412 418 423 432 436 439 456 462 471 477 480 484 491
12 29 46 47 53 58 59 62 86 90 91 113 125 129 132 139 144 156 169 192 193 220 224 266 267 278 289 302 325 351 360 389 391 396 409 413 420 425 433 443 457 458 477 486
13 73 14 16 29 39 65 87 90 110 142 147 171 179 180 186 200 204 206 223 251 283 304 327 331 357 358 374 388 413 418 429 444 461 491 494
14 38 19 46 48 62 86 93 99 100 101 105 108 111 113 121 123 143 153 159 167 168 176 203 223 232 234 281 300 311 320 330 331 340 346 359 388 398 400 411 422 431 442 446 474 485
15 96 21 22 23 46 51 55 59 61 85 94 103 109 110 120 155 165 194 201 208 222 224 225 275 276 288 300 307 314 329 340 347 354 355 361 370 373 376 381 389 407 409 412 422 433 434 435 440 448 454 461 462 470
16 91 26 28 30 34 37 43 47 49 55 77 95 99 120 138 140 144 150 153 159 163 167 172 199 200 203 214 218 229 240 253 267 275 277 284 291 293 306 309 333 334 336 338 363 367 392 393 414 420 433 439 474 484
17 34 28 33 37 39 40 51 61 63 84 90 97 110 113 122 126 144 152 166 185 193 198 210 253 259 270 289 293 295 303 310 322 324 329 333 345 351 355 357 368 369 374 379 380 386 389 450 456 461 472 477 479 490 491
18 48 24 35 49 73 89 94 98 148 153 163 164 174 181 192 199 218 221 224 228 231 242 248 251 267 275 294 300 312 316 321 327 343 350 354 357 362 365 400 402 411 433 447 448 452 453 457 464 470 473 479 488 490
19 93 29 46 47 59 69 75 96 135 137 147 148 160 161 177 186 198 215 231 244 250 277 285 305 306 314 317 323 326 334 345 357 360 367 381 414 448 453 463 466 467 468 469 497
20 76 21 23 35 51 58 64 65 83 92 105 112 118 134 137 138 164 176 193 197 201 203 209 219 227 255 265 334 338 354 366 373 376 382 388 391 398 407 433 444 446 470 483 487
21 55 25 57 64 67 68 72 82 95 140 147 154 155 157 187 190 196 200 201 209 230 246 247 254 258 269 286 296 300 327 328 340 353 371 382 390 397 449 451 466 472 473
22 82 44 45 71 74 80 95 139 149 165 166 171 190 197 203 204 218 232 245 254 272 276 280 287 291 307 316 326 329 338 362 370 371 383 393 395 396 401 412 430 439 457 475 481 492
23 22 30 38 49 75 80 95 97 99 102 104 111 115 120 124 126 127 128 139 154 163 181 198 220 235 255 287 295 303 313 316 324 325 327 331 336 348 349 364 365 373 376 397 409 415 421 427 432 437 463 469 476 478
24 41 49 64 68 98 102 104 109 139 142 145 158 163 182 186 196 202 210 214 218 224 229 231 234 255 286 310 328 331 336 348 359 360 364 376 377 400 420 459 471 473 491
25 70 40 49 73 88 89 95 111 113 131 134 141 154 164 199 209 211 219 231 235 242 278 285 286 301 309 326 342 362 365 373 374 386 415 438 444 454 472 486 494 497
26 67 30 47 57 65 83 95 97 105 109 110 113 135 139 142 148 154 177 182 186 189 194 196 202 210 215 219 226 254 263 269 276 288 289 312 321 322 327 331 338 364 376 383 388 401 409 413 421 426 428 431 436 437 439 445 447 469 494 497
27 58 40 41 48 55 57 96 98 116 127 135 157 163 179 189 197 209 218 233 246 256 278 280 287 316 319 329 337 340 341 344 354 355 357 358 376 385 386 410 442 444 447 465 468 480 493 500
28 42 32 44 45 66 70 75 96 98 107 136 162 163 171 193 199 213 223 252 265 281 289 304 316 318 320 321 322 327 334 353 360 369 375 380 387 392 402 412 423 451 467 483 488 500
29 60 43 44 47 48 50 68 108 126 137 146 153 166 168 179 194 207 209 220 223 231 236 252 269 276 277 296 299 314 325 334 339 342 380 383 392 407 414 434 438 464 470 473 478 484
30 50 46 62 63 65 72 83 115 117 129 135 137 148 164 169 172 179 183 185 189 195 198 206 222 240 243 250 262 267 283 286 287 297 307 322 342 359 360 363 365 372 377 389 402 406 412 414 429 448 457 460 466 469 482 483 484 493 498
31 46 34 38 62 69 83 97 111 133 136 141 148 155 157 175 214 227 230 247 253 266 271 299 300 304 334 339 340 349 354 361 375 377 385 394 447 457 475 476 487
32 56 39 43 45 55 64 67 72 78 92 109 137 138 151 165 182 188 192 200 202 221 246 249 250 264 270 299 318 321 353 356 359 365 368 377 378 385 387 394 397 418 423 449 455 476 488 495 498
33 61 35 42 52 61 72 80 82 94 102 114 127 132 139 193 197 198 224 227 239 261 264 265 270 272 281 289 311 316 319 359 364 368 379 392 395 424 429 434 438 452 457 461 464 466 469 471
34 64 72 76 112 118 120 128 134 147 150 152 175 190 201 221 226 257 265 274 278 279 286 291 293 294 298 308 321 345 350 375 387 394 397 400 404 406 426 446 454 481 498
35 84 42 49 60 64 65 71 77 99 101 104 117 120 144 157 173 182 200 201 220 221 229 230 232 239 240 243 265 266 270 287 288 301 311 314 337 364 365 366 386 388 394 407 408 409 415 416 422 458 471 477 488 493
36 61 41 56 98 99 106 107 126 195 210 221 252 258 264 272 279 292 304 317 318 339 343 359 366 374 387 395 439 441 457 461 475 484 489
37 96 43 57 59 63 85 98 113 121 130 134 148 155 168 183 190 192 197 210 218 221 222 229 232 249 274 292 299 311 315 324 329 335 340 347 348 367 408 410 443 456 468 474 483 492 499
38 50 48 57 82 120 123 124 132 144 149 159 161 178 182 201 203 206 214 255 256 267 272 274 300 309 314 328 348 352 369 379 389 390 391 395 426 427 429 438 455 459 465 471 473 474 478
39 20 59 68 73 78 89 104 108 126 129 148 149 161 163 199 200 201 213 219 231 246 250 262 284 299 313 315 330 336 356 376 379 387 390 393 396 406 436 462 463 485 500
40 55 55 69 80 89 98 108 115 124 127 139 140 156 159 161 163 192 206 208 216 222 225 237 240 247 296 311 325 356 357 368 378 381 404 405 408 418 424 434 435 440 441 442 458 480 487
41 44 47 59 74 80 81 90 101 102 108 110 119 139 144 155 160 192 213 214 217 224 229 236 243 254 263 269 275 278 280 290 292 326 333 356 366 400 404 410 444 453 458 464 480 492 499
42 65 53 64 94 104 106 128 139 161 169 172 173 182 192 195 196 204 206 212 234 247 253 254 290 297 298 301 310 354 364 369 372 380 381 395 411 418 422 424 428 440 442 446 453 454 470 476
43 84 55 59 82 84 100 112 123 125 127 135 138 141 151 159 176 181 186 194 199 200 219 227 251 286 291 297 305 315 317 320 327 337 348 359 362 387 407 410 411 413 420 421 444 449 466 477 479 482
44 77 50 65 73 76 77 90 92 102 109 117 123 135 139 146 160 176 181 183 212 214 271 281 285 292 297 315 326 336 372 377 399 416 423 424 433 434 442 447 451 453 459 461 463 464 465 470 471
45 69 48 49 50 55 66 68 77 79 80 86 91 104 129 149 153 196 198 204 215 219 224 227 258 282 291 306 314 344 347 378 381 394 421 423 446 450 451 470 482 483 487 488 492
46 96 47 48 64 84 101 109 114 118 130 131 137 144 145 162 178 182 187 201 222 225 229 232 237 238 242 249 282 303 307 314 321 341 352 367 390 403 405 407 408 417 426 445 446 451 458 469 481 490 494 499
47 49 57 62 103 131 136 144 145 159 172 174 180 182 183 185 194 199 223 233 259 270 278 281 292 309 323 344 354 370 377 379 380 388 391 392 400 405 431 434 445 447 452 463 471 475 481 493
48 100 50 54 63 67 77 86 87 92 94 97 110 120 125 134 136 145 162 164 188 189 190 204 208 213 215 270 273 300 309 326 353 373 375 378 382 395 416 428 433 438 460 480 492 493
49 77 77 83 97 105 107 108 124 132 138 139 142 162 190 207 208 212 225 253 256 262 268 277 285 302 325 335 348 369 374 378 385 397 417 435 439 446 467 486
50 41 58 69 91 101 102 108 136 147 149 174 176 189 195 207 212 227 235 249 257 274 277 286 289 303 312 321 330 335 337 341 353 372 391 404 419 420 429 434 444 448 457 459 464 471 479 481 482 484 499
51 39 61 69 86 94 96 97 102 117 121 122 126 142 168 170 175 180 192 194 208 211 215 221 222 227 259 268 273 279 280 302 318 323 337 347 355 358 380 385 387 389 401 406 407 408 411 432 446 457 461 467 470 471 478 479 490 497
52 82 58 67 81 90 101 103 131 135 140 146 152 154 170 175 177 187 188 199 209 211 227 228 230 242 243 257 259 270 277 278 293 310 321 326 333 348 355 360 371 381 388 393 412 415 424 466
53 38 59 75 76 80 97 114 133 142 160 169 176 182 186 195 214 216 223 224 228 248 264 312 318 322 324 327 341 342 347 358 366 371 375 378 380 405 408 425 472 496
54 86 55 57 59 74 76 77 84 93 96 104 127 142 161 167 172 180 190 200 204 213 224 234 235 248 255 265 268 288 294 296 303 319 331 332 354 355 363 372 380 403 405 419 433 463 474 486 489 497
55 62 62 88 115 140 142 159 168 177 184 195 208 219 230 233 247 265 266 269 277 297 299 308 311 312 345 351 352 365 387 417 421 425 435 444 449 460 463 480 499
56 58 60 61 78 85 92 96 102 106 112 114 119 123 128 142 144 149 164 178 216 223 229 237 238 239 249 252 254 266 268 275 309 310 328 330 346 349 351 363 364 366 378 384 398 412 473 481 488
57 53 62 70 99 105 113 123 127 128 151 155 159 161 162 183 190 195 211 216 228 240 250 255 279 281 284 310 314 326 330 337 342 347 351 366 369 387 405 415 436 446 447 453 469 470 497
58 65 62 65 99 138 139 164 166 173 184 201 233 243 270 278 279 295 296 298 314 333 344 359 370 373 379 387 390 440 442 444 448 455 457 466 476 488 492
59 65 79 84 85 86 105 118 120 127 132 147 153 171 177 178 182 191 201 203 215 230 234 248 269 278 292 307 311 330 333 344 350 358 359 364 371 375 383 386 390 397 401 408 421 432 449 453 458 470 474 476 496
60 81 64 77 108 115 127 129 135 145 148 149 162 170 180 186 187 196 198 214 231 239 249 259 296 324 333 340 344 364 379 380 383 397 413 418 420 421 483 486
61 62 68 77 90 104 116 121 128 136 155 181 185 205 208 209 210 219 225 231 239 270 272 274 281 301 318 320 332 335 339 345 351 359 372 378 383 412 422 461 500
62 78 67 73 77 81 82 89 90 96 100 114 118 120 135 142 148 151 188 193 231 238 254 260 274 299 300 312 327 335 342 343 374 379 380 381 383 409 410 417 427 437 441 453 458 472 477
63 48 64 78 81 96 114 122 129 180 191 214 224 227 232 233 237 239 244 246 265 266 268 273 290 294 298 318 321 334 356 366 385 398 411 416 422 429 436 437 443 488 494 499
64 35 68 72 73 91 105 111 112 135 193 232 233 237 243 244 248 257 290 296 302 303 304 309 311 316 365 381 396 409 410 439 476 494
65 82 76 79 93 101 113 118 135 163 165 172 176 195 201 206 221 223 227 244 247 256 261 264 267 275 300 301 322 340 354 360 369 378 384 389 415 447 466 485
66 54 85 101 105 106 124 132 144 151 154 157 178 180 205 217 222 253 254 256 285 294 301 316 326 338 339 356 363 377 386 407 408 440 462 469 470
67 79 87 96 131 136 145 146 196 213 221 252 272 274 298 305 307 309 311 326 352 368 370 376 377 381 383 396 397 399 426 427 430 463 465 476 477 494
68 35 90 97 100 107 111 122 124 133 134 141 148 153 154 157 162 173 179 192 208 209 217 226 234 235 248 250 260 261 277 279 286 293 311 325 357 369 374 381 406 415 439 458 468 469 497
69 73 74 75 80 96 104 109 111 114 115 125 130 132 134 137 141 148 150 162 178 201 209 222 233 243 257 266 286 287 293 323 326 331 337 350 366 372 403 407 409 453 490 492
70 50 79 83 85 100 143 147 162 170 177 185 186 206 209 218 220 231 232 233 236 240 243 246 248 253 270 272 276 277 279 284 294 309 326 329 336 342 383 384 426 432 446 451 455 464 476 482
71 54 87 93 101 104 108 132 133 135 136 139 144 149 158 175 182 191 223 224 250 274 280 298 305 323 326 327 384 387 392 409 422 423 430 433 438 441 443 444 451 465 496
72 58 75 79 82 107 110 121 131 143 145 147 157 169 175 177 178 181 195 203 205 208 216 249 281 288 297 300 301 306 342 355 386 399 408 412 416 424 433 444 450 457 460 465 471 498 500
73 80 74 97 99 114 121 134 137 148 162 173 183 195 203 207 220 231 245 251 282 291 301 308 318 331 338 346 362 377 378 380 386 409 410 411 418 419 435 437 443 447 458 460 462 479 484 492 493 494
74 31 116 137 151 164 165 189 201 213 215 232 240 253 255 284 285 291 292 308 310 313 330 337 352 363 366 368 388 397 406 414 439 445 469 479 481 495 496
75 49 93 97 106 121 122 124 130 140 159 164 167 174 198 203 206 215 218 224 226 248 256 260 268 311 335 344 346 366 377 382 393 395 398 428 437
76 85 83 90 114 122 134 143 150 173 178 217 238 245 257 260 282 286 291 300 303 309 328 340 355 361 383 386 389 402 419 425 427 462 473 493
77 68 78 89 98 100 102 114 115 123 129 137 139 141 143 161 163 173 174 188 192 202 205 227 229 233 238 246 264 268 272 283 291 307 314 316 327 340 352 354 356 358 369 373 376 377 391 396 403 410 423 425 439 444 477 487
78 25 79 91 94 102 104 109 116 128 148 162 165 166 174 175 176 179 202 204 218 222 251 253 255 261 264 265 273 280 283 291 304 305 313 317 329 344 348 350 352 359 364 378 388 405 406 414 424 446 447 450 462 463 472 483 484 500
79 29 98 114 116 118 130 135 142 154 157 173 174 177 206 216 218 220 226 227 231 241 245 253 254 255 284 293 302 307 316 329 332 337 339 343 354 358 359 370 382 388 389 392 403 406 419 422 427 433 476 499
80 45 83 85 90 105 112 132 143 157 158 164 167 175 192 212 219 222 226 234 241 257 290 291 295 298 304 313 316 328 331 357 366 372 382 384 409 414 434 449 476 479 487 492 498
81 94 86 94 95 112 115 117 139 148 160 200 204 205 211 217 220 258 272 287 293 303 316 325 348 354 378 382 386 398 407 413 415 436 439 440 462 495
82 42 89 136 137 144 150 155 156 162 166 167 176 207 213 228 236 239 257 260 269 280 298 300 305 308 311 315 325 336 343 347 352 361 371 377 389 393 396 413 435 440 445 446 459 474 483 496 498
83 90 85 105 108 138 140 166 183 186 195 202 224 225 234 240 248 249 260 261 282 284 295 300 320 336 339 348 351 359 369 379 406 410 417 420 440 453 465 475 484
84 29 99 101 139 140 161 162 195 216 221 227 230 244 248 249 265 290 306 328 330 331 332 337 339 346 350 352 358 379 382 396 418 428 436 444 447 464 466 467 473 479 481 484 485 493
85 80 98 193 205 221 236 244 254 268 290 301 314 315 318 322 327 331 341 349 359 366 404 414 420 424 439 446 455 460 479 494 500
86 97 97 127 128 135 150 169 180 181 206 210 238 252 260 267 271 277 280 284 289 290 298 301 338 350 357 370 374 378 381 393 400 401 426 428 437 441 456 466 470 475 479 493 494
87 90 99 139 145 166 179 197 210 218 223 227 236 238 241 247 252 268 269 290 292 295 307 314 316 332 335 337 344 355 358 367 372 385 392 393 396 410 432 445 456 471 476
88 74 120 123 130 162 166 167 168 170 179 190 194 199 207 218 227 231 243 258 267 277 284 295 330 339 349 360 366 369 373 377 380 392 395 398 406 417 434 442 446 453 461 476 482 494 496 497 499 500
89 70 105 112 118 121 122 128 131 133 139 148 153 166 175 197 210 223 233 239 240 253 270 274 300 302 312 315 322 335 337 378 397 422 436 450 451
90 39 98 115 121 157 168 179 182 211 219 222 235 243 245 251 259 264 273 278 295 309 313 335 337 349 352 386 393 399 408 452 468 481 483 489
91 79 112 134 138 142 147 156 160 169 172 188 198 221 273 278 307 311 323 329 340 364 368 396 417 423 424 431 434 435 444 446 460 463 464 484 485 493
92 55 117 118 131 147 159 160 163 175 178 180 200 201 203 225 231 236 238 248 263 273 277 278 285 329 332 334 336 342 343 344 349 353 360 372 377 398 403 418 421 429 438 443 455 457 466 469 470 480 481
93 71 101 118 126 144 176 185 211 215 216 219 241 267 277 280 296 300 303 306 333 338 342 345 356 377 402 409 437 448 450 467 468 483 492
94 95 99 102 124 131 143 168 169 174 188 195 199 206 210 211 234 269 280 283 294 321 326 330 332 343 348 369 384 401 415 416 424 426 427 429 435 450 452 456 466 467 472 476 479 499
95 63 105 108 128 139 167 169 179 186 197 210 216 220 229 244 274 277 280 281 282 283 284 295 301 331 354 361 370 384 390 400 405 410 442 452 459 466 472 477 480 487
96 47 106 124 129 150 157 159 163 183 187 196 197 212 216 219 233 239 254 262 273 280 284 285 286 293 299 303 304 325 361 366 383 387 395 398 399 418 435 451 452 463 473 481 484 485 490
97 39 106 115 138 148 149 155 179 189 190 202 228 232 248 252 272 276 279 286 306 312 317 327 335 340 342 357 358 363 365 367 380 385 407 418 423 431 456 461 472 475 480 492 494
98 56 99 100 102 114 116 120 122 124 125 127 128 129 146 170 171 172 178 197 219 240 249 255 260 269 280 298 309 313 316 320 321 323 331 341 343 345 348 365 371 375 399 400 404 407 410 425 429 434 436 452 458 463 467 470 475 478 480 484 497 499
99 20 101 104 108 117 123 133 135 140 155 160 162 168 173 187 190 199 216 222 233 253 256 265 270 271 283 301 314 330 334 338 351 364 367 369 371 382 402 404 405 411 425 436 437 442 456 459 473 477 483 486 488 492 493 494
100 71 112 119 122 123 130 160 165 167 172 189 200 208 217 218 239 246 270 272 274 278 308 351 355 356 360 385 391 392 396 409 411 434 455 467
101 81 104 109 113 115 129 150 151 156 157 175 210 221 227 236 247 252 278 307 322 332 341 372 375 378 384 394 403 404 428 450 471 479 496
102 29 106 107 108 123 124 125 132 153 159 161 162 178 179 190 206 220 236 237 240 241 246 252 271 274 279 308 311 313 318 328 350 370 380 388 397 408 412 429 475 480 500
103 91 108 131 139 141 143 148 162 166 173 179 181 192 206 256 262 266 272 292 296 297 302 304 305 315 325 326 332 337 348 357 385 407 413 421 428 429 438 440 464 465 479 486 495 497
104 65 112 121 137 141 149 163 164 173 177 187 190 192 216 217 221 230 256 278 287 291 295 298 299 307 320 325 356 360 363 372 379 382 401 425 429 437 451 464 466 478 484 490 495 497
105 64 115 134 135 159 163 177 178 185 187 194 207 227 237 247 252 253 261 268 272 298 309 315 317 324 330 332 337 341 358 360 397 417 427 439 451 463 468 470 471
106 38 116 117 120 127 140 152 176 201 214 218 227 230 244 253 255 275 280 282 292 297 299 311 317 320 322 323 351 357 373 385 395 401 438 442 461 469 484 490 500
107 81 110 124 134 135 136 139 143 145 158 186 187 195 200 213 222 236 242 250 251 255 256 269 277 279 290 301 314 335 345 346 350 351 370 383 392 400 430 434 435 440 443 446 449 450 451 468 471 472 475 481 491 492
108 61 117 118 145 164 171 174 180 186 201 207 208 213 228 230 242 257 266 271 282 287 299 302 307 311 312 316 318 324 329 338 339 347 351 366 398 403 404 414 418 425 437 461 468 473 496 497 499
109 63 113 127 165 166 177 187 188 189 195 211 229 253 271 272 284 292 315 331 336 338 349 354 362 376 381 387 388 392 398 400 412 416 433 440 445 449 460 489 499
110 22 125 128 158 168 174 175 187 188 194 195 248 258 266 273 275 299 312 333 342 350 357 367 391 409 442 452 458 461 462 464 467 469 474 476 479 486 492 494 495 499
111 37 127 132 137 139 143 145 146 150 186 205 212 218 222 223 228 241 267 272 302 308 318 321 334 341 343 345 350 360 363 373 382 394 396 398 402 412 414 418 424 426 450 456 459 478 484 493 495
112 27 142 147 151 165 175 182 200 208 214 219 221 230 245 246 247 262 265 272 275 289 292 324 337 350 367 374 383 387 399 415 443 468 472 483 493
113 44 134 147 155 159 160 162 163 211 224 226 228 247 257 258 266 272 284 297 320 350 358 361 362 366 381 400 425 428 430 432 433 469 475 483
114 30 129 148 169 197 201 219 224 238 239 246 279 287 295 306 337 343 350 361 369 372 424 447 448 470 485 486 489 490 498
115 90 128 156 167 168 191 196 200 205 214 220 227 235 238 242 245 271 276 278 290 325 331 338 348 352 355 356 368 377 386 395 407 412 439 453 455 477 486 492 493
116 77 121 127 145 156 161 167 177 178 185 194 220 237 246 259 287 294 295 296 316 338 357 360 403 412 430 435 442 450 453 455 459 460 479 500
117 50 127 138 160 170 172 174 183 184 196 200 206 222 232 245 284 302 304 305 316 326 342 346 370 373 379 387 393 409 420 424 442
118 42 124 161 184 187 194 195 198 200 220 222 228 230 250 251 268 271 285 305 306 311 315 321 322 330 341 344 363 389 404 416 429 436 437 440 457 460 461 464 466 478 479 480
119 26 145 165 169 194 196 197 200 203 208 229 230 243 275 278 282 285 290 292 305 320 322 336 366 376 386 415 420 445 448 455 475
120 25 121 126 129 134 140 169 180 193 208 217 220 240 241 250 252 260 261 269 280 298 303 306 309 356 357 373 374 378 392 396 409 410 415 416 417 434 446 459 460 468 476 500
121 87 126 135 136 143 145 146 152 154 155 165 166 170 177 181 186 187 188 210 212 231 238 276 282 292 303 305 325 329 336 339 349 360 364 385 386 392 413 422 424 436 457 460 477
122 29 123 157 197 202 213 225 229 251 253 256 261 277 286 303 307 323 332 341 367 372 394 400 405 422 424 429 430 441 447 452 474 487 492
123 79 144 149 152 161 176 179 186 226 251 253 264 266 280 282 297 305 307 321 322 330 333 335 355 359 400 417 422 426 436 438 444 463 475 483 485 487 488 491 496 499
124 48 127 141 144 165 172 177 183 189 194 196 198 199 218 230 247 261 273 296 325 334 346 358 359 364 370 381 383 384 408 410 437 440 446 459 477 478 488 500
125 93 135 153 155 173 178 179 184 188 199 212 214 223 228 241 247 266 271 278 307 331 334 341 342 345 372 377 382 400 406 419 425 445 451 458 465 489 494 499
126 99 130 147 158 176 180 191 198 201 218 226 228 230 236 240 247 256 262 280 283 288 303 313 326 327 332 340 345 352 360 366 376 382 384 388 391 394 411 421 422 430 431 444 447 451 454 458 473 488 490
127 30 133 137 157 163 175 180 189 198 247 266 271 297 308 321 328 339 340 341 346 354 364 371 380 390 397 398 402 408 419 423 429 432 447 458 460 479 483 494 499
128 48 129 144 150 155 197 206 225 228 245 250 252 258 261 296 304 309 311 314 320 323 333 346 352 378 380 381 393 394 399 418 430 444 458 460 461 466 482 484
129 85 134 150 154 156 176 177 178 193 202 203 209 211 226 230 242 249 264 266 272 280 294 301 327 328 331 332 338 341 344 346 362 379 434 443 449 452 472 478 490
130 32 134 149 151 153 163 179 183 194 196 203 210 212 220 226 239 252 267 271 277 280 284 286 287 298 300 311 316 330 365 377 395 397 400 402 415 442 448 458 460 475 490 491
131 37 135 166 169 185 197 206 208 216 244 246 332 336 355 363 385 406 433 456 484 492
132 41 141 149 172 173 182 185 186 207 214 224 227 241 258 266 284 289 290 291 294 303 320 348 355 363 369 375 379 385 387 396 402 463 470 479 482 492
133 42 139 171 181 201 228 237 253 261 273 292 306 313 315 326 328 337 345 353 363 366 370 384 388 394 401 412 419 423 426 446 455 456 457 458 467 476
134 81 147 148 149 151 156 159 164 179 183 184 185 194 195 199 203 211 223 259 263 290 305 307 313 317 321 352 364 411 413 421 422 429 450 452 454 467 475 482 486 496
135 33 138 141 149 151 155 167 178 183 206 229 234 254 273 286 289 300 301 330 341 355 356 360 368 371 382 385 427 430 433 446 454 462 493
136 69 154 158 166 195 202 218 219 244 248 260 268 281 292 306 322 324 332 342 345 349 350 381 383 391 411 416 428 432 442 443 445 467 471 484 488
137 34 151 166 174 183 191 199 202 210 211 216 220 222 230 231 241 279 282 285 289 306 312 317 322 323 363 368 379 388 400 407 410 418 455 472 483 484 490 492
138 70 154 174 193 195 214 218 220 230 254 255 265 266 268 285 286 303 307 316 317 325 327 336 341 346 353 360 366 381 389 396 407 412 413 427 449 463 467 469 482 483
139 79 141 159 178 182 203 204 209 214 220 229 237 262 265 275 286 307 313 315 328 342 373 377 384 389 393 405 408 432 435 437 445 451 453 461 485 494
140 86 158 171 189 195 198 216 217 244 252 256 257 261 275 278 279 290 300 306 317 327 333 340 358 362 370 373 385 404 413 420 423 424 428 461 469 470 475 482 483 492 498 499 500
141 74 167 177 186 187 191 194 198 199 216 218 225 229 236 265 267 269 271 277 301 305 310 316 356 357 366 372 377 382 391 393 396 403 407 408 415 423 436 450 453 466 469 482 486 487
142 51 152 173 177 182 198 207 218 235 249 261 270 312 313 315 326 333 348 358 367 369 387 401 406 424 428 432 465 480 493
143 36 144 163 197 200 204 217 255 271 273 278 290 295 297 314 328 330 336 343 363 378 395 402 405 409 426 430 463 472 500
144 98 147 150 158 189 203 211 220 225 234 236 237 255 272 275 280 283 285 290 320 329 330 331 358 367 379 382 400 410 427 428 437 440 452 490 493
145 33 146 155 162 170 190 196 205 207 225 235 239 243 250 287 299 300 312 338 353 360 365 366 383 387 412 416 449 472 477
146 34 162 167 175 184 199 219 231 244 256 270 273 280 289 304 314 317 333 336 344 358 360 364 373 378 379 382 396 419 424 431 441 451 455 458 460 475 481 484 491
147 51 164 166 169 171 173 193 199 202 207 211 214 230 243 248 251 264 267 269 270 278 281 287 292 324 344 374 396 412 424 429 435 468 477 488
148 51 149 156 161 168 178 187 194 198 209 221 222 232 233 249 253 257 263 286 288 324 329 337 350 361 372 374 384 387 422 426 435 439 446 468 474 477 498
149 84 170 172 177 189 190 191 207 218 226 247 257 260 269 274 283 284 308 342 351 352 358 378 385 387 396 428 436 449 461 477 479 488 493
150 20 166 208 219 224 234 240 278 281 300 301 321 338 344 348 350 367 390 405 423 436 437 440 444 448 451 453 457 459 462 471 474 478 495 496
151 75 162 164 183 208 221 222 227 257 264 302 311 313 333 334 337 369 382 385 393 404 406 416 424 429 441 445 451 458 466 476 483
152 43 156 168 170 185 190 191 200 207 244 256 261 262 267 277 279 286 306 311 315 343 344 348 349 372 373 374 382 383 384 408 410 427 435 439 441 443 456 460 468 478 485 490 496
153 51 155 160 177 210 216 218 235 237 239 242 251 262 271 278 280 284 298 303 311 325 327 329 330 333 337 368 372 391 403 407 414 424 433 441 451 456 464 486
154 48 162 197 233 240 258 272 280 284 290 292 308 315 319 324 326 345 346 352 359 367 371 372 374 385 408 409 424 432 438 440 441 442 451 471 473 483
155 45 174 182 184 189 207 228 235 238 246 255 261 262 272 288 291 312 315 323 326 328 349 352 354 360 367 369 393 397 406 413 418 431 440 442 459 480 484 499
156 57 179 182 186 196 208 209 213 215 227 228 236 244 247 251 276 302 304 313 319 331 341 343 353 355 361 373 375 379 384 385 394 395 399 408 477 494
157 77 160 161 163 165 179 193 214 232 235 253 261 278 283 291 297 302 312 323 328 341 351 361 366 368 371 373 388 409 428 429 440 450 465 472 476 482 495
158 21 179 185 189 197 227 232 247 283 287 291 292 299 304 308 319 325 333 337 366 369 373 379 402 422 428 444 447 448 499
159 96 172 181 196 198 203 207 211 217 224 227 246 284 290 303 304 305 323 326 335 348 360 363 374 383 399 406 411 420 431 434 443 449 456 463 496 500
160 24 162 165 178 181 192 202 207 212 218 225 258 271 275 284 304 316 328 329 334 341 355 358 361 366 377 395 425 430 435 444 460 473 484 490
161 33 169 183 186 190 191 218 240 246 247 251 252 254 281 282 283 295 308 321 335 338 343 356 361 362 367 371 381 383 385 392 414 427 439 449 467 477 480 481 486 489 497
162 80 182 185 218 222 227 235 242 250 283 311 312 319 329 358 359 367 380 399 405 421 435 444 448 467 479 488
163 21 164 166 195 198 200 205 206 210 234 236 253 256 274 278 296 321 330 337 342 344 351 372 373 376 377 382 396 398 442 447 448 457 464 467 492 495 497
164 50 167 196 200 219 233 241 242 244 257 261 265 270 271 276 279 283 290 293 295 301 305 307 313 314 317 323 327 339 368 373 401 434 448 450 474
165 63 177 185 198 200 202 207 209 212 221 222 230 234 235 255 267 270 281 282 293 297 305 312 330 344 368 380 385 404 407 420 451 455 480 483 499
166 70 180 182 184 188 197 206 215 222 226 261 267 272 278 281 298 299 301 310 311 317 323 335 354 396 398 407 408 447 469 470 487
167 66 168 183 187 195 211 214 218 227 245 254 262 268 287 291 295 307 311 326 337 341 351 359 365 374 381 414 415 422 433 436 442 450 463 472 474 487 492
168 97 169 174 180 192 212 227 228 240 251 265 281 283 314 334 349 361 366 394 403 407 416 435 437 442 444 447 450 466 469 472 475 485 489 490
169 92 181 193 200 203 219 227 262 273 311 331 332 337 347 357 380 381 395 413 434 445 466 474 477 485 496
170 88 213 222 228 238 241 268 269 279 280 291 337 339 351 352 374 410 411 418 434 436 437 442 443 448 452 463 480 495 499
171 24 216 225 230 252 253 279 281 284 291 308 312 348 360 385 415 427 428 431 435 455 456 459 467 486 487 491
172 72 173 175 177 178 187 196 231 235 250 255 262 263 279 282 288 289 295 299 312 334 365 375 382 387 391 393 394 397 410 416 422 432 434 454 463 466
173 59 175 185 191 192 199 206 228 231 233 235 246 285 290 315 320 368 375 382 387 397 398 403 418 430 467 474 476 492 495 499
174 91 176 189 192 203 233 241 261 271 275 279 294 308 313 327 338 348 364 369 381 382 414 415 420 427 429 441 448 460 463 478 487
175 29 187 199 201 216 229 235 254 259 268 270 284 291 310 313 316 317 321 322 336 340 352 361 365 372 381 387 393 410 422 425 439 451 456 459 475 480
176 21 180 219 238 239 249 258 262 321 330 336 352 357 359 376 378 390 393 397 407 412 435 449 455 458 477 482 487 491 492
177 66 186 187 202 214 216 221 223 248 252 279 303 306 307 327 333 334 337 346 347 349 351 358 367 368 375 383 393 397 417 455 463 489 490
178 57 205 217 221 232 233 255 259 263 273 282 283 286 287 302 313 320 335 355 371 377 415 442 445 450 451 459 463 470 483 484 493
179 68 191 196 210 215 220 221 223 231 233 240 241 246 249 253 279 299 307 308 310 318 338 345 349 355 356 359 379 382 385 405 422 426 442 445 461 468 473 476 482 488 494 499
180 94 205 206 219 230 237 248 261 262 264 266 268 277 297 300 323 350 351 352 353 356 384 400 401 408 419 433 442 447 465 472 474 479 488 494 500
181 98 205 209 222 226 246 260 283 291 293 294 296 301 305 310 319 324 328 336 338 345 350 368 397 403 405 413 415 419 437 441 446 461 475 484
182 64 187 192 199 206 228 233 235 267 277 288 308 309 317 318 332 358 365 370 375 381 385 409 436 453 456 499
183 83 189 192 197 210 220 235 240 242 271 279 288 298 301 304 305 311 316 323 344 362 371 398 407 415 417 431 443 445 446 467 469 476 486
184 50 186 198 202 223 225 228 234 235 240 243 246 249 251 258 259 265 284 302 303 321 322 324 325 339 349 364 367 384 396 410 418 420 421 429 438 441 448 454 457 472 475 481 483 484 487
185 56 190 192 194 197 213 231 262 312 324 329 345 366 371 373 383 393 401 408 420 424 430 457 464 475 485 491 492
186 83 188 218 246 247 269 278 304 310 311 319 322 324 326 334 337 343 355 383 388 408 416 427 434 444 447 470 473 483
187 41 206 209 236 247 259 261 264 272 287 299 317 319 332 334 349 350 351 354 361 362 363 367 371 376 388 390 393 406 408 417 420 429 434 438 451 454 460 471 477 479 490
188 72 218 224 239 256 272 327 329 331 335 338 341 357 365 366 369 386 387 392 399 408 409 415 419 422 437 438 456 465 469 495 497
189 76 191 240 242 243 246 268 273 274 282 301 302 331 340 342 349 360 362 380 417 425 427 428 429 432 434 448 484
190 50 191 196 201 208 224 228 232 244 246 254 279 294 295 298 310 342 344 348 349 351 357 363 374 397 401 440 471 476 481 484 485 489 493 496
191 44 194 195 211 233 241 245 246 249 258 291 297 300 303 307 329 330 337 338 352 362 400 436 439 440 441 477 479 480 489 492 500
192 79 193 217 228 244 253 270 276 281 288 293 300 302 304 315 321 330 331 334 339 355 367 392 401 422 430 431 440 447 459 461 467 470 478 487 496
193 83 203 208 222 228 257 267 270 276 279 282 287 294 299 312 315 328 361 375 392 401 406 408 412 419 421 423 437 438 444 447 453 477 490 491 497
194 26 195 199 242 244 253 255 283 288 296 299 310 321 338 354 358 364 368 374 379 391 399 400 416 423 441 454 455 466 471 486
195 28 223 232 235 271 290 292 294 311 320 341 346 352 394 397 408 413 417 419 428 429 435 472 487 489
196 36 208 237 238 253 255 265 301 316 332 335 337 340 341 349 354 358 372 373 376 385 386 388 398 422 423 424 431 434 438 442 448 452 454 459 462 463 479 481 494 499
197 28 218 234 238 258 268 275 276 279 339 351 360 367 368 372 397 448 450 456 459 460 485 486
198 33 208 227 228 236 237 242 249 252 253 273 274 275 276 277 301 312 337 342 343 356 360 364 366 375 383 410 427 444 447 454 455 465 480 490
199 96 225 227 234 258 259 264 267 280 300 319 320 329 334 338 346 362 372 385 390 391 413 416 446 485 489
200 47 231 248 251 253 261 265 312 325 335 374 389 401 407 411 413 417 473 486
201 78 249 257 270 273 294 302 314 319 339 350 355 391 392 400 402 404 420 421 439 440 443 448 457 476 487
202 22 251 262 264 270 273 275 277 281 313 343 352 359 368 372 374 386 416 428 434 455 460 479 480 482 488 495
203 64 208 230 235 251 255 258 261 271 275 280 306 308 311 324 332 333 339 347 348 349 361 367 368 372 376 393 394 413 415 426 428 431 432 435 441 448 466 472 481
204 85 217 268 273 275 277 293 296 304 319 335 340 374 384 393 395 410 413 420 425 429 436 437 446 452 467 469 471 472
205 85 209 211 225 231 235 240 255 269 273 285 288 298 310 311 331 333 357 366 380 397 404 405 406 408 419 425 444 463 478 484 492 496
206 52 219 249 253 259 263 267 276 280 299 300 302 305 309 310 312 325 334 345 353 359 361 362 363 373 377 379 385 388 394 405 406 417 430 454 457 458 465 484
207 66 220 226 232 238 250 251 262 263 272 287 289 291 318 330 354 364 371 393 394 418 423 464 465 468 476 487 494
208 75 211 234 235 249 251 262 274 280 301 306 310 314 316 321 326 346 373 393 396 416 417 434 437 445 448 450 454 469 471 472
209 51 213 226 227 238 246 248 252 271 275 282 284 313 324 328 338 349 362 363 365 376 379 380 381 391 405 408 415 418 420 421 428 436 445 446 457 485
210 73 220 230 236 242 243 252 261 273 286 302 308 312 313 323 332 336 343 350 363 370 375 383 388 395 397 410 412 428 434 446 450 452 458 463 470 479 487 499
211 73 229 238 239 240 243 252 268 278 288 290 308 323 332 333 337 352 360 364 373 401 406 410 424 427 438 441 443 448 449 453 455 459 473 477 483 492
212 100 215 216 225 229 233 236 240 246 255 262 266 292 295 306 310 327 332 341 353 362 403 409 419 421 428 467 473 479 487 500
213 28 229 230 245 248 256 269 270 274 280 301 318 322 325 342 344 353 355 366 379 421 422 426 434 437 452 458 480 482 492
214 56 230 237 252 264 286 291 292 297 301 309 342 346 351 365 377 380 381 383 385 390 391 400 411 430 432 438 439 449 498 499
215 97 230 288 291 293 298 300 303 304 319 331 344 345 358 360 367 369 376 386 397 420 422 423 450 457
216 83 217 221 226 250 257 290 296 298 299 305 314 333 340 357 366 397 409 420 441 461 473 478 499
217 96 225 251 252 253 267 269 270 276 280 291 300 304 322 328 336 344 345 354 370 375 385 406 408 433 439 451 455 469 488 495
218 89 227 237 240 244 247 252 257 260 268 282 302 321 323 327 337 346 350 359 366 380 426 428 435 436 448 466 470 478 481 489
219 55 221 226 236 240 241 246 256 275 277 288 305 330 338 344 345 349 391 396 424 425 434 438 441 446 451 456 458 469 472 480 482 491 493
220 74 241 242 259 307 314 333 353 364 366 367 372 373 381 385 398 404 408 431 435 436 437 448 450 457 462 469 481 483 490 497 500
221 83 236 250 255 258 259 260 264 286 289 300 317 320 332 337 338 340 344 352 360 362 366 394 400 404 427 428 432 440 441 450 452 465 476 482 490 500
222 60 245 260 268 286 314 325 329 360 368 410 418 419 438 440 451 456 475 477 486
223 26 227 258 266 282 310 314 321 330 334 335 344 351 359 361 370 374 389 395 425 433 438 462 463 468 478 498
224 24 226 233 245 249 260 275 278 279 282 294 295 301 305 307 309 314 318 324 326 335 340 348 355 360 361 377 409 416 421 441 444 446 447 451 455 459 461 462 487
225 92 226 258 266 278 296 299 301 307 308 324 341 356 375 378 395 403 430 441 450 457 468 474 476 477 487 493 499
226 73 227 230 249 269 292 308 344 362 381 386 394 396 397 418 436 480 481 485 490 498
227 32 247 249 252 256 278 282 290 300 304 307 317 325 335 343 372 383 384 394 434 451 474 476 483 500
228 89 241 250 260 270 280 284 287 297 299 310 311 325 326 334 337 343 383 386 387 395 400 401 406 430 452 471 476 479 484 491
229 91 230 267 270 271 272 279 293 294 301 315 327 351 353 356 378 413 427 436 438 440 456 461 479 500
230 22 231 233 256 257 258 261 266 318 337 340 350 359 368 376 385 387 391 416 428 437 451 464 477 485 494
231 71 235 255 265 275 284 301 303 323 324 335 340 348 361 366 377 382 398 399 405 409 417 419 428 437 441 472 486 489 496
232 93 238 269 275 277 280 285 290 297 308 310 311 312 326 329 330 336 348 370 373 374 381 386 398 407 417 428 429 435 442 463 466 471
233 59 241 243 245 247 252 260 274 283 286 287 292 312 313 316 326 356 374 378 395 423 425 427 434 443 447 453 456 489
234 100 238 241 256 302 312 313 316 317 323 328 330 345 381 387 394 395 399 405 416 417 419 424 431 432 443 461 467 471 476 484 492
235 22 243 256 258 260 261 267 270 297 316 322 328 338 342 345 353 359 361 385 395 409 422 428 443 455 460 461 476 490 492 500
236 23 237 258 271 305 310 311 316 331 335 339 364 391 407 420 423 454 463 466 480
237 74 251 256 276 293 311 313 314 318 319 335 340 344 354 355 365 374 407 409 420 424 432 436 438 458 469 472 480 488 500
238 98 243 246 257 274 287 305 329 345 358 361 380 387 389 391 422 436 438 443 452 454 456 467 474 493
239 75 242 243 252 258 267 286 289 290 306 313 322 324 327 328 334 336 341 354 359 367 371 410 472 491 498
240 90 245 254 266 281 286 288 296 319 320 358 366 376 382 388 390 395 396 411 415 422 451 453 456 468 473 478 495 497 498
241 39 244 250 254 258 282 291 300 380 388 393 412 431 434 440 447 449 454 459 464 471 476 478 480 500
242 29 250 251 252 262 264 281 285 293 296 302 311 318 326 343 344 345 349 359 429 431 446 449 460 461 464 468 496
243 87 248 263 267 311 317 322 344 361 363 376 397 419 434 445 456 460 462 465 468 479 480 495
244 34 251 252 259 267 276 278 283 288 295 312 329 355 356 357 358 362 365 367 371 389 397 406 409 415 426 430 432 434 439 461 472 473 483 487
245 79 273 280 282 291 293 312 313 328 331 332 334 339 353 357 377 412 439 461 478 488
246 52 250 253 262 273 286 292 297 321 353 365 369 370 372 377 383 411 421 425 427 454 461 473 486 491
247 47 262 265 283 285 291 298 313 320 326 330 334 341 343 353 354 355 358 361 372 379 404 419 422 453 465 475 485
248 47 266 274 283 296 308 332 358 387 404 408 415 434 439 447 475 486 488 493
249 65 265 267 321 324 325 330 331 333 349 353 357 370 376 380 388 397 410 416 425 427 440 458 460 461 463 472 476 480 488 496
250 79 251 267 293 308 330 339 365 366 376 382 395 401 402 403 406 414 419 447 462 467 472 481
251 73 285 290 329 334 351 377 400 424 433 443 445 446 448 449 452 453 491 499
252 37 283 296 301 302 306 316 325 338 347 371 381 384 395 402 411 412 421 427 439 455 458 465 466 491
253 36 278 282 295 308 318 322 335 351 360 366 384 420 422 423 426 429 430 435 444 452 463 471 474 485 491 495
254 20 256 260 262 271 276 291 295 303 305 309 322 323 331 332 338 340 374 383 398 400 401 404 409 414 420 423 446 473 474 478 493
255 72 257 268 276 283 286 297 298 309 310 319 346 350 359 363 385 402 427 432 433 452 461 466 479 481 490 493 496 498
256 27 263 284 288 302 304 314 333 343 346 351 352 357 361 380 423 424 426 437 449 453 472 475 498
257 62 259 277 279 291 300 315 324 326 344 347 348 365 368 372 376 388 389 391 410 413 426 432 442 466 472 473 488 493
258 74 294 298 307 326 335 344 349 355 357 393 405 427 471 479 492
259 95 262 265 277 291 308 318 319 326 328 329 330 331 342 343 351 373 375 382 416 457 460 462 464 468 479
260 50 273 281 282 291 292 306 308 314 318 330 331 339 341 390 399 401 420 421 429 446 449 465 467 472
261 20 276 278 310 324 328 333 344 362 392 395 409 410 432 437 438 439 443 464 475 478 495
262 100 263 264 271 275 278 289 322 364 380 400 402 422 427 435 437 444 463 476 478 481 496 498 500
263 65 269 274 275 285 286 287 301 310 320 326 328 336 338 342 352 353 370 384 390 397 401 402 406 418 420 423 424 427 438 445 448 455 456 487 490
264 37 271 272 277 290 294 298 307 311 313 319 327 330 334 350 361 366 397 431 442 467 472 493
265 83 266 283 291 306 310 313 317 341 379 395 411 414 421 422 424 431 452 478 487 496
266 33 269 273 279 291 297 311 314 330 338 347 355 357 374 387 394 400 413 450 453 461 475 480 490
267 52 269 299 303 304 307 337 338 360 371 381 391 398 406 416 420 425 428 436 464 473 475 499
268 99 277 281 293 308 314 317 322 327 336 344 371 376 386 406 416 418 427 446 454 458 489
269 55 279 285 291 296 314 316 321 324 326 337 347 381 383 385 396 399 409 434 442 465 466 475 477
270 84 274 277 289 299 312 315 317 320 355 358 359 372 385 390 397 407 414 427 441 454 495 497
271 30 283 293 295 309 316 324 331 334 337 345 351 353 364 376 389 396 399 412 421 436 445 446 453 468 485 486 490 497
272 86 296 303 313 356 358 368 372 386 387 410 428 432 435 436 461 463 495
273 64 274 284 289 315 322 335 339 343 349 350 361 363 364 370 374 392 434 435 440 457 469 476 487 498 500
274 86 315 322 323 338 339 343 344 378 380 391 407 414 421 434 442 447 462 475 493
275 47 281 284 295 296 297 305 315 330 335 343 344 365 377 378 379 381 394 395 402 410 437 451 460 480 482 487 492 495 496
276 97 278 295 299 301 313 333 335 336 342 363 378 381 389 392 409 415 419 450 465 467 469 470 478 491 493 499
277 73 286 289 290 308 334 337 353 370 374 380 385 392 399 400 411 413 419 434 442 449 469 470 476 484
278 43 282 321 325 367 394 396 416 425 430 431 435 446 465 468 472 482 486
279 69 286 289 304 308 321 327 334 349 351 381 408 410 428 448 465 466 467 469 475 479 485 495 499
280 45 281 289 296 298 311 314 317 320 324 337 340 350 354 360 365 380 403 433 434 436 446 462 486 492
281 85 284 296 297 305 312 330 347 354 384 399 408 420 432 434 455 456 474 475 484 488 499 500
282 35 301 353 359 407 412 423 440 443 472 490 496
283 87 285 301 310 335 338 352 363 387 405 409 422 425 428 430 431 434 441 451 479 489 496
284 90 290 294 306 307 309 313 318 320 322 326 328 343 347 352 363 370 379 384 385 387 406 410 412 415 434 435 441 455 461 480 487 488 491 497
285 54 297 308 311 332 355 368 369 379 382 390 412 417 422 444 458 460 463 466 469 471 477 482 485 487 493
286 74 289 300 317 347 359 381 394 402 403 404 419 421 422 434 447 459 487 489 495
287 95 301 307 308 329 332 336 377 383 386 404 406 407 463 464 473 492
288 46 299 307 332 343 352 370 372 385 407 421 430 442 452 474 477 480 484
289 60 298 310 341 383 414 419 431 439 441 443 447 449 451 461 463 467 471 474 475 481 497
290 96 322 325 330 365 397 417 434 462 478 479 489 492 497 498
291 35 303 305 310 336 340 342 353 356 357 374 382 384 386 389 408 411 419 423 426 449 464 468 471 477 479
292 76 301 305 306 307 313 321 324 335 353 371 401 406 417 418 420 425 429 435 456 462 474 480 490 495
293 94 299 302 307 318 322 328 338 339 378 388 392 420 432 434 438 441 451 452 477 481 485 494 499
294 100 325 330 333 350 355 359 374 378 410 415 424 432 436 437 439 444 448 456 469 481 498
295 32 307 308 328 351 366 369 389 398 400 401 412 421 424 427 432 433 435 436 437 443 460 497
296 36 327 333 338 346 355 357 370 371 392 405 406 409 410 434 442 443 449 475 482 483 491 494
297 99 299 313 318 328 336 359 365 376 385 388 395 401 405 434 457 462 465 471 473 498
298 76 307 308 314 316 318 325 332 340 344 346 349 359 370 394 396 414 418 420 437 440 441 457 459 460 473 489 491 492 494
299 64 305 317 343 346 364 365 388 391 396 399 400 406 457 460 493 496 499
300 33 302 306 316 318 330 337 350 351 363 364 375 380 393 396 398 411 413 424 429 435 444 450 457 473 475 476 495
301 80 318 331 340 345 372 378 380 382 383 384 396 404 416 427 429 430 432 434 435 452 470 472 482 486
302 38 304 309 329 338 366 385 387 397 398 406 411 424 430 431 436 437 438 441 445 460 461 472 475 479 499 500
303 25 327 333 344 365 372 375 384 385 410 415 419 436 441 447 456 472 474 481 496
304 38 326 327 328 376 390 392 414 434 435 436 440 445 455 456 461 467 468 480 492
305 62 339 342 351 354 369 373 374 381 385 390 402 413 435 448 459 460 461 467 468 470 471 474 495
306 56 311 315 318 327 339 350 363 371 375 386 425 433 442 451 460 470 472 483 492 495 496 498 499
307 59 322 347 359 387 396 404 409 423 429 430 439 466
308 78 312 317 325 348 355 375 390 393 417 419 423 449 457 474
309 96 318 323 335 343 348 365 375 388 418 428 429 438 450 454 455 465 468 475 489 497
310 29 311 313 318 338 339 348 353 368 374 393 427 434 441 442 452 459 476 484 486 487 492 493
311 96 322 330 335 339 340 349 377 384 385 411 415 449 453 455 460 462 472 478 480
312 48 322 329 340 347 351 359 368 370 382 417 419 474 479 487 498
313 96 334 336 343 385 387 404 413 422 425 426 428 436 440 441 452 461 470 472 475 479 493
314 73 326 329 337 338 342 357 384 387 397 398 408 431 445 452 466 468 495 499
315 90 326 336 357 370 395 398 425 427 429 431 452 470 479 492
316 29 329 331 335 349 370 383 398 402 416 431 450 455 460 478 487
317 38 320 322 323 351 369 372 384 387 417 422 430 441 456 461 469 471 485
318 55 322 352 358 368 373 376 382 385 387 390 412 414 416 421 428 446 455 457 466 468 481 495
319 52 328 329 349 375 376 378 396 414 415 430 432 434 436 437 440 450 461 463 468 469 470 487 495 498
320 71 352 354 390 393 409 412 426 437 438 471 478 493
321 51 330 333 348 356 375 389 399 422 435 452 469 483 497
322 96 334 344 346 381 392 394 407 414 419 424 428 462 489 491
323 80 338 353 356 376 381 382 394 402 417 422 445 448 458 466 469 475 487 496
324 73 330 336 338 348 352 402 414 415 431 439 461 467 479 481 496
325 48 330 344 345 349 351 368 370 381 385 389 406 412 416 440 454 458 463 465 469 473 477 482 484
326 29 327 330 341 343 366 369 389 398 444 451 474 481 490 491
327 49 335 404 405 408 411 419 421 425 426 456 467 468 487 488
328 40 330 339 347 357 370 375 380 386 389 392 407 408 434 448 450 498
329 40 338 339 359 364 381 391 416 424 436 443 448 451 453 464 482 497
330 46 332 334 343 344 352 366 382 394 397 401 415 419 421 425 441 447 450 462 470 476 491
331 53 333 338 365 378 398 402 406 433 434 446 454 473 476 492 495
332 22 341 346 354 355 361 372 373 382 383 384 386 389 400 403 411 416 431 441 479 480 485 486
333 60 334 357 370 375 437 443 444 451 476 480 492 495
334 83 335 337 339 343 353 361 371 379 380 384 405 411 416 423 436 447 470 472 486 490
335 39 350 384 399 407 408 416 418 420 422 464 466
336 35 356 367 372 377 379 385 408 409 412 440 445 451 454 460 471 483 488 492 495 498
337 29 374 382 397 402 409 419 422 423 443 446 453 457 461 464 472 480 482 484 489
338 43 347 360 363 393 396 404 407 409 432 435 443 446 451 453 483 484 498
339 68 343 344 361 365 397 401 420 425 426 437 441 444 454 463 481
340 82 351 357 370 404 410 423 425 445 447 464 489 493
341 96 353 354 356 383 385 393 404 407 408 412 419 423 424 431 435 436 452 457 462 477 488
342 24 362 369 370 398 408 473 481 491 495
343 27 357 359 370 379 380 396 414 416 433 440 443 448 462 465 466 484 487 490 491 493 500
344 63 355 358 359 370 374 398 411 419 440 443 490
345 21 357 381 385 389 392 401 410 425 428 433 434 435 437 447 466 469 473 475 478 480 486 491 499
346 41 359 388 397 398 404 407 417 420 425 477 484
347 79 353 360 363 364 369 374 383 387 390 391 396 398 403 404 440 466 475 484 486 489
348 50 349 356 375 378 379 403 405 419 421 422 432 436 440 487 497
349 74 363 387 393 405 407 408 414 418 421 422 430 446 463 470 480 482 499
350 51 378 392 409 413 417 430 434 446 447 488 494 500
351 22 380 382 396 406 422 430 437 447 463
352 45 359 362 365 371 378 382 385 391 394 434 437 446 451 453 489 492 495 496
353 66 366 383 392 394 403 408 448 473 474 479 498
354 85 361 368 388 404 426 427 430 435 440 462 479 482 492
355 54 364 370 384 395 451 452 468 471 479 480 481 489 500
356 22 378 403 411 413 441 452 466 470 473
357 42 362 363 364 368 369 385 387 392 407 410 436 444 450 453 454 500
358 71 361 366 367 393 408 410 411 424 435 466 481 498
359 76 378 381 406 413 448 451 465 480 488
360 29 368 380 389 397 398 406 413 414 438 445 453 455 471 494
361 62 380 418 421 442 446 448 456 458 460 474 479 492 493 494
362 61 370 389 390 394 398 430 448 449 452 460 462 467 476 479 487 492
363 97 371 383 392 394 395 411 413 419 431 435 436 444 452 464 478 480 489 497
364 95 369 384 386 387 412 424 433 447 448 455 459 462 488
365 93 376 404 434 439 444 467 473 497
366 30 372 390 398 422 432 433 442 445 478 498
367 92 378 380 396 408 409 435 440 451 455 456 468 483 485 486
368 37 372 383 384 403 413 426 427 433 463 471 473 489 490
369 29 376 393 395 396 413 416 418 443 457 460 466 481 482 487 495 499
370 46 374 382 389 395 397 413 419 427 432 441 444 454 457 460 464 477 478 493
371 100 403 406 411 413 417 426 427 429 442 454 464 472 492 494
372 44 373 381 389 391 392 411 414 426 431 440 457 458 472 489 500
373 45 380 385 403 414 417 421 437 463 469 496
374 55 383 384 428 434 438 445 453 464 478 480 481 487 497
375 44 382 400 404 417 437 448 458 460 463 465 477
376 46 382 393 421 429 438 462 468 471 476 480 481 484 485 493
377 89 380 397 409 426 433 434 439 456 457 485 490 500
378 79 389 406 429 432 459 489 492 495 498
379 51 391 404 415 418 427 429 432 443 444 451 458 461 463 472 494
380 95 397 400 401 420 449 452 488
381 27 382 384 393 423 424 433 443 468 479 480 493
382 82 390 398 406 437 446 458 466 479 485 500
383 47 399 400 412 417 419 427 431 438 445 449 457 484 500
384 25 385 391 393 405 421 436 442 473 484 487 491 494
385 36 440 444 461 470 479 481 487
386 48 394 398 399 402 408 425 449 478 482
387 26 403 421 424 447 461 466 483 486
388 56 389 391 412 415 424 427 431 436 442 444 456 472 474 477 480 485
389 100 393 414 419 421 422 432 437 443 477 482 490
390 97 407 419 438 441 450 468 471 479 489 496
391 33 415 417 419 421 453 464 466 468 476 493 499
392 99 397 407 420 428 438 451 461 473 484 487 492
393 62 400 404 444 456 460 474 485 487 490
394 45 398 403 418 432 439 443 449 450 464 470 474 500
395 34 407 439 442 444 480 489 495 496
396 31 412 419 429 431 452 456 458 486 488 491
397 54 403 414 415 416 433 438 449 451 455 463 465 468 472 475 486
398 26 444 455 475 477 482 487
399 85 417 420 427 429 441 443 448 450 485
400 34 431 444 457 460 466 469 478
401 24 409 413 414 421 436 437 456 474 489 496
402 34 415 421 427 440 459 480 488
403 26 421 423 424 455 460 470 477 479 480
404 55 407 433 437 462 463 473 474 475 485
405 97 413 414 436 448 483 499 500
406 81 419 420 422 432 437 440 460 462 465 500
407 49 425 432 434 440 443 471 478 486
408 68 417 433 446 456 469 481 483 489 494
409 26 425 434 440 443 446 456 458 460 473 496
410 59 422 427 460 476 490 495
411 90 414 418 420 424 444 472 489
412 20 426 434 456 457 461 483 491 498 500
413 27 417 429 441 444 446 454 466 476 479 481 492
414 99 416 418 435 440 470 483 499
415 50 426 433 455 478 494
416 20 419 426 448 467 478 480 484 495 496 499
417 37 420 424 441 452 461 470 472 483 485 500
418 20 422 426 427 431 440 443 444 452 453 456 459 460 473 493 496
419 71 443 446 452 464 473 477 480 488 490 491 496 497
420 58 457 463 484 490 491
421 25 457 470 474 477 492
422 70 425 429 430 450 461 463 491 500
423 47 429 432 442 444 450 460 471 486 495 498
424 55 455 465 474 489 495
425 81 426 429 441 456 460 474 476 480 488 496
426 59 429 445 447 452 483 487 491 496 497
427 28 431 444 446 447 453 472 490
428 84 444 451 456 462 472 482
429 87 432 441 442 445 466 467 469
430 70 435 443 445 461 463 469 487 495
431 44 446 454 466 467 481 492
432 52 433 450 465 473 489 490
433 40 442 460 465 473 482 483 492 499
434 29 446 454 487
435 41 438 439 443 450 467 471 477 489
436 34 438 445 448 452 457 462 467 485 488
437 27 442 444 446 458 471 475 493 500
438 72 439 442 450 454 480 483 487 497
439 68 443 458 466 471 473 486 490 491 500
440 73 456 464 467 478
441 26 443 452 455 462 470 487 491
442 69 462 465 471 475
443 35 480 481
444 77 447 469 470 473 474 475 491 495 496 500
445 67 449 479 491 497
446 66 453 475 484 492 496
447 78 449
448 71 458 468 476 483 487 488 497
449 45 452 460 469
450 92 489 491 496
451 100
452 68 459 469 494 499
453 46 462 482 486 496
454 50 460 466 470 475 479
455 43 460 472 478 485 500
456 57 466 469 472 479
457 61 482 483 494
458 54 461 469 480
459 84 465 480 486
460 100 466 474 483
461 31 472 484 485 498
462 91 482 490 495
463 37 466 469 476 486 497
464 68 470 475 479 490 493
465 85 477 480 482 491 492 496
466 26 469 484 492 499
467 99 484 486 489
468 56 471 481 498 500
469 36 480 500
470 94 472 476 497 499
471 89 472
472 34 477 484 486 491 492 497
473 23 474 490
474 85 477 482 485
475 57 491
476 25 489 494 495
477 80 481 486 499
478 41 488 489 498 500
479 58
480 91 492
481 100
482 83 491 497
483 29 487 492 494
484 34 485
485 93 488 490
486 27 489
487 72 499
488 56 490 496
489 88
490 33 491
491 47 494
492 75 498
493 76 495 499
494 32 496 500
495 94
496 92 497
497 70
498 73
499 76
500 27
