1000
1 77
2 81
3 89
4 60
5 63
6 58
7 81
8 77
9 54
10 66
11 83
12 91
13 78
14 71
15 61
16 65
17 98
18 78
19 99
20 99
21 94
22 53
23 68
24 97
25 100
26 77
27 59
28 75
29 94
30 56
31 52
32 64
33 96
34 61
35 64
36 50
37 59
38 90
39 65
40 61
41 55
42 83
43 81
44 97
45 95
46 54
47 70
48 62
49 84
50 93
51 63
52 94
53 54
54 55
55 96
56 88
57 77
58 69
59 58
60 85
61 79
62 96
63 61
64 50
65 90
66 81
67 85
68 67
69 86
70 50
71 50
72 81
73 50
74 70
75 54
76 54
77 70
78 74
79 86
80 87
81 92
82 85
83 61
84 80
85 56
86 89
87 74
88 90
89 79
90 74
91 68
92 71
93 56
94 52
95 94
96 50
97 100
98 75
99 53
100 65
101 92
102 58
103 95
104 66
105 60
106 81
107 63
108 100
109 62
110 68
111 58
112 54
113 84
114 84
115 73
116 86
117 78
118 75
119 53
120 68
121 70
122 58
123 100
124 65
125 91
126 93
127 59
128 92
129 57
130 65
131 74
132 94
133 88
134 89
135 87
136 68
137 94
138 98
139 68
140 60
141 93
142 83
143 61
144 52
145 59
146 100
147 77
148 84
149 65
150 92
151 58
152 58
153 54
154 71
155 65
156 96
157 60
158 92
159 98
160 72
161 83
162 51
163 53
164 100
165 52
166 74
167 90
168 57
169 99
170 88
171 80
172 62
173 99
174 72
175 98
176 90
177 58
178 76
179 55
180 92
181 76
182 77
183 92
184 67
185 75
186 97
187 76
188 85
189 60
190 82
191 73
192 58
193 85
194 71
195 98
196 72
197 74
198 54
199 95
200 77
201 65
202 50
203 65
204 78
205 79
206 96
207 95
208 94
209 60
210 90
211 91
212 72
213 83
214 75
215 82
216 72
217 64
218 51
219 98
220 51
221 98
222 53
223 77
224 89
225 62
226 91
227 67
228 98
229 59
230 80
231 67
232 88
233 67
234 68
235 88
236 71
237 100
238 74
239 57
240 62
241 81
242 100
243 67
244 85
245 72
246 89
247 83
248 69
249 94
250 83
251 97
252 59
253 93
254 55
255 78
256 72
257 51
258 60
259 70
260 58
261 76
262 56
263 51
264 72
265 73
266 55
267 65
268 55
269 88
270 84
271 67
272 64
273 80
274 98
275 72
276 84
277 96
278 78
279 77
280 76
281 74
282 74
283 91
284 68
285 82
286 92
287 70
288 87
289 79
290 65
291 70
292 80
293 57
294 98
295 68
296 83
297 86
298 62
299 65
300 86
301 87
302 60
303 82
304 89
305 50
306 59
307 93
308 68
309 68
310 60
311 73
312 81
313 52
314 88
315 100
316 80
317 64
318 78
319 75
320 83
321 61
322 71
323 81
324 84
325 100
326 75
327 62
328 94
329 50
330 67
331 59
332 64
333 53
334 97
335 85
336 95
337 79
338 93
339 68
340 81
341 67
342 63
343 55
344 92
345 70
346 72
347 94
348 97
349 54
350 86
351 90
352 78
353 51
354 76
355 66
356 88
357 64
358 69
359 57
360 96
361 100
362 85
363 68
364 89
365 58
366 92
367 89
368 62
369 89
370 87
371 90
372 64
373 88
374 68
375 86
376 86
377 52
378 56
379 96
380 62
381 79
382 94
383 89
384 63
385 94
386 62
387 94
388 55
389 75
390 68
391 54
392 54
393 54
394 61
395 66
396 52
397 85
398 55
399 81
400 90
401 94
402 66
403 100
404 51
405 85
406 69
407 51
408 63
409 67
410 54
411 80
412 67
413 80
414 89
415 74
416 98
417 70
418 96
419 81
420 93
421 73
422 67
423 78
424 51
425 77
426 76
427 77
428 92
429 84
430 53
431 75
432 99
433 95
434 88
435 92
436 74
437 80
438 63
439 68
440 92
441 70
442 60
443 71
444 97
445 63
446 67
447 71
448 62
449 53
450 73
451 99
452 53
453 59
454 68
455 81
456 94
457 67
458 91
459 78
460 91
461 66
462 59
463 61
464 79
465 84
466 89
467 62
468 57
469 59
470 58
471 76
472 61
473 55
474 54
475 98
476 82
477 100
478 80
479 85
480 57
481 53
482 75
483 68
484 87
485 52
486 84
487 95
488 53
489 65
490 50
491 97
492 78
493 60
494 54
495 57
496 91
497 91
498 92
499 57
500 73
501 70
502 70
503 93
504 82
505 56
506 97
507 88
508 99
509 71
510 90
511 97
512 54
513 70
514 65
515 60
516 85
517 83
518 82
519 72
520 76
521 98
522 83
523 62
524 77
525 56
526 80
527 57
528 66
529 86
530 50
531 76
532 87
533 78
534 71
535 62
536 83
537 97
538 82
539 72
540 69
541 77
542 64
543 62
544 94
545 92
546 88
547 52
548 89
549 96
550 90
551 99
552 77
553 82
554 99
555 57
556 57
557 60
558 82
559 82
560 56
561 76
562 54
563 69
564 60
565 58
566 92
567 56
568 64
569 87
570 86
571 82
572 59
573 80
574 79
575 66
576 87
577 97
578 74
579 69
580 82
581 51
582 91
583 81
584 91
585 76
586 91
587 62
588 83
589 90
590 65
591 77
592 83
593 60
594 72
595 88
596 51
597 54
598 69
599 71
600 97
601 80
602 69
603 51
604 83
605 54
606 69
607 68
608 66
609 52
610 84
611 88
612 94
613 72
614 79
615 56
616 74
617 75
618 86
619 64
620 64
621 79
622 94
623 66
624 87
625 73
626 57
627 86
628 62
629 69
630 51
631 81
632 71
633 64
634 74
635 64
636 95
637 92
638 76
639 54
640 83
641 64
642 62
643 88
644 100
645 97
646 53
647 86
648 51
649 62
650 92
651 96
652 55
653 75
654 89
655 50
656 83
657 93
658 96
659 68
660 90
661 74
662 92
663 87
664 99
665 70
666 76
667 59
668 100
669 97
670 100
671 90
672 61
673 78
674 87
675 50
676 69
677 75
678 72
679 59
680 71
681 62
682 50
683 97
684 58
685 90
686 77
687 56
688 50
689 81
690 55
691 91
692 78
693 51
694 52
695 65
696 60
697 64
698 83
699 73
700 96
701 86
702 98
703 63
704 93
705 77
706 67
707 57
708 69
709 73
710 50
711 91
712 99
713 87
714 87
715 55
716 67
717 98
718 98
719 86
720 96
721 93
722 89
723 62
724 64
725 50
726 52
727 70
728 59
729 54
730 85
731 96
732 75
733 94
734 85
735 91
736 91
737 85
738 96
739 93
740 60
741 71
742 63
743 72
744 70
745 89
746 58
747 61
748 73
749 88
750 92
751 70
752 90
753 71
754 79
755 92
756 83
757 82
758 69
759 81
760 66
761 88
762 57
763 68
764 77
765 65
766 84
767 67
768 89
769 63
770 100
771 92
772 98
773 63
774 91
775 73
776 95
777 58
778 55
779 57
780 63
781 64
782 64
783 64
784 77
785 98
786 95
787 91
788 62
789 70
790 89
791 55
792 74
793 99
794 56
795 83
796 85
797 60
798 78
799 60
800 90
801 64
802 86
803 91
804 85
805 56
806 72
807 88
808 99
809 76
810 50
811 88
812 69
813 95
814 73
815 51
816 70
817 93
818 85
819 73
820 77
821 57
822 53
823 75
824 95
825 61
826 70
827 86
828 79
829 55
830 53
831 66
832 69
833 79
834 97
835 80
836 66
837 73
838 54
839 89
840 79
841 59
842 99
843 97
844 67
845 61
846 87
847 92
848 55
849 67
850 82
851 50
852 97
853 97
854 64
855 51
856 62
857 90
858 72
859 72
860 84
861 89
862 58
863 59
864 70
865 85
866 56
867 99
868 87
869 98
870 94
871 72
872 56
873 68
874 90
875 81
876 81
877 58
878 81
879 71
880 86
881 69
882 51
883 92
884 86
885 54
886 81
887 71
888 80
889 87
890 67
891 89
892 69
893 61
894 97
895 87
896 58
897 51
898 70
899 88
900 82
901 82
902 50
903 64
904 67
905 98
906 95
907 89
908 76
909 96
910 88
911 51
912 87
913 87
914 93
915 62
916 55
917 65
918 68
919 96
920 71
921 93
922 93
923 85
924 50
925 92
926 81
927 77
928 68
929 87
930 80
931 92
932 86
933 89
934 97
935 65
936 71
937 85
938 67
939 71
940 67
941 99
942 50
943 72
944 53
945 98
946 86
947 82
948 59
949 73
950 51
951 64
952 80
953 89
954 69
955 62
956 88
957 60
958 80
959 80
960 54
961 87
962 58
963 53
964 75
965 98
966 59
967 53
968 98
969 54
970 96
971 78
972 61
973 53
974 66
975 100
976 50
977 68
978 96
979 71
980 100
981 89
982 63
983 95
984 70
985 96
986 50
987 72
988 87
989 62
990 73
991 76
992 94
993 88
994 58
995 72
996 74
997 99
998 76
999 84
1000 95
