1000
1 39
2 8
3 69
4 66
5 31
6 26
7 51
8 47
9 5
10 83
11 73
12 27
13 42
14 76
15 62
16 33
17 7
18 39
19 79
20 19
21 63
22 54
23 17
24 49
25 39
26 13
27 16
28 12
29 7
30 46
31 94
32 83
33 92
34 62
35 32
36 37
37 68
38 9
39 9
40 6
41 72
42 10
43 18
44 97
45 88
46 62
47 61
48 63
49 25
50 75
51 60
52 37
53 46
54 33
55 77
56 27
57 77
58 46
59 85
60 80
61 47
62 79
63 73
64 15
65 85
66 31
67 34
68 25
69 35
70 52
71 27
72 64
73 5
74 57
75 42
76 2
77 14
78 43
79 71
80 75
81 63
82 49
83 25
84 4
85 77
86 83
87 80
88 18
89 51
90 51
91 95
92 59
93 56
94 100
95 95
96 91
97 24
98 27
99 66
100 90
101 76
102 53
103 36
104 57
105 15
106 18
107 94
108 16
109 32
110 10
111 45
112 30
113 66
114 56
115 15
116 25
117 64
118 8
119 33
120 28
121 63
122 51
123 98
124 16
125 60
126 58
127 41
128 93
129 89
130 30
131 18
132 86
133 61
134 26
135 15
136 66
137 91
138 49
139 31
140 98
141 80
142 68
143 91
144 28
145 54
146 58
147 71
148 99
149 40
150 31
151 93
152 8
153 90
154 36
155 51
156 6
157 14
158 16
159 47
160 42
161 43
162 82
163 83
164 53
165 87
166 3
167 2
168 8
169 2
170 72
171 9
172 1
173 28
174 39
175 71
176 12
177 26
178 81
179 39
180 12
181 67
182 91
183 72
184 46
185 89
186 62
187 12
188 77
189 98
190 53
191 98
192 100
193 23
194 92
195 60
196 25
197 82
198 27
199 85
200 44
201 92
202 75
203 89
204 70
205 70
206 60
207 98
208 64
209 62
210 16
211 69
212 42
213 37
214 40
215 37
216 73
217 94
218 50
219 45
220 69
221 23
222 64
223 37
224 71
225 46
226 35
227 50
228 25
229 100
230 62
231 4
232 73
233 85
234 12
235 34
236 36
237 32
238 82
239 41
240 7
241 15
242 22
243 12
244 58
245 67
246 47
247 3
248 60
249 19
250 86
251 14
252 10
253 28
254 59
255 57
256 96
257 7
258 52
259 55
260 67
261 23
262 82
263 55
264 38
265 83
266 3
267 13
268 24
269 65
270 75
271 19
272 5
273 21
274 21
275 24
276 21
277 5
278 97
279 44
280 17
281 54
282 22
283 88
284 19
285 78
286 64
287 6
288 61
289 79
290 49
291 82
292 55
293 63
294 80
295 85
296 20
297 66
298 32
299 94
300 50
301 50
302 22
303 6
304 62
305 91
306 2
307 63
308 79
309 26
310 90
311 83
312 97
313 69
314 76
315 39
316 7
317 69
318 21
319 82
320 90
321 13
322 98
323 42
324 87
325 59
326 66
327 96
328 40
329 93
330 51
331 51
332 19
333 95
334 23
335 29
336 23
337 15
338 21
339 91
340 73
341 32
342 42
343 97
344 93
345 11
346 31
347 40
348 74
349 22
350 88
351 40
352 48
353 39
354 35
355 47
356 46
357 77
358 61
359 41
360 63
361 99
362 75
363 60
364 26
365 37
366 92
367 67
368 74
369 62
370 97
371 71
372 35
373 55
374 85
375 18
376 37
377 4
378 37
379 71
380 12
381 88
382 36
383 85
384 42
385 63
386 65
387 14
388 10
389 13
390 6
391 27
392 91
393 99
394 85
395 1
396 59
397 41
398 60
399 54
400 40
401 78
402 15
403 73
404 87
405 54
406 65
407 29
408 4
409 53
410 9
411 11
412 3
413 47
414 55
415 78
416 17
417 71
418 54
419 61
420 46
421 91
422 56
423 15
424 69
425 86
426 31
427 56
428 95
429 100
430 74
431 75
432 90
433 88
434 28
435 66
436 41
437 16
438 45
439 66
440 7
441 39
442 25
443 46
444 19
445 5
446 48
447 31
448 61
449 26
450 38
451 12
452 12
453 61
454 80
455 18
456 81
457 30
458 24
459 11
460 2
461 34
462 95
463 70
464 29
465 94
466 52
467 24
468 100
469 58
470 4
471 21
472 3
473 21
474 34
475 62
476 25
477 97
478 36
479 10
480 1
481 72
482 17
483 91
484 56
485 4
486 66
487 3
488 53
489 79
490 44
491 55
492 38
493 94
494 2
495 31
496 6
497 77
498 70
499 25
500 57
501 23
502 35
503 35
504 86
505 38
506 45
507 50
508 73
509 86
510 53
511 33
512 7
513 26
514 55
515 27
516 17
517 27
518 14
519 89
520 50
521 61
522 35
523 79
524 54
525 55
526 87
527 3
528 11
529 96
530 31
531 49
532 99
533 82
534 49
535 5
536 94
537 5
538 36
539 3
540 9
541 64
542 51
543 73
544 86
545 88
546 85
547 53
548 26
549 66
550 43
551 50
552 81
553 81
554 6
555 79
556 87
557 24
558 59
559 85
560 71
561 88
562 47
563 79
564 98
565 35
566 70
567 81
568 3
569 17
570 51
571 18
572 67
573 51
574 97
575 54
576 89
577 33
578 2
579 2
580 2
581 85
582 85
583 10
584 91
585 22
586 34
587 53
588 70
589 33
590 42
591 29
592 58
593 69
594 99
595 1
596 22
597 11
598 39
599 64
600 30
601 46
602 96
603 95
604 74
605 93
606 72
607 55
608 6
609 16
610 69
611 14
612 56
613 75
614 89
615 49
616 69
617 45
618 60
619 1
620 24
621 46
622 77
623 39
624 81
625 31
626 32
627 5
628 26
629 66
630 13
631 11
632 34
633 41
634 47
635 35
636 46
637 67
638 75
639 8
640 67
641 68
642 14
643 28
644 91
645 59
646 20
647 100
648 43
649 89
650 90
651 29
652 59
653 51
654 20
655 74
656 93
657 45
658 56
659 85
660 58
661 83
662 64
663 31
664 15
665 32
666 44
667 47
668 89
669 76
670 19
671 97
672 45
673 1
674 30
675 90
676 97
677 83
678 56
679 47
680 83
681 72
682 98
683 45
684 79
685 66
686 41
687 44
688 84
689 62
690 48
691 35
692 54
693 77
694 79
695 84
696 10
697 26
698 90
699 37
700 2
701 52
702 32
703 58
704 51
705 3
706 77
707 47
708 59
709 24
710 95
711 29
712 98
713 90
714 20
715 58
716 76
717 37
718 27
719 14
720 87
721 10
722 51
723 55
724 43
725 86
726 62
727 86
728 1
729 5
730 58
731 20
732 73
733 56
734 61
735 84
736 38
737 41
738 80
739 49
740 49
741 87
742 46
743 38
744 39
745 16
746 61
747 82
748 34
749 39
750 82
751 1
752 75
753 93
754 70
755 46
756 43
757 80
758 32
759 6
760 8
761 35
762 84
763 9
764 80
765 76
766 65
767 18
768 100
769 59
770 29
771 50
772 31
773 5
774 37
775 17
776 96
777 3
778 91
779 35
780 27
781 74
782 23
783 75
784 62
785 96
786 81
787 14
788 65
789 55
790 23
791 63
792 92
793 54
794 70
795 24
796 94
797 27
798 20
799 58
800 70
801 81
802 80
803 6
804 61
805 38
806 10
807 65
808 2
809 79
810 44
811 36
812 20
813 72
814 84
815 61
816 3
817 80
818 21
819 68
820 8
821 37
822 86
823 34
824 56
825 84
826 83
827 86
828 75
829 55
830 18
831 52
832 24
833 7
834 55
835 78
836 83
837 75
838 23
839 33
840 28
841 54
842 20
843 9
844 69
845 92
846 15
847 33
848 92
849 87
850 96
851 18
852 63
853 78
854 86
855 44
856 42
857 20
858 58
859 21
860 72
861 32
862 66
863 4
864 76
865 18
866 40
867 29
868 34
869 34
870 49
871 25
872 88
873 14
874 87
875 80
876 20
877 20
878 80
879 24
880 64
881 34
882 75
883 79
884 10
885 60
886 5
887 75
888 33
889 38
890 94
891 54
892 29
893 58
894 88
895 72
896 82
897 69
898 90
899 24
900 40
901 60
902 79
903 98
904 35
905 22
906 76
907 78
908 9
909 70
910 60
911 14
912 97
913 18
914 94
915 70
916 23
917 91
918 41
919 61
920 54
921 91
922 54
923 19
924 76
925 63
926 20
927 64
928 39
929 97
930 23
931 34
932 19
933 25
934 17
935 62
936 63
937 23
938 84
939 37
940 64
941 87
942 53
943 42
944 6
945 13
946 55
947 10
948 63
949 10
950 5
951 88
952 67
953 12
954 69
955 48
956 37
957 4
958 19
959 42
960 84
961 16
962 22
963 29
964 78
965 33
966 83
967 80
968 8
969 35
970 74
971 90
972 3
973 41
974 68
975 94
976 50
977 71
978 24
979 23
980 84
981 82
982 26
983 96
984 80
985 9
986 36
987 80
988 25
989 65
990 52
991 24
992 94
993 16
994 38
995 87
996 15
997 12
998 14
999 70
1000 44
