1000
1 33
2 57
3 81
4 48
5 57
6 100
7 77
8 51
9 42
10 35
11 28
12 74
13 83
14 30
15 48
16 58
17 50
18 60
19 34
20 93
21 43
22 63
23 81
24 40
25 72
26 41
27 33
28 39
29 92
30 99
31 30
32 58
33 68
34 59
35 49
36 89
37 40
38 30
39 70
40 39
41 56
42 36
43 70
44 36
45 78
46 75
47 95
48 24
49 70
50 93
51 28
52 22
53 52
54 29
55 24
56 80
57 57
58 66
59 22
60 99
61 55
62 24
63 30
64 81
65 91
66 55
67 73
68 82
69 40
70 44
71 56
72 38
73 51
74 35
75 43
76 26
77 27
78 53
79 66
80 76
81 21
82 22
83 56
84 21
85 60
86 22
87 61
88 43
89 59
90 34
91 38
92 35
93 32
94 75
95 35
96 78
97 62
98 26
99 70
100 58
101 67
102 50
103 87
104 82
105 34
106 35
107 37
108 44
109 36
110 69
111 72
112 60
113 53
114 59
115 77
116 76
117 48
118 37
119 63
120 98
121 76
122 56
123 88
124 86
125 61
126 80
127 97
128 76
129 84
130 87
131 39
132 39
133 73
134 52
135 93
136 73
137 74
138 94
139 60
140 79
141 75
142 77
143 25
144 21
145 60
146 60
147 50
148 84
149 20
150 85
151 21
152 44
153 85
154 54
155 22
156 76
157 41
158 39
159 67
160 53
161 80
162 83
163 62
164 42
165 32
166 64
167 48
168 28
169 59
170 80
171 45
172 34
173 51
174 47
175 42
176 32
177 78
178 20
179 98
180 98
181 82
182 24
183 53
184 35
185 48
186 84
187 96
188 66
189 53
190 50
191 84
192 20
193 38
194 73
195 62
196 72
197 23
198 35
199 51
200 77
201 22
202 76
203 87
204 47
205 59
206 39
207 39
208 42
209 44
210 63
211 26
212 80
213 42
214 51
215 77
216 96
217 71
218 94
219 85
220 27
221 41
222 58
223 86
224 22
225 89
226 88
227 46
228 51
229 66
230 85
231 80
232 59
233 60
234 54
235 42
236 84
237 55
238 47
239 56
240 30
241 41
242 46
243 44
244 68
245 52
246 51
247 52
248 44
249 78
250 84
251 88
252 85
253 54
254 22
255 53
256 54
257 22
258 51
259 24
260 50
261 41
262 25
263 77
264 92
265 89
266 43
267 92
268 25
269 97
270 77
271 97
272 88
273 51
274 39
275 41
276 90
277 45
278 84
279 62
280 51
281 59
282 26
283 44
284 34
285 79
286 76
287 92
288 64
289 95
290 100
291 89
292 55
293 97
294 82
295 27
296 79
297 90
298 42
299 98
300 65
301 23
302 65
303 44
304 100
305 40
306 85
307 70
308 87
309 59
310 60
311 74
312 79
313 65
314 28
315 60
316 66
317 49
318 42
319 26
320 32
321 63
322 21
323 91
324 43
325 78
326 94
327 37
328 41
329 25
330 22
331 84
332 69
333 100
334 45
335 68
336 64
337 37
338 38
339 26
340 74
341 70
342 64
343 95
344 43
345 51
346 88
347 79
348 41
349 78
350 80
351 47
352 54
353 67
354 58
355 50
356 65
357 95
358 69
359 96
360 28
361 81
362 88
363 79
364 55
365 51
366 58
367 58
368 90
369 53
370 46
371 48
372 55
373 81
374 31
375 95
376 51
377 33
378 94
379 51
380 55
381 63
382 37
383 64
384 95
385 67
386 21
387 64
388 82
389 40
390 31
391 77
392 47
393 23
394 75
395 30
396 33
397 24
398 81
399 25
400 79
401 80
402 68
403 35
404 31
405 35
406 72
407 89
408 84
409 91
410 70
411 87
412 34
413 83
414 98
415 31
416 72
417 90
418 20
419 75
420 50
421 70
422 96
423 52
424 52
425 85
426 34
427 53
428 88
429 31
430 20
431 27
432 47
433 95
434 37
435 51
436 73
437 59
438 67
439 51
440 74
441 43
442 93
443 60
444 58
445 80
446 54
447 26
448 98
449 62
450 52
451 27
452 76
453 40
454 70
455 61
456 33
457 77
458 67
459 20
460 53
461 24
462 40
463 80
464 41
465 56
466 99
467 81
468 84
469 61
470 71
471 81
472 67
473 98
474 48
475 86
476 38
477 99
478 34
479 87
480 75
481 52
482 88
483 27
484 20
485 71
486 94
487 22
488 92
489 34
490 87
491 50
492 79
493 60
494 71
495 84
496 60
497 64
498 49
499 32
500 40
501 52
502 69
503 79
504 59
505 38
506 38
507 44
508 39
509 44
510 98
511 54
512 99
513 33
514 70
515 23
516 56
517 66
518 81
519 57
520 41
521 55
522 60
523 22
524 65
525 55
526 60
527 61
528 57
529 42
530 59
531 57
532 71
533 66
534 60
535 67
536 83
537 35
538 56
539 55
540 37
541 89
542 77
543 53
544 59
545 40
546 77
547 49
548 27
549 28
550 35
551 91
552 50
553 61
554 88
555 59
556 64
557 30
558 45
559 77
560 97
561 57
562 29
563 67
564 57
565 80
566 57
567 32
568 40
569 80
570 66
571 83
572 84
573 21
574 55
575 89
576 36
577 90
578 76
579 57
580 92
581 67
582 55
583 90
584 75
585 32
586 80
587 44
588 42
589 29
590 77
591 80
592 35
593 76
594 77
595 57
596 32
597 91
598 83
599 83
600 26
601 65
602 87
603 93
604 59
605 58
606 51
607 51
608 64
609 21
610 88
611 84
612 79
613 71
614 91
615 64
616 29
617 97
618 82
619 25
620 37
621 38
622 59
623 59
624 83
625 51
626 47
627 26
628 23
629 41
630 95
631 49
632 90
633 28
634 28
635 54
636 77
637 35
638 93
639 30
640 48
641 58
642 26
643 90
644 53
645 33
646 25
647 65
648 97
649 39
650 29
651 53
652 81
653 63
654 67
655 47
656 83
657 75
658 82
659 54
660 48
661 54
662 60
663 44
664 70
665 70
666 95
667 97
668 86
669 52
670 64
671 82
672 87
673 83
674 100
675 36
676 68
677 49
678 73
679 28
680 93
681 33
682 73
683 100
684 35
685 57
686 29
687 40
688 68
689 63
690 52
691 64
692 39
693 36
694 41
695 64
696 80
697 28
698 60
699 35
700 24
701 70
702 98
703 60
704 71
705 44
706 84
707 46
708 91
709 75
710 62
711 90
712 27
713 69
714 93
715 59
716 76
717 71
718 46
719 75
720 27
721 75
722 42
723 61
724 80
725 76
726 32
727 66
728 24
729 50
730 74
731 85
732 65
733 75
734 21
735 25
736 85
737 31
738 50
739 88
740 82
741 91
742 72
743 28
744 22
745 43
746 24
747 70
748 52
749 21
750 72
751 71
752 59
753 70
754 31
755 53
756 86
757 44
758 40
759 52
760 83
761 21
762 96
763 65
764 51
765 71
766 75
767 79
768 84
769 36
770 43
771 48
772 75
773 100
774 36
775 67
776 72
777 73
778 95
779 30
780 43
781 87
782 72
783 72
784 57
785 73
786 48
787 52
788 45
789 75
790 83
791 65
792 65
793 50
794 58
795 36
796 61
797 90
798 30
799 44
800 56
801 33
802 80
803 62
804 94
805 47
806 59
807 71
808 42
809 99
810 21
811 83
812 43
813 67
814 23
815 83
816 24
817 90
818 96
819 68
820 21
821 85
822 31
823 30
824 53
825 68
826 27
827 63
828 83
829 22
830 73
831 26
832 22
833 61
834 67
835 20
836 75
837 59
838 100
839 25
840 72
841 43
842 57
843 53
844 36
845 25
846 79
847 71
848 79
849 27
850 68
851 39
852 67
853 92
854 91
855 77
856 83
857 70
858 41
859 49
860 99
861 23
862 78
863 97
864 37
865 57
866 46
867 63
868 30
869 46
870 47
871 41
872 93
873 51
874 26
875 89
876 83
877 47
878 82
879 46
880 50
881 98
882 73
883 62
884 68
885 57
886 77
887 55
888 62
889 32
890 30
891 65
892 83
893 28
894 96
895 45
896 26
897 24
898 31
899 87
900 42
901 21
902 44
903 29
904 70
905 92
906 46
907 99
908 72
909 82
910 46
911 61
912 40
913 94
914 30
915 77
916 64
917 45
918 59
919 98
920 91
921 73
922 57
923 21
924 83
925 79
926 28
927 26
928 27
929 28
930 89
931 73
932 24
933 99
934 87
935 24
936 79
937 33
938 44
939 75
940 48
941 98
942 81
943 51
944 25
945 32
946 72
947 26
948 86
949 62
950 38
951 60
952 62
953 54
954 78
955 72
956 57
957 74
958 31
959 75
960 31
961 35
962 98
963 88
964 46
965 97
966 20
967 24
968 69
969 50
970 84
971 93
972 45
973 90
974 68
975 74
976 91
977 71
978 64
979 98
980 77
981 56
982 28
983 82
984 61
985 60
986 100
987 52
988 39
989 20
990 30
991 31
992 63
993 76
994 67
995 36
996 86
997 95
998 28
999 68
1000 21
