1000
1 53
2 35
3 99
4 28
5 32
6 78
7 59
8 63
9 56
10 68
11 83
12 87
13 80
14 91
15 42
16 87
17 92
18 52
19 80
20 89
21 50
22 86
23 45
24 57
25 39
26 51
27 59
28 97
29 65
30 44
31 27
32 34
33 52
34 42
35 73
36 23
37 28
38 53
39 97
40 52
41 98
42 86
43 47
44 87
45 96
46 20
47 64
48 77
49 71
50 73
51 66
52 41
53 26
54 83
55 54
56 23
57 74
58 80
59 27
60 52
61 73
62 33
63 88
64 55
65 68
66 55
67 23
68 24
69 36
70 65
71 65
72 60
73 97
74 33
75 100
76 25
77 95
78 55
79 89
80 51
81 36
82 82
83 93
84 22
85 38
86 94
87 73
88 61
89 76
90 52
91 52
92 91
93 34
94 22
95 80
96 82
97 94
98 31
99 98
100 96
101 49
102 70
103 31
104 60
105 71
106 33
107 56
108 71
109 66
110 87
111 66
112 22
113 52
114 63
115 66
116 91
117 91
118 39
119 30
120 81
121 99
122 77
123 71
124 100
125 73
126 68
127 96
128 21
129 26
130 63
131 42
132 48
133 83
134 37
135 27
136 59
137 24
138 98
139 56
140 68
141 21
142 98
143 68
144 32
145 86
146 54
147 55
148 55
149 51
150 98
151 60
152 23
153 94
154 74
155 23
156 37
157 90
158 78
159 27
160 56
161 65
162 51
163 89
164 92
165 99
166 28
167 49
168 95
169 20
170 54
171 82
172 90
173 76
174 83
175 49
176 79
177 90
178 64
179 53
180 41
181 52
182 56
183 96
184 24
185 77
186 94
187 93
188 95
189 92
190 55
191 52
192 78
193 71
194 32
195 72
196 23
197 77
198 38
199 50
200 78
201 26
202 20
203 36
204 44
205 48
206 50
207 87
208 31
209 75
210 74
211 54
212 83
213 84
214 34
215 36
216 91
217 48
218 84
219 65
220 57
221 28
222 93
223 67
224 92
225 48
226 95
227 66
228 37
229 22
230 74
231 30
232 32
233 72
234 88
235 68
236 72
237 97
238 100
239 60
240 31
241 36
242 39
243 56
244 49
245 85
246 88
247 62
248 21
249 66
250 39
251 47
252 99
253 29
254 57
255 94
256 55
257 64
258 59
259 71
260 77
261 41
262 76
263 31
264 94
265 89
266 80
267 85
268 65
269 85
270 23
271 50
272 92
273 32
274 45
275 59
276 40
277 91
278 40
279 75
280 51
281 97
282 92
283 71
284 70
285 90
286 67
287 34
288 40
289 87
290 37
291 87
292 78
293 24
294 75
295 57
296 31
297 73
298 32
299 78
300 69
301 56
302 27
303 23
304 20
305 23
306 72
307 64
308 70
309 84
310 52
311 100
312 41
313 84
314 22
315 88
316 51
317 66
318 95
319 76
320 68
321 67
322 35
323 37
324 52
325 43
326 36
327 73
328 45
329 81
330 35
331 42
332 41
333 80
334 90
335 65
336 56
337 32
338 71
339 77
340 63
341 66
342 52
343 44
344 52
345 36
346 67
347 54
348 36
349 75
350 43
351 45
352 33
353 20
354 31
355 89
356 79
357 30
358 97
359 89
360 49
361 71
362 68
363 55
364 91
365 86
366 39
367 65
368 70
369 64
370 46
371 24
372 99
373 63
374 65
375 100
376 91
377 25
378 32
379 88
380 92
381 100
382 69
383 54
384 26
385 22
386 55
387 91
388 74
389 24
390 85
391 76
392 69
393 67
394 86
395 34
396 82
397 25
398 39
399 35
400 46
401 26
402 55
403 77
404 86
405 43
406 45
407 97
408 41
409 24
410 98
411 68
412 35
413 63
414 22
415 95
416 86
417 52
418 31
419 52
420 24
421 84
422 85
423 47
424 83
425 73
426 93
427 62
428 27
429 33
430 25
431 30
432 82
433 49
434 47
435 87
436 89
437 78
438 42
439 72
440 57
441 69
442 97
443 39
444 81
445 71
446 83
447 44
448 45
449 72
450 94
451 67
452 70
453 51
454 29
455 60
456 22
457 76
458 69
459 63
460 97
461 28
462 24
463 68
464 66
465 87
466 22
467 67
468 84
469 99
470 37
471 21
472 86
473 98
474 74
475 46
476 29
477 93
478 45
479 60
480 89
481 24
482 31
483 73
484 20
485 30
486 27
487 53
488 91
489 45
490 46
491 43
492 49
493 29
494 78
495 47
496 80
497 72
498 36
499 37
500 37
501 62
502 22
503 68
504 27
505 31
506 45
507 57
508 78
509 38
510 36
511 22
512 36
513 78
514 84
515 87
516 83
517 67
518 36
519 88
520 44
521 95
522 26
523 92
524 37
525 80
526 77
527 69
528 77
529 85
530 36
531 96
532 72
533 25
534 84
535 51
536 55
537 94
538 83
539 41
540 97
541 84
542 35
543 95
544 56
545 59
546 65
547 51
548 52
549 73
550 29
551 26
552 71
553 76
554 66
555 60
556 46
557 83
558 87
559 39
560 45
561 23
562 20
563 25
564 59
565 71
566 80
567 98
568 51
569 90
570 68
571 53
572 25
573 22
574 32
575 84
576 31
577 21
578 80
579 68
580 39
581 58
582 71
583 98
584 72
585 69
586 34
587 43
588 53
589 48
590 26
591 64
592 83
593 93
594 40
595 91
596 25
597 59
598 41
599 55
600 95
601 48
602 95
603 67
604 37
605 76
606 31
607 77
608 39
609 79
610 46
611 84
612 64
613 57
614 78
615 89
616 60
617 51
618 92
619 58
620 27
621 84
622 65
623 52
624 82
625 76
626 41
627 80
628 68
629 38
630 92
631 53
632 55
633 61
634 72
635 62
636 61
637 83
638 50
639 44
640 25
641 86
642 96
643 47
644 63
645 47
646 60
647 72
648 83
649 67
650 53
651 42
652 94
653 84
654 66
655 37
656 45
657 63
658 99
659 21
660 39
661 74
662 46
663 25
664 74
665 40
666 38
667 97
668 94
669 69
670 36
671 81
672 51
673 43
674 90
675 70
676 42
677 26
678 40
679 81
680 57
681 59
682 22
683 100
684 45
685 42
686 64
687 94
688 91
689 42
690 23
691 27
692 21
693 99
694 54
695 25
696 86
697 42
698 87
699 76
700 46
701 79
702 32
703 81
704 49
705 93
706 24
707 24
708 81
709 100
710 51
711 31
712 94
713 35
714 81
715 92
716 70
717 56
718 26
719 98
720 48
721 67
722 76
723 54
724 90
725 64
726 35
727 71
728 59
729 24
730 41
731 64
732 63
733 22
734 92
735 62
736 64
737 37
738 28
739 27
740 91
741 68
742 61
743 43
744 98
745 65
746 37
747 47
748 28
749 86
750 94
751 48
752 97
753 93
754 91
755 58
756 73
757 27
758 84
759 63
760 73
761 90
762 20
763 48
764 40
765 70
766 41
767 88
768 96
769 64
770 41
771 37
772 57
773 79
774 49
775 36
776 84
777 41
778 77
779 74
780 93
781 34
782 99
783 68
784 52
785 57
786 34
787 80
788 30
789 65
790 64
791 24
792 79
793 80
794 34
795 20
796 27
797 95
798 38
799 99
800 92
801 21
802 56
803 96
804 35
805 63
806 88
807 56
808 21
809 78
810 35
811 45
812 27
813 66
814 47
815 81
816 81
817 40
818 88
819 80
820 98
821 38
822 97
823 100
824 62
825 62
826 64
827 53
828 64
829 75
830 97
831 81
832 37
833 62
834 39
835 85
836 77
837 51
838 20
839 28
840 71
841 31
842 40
843 73
844 71
845 48
846 35
847 55
848 62
849 25
850 80
851 24
852 78
853 70
854 70
855 76
856 40
857 83
858 65
859 61
860 26
861 88
862 78
863 64
864 26
865 78
866 88
867 51
868 62
869 98
870 26
871 82
872 24
873 63
874 34
875 35
876 52
877 31
878 95
879 79
880 67
881 58
882 57
883 40
884 91
885 66
886 49
887 23
888 63
889 95
890 45
891 43
892 99
893 74
894 20
895 37
896 27
897 27
898 32
899 43
900 25
901 40
902 53
903 67
904 30
905 73
906 90
907 52
908 34
909 88
910 27
911 45
912 39
913 85
914 35
915 98
916 87
917 34
918 29
919 55
920 52
921 30
922 63
923 79
924 60
925 78
926 52
927 34
928 41
929 89
930 76
931 33
932 74
933 57
934 63
935 39
936 26
937 27
938 94
939 83
940 73
941 72
942 48
943 47
944 36
945 36
946 84
947 88
948 89
949 85
950 99
951 87
952 41
953 46
954 73
955 92
956 82
957 87
958 75
959 51
960 99
961 24
962 75
963 73
964 68
965 30
966 31
967 94
968 62
969 33
970 64
971 94
972 54
973 21
974 65
975 64
976 67
977 65
978 84
979 67
980 32
981 32
982 38
983 75
984 100
985 39
986 78
987 87
988 89
989 27
990 82
991 46
992 27
993 56
994 96
995 60
996 98
997 24
998 25
999 50
1000 63
