100
1 76 25 27 46 53 54 90 99
2 7 22 24 25 37 82 85 87 97
3 98 6 9 33 37 40 42 45 52 54 64 66 68 73 98
4 39 17 32 49 56 62 67 80 94
5 42 14 16 19 22 29 32 44 59 80 86 87 89 97
6 91 28 51 56 61 78 89
7 9 11 21 47 52 66 80 95 100
8 95 14 15 17 33 34 37 40 62 67 69 71 78 84 93
9 55 11 28 41 50 55 58 67 70 71 81 83 84 94 98
10 56 20 29 54 68 84 89
11 61 26 40 41 46 57 69 88
12 28 15 30 34 100
13 22 14 24 25 33 35 40 46 49 55 82 84 90 92 98
14 68 19 21 51 56 71 72 76 79 84 93
15 45 31 32 36 37 38 64 73 77 87
16 22 22 41 69 78 87 89 97
17 58 25 33 47 50 51 55 59 77 86
18 36 25 29 39 42 48 63
19 28 22 36 46 52 63 66 80 83 87 94 99
20 65 27 29 30 46 49 50 58 63 66 74 78 92 97
21 85 24 34 46 48 49 66 74 90 91
22 81 25 28 31 47 55
23 38 25 30 35 41 42 44 45 54 56 62 73 75
24 51 36 42 48 54 74 92 97
25 45 48 50 56 67 68 70 74 83 88
26 56 38 41 55 58 61 67 73 93 98
27 21 39 50 53 78 89
28 67 31 53 69 80 83
29 50 55 76 82 84 86 99
30 62 38 49 52 65 83 84 98
31 12 53 67 99 100
32 44 33 52 54 66 91 93
33 33 45 54 56 71 76 82 86
34 59 49 51 63 67 87 92
35 8 47 57 58 74
36 12 55 58 76 96
37 11 42 51 72 86 90 91
38 35 41 50 53 69 72 75 93
39 77 70 77 86 91
40 17 58 63 79 89 90 98
41 33 49 57 66
42 27 52 71 76 91 96
43 9 53 57 62 89 90 99
44 47 52 56 58 64 71 80 85 100
45 25 54 62 77 91
46 51 51 57 58 62 71 73 81 91 94
47 32 65 85 88 95
48 30 62 76 77 79 81 93
49 92 54 57 58 65 78 80 84 85 89 98
50 45 69 73
51 2 54 56 63 71 75
52 50 67 80
53 11 62 73 87
54 77 67 74 84 100
55 85 63 77 81 84 91 93 95
56 33 62 83
57 52 79 83 89 90 96 97
58 21 59 60 81 86 87 95 97
59 49 65 76 85
60 61 64 73 74 76 77 91 99
61 70 76 81 99
62 54 85 88 92 99
63 81 72 90
64 71 83 85 91
65 20 66 82 84 92 94
66 79 76 91 97
67 34 83 87 96
68 72 73 75 78 96
69 9 85
70 21 86 98 100
71 45 74 84 90 91 94
72 64 86 88 96
73 56 85 87
74 8 87 95 100
75 7 99 100
76 81 78 84 100
77 78 99
78 87
79 40 80 82 88 98
80 36 90
81 61 88 95
82 73 90 91 93 99
83 51 88 98
84 5
85 28 88 90 94 100
86 86
87 29
88 14 96
89 91
90 91
91 51 94 97
92 65
93 71 96 98
94 75
95 60 96 97 98
96 88 97
97 77
98 74
99 84
100 22
