100
1 65 3 5 13 37 41 43 47 57 59 63 71 74 75 76 83 91 97
2 51 4 12 13 16 17 29 32 37 44 45 54 61 63 64 65 79 83 84 85 87 89 95
3 83 14 24 25 26 30 32 35 50 51 65 71 82 93 95 96 100
4 72 9 15 18 21 30 31 33 36 47 48 49 52 56 63 66 67 70 78 80 81 84 96 99
5 54 15 29 34 40 43 45 49 53 61 75 81 93 96
6 94 8 9 15 19 23 25 28 39 41 46 58 67 72 74 81 87 93
7 92 9 10 13 20 26 27 28 40 44 57 59 61 64 69 74 78 83 87 91
8 91 21 31 42 44 45 46 49 66 70 79 81 86 90 96 97 99
9 67 16 18 20 26 38 43 48 50 51 54 56 64 77 87 88 91 92 95
10 90 12 17 21 22 32 44 48 60 64 65 68 78 83 86 96
11 65 21 23 25 27 28 29 31 34 38 42 45 57 63 65 74 75 79 83 89 95 99
12 82 14 19 22 26 40 44 50 55 68 73
13 73 22 28 29 31 33 38 39 47 48 58 63 66 69 72 76 84 85 89 90 97 99
14 83 21 33 38 47 48 54 55 58 59 60 62 63 64 68 75 78 81 91 94 97
15 100 26 28 32 34 37 38 46 52 62 66 78 83 93 98
16 100 27 33 34 42 48 56 78 81 89 92 93 97 100
17 67 20 22 23 29 36 44 46 57 58 70 77 81 82 86 87 99
18 50 26 31 32 46 50 51 55 66 69 73 74 82 85 86 88 90
19 98 21 32 36 37 44 46 48 54 56 62 65 68 72 77 80 81 85 88 89 90 95 96
20 67 22 28 29 35 44 53 56 67 73 85 92 97 100
21 94 28 31 36 42 45 52 54 56 61 68 72 83 92 93 97 100
22 72 27 28 44 47 54 56 80 86 97 98
23 54 28 34 45 46 49 50 56 66 67 74 75 82 89 95
24 63 28 39 40 44 45 49 53 55 56 59 60 61 64 66 73 79 96
25 67 28 29 30 37 40 47 51 52 58 61 67 76 78 82 90
26 95 32 37 43 44 48 60 64 87 95 96
27 83 34 35 37 38 39 40 46 49 50 57 64 69 80 85 89 90 99
28 62 30 31 34 39 41 48 53 58 61 63 83 90 91 92 97
29 85 40 46 49 56 57 63 65 70 77 78 87 91 97 98
30 77 36 43 45 47 48 51 57 60 65 80 84 85 96 97
31 83 32 34 37 50 56 57 60 64 66 70 73 77 80 89 96
32 73 34 36 37 43 47 48 49 52 57 65 69 70 78 79 83 84 88
33 84 35 54 55 56 58 65 70 73 78 82 84 86 97 100
34 99 38 44 50 51 60 64 66 67 69 79 87 90 91 92 96 100
35 62 41 44 45 50 53 55 61 62 64 65 68 69 73 74 90 98
36 94 49 60 61 62 63 66 69 74 76 79 81 85 88 94
37 76 43 48 57 62 69 76 78 82 93 95 98
38 89 47 52 54 55 65 71 74 75 86 91 93 96
39 68 42 46 52 59 70 85 94 98 99
40 53 42 45 51 60 61 72 74 76 80 82 89 91 95 98
41 69 48 54 55 57 67 76 83 85 95
42 92 46 52 55 56 57 66 70 72 75 76 84 86 87 92 94
43 92 54 55 56 58 59 61 67 73 74 77 92 95
44 93 46 57 58 59 71 72 83 85 86 91 96
45 56 47 48 50 52 55 56 59 60 66 68 75 80 92 93 95 100
46 80 48 49 56 62 63 73 91 93 94 97
47 85 51 57 59 66 75 93
48 68 49 50 51 59 71 73 74 81 82 96 97 98
49 84 59 63 66 73 85 90
50 83 55 56 58 63 67 77 79 98 100
51 78 60 64 68 74 80 83 85 89 93 96
52 50 70 78 79 85 97
53 76 57 62 66 70 73 81 82 87 93 98
54 92 57 58 60 65 67 68 73 77 78 82 83 89 90 93
55 79 57 66 70 79 81
56 61 58 59 60 68 70 71 74 87 99
57 81 60 62 63 64 65 69 71 72 76 82 94
58 60 67 70 79 86 90 92 95 98
59 70 63 65 68 71 73 74 85 89 96 97 100
60 93 77 85 89 99
61 59 64 75 76 84 89 90 96
62 52 69 71 76 79 89 100
63 68 64 67 70 74 81 92 97
64 76 73 78 83 96
65 93 68 69 73 81 89
66 75 72 75 86 90
67 100 72 84 85 90 93 94
68 91 74 84
69 69 82 84 88 89 90 91 97 98
70 78 71 75 79 81 88 97 98
71 88 73 79 80 84 86 87 89 91 95 100
72 60 86 90 91 95 97 100
73 78 75 76 77 88 92 95
74 63 78 82 85 87 92 95 99
75 89 79 86 92 97 100
76 57 77 78 87 98 99
77 81 81 83 85
78 52 79 83 85 86 90 100
79 97 83 85 91 93 95
80 94 86 88 91 93 100
81 72 84
82 85 86 90 92 95 98 100
83 58 95 96 100
84 68 92 93 97
85 61 88 90 93 96
86 95 100
87 88 88 90 91 92 95 96
88 58 89 90 93
89 91 91 96
90 58 92 95 99
91 91 93 94 100
92 67 93 98 99
93 55 97 100
94 97
95 60
96 78 98
97 50
98 67 100
99 52 100
100 53
