100
1 77 39 43 48 70 97
2 86 3 6 31 73 76 84 86
3 71 25 28 35 36 41 54 65 69 75 87
4 62 32 34 37 52 55 57 65 93 97
5 95 12 25 30 35 58 67 68 69 77 100
6 75 13 33 37 49 58 59 79 82 84 99
7 84 8 37 38 46 53 89 93 97
8 90 10 11 13 15 18 50 58 61 72
9 59 24 34 46 57 60 65 67 71 82 86 97
10 95 13 14 47 57 67 72 74 82 86 98
11 59 38 56 59 74 86
12 74 20 61 69 72 87 90 93
13 60 15 18 32 37 53 54 74
14 76 27 29 32 51 67 68 72 74 83 85 88 99
15 94 22 25 28 34 42 44 47 52 58 79 83 90 100
16 58 32 38 39 45 64 67 68 77
17 99 30 37 43 44 63 81 82 94
18 85 21 42 49 55 67 76 82
19 98 20 30 39 57 62 85 88 93
20 89 24 35 43 53 58 80 86
21 71 32 38 43 46 56 66 71 92 96
22 55 27 29 57 68 75 81 84 87 94
23 78 29 33 51 57 73
24 54 26 27 32 40 50 52 54 66 71
25 51 38 42 50 62 65 75 79 83 84
26 76 33 46 59 68 72 74 80 81 92 93 100
27 65 28 68 73 79 82 85 90 96
28 95 31 32 84 87 99
29 67 36 41 59 61 69 75 92 94 96
30 87 32 36 53 56 59 80
31 96 35 45 61 68 86 98
32 67 33 40 51 54 60 62 66 72 80 81 82 83
33 68 41 43 69 81 99
34 57 54 59 64 88
35 66 37 40 55 73 77 83
36 75 47 59 60 69 80 87 88 98 99
37 85 56 67 68 73 80 90
38 51 47 56 59 66
39 62 45 46 47 55 56 59 60 75 82 86
40 61 44 54 62 74 85 92
41 57 47 52 59 62 64 65 69
42 57 52 67 68 70 74 96 99
43 65 53 60 61 64 69 71 77 84
44 74 49 54 56 66 86
45 52 46 52 62 80 82 83 98
46 73 60 75
47 52 86 91 96
48 88 62 71 73 90
49 98 77 82 89
50 95 70 81 87 93
51 93 64 67 83 84 86
52 56 58 66 73 89 96
53 79 71 72 86 92 93 98
54 82 57 66 72 74 76 80 81
55 100 57 59 61 72 81 93
56 76 64 71 76 80 93
57 62 71 72 79 82 95 99
58 56 62 74 86 94 98
59 97 63 67 68 70 73 79 88 95
60 82 68 75 76 93
61 58 63 79 87
62 60 64 95
63 55 82
64 57 67 90 93 99
65 51 67 71 94 98
66 66 93 96
67 57 73 76 84 94 97
68 77 72 93
69 75 71 72 78 81 95
70 78 85 99
71 52 92 100
72 71 94
73 73 78 93 94
74 72 97 100
75 52 80 86 89 93
76 74 85 88
77 67 81 94 96
78 94 81 96
79 81 91 94
80 99 93
81 87 89
82 77 83 89 91 99
83 85 89 90 98
84 94 91 100
85 100 90 98 100
86 100 95
87 60 92 94 99
88 85 97
89 51 92
90 91
91 59 94 98
92 100
93 87
94 95 99
95 77
96 80
97 78 100
98 72
99 76
100 86
