100
1 49 2 6 7 9 13 18 21 22 26 27 29 31 34 38 42 44 53 59 61 62 67 70 71 72 78 82 84 90 91 96 98 99
2 51 6 9 10 13 14 15 18 22 26 27 29 30 32 35 37 38 41 45 46 54 56 59 61 65 66 67 68 70 75 78 80 81 82 83 84 85 87 88 89 90 97 99
3 42 4 10 15 18 20 22 24 26 29 34 37 38 39 42 44 46 51 53 56 58 59 63 64 67 68 69 75 76 78 81 82 89 90 93 96 97 100
4 49 5 8 10 12 14 16 24 27 29 30 31 33 35 36 39 41 44 47 48 50 54 62 65 69 79 81 82 83 84 85 86 88 89 92 93 94 96 99
5 61 11 13 16 17 18 19 22 25 27 29 30 31 34 35 36 38 40 42 44 46 51 53 54 55 56 59 63 64 65 66 68 71 74 76 77 81 83 86 87 91 99
6 64 12 20 23 25 29 32 33 35 37 39 47 49 51 52 56 57 58 69 75 79 83 86 93 97 98
7 44 9 12 15 19 20 21 23 24 25 26 30 31 32 35 39 41 43 44 45 47 49 53 56 60 66 69 74 75 80 82 86 87 89 90 91 97
8 21 9 13 20 25 28 31 34 36 37 39 40 42 43 45 50 52 55 59 63 69 70 72 73 77 78 79 81
9 84 11 14 15 18 20 22 23 25 30 36 37 38 41 44 45 46 48 49 52 58 59 61 64 65 66 69 78 81 91 93 94 95 98
10 57 13 16 17 19 21 22 26 27 28 32 33 37 38 39 44 45 47 50 51 55 59 60 65 78 80 81 83 84 86 88 90 91 92 95 96 99 100
11 58 12 15 16 18 20 26 27 31 32 33 34 39 40 42 45 50 55 57 61 64 66 67 69 71 73 75 78 80 81 84 85 91 95 96 98
12 79 17 18 20 21 23 25 27 31 32 36 37 38 39 40 46 49 50 52 54 55 56 59 62 63 64 65 67 68 75 79 80 81 82 87 89 98
13 78 16 17 20 22 25 26 28 32 33 37 39 40 42 43 44 46 55 57 58 59 63 65 71 75 76 81 82 84 93 95 98
14 42 18 26 27 29 30 33 34 36 40 41 42 43 46 49 52 55 56 57 58 60 65 66 68 70 73 78 79 80 86 88 89 92 94 96 98
15 35 17 21 22 23 24 27 28 29 30 33 34 49 50 54 55 56 57 62 68 71 74 75 76 82 85 93 94 97 98 100
16 70 18 23 24 34 35 37 42 45 46 47 48 51 55 56 59 62 64 66 67 69 70 71 75 77 79 83 84 88 91 92 94 97 98
17 59 20 21 23 25 28 31 33 34 35 39 43 45 47 51 52 54 56 61 62 64 70 72 75 79 80 83 84 89 93 95 97 99
18 97 20 24 27 30 34 36 37 39 40 41 44 45 46 47 53 61 63 65 70 71 72 76 77 78 79 80 81 83 86 88 92 95 97 98 99
19 23 22 25 27 30 31 35 37 38 40 42 45 46 48 51 54 57 58 59 61 62 73 79 80 81 82 87 88 89 91 95 97 98 100
20 83 22 24 26 27 28 32 35 37 39 40 41 42 43 46 47 49 50 51 54 56 61 63 65 72 81 84 85 86 88 90 91 93 95 96 99
21 68 23 28 32 37 38 39 45 46 49 53 54 55 60 63 66 67 68 75 76 78 79 80 84 85 86 88 91 92 93 95
22 54 24 27 29 31 34 35 37 39 42 48 49 52 55 56 64 67 69 71 72 74 75 81 83 89 90 92 97 98
23 75 32 34 35 36 40 42 43 44 46 49 50 53 57 58 61 62 63 64 65 67 69 70 71 72 76 78 80 82 84 86 88 92 96 97
24 62 27 28 30 32 33 36 37 38 40 42 43 44 47 48 49 50 51 56 60 63 65 68 73 76 77 79 80 87 89 91 92 94 95 96 97
25 22 27 30 31 32 36 39 48 49 53 54 55 58 60 61 62 63 65 67 68 75 78 81 82 87 88 93 96 97 98
26 49 27 31 34 36 39 40 43 45 51 53 54 62 65 68 74 77 78 79 80 85 86 90 92 94 100
27 65 29 30 31 32 34 35 38 39 40 42 45 54 55 57 58 60 61 62 63 64 65 66 67 69 71 72 77 79 80 82 85 87 90 92 94 95 96
28 61 29 31 36 40 45 46 48 49 54 56 58 61 71 72 73 77 78 81 84 89 92 97 100
29 24 30 32 34 37 40 44 45 47 53 56 58 62 63 65 68 70 72 73 75 78 79 82 83 86 88 94 96 97 98
30 70 34 40 43 44 45 49 50 52 53 56 57 59 63 66 70 71 76 86 87 89 90 91 92 93 97
31 82 32 33 36 38 40 41 46 47 48 50 51 52 54 59 60 61 62 63 64 65 69 71 72 75 76 78 79 80 81 82 83 86 87 89 92 94 96 98 99
32 26 38 39 41 42 43 45 46 47 48 49 50 52 57 60 62 63 68 70 73 75 76 78 79 80 86 87 90 96 97
33 60 37 42 43 44 45 46 47 48 50 51 52 53 55 61 64 65 66 69 71 73 74 77 82 83 91 92 97 98 100
34 92 35 36 40 42 43 46 50 52 59 61 62 65 71 73 75 76 77 80 81 82 84 85 86 87 89 93 94 97 99
35 33 36 37 38 39 40 42 45 48 49 50 58 60 62 67 69 71 72 73 76 78 81 82 84 87 92 96 97 98 100
36 47 37 41 44 45 47 48 50 52 53 57 62 63 66 67 71 73 75 77 78 79 80 84 85 89 90 91 94 95 96 98
37 48 38 39 41 44 46 48 50 52 60 61 64 66 68 69 73 81 84 85 86 88 89 91 96 97 98 99
38 68 44 46 47 48 53 54 57 61 67 71 72 73 83 85 87 89 90 99
39 83 40 41 44 52 55 57 58 62 68 73 74 75 77 79 81 82 87 89 90 93 99 100
40 70 41 42 43 45 48 49 50 53 58 60 62 65 67 68 69 76 77 79 80 81 82 83 84 85 86 92 93 98 100
41 78 46 48 52 57 59 61 63 65 67 68 72 73 75 76 78 84 85 87 88 89 97 98 100
42 68 43 48 51 52 53 54 57 58 59 61 66 71 72 74 80 81 82 83 85 86 87 94 95 97 98
43 98 44 51 54 55 56 61 66 69 84 88 95 97 98 99
44 86 47 54 60 65 66 70 71 74 77 78 79 83 87 89 92 93 95
45 93 50 52 54 63 64 65 66 70 71 76 77 80 83 84 86 89 90 99
46 73 48 49 53 54 55 56 59 62 63 64 67 69 71 72 73 78 80 81 83 84 86 90 91 92 99
47 98 50 66 68 72 73 76 79 80 82 83 84 85 90 91 92 94 95 98 99
48 100 49 51 52 55 56 59 62 63 64 65 66 70 74 75 77 78 79 82 83 86 87 89 90 92 93 95 100
49 73 51 52 53 58 63 65 66 68 70 72 78 80 84 89 91 94 96 97
50 41 54 55 57 65 66 68 70 75 76 77 87 92 94 96 98
51 73 52 54 56 61 62 63 65 72 76 77 78 79 83 84 86 88 92 94 96 99
52 21 53 54 55 56 58 59 60 62 67 69 70 71 72 73 74 76 78 79 90 94 95 97
53 45 54 60 64 67 70 71 74 75 76 79 80 82 85 88 92 93 94 98
54 87 55 59 60 61 62 63 64 65 66 72 75 80 81 84 87 93 96 99
55 24 56 57 58 61 62 63 68 70 73 74 77 78 79 81 86 87 89 92 93 95 97 98 99
56 72 58 63 68 72 75 76 79 81 86 88 90 91 92 93 94
57 98 61 64 65 66 68 69 71 73 77 78 80 83 84 88 90 93 96 100
58 84 59 63 64 65 66 67 69 73 75 76 78 80 82 86 89 91 92 93 95 100
59 31 60 62 63 69 71 72 76 83 85 86 87 88 90 98 99 100
60 58 61 63 64 65 66 71 73 75 78 79 81 82 83 87 91 97 99 100
61 48 62 63 64 68 71 73 74 84 85 89 95 99
62 69 64 65 66 67 71 74 77 78 79 80 81 83 84 87 90 94 98 100
63 98 66 67 68 71 72 80 82 90 91 93 99
64 61 69 71 72 76 79 80 81 83 86 87 89 93 95 97 100
65 65 66 68 70 76 77 84 86 88 89 90 91 98 99
66 42 69 70 72 73 76 77 78 79 82 83 88 93 94 95 96 98 99
67 44 68 72 73 74 75 76 80 82 84 85 88 90 91 94 99 100
68 81 73 76 84 87 88 89 92 96 97 98 99
69 40 70 74 75 76 77 80 82 86 89 93 95
70 44 75 78 79 83 86 87 89 90 91 92 96 97 99
71 82 80 81 82 86 88 89 90 93 97 98
72 47 73 74 75 76 77 79 82 84 88 90 92 94 96 97 100
73 58 75 76 78 79 80 81 85 86 87 92 95 100
74 78 75 80 83 84 86 90 92 93 96 98 99
75 21 78 79 80 81 84 85 88 89 95 97 99
76 82 80 82 84 85 92 93 95 96
77 98 80 82 86 92 93 94 95 99
78 29 79 80 82 84 86 89 90 91 94 97
79 67 82 84 85 91 95 97 100
80 85 81 83 85 86 90 91 93 95 100
81 76 82 83 85 89 91 95 96 97 99
82 45 83 84 86 93 97 100
83 30 84 88 90 91 93 96 97
84 63 85 89 96 100
85 78 87 89 92 93 95
86 74 87 89 96 97
87 78 88 91 93 94 95 96 98 99
88 27 89 91 94 97 98 100
89 36 90 91 92 95 99
90 55 92 93 95 96 99
91 74 92 97 98 99
92 74 95 96 100
93 59 96 98
94 51 95 99
95 95 98 100
96 38 100
97 29 99
98 32
99 32
100 62
