100
1 62 2 4 5 6 7 8 9 12 13 15 16 17 18 19 20 21 24 25 26 27 28 30 32 33 34 37 38 39 40 41 42 43 44 45 46 47 48 50 52 54 55 57 60 61 63 64 65 66 67 68 70 71 72 73 74 77 79 80 81 82 83 90 92 93 95 97 99
2 61 3 4 5 6 7 8 9 11 12 13 15 16 17 18 20 21 23 24 25 26 27 28 30 31 32 33 34 35 36 37 39 40 42 43 44 46 47 48 49 50 51 52 53 54 55 56 58 59 60 61 62 63 64 65 66 69 71 73 74 77 78 82 83 84 85 86 87 89 90 91 92 93 94 98 100
3 36 4 6 7 10 13 14 15 16 18 19 20 23 24 26 27 29 30 31 32 34 35 36 37 38 39 40 41 42 44 45 46 47 48 49 50 51 53 54 55 58 59 60 62 63 65 69 70 71 72 73 74 75 77 79 80 81 82 83 84 85 87 91 92 94 96 98 99 100
4 14 5 6 8 9 12 13 14 15 16 17 18 21 22 23 24 25 26 27 28 29 30 31 33 35 37 38 39 42 43 44 46 47 48 49 50 51 52 53 54 55 56 57 58 59 61 62 64 65 66 67 68 70 71 72 74 75 76 77 79 80 82 85 88 89 90 91 93 94 95 96 97 98 100
5 53 6 7 8 10 11 12 14 16 20 21 22 24 25 26 27 28 29 30 31 32 35 37 38 40 43 44 45 48 49 50 52 53 54 55 56 57 58 59 61 62 63 64 66 67 68 69 70 72 73 74 75 76 78 79 80 81 82 83 84 86 88 90 91 92 93 94 95 97 98 99
6 30 8 9 10 12 14 15 16 18 19 20 21 22 23 25 26 27 28 30 31 33 34 35 36 37 38 39 40 41 42 44 47 48 49 50 51 53 55 57 60 62 63 65 66 68 70 72 73 74 76 77 78 80 81 82 83 86 88 89 92 93 94 95 97 98 99
7 26 8 9 10 11 12 14 15 16 17 19 20 21 22 23 25 26 27 28 29 31 32 33 34 36 37 38 39 40 41 42 43 44 49 50 51 52 53 54 55 56 59 60 61 64 65 66 67 68 70 71 72 73 74 75 78 79 81 82 84 85 88 90 91 94 95 97 99 100
8 88 10 12 13 14 15 16 19 20 21 22 23 24 25 26 27 33 34 35 36 37 38 39 40 42 43 44 45 46 48 49 50 53 54 58 59 60 61 62 64 65 66 67 68 69 70 71 72 73 74 78 79 80 82 83 85 86 87 88 89 90 91 93 94 97 98 99 100
9 20 10 11 13 14 15 16 18 19 20 21 24 25 27 28 30 31 32 33 34 35 37 38 40 41 42 43 44 45 46 47 48 49 50 51 52 53 55 56 58 59 60 62 63 66 67 70 71 73 74 75 76 77 78 80 81 83 84 85 87 90 91 93 94 95 96 97 98 99 100
10 4 12 13 14 16 17 18 19 20 21 22 25 26 27 29 30 31 32 33 35 38 39 40 41 42 44 45 46 48 49 52 53 54 55 56 57 58 59 60 61 62 63 64 65 66 67 68 69 71 72 74 75 77 78 79 80 81 83 85 87 88 89 91 92 93 94 95 97 98 99 100
11 56 12 13 14 15 16 18 19 20 21 22 23 24 26 28 32 33 34 36 40 41 44 45 46 48 49 52 53 54 55 57 58 60 61 62 63 66 67 68 69 71 73 74 75 76 77 78 79 80 81 83 85 88 89 90 91 92 93 94 95 98 99 100
12 10 13 14 15 16 18 19 21 22 23 24 27 28 29 32 35 36 39 40 41 42 43 44 45 46 47 48 49 50 51 52 53 54 55 56 58 59 61 64 66 67 68 69 70 71 72 73 74 76 78 79 81 84 85 86 87 88 89 90 91 92 93 94 96 97 99
13 21 14 18 19 20 22 24 25 26 27 29 31 32 33 34 35 36 37 38 39 40 41 42 43 44 45 46 48 49 50 51 54 55 56 57 59 60 61 62 63 64 66 67 69 70 72 73 74 75 76 78 79 80 81 82 83 84 85 86 87 88 89 92 93 94 95 98 99 100
14 11 15 16 18 20 22 26 29 30 31 32 34 35 38 39 40 41 43 44 46 47 48 49 51 54 57 58 59 63 64 65 67 68 70 71 72 73 74 77 79 80 81 83 84 85 86 87 89 90 91 92 93 94 95 96 97 98 99
15 88 16 17 18 19 20 21 22 23 24 27 28 30 31 32 35 36 38 39 40 41 42 43 44 45 47 48 49 50 51 53 54 55 56 57 59 60 62 63 64 65 67 68 69 71 73 74 75 76 79 80 81 82 83 84 85 86 87 88 89 90 93 94 95 96 98 99 100
16 7 17 20 21 22 23 27 28 29 31 32 33 34 35 36 37 39 41 42 43 44 45 46 48 49 50 52 53 54 56 57 58 59 61 62 64 65 66 67 69 70 71 73 74 75 78 79 80 81 82 83 84 85 86 88 89 90 92 93 94 95 96 98
17 73 19 21 24 26 27 28 29 30 32 34 35 37 38 39 40 41 42 43 45 46 47 48 49 50 51 55 56 57 58 59 61 62 63 67 68 69 70 71 72 73 74 75 76 78 82 83 85 86 88 89 90 91 92 96 97 98 99
18 43 20 21 23 24 25 28 30 32 33 34 35 36 38 39 41 42 43 44 47 48 49 50 52 55 57 59 61 62 63 64 65 68 69 70 71 72 74 75 81 83 84 85 87 88 89 90 93 94 97 98 99 100
19 60 20 22 23 26 27 30 31 34 35 37 38 39 40 42 44 48 49 51 52 53 54 56 57 58 62 63 65 66 67 68 69 70 71 72 73 74 75 76 78 79 80 81 82 84 86 88 90 95 96 97 98 99
20 84 21 23 25 26 27 28 29 30 32 33 34 35 36 37 40 41 43 44 45 46 47 48 49 50 51 52 53 54 55 56 57 58 59 60 62 63 64 66 67 68 69 70 71 73 74 76 77 78 79 80 81 83 84 85 86 87 88 90 91 92 93 95 97 98 99
21 65 22 23 24 26 29 30 31 32 35 37 38 40 41 42 43 44 46 48 49 50 51 53 56 57 58 59 61 62 63 64 65 66 67 68 69 71 72 73 74 75 76 77 78 80 81 82 83 84 85 86 88 91 93 96 97 98 99 100
22 88 23 24 26 28 29 30 31 32 33 34 35 40 41 42 43 44 45 46 47 48 50 51 52 55 58 59 61 63 64 67 68 69 70 71 74 75 76 78 79 80 81 82 84 85 86 87 88 89 90 91 92 93 94 95 96 97 98 99 100
23 97 24 26 28 29 30 31 32 33 34 36 37 38 40 41 42 43 44 46 47 49 51 52 53 54 56 57 58 59 60 61 62 64 65 66 67 69 70 71 74 75 76 77 78 80 82 85 88 89 92 93 94 95 96 97 98 99
24 49 25 26 27 29 30 31 32 34 35 36 38 39 40 42 44 45 46 48 49 50 51 52 54 55 57 58 59 60 61 62 63 64 66 67 68 72 73 74 75 78 79 81 84 85 86 87 88 89 90 91 93 94 95 96 100
25 78 26 27 28 30 32 34 35 37 38 40 41 44 45 47 48 50 52 53 54 56 57 58 59 62 63 65 66 67 69 71 72 73 74 75 76 77 78 79 80 82 83 84 85 86 89 90 92 93 95 96 97 100
26 29 27 28 29 31 32 33 34 37 38 39 40 41 42 43 44 46 48 49 50 52 54 55 56 57 58 60 61 62 63 64 65 66 68 69 71 73 75 76 77 78 79 80 81 82 83 84 85 86 87 88 91 95 96 97 98 99 100
27 31 28 29 30 31 32 34 35 36 37 38 40 42 43 44 46 47 48 50 51 55 57 58 61 62 65 66 68 69 70 71 72 74 75 76 77 81 82 83 84 85 86 87 88 90 91 92 95 96 100
28 6 30 32 33 34 36 38 43 44 48 50 51 52 53 54 55 57 58 59 61 62 64 66 67 68 70 71 73 75 78 79 82 83 84 85 86 87 88 89 91 92 93 94 96 97 98 99
29 33 31 34 36 38 39 40 41 42 43 44 46 47 49 50 51 52 53 54 55 56 58 62 63 68 69 70 73 74 75 76 77 78 79 80 81 82 83 85 86 91 93 94 95 96 97 99 100
30 51 31 32 33 35 36 38 40 41 42 44 45 48 49 50 53 56 58 59 62 63 65 67 68 69 70 71 74 75 76 77 78 79 81 82 83 87 88 90 92 93 94 95 96 97 98 99 100
31 90 33 34 35 36 37 40 41 42 43 44 45 46 47 48 49 52 53 54 55 58 60 61 62 63 65 66 67 70 72 73 74 75 76 78 80 82 84 85 86 87 88 89 91 92 93 95 97 99 100
32 74 33 35 36 37 40 42 43 45 46 48 49 50 51 53 54 56 58 60 62 63 64 65 68 69 73 74 75 76 78 80 81 85 86 88 89 91 92 94 95 96 98 99
33 41 34 35 36 38 39 40 42 44 46 48 49 50 51 52 54 55 57 58 60 61 64 65 67 68 70 71 72 73 74 75 76 78 79 80 81 83 84 85 86 87 88 89 90 91 94 96 98 99 100
34 76 35 36 37 39 40 41 43 44 47 48 49 51 53 55 59 60 62 67 68 69 70 71 72 73 75 76 77 78 79 80 81 82 83 85 86 87 90 91 93 94 95 96 97 99 100
35 12 36 37 38 42 43 44 45 46 47 48 49 51 52 53 54 55 56 57 58 59 60 62 63 64 65 66 67 68 69 71 73 74 75 80 82 83 85 86 87 88 89 90 92 93 95 96 98 100
36 74 37 39 40 41 42 43 45 47 49 50 52 53 54 55 57 59 60 61 62 63 64 65 67 68 71 73 74 76 77 79 80 82 83 84 86 88 89 90 91 92 93 94 95 98 99 100
37 53 38 39 40 42 43 44 45 46 50 52 53 55 56 57 58 59 61 62 63 66 67 69 71 73 74 77 78 79 80 82 84 86 87 88 91 95 96 97 98 99 100
38 57 39 41 42 44 47 48 49 50 51 52 53 54 57 58 59 60 62 65 66 67 69 70 71 73 74 75 80 81 82 86 88 89 92 93 95 97 98 100
39 69 40 41 42 44 45 47 48 49 50 52 54 55 56 57 58 59 61 62 63 64 65 66 67 69 73 74 75 76 77 79 80 81 84 86 87 88 89 90 91 92 93 94 95 96 97 98 99
40 57 41 42 43 44 47 49 50 51 54 56 57 59 61 62 63 65 68 70 72 73 74 75 76 77 78 79 86 87 88 90 91 92 93 94 97 98 99 100
41 90 42 43 44 48 49 50 52 54 56 57 58 60 61 62 63 64 65 66 67 73 74 75 76 77 78 80 81 82 83 84 85 86 88 90 91 92 93 94 96 97 98
42 56 43 44 46 48 49 50 51 52 53 55 57 58 59 60 61 62 63 65 67 68 70 72 73 74 75 76 77 78 80 81 82 83 85 88 89 91 92 94 95 96 99
43 45 44 45 46 47 48 50 51 52 53 54 55 56 57 58 59 60 61 62 63 64 65 66 67 68 69 70 71 73 74 75 76 77 78 80 82 83 85 86 89 91 92 94 95 96 98 99 100
44 1 47 48 49 50 51 55 56 58 60 62 64 65 66 67 68 69 70 71 72 73 76 78 80 82 83 84 85 86 87 88 90 91 92 93 94 95 96 97 98 99
45 64 47 49 50 52 54 55 56 58 59 60 62 63 64 65 66 67 69 72 74 77 78 79 80 81 82 84 85 86 87 88 89 90 91 92 95 96 97 98 100
46 47 49 52 55 56 57 59 60 64 65 66 67 69 70 71 72 74 75 77 79 80 82 83 84 85 86 87 88 90 93 94 95 96 97 99 100
47 47 49 52 53 54 55 56 57 58 60 61 62 64 65 66 67 68 69 70 73 75 76 77 79 82 83 84 85 86 87 88 89 91 92 95 99 100
48 58 49 50 54 55 56 59 60 62 63 64 65 66 67 68 70 71 72 73 74 75 77 78 79 80 81 82 84 85 86 87 89 90 91 93 94 95 96 98 100
49 52 52 53 58 60 61 63 64 68 69 70 71 73 75 76 77 78 80 81 82 83 85 89 90 91 93 94 95 96 98 99 100
50 45 51 52 55 56 57 58 59 60 62 63 64 67 69 70 71 72 73 74 75 76 78 81 82 83 84 86 89 90 91 92 94 95 96 97 98 100
51 18 52 53 56 57 58 61 62 64 65 66 67 71 73 74 76 77 78 79 80 81 83 84 85 86 87 88 89 92 93 95 96 97 98 100
52 74 53 55 59 61 62 63 66 68 70 73 74 75 76 77 79 80 81 82 83 85 88 89 91 93 94 95 96 97 98 99
53 51 54 55 56 57 58 60 61 62 63 64 66 67 68 69 70 71 72 73 75 77 78 79 80 81 82 83 84 85 87 88 89 90 91 92 93 94 95 97 98
54 28 55 56 57 60 61 62 63 64 65 66 69 70 72 73 76 77 78 79 80 81 82 83 84 86 87 88 89 90 91 92 97 98 99
55 98 58 59 60 61 62 63 64 66 73 75 76 77 78 80 82 85 86 87 88 90 92 96 97 98 99
56 62 57 58 59 60 61 62 64 67 71 72 75 77 78 81 82 85 86 87 88 89 90 91 95 97 100
57 55 58 60 63 64 65 66 69 72 73 74 75 76 77 79 81 82 84 89 90 91 93 95 97 98 99 100
58 36 59 60 61 62 63 64 65 66 67 68 69 71 72 73 74 77 78 80 81 84 85 87 88 89 90 91 92 93 94 95 96 98 100
59 28 60 61 62 65 67 68 70 72 75 78 79 80 81 83 86 90 91 92 93 94 95 99 100
60 65 62 64 66 67 68 69 70 72 73 74 75 77 78 79 80 81 84 86 87 88 89 90 93 94 95 98 100
61 2 62 63 64 65 67 68 69 70 73 75 76 77 79 81 83 84 85 88 90 92 93 94 96 99 100
62 17 64 65 66 67 68 70 72 75 77 79 80 81 83 85 86 87 89 90 91 92 93 94 95 96 97 99 100
63 29 64 66 67 68 69 70 71 74 77 78 79 80 81 83 84 85 86 87 88 89 92 93 95 96 98 99
64 70 65 66 67 68 69 70 73 74 75 76 77 79 80 81 82 83 84 86 88 90 91 92 93 95 96 97 98 100
65 31 66 67 69 74 75 77 80 81 82 83 85 88 89 90 91 92 93 94 95 96 97 98 99 100
66 16 68 71 72 74 75 76 77 78 80 82 83 86 90 92 93 97 99 100
67 55 68 71 72 73 74 75 76 77 78 79 80 82 83 84 87 88 89 90 91 93 94 95 96 98 99 100
68 14 69 70 71 72 74 75 77 78 80 81 83 84 85 88 89 91 92 93 94 95 96 98 99 100
69 71 71 72 75 76 77 78 79 80 81 83 86 87 92 93 94 95 96 97 98 99 100
70 51 71 76 77 78 79 80 81 83 86 89 90 91 93 94 95 96 97 99
71 57 74 75 76 77 78 80 82 83 85 86 87 88 89 90 91 92 93 96 98 99 100
72 61 74 75 76 78 80 81 82 83 84 86 88 89 90 91 92 93 94 95 97 98 100
73 40 74 75 76 77 78 80 82 84 85 86 87 89 91 92 93 94 95 96 97 98 100
74 4 75 76 80 83 85 86 87 88 90 91 94 95 97 98 99
75 47 76 77 79 80 81 82 84 88 89 92 93 94 95 96 99 100
76 66 77 82 83 84 85 86 87 88 91 92 95 96 97 98 100
77 51 79 80 81 84 85 86 87 88 89 90 91 92 93 95 96 99 100
78 49 86 87 88 90 91 92 94 95 96 97 98 100
79 4 80 81 84 85 86 87 88 89 91 93 94 95 97 98 99 100
80 18 82 83 85 86 87 88 89 91 92 94 95 96 97 98 99
81 3 82 83 85 86 88 89 90 91 92 93 94 95 97 98 100
82 50 84 85 86 87 88 89 90 92 93 94 95 96 97 98 99
83 18 84 85 86 87 88 89 90 92 93 96 98 100
84 78 85 87 89 90 91 92 93 94 95 96 97 99 100
85 69 87 89 90 91 94 95 96 97 98 100
86 52 88 89 91 92 93 94 96 97 99
87 1 88 89 90 91 92 94 96 97 98 99 100
88 5 89 90 91 92 93 95 96 97 98 99 100
89 46 90 91 92 93 95 96 97 98 99 100
90 99 91 93 94 95 98 99 100
91 64 94 95 96 97 100
92 80 93 94 95 97 98 99
93 84 95 96 100
94 9 95 99 100
95 5 97 98 99 100
96 22 97 98 99 100
97 59 98 99
98 16 99 100
99 81
100 11
