100
1 70 11 20 21 23 26 29 32 38 46 55 57 60 74 77 81 82 91 92 96 98 99
2 99 4 6 7 15 17 19 20 21 23 26 30 34 47 50 53 55 60 72 76 79 92 100
3 59 8 9 20 25 30 33 42 45 50 64 75 82 84 95 97 99
4 95 5 11 24 25 27 34 37 41 54 59 61 68 74 75 81 84 86 95
5 50 19 20 24 25 27 29 32 40 42 46 66 72 93 97 98
6 78 10 11 12 15 27 35 36 55 58 59 71 74 77 81 91 92 95 96 97 98
7 82 12 13 18 22 23 27 32 33 35 49 56 61 62 77 85 87 91 92 98
8 59 11 16 22 23 24 27 28 34 40 41 48 50 53 58 59 85 100
9 89 14 15 17 18 22 23 24 26 29 30 34 41 45 48 50 64 89 91 94 98
10 53 14 19 21 25 27 38 39 41 48 50 58 59 64 71 80 81 83 84 89 92
11 64 12 16 20 22 26 35 45 50 52 55 62 66 71 72 73 75 79 81 84 94 95 98
12 58 13 18 21 22 31 35 37 44 49 50 61 63 65 83 90 91 94 97
13 55 23 24 26 33 42 44 52 54 59 61 66 67 71 73 76 79 80 82 93 95 97 98 99
14 56 17 18 23 30 35 36 43 52 53 56 57 59 64 68 69 77 83 85 94 95
15 95 27 45 52 55 57 62 67 71 72 73 89 94 95 96
16 78 17 19 23 32 43 44 51 56 58 59 64 65 66 67 79 80 82 85 87
17 51 20 21 22 28 31 33 34 36 38 39 46 51 52 55 57 72 89 97
18 85 22 27 28 37 45 47 48 58 62 66 67 74 77 94
19 66 20 22 29 33 34 39 40 47 51 55 64 67 71 82 86 87 94 95
20 80 27 29 40 49 50 59 74 77 83 93 96 98
21 56 22 24 25 29 38 39 55 56 65 72 76 80 88 89 91 92 93 96 97
22 84 56 67 71 73 75 80 84 93 99
23 64 24 34 37 42 44 47 51 55 57 60 72 76 77 81 82 84 85 86 88 89
24 52 27 28 42 50 52 56 57 60 62 65 68 73 75 80 92 93 99
25 76 34 40 45 47 49 59 64 68 70 73 74 78 87 88 89 91 96 98
26 82 29 30 31 39 45 50 61 62 74 83 85 86 87
27 80 28 33 35 36 39 40 43 52 59 60 62 64 73 75 80 86 89 93 94 97
28 71 29 30 31 32 33 37 43 50 51 58 61 67 71 72 74 76 77 82 86 87 92
29 80 31 34 35 39 43 47 50 52 54 55 56 71 72 73 74 80 81 86 89 99
30 71 36 38 39 41 49 63 65 84 97
31 73 33 34 36 40 50 53 55 57 60 61 64 65 69 70 71 77 83 85 87 88 91 92 95
32 73 34 43 52 54 55 57 59 60 61 70 73 74 81 83 84 88 91 100
33 73 41 51 53 55 59 64 65 87 89 95 96 97 98
34 58 35 44 49 62 63 64 72 76 81 84 86 87 93 98
35 76 36 38 39 41 44 46 47 48 52 53 57 59 70 75 83 85 88 91 94 98
36 92 49 55 58 65 71 74 78 80 83 95 97 98 100
37 51 41 44 47 48 52 87 92 95
38 91 39 42 48 52 54 55 57 62 69 74 81 85 89 95 100
39 62 43 55 56 60 66 74 89 92
40 64 44 50 59 68 69 71 72 75 77 78 79 82 85 86 87 90 98
41 85 57 60 66 67 68 71 72 79
42 88 47 48 53 54 55 76 78 80 81 88 94
43 73 47 48 49 53 58 60 79 82 83 87
44 53 47 55 56 58 59 66 67 72 80 81 83 94 97
45 64 55 58 61 63 64 71 76 84 88
46 70 54 55 58 64 70 73 84 87 94
47 77 53 56 57 58 59 67 70 77 93 94 95 100
48 87 50 52 60 65 67 69 71 75 86 98
49 81 56 63 74 75 76 79 85
50 71 57 67 68 73 83 84 86 87 89 93 94 95 96 99 100
51 95 64 69 82 97
52 67 61 64 75 76 77 79 81 82 83 85
53 100 57 61 67 70 77 91 92 95
54 78 56 64 67 70 71 73 74 75 79 81 83 89
55 80 56 58 63 70 74 77 78 82 83 87 94 99 100
56 65 61 64 69 70 77 78 79 82 83 86 93
57 58 66 71 73 79 83 88 93 94 95 97
58 81 62 64 68 69 80 84 85 87 88 92 96 100
59 76 62 67 79 84 87 89
60 65 65 66 67 77 88 89 95 97
61 56 62 66 75 81 84 94 95 97
62 84 63 64 76 80 81 85 86 94 98 99
63 53 74 79 85 86 88 91 93 100
64 60 87 92 93
65 50 68 70 72 89 99 100
66 93 74 76 81 85 90 94 96 99
67 78 68 74 77 80 84 86 87 88 92 97
68 54 81 82 95 100
69 88 76 77 81 83 92 94 98 100
70 53 75 80 84 88 91 94 100
71 77 85 89 94
72 58 76 77 78 80 81 94 98 99
73 86 76 78 79 82 83
74 93 78 81 96 100
75 59 77 82 85 87 89 96
76 54 85 92 96 97 99
77 91 81 82 84 85 86 88 93
78 77 86 87 88 89 94 96 98
79 95 84 85 87 98 100
80 50 81 95 98 100
81 65 82 84 85 93 99 100
82 68 88 92 95 96
83 56 89 96 97 99
84 64 85 87 88 91
85 56 89 94 95
86 67 87 95
87 99 99
88 91 91 95 96 97
89 80 94 97
90 81 92 95 99 100
91 62
92 60 94 96 98
93 71 96
94 57 96
95 68
96 84 97 100
97 100 98 99 100
98 71
99 71
100 79
