100
1 24 3 4 5 6 7 8 10 11 12 13 15 17 18 20 22 24 25 26 27 28 30 31 32 34 35 37 40 41 42 43 44 45 46 47 48 49 50 51 52 53 54 55 56 57 58 59 60 61 62 65 66 68 69 70 71 73 74 75 76 77 79 80 82 85 86 87 88 89 91 92 93 94 95 96 98 100
2 91 3 4 5 8 11 12 13 14 16 17 18 19 20 22 23 24 26 27 28 29 32 33 34 35 36 40 41 42 43 45 47 48 49 50 51 52 53 54 55 56 57 58 59 60 61 62 63 64 65 66 67 68 70 71 72 73 75 76 78 79 81 82 83 84 85 86 87 88 89 90 91 92 94 95 96 97 98 99 100
3 75 4 5 6 7 8 9 10 11 12 13 14 15 16 17 18 19 20 21 22 23 24 25 26 27 28 29 30 31 32 33 35 36 37 39 40 41 42 43 44 45 47 48 49 50 51 52 54 56 58 59 61 65 66 68 70 71 72 73 74 75 76 77 78 79 80 82 83 84 85 87 88 89 90 91 92 93 94 96 97 98 99 100
4 91 5 6 7 8 9 10 11 12 13 14 15 16 17 18 19 20 22 23 24 26 27 28 29 31 33 34 35 36 37 38 39 40 41 43 44 45 47 49 50 53 54 55 56 57 58 59 60 61 62 63 64 65 66 67 68 69 70 71 72 73 74 75 76 77 78 79 80 81 83 84 85 86 87 88 89 90 91 93 94 95 96 97 98 99 100
5 25 6 8 9 10 11 13 14 15 16 17 18 19 20 21 22 23 24 25 26 30 32 34 35 36 38 39 40 41 42 44 45 46 47 48 49 50 51 52 53 54 55 57 59 60 61 62 63 64 65 66 67 68 69 70 71 73 74 75 76 77 78 79 81 83 84 85 87 88 90 92 94 96 97 98 99 100
6 57 7 10 12 13 14 15 16 17 18 20 21 22 23 24 26 27 28 29 31 32 33 34 35 36 37 38 39 40 41 42 44 46 48 49 50 51 52 53 54 55 56 59 60 61 62 64 65 66 67 68 69 70 71 72 73 74 75 77 78 80 81 82 83 84 85 86 87 88 89 91 92 93 94 95 96 97 98 99 100
7 75 8 9 12 13 14 17 18 19 20 21 23 24 26 27 28 29 30 31 32 33 34 35 36 37 38 39 40 41 42 43 45 47 49 50 51 53 54 55 57 58 60 61 62 63 64 65 66 67 69 70 71 72 73 74 76 77 78 79 81 82 83 84 87 88 89 90 91 92 93 94 95 96 97 98 99 100
8 87 10 11 13 14 18 19 21 24 25 26 27 28 29 30 33 35 36 37 39 41 42 43 44 45 47 48 50 51 52 53 55 57 58 59 62 63 64 65 66 67 68 69 70 71 72 73 74 75 77 78 81 82 83 84 85 86 87 88 91 92 93 95 96 97 98 99 100
9 76 11 12 13 14 15 16 18 19 20 21 23 24 25 27 28 30 31 34 35 36 38 39 40 41 45 46 47 48 49 50 51 52 53 54 55 56 57 58 59 60 61 63 65 66 67 68 69 70 72 73 74 75 76 77 79 80 81 82 83 85 86 87 88 89 90 91 92 93 94 95 96 97 99 100
10 20 11 12 15 16 17 18 19 20 21 22 23 24 25 26 27 28 30 31 33 34 35 37 38 39 40 41 42 46 47 48 49 50 51 53 54 56 59 60 61 62 63 64 65 66 67 68 69 70 71 72 74 75 76 77 78 79 80 82 83 84 85 86 87 88 89 90 91 92 93 94 95 96 98 99 100
11 38 12 13 14 15 18 19 20 21 22 23 24 25 26 28 29 30 31 32 33 34 35 36 37 38 39 40 41 42 44 46 47 49 50 53 54 55 56 57 58 63 64 67 68 69 70 71 72 73 74 75 76 77 78 79 80 82 84 85 86 87 88 89 90 91 92 93 94 96 97 98 99 100
12 19 13 14 15 16 17 19 20 22 23 25 26 27 28 29 30 31 32 33 34 35 36 37 38 39 40 43 44 45 46 47 48 49 51 54 55 56 57 58 59 60 61 62 63 64 67 68 69 70 71 72 73 74 78 79 81 83 84 85 86 87 88 90 91 92 93 94 95 96 97 98 99 100
13 64 14 16 17 18 20 21 22 23 24 25 26 28 31 32 34 36 38 40 41 42 44 45 46 47 49 50 51 52 53 55 57 58 59 60 61 63 64 65 66 68 69 70 71 72 73 74 77 78 80 81 82 83 84 85 86 87 88 89 92 93 94 95 96 97 98 99
14 50 15 16 17 18 19 21 22 23 24 25 27 28 30 31 32 33 35 37 38 39 40 42 43 44 45 47 49 50 51 52 53 54 55 58 60 61 63 64 65 66 67 68 71 72 73 74 75 77 78 79 81 84 85 86 87 88 89 91 92 93 94 95 96 97 98 99 100
15 24 16 17 18 19 20 21 22 24 25 27 28 29 30 31 32 33 34 35 36 37 38 41 42 43 44 46 47 48 49 50 51 52 53 54 56 57 58 59 60 61 62 63 64 65 66 67 68 69 70 71 72 73 74 76 77 79 81 82 83 84 85 87 88 90 91 92 93 94 95 97 98 99 100
16 60 17 18 19 20 21 22 24 25 26 27 28 29 30 31 34 35 36 37 39 40 43 44 45 46 47 48 51 52 53 55 56 57 58 59 60 62 63 64 66 67 68 69 70 71 74 75 76 77 78 81 82 83 84 85 86 87 88 89 91 94 96 98 99 100
17 75 18 19 20 21 22 23 24 25 27 28 30 31 32 35 36 37 38 39 40 41 43 44 45 46 47 49 50 51 52 53 54 55 56 57 58 59 60 61 63 64 65 66 67 68 69 70 71 72 73 74 75 76 78 80 81 82 84 85 86 87 88 90 91 92 93 94 95 98 99 100
18 25 19 20 21 23 25 26 27 28 30 31 33 34 35 36 37 39 40 41 42 43 44 45 46 47 48 50 52 53 54 55 56 59 60 61 62 65 66 67 68 69 70 72 73 74 75 76 77 78 79 80 82 83 84 86 87 88 89 91 92 93 94 95 97 98 99
19 43 21 22 23 24 25 26 28 32 33 34 35 36 37 38 39 40 41 42 43 44 46 48 49 51 52 53 54 55 56 57 59 60 61 62 63 65 66 67 69 70 71 72 73 74 76 77 78 79 80 82 83 84 85 86 88 89 90 91 92 93 94 95 96 97 98 99 100
20 87 21 23 25 26 27 28 29 30 31 32 33 34 35 36 37 38 39 40 41 42 43 44 45 46 47 48 49 50 53 55 56 58 59 60 61 65 66 67 68 69 70 72 73 74 75 77 78 79 80 83 84 85 86 87 88 89 90 91 92 93 94 95 96 97 98 100
21 98 22 24 25 26 28 31 32 33 34 35 37 38 39 40 41 42 43 44 45 46 47 48 49 50 51 52 53 54 55 57 58 59 60 61 64 65 66 67 68 69 70 71 72 73 74 75 76 77 78 79 80 81 82 84 85 86 88 89 90 91 94 95 96 97 98 99 100
22 78 24 25 27 28 29 30 31 32 35 36 38 39 40 41 42 43 44 45 47 48 49 50 51 52 53 54 55 56 57 58 59 61 62 63 65 66 67 68 69 70 71 73 74 75 76 78 79 81 82 83 84 86 87 90 92 95 96 97 99 100
23 33 24 25 28 29 30 31 32 33 34 36 37 38 39 40 42 46 48 49 50 51 52 53 54 55 56 57 58 59 61 62 63 64 65 66 67 68 69 70 71 72 73 74 75 76 78 79 80 81 83 84 86 89 91 93 95 96 97 98 99 100
24 26 25 26 27 29 30 31 32 33 34 35 36 37 38 39 42 43 44 46 47 48 49 50 51 52 53 55 56 57 58 63 67 68 70 71 72 73 74 75 77 78 79 80 81 82 83 84 85 86 87 88 90 92 93 95 96 98 99 100
25 87 26 27 29 31 32 34 35 36 37 38 39 40 41 43 44 45 46 48 49 50 51 52 55 56 57 58 59 60 61 63 64 65 67 70 71 73 74 75 76 77 78 79 81 82 83 84 86 87 88 89 90 92 96 97 99 100
26 85 27 28 29 30 32 33 34 35 36 37 38 39 40 41 43 44 45 47 48 49 52 53 54 55 56 57 58 59 60 61 62 64 65 66 67 69 70 71 72 73 74 76 78 79 81 82 83 84 85 86 87 89 91 93 95 97 100
27 5 28 29 30 31 32 33 34 35 37 39 40 41 42 43 45 46 47 48 49 50 51 52 53 54 56 57 58 59 60 61 62 63 65 68 70 72 75 76 78 80 81 82 83 84 85 86 87 88 90 91 94 95 96 97 98 99 100
28 71 29 30 31 32 33 34 35 36 38 39 40 41 42 43 44 45 46 47 49 50 51 52 53 54 57 58 59 60 61 63 64 65 66 67 69 70 71 72 73 74 75 76 77 78 79 81 82 83 84 85 86 87 90 91 97 99 100
29 34 32 33 34 35 36 38 39 40 41 42 43 44 46 47 48 49 50 52 53 54 55 56 59 60 61 63 64 65 66 68 69 70 71 73 74 75 76 77 78 79 80 81 82 83 88 91 93 95 96 97 99
30 99 31 32 34 35 36 38 39 40 41 42 43 44 45 46 48 49 50 51 52 53 54 55 56 57 58 59 60 61 62 63 64 65 67 68 69 70 71 72 73 74 75 77 78 80 81 82 83 84 86 87 88 89 91 92 93 94 95 96 97 99 100
31 63 32 33 34 36 37 38 39 40 41 43 44 46 47 48 49 50 51 52 53 54 57 58 59 60 61 62 64 65 66 67 68 69 70 71 72 73 74 75 76 77 78 79 81 82 83 84 85 86 89 90 92 93 94 95 96 97 98
32 81 33 34 35 36 37 38 39 40 41 42 43 44 45 46 47 48 49 50 51 53 55 56 57 58 59 60 61 62 65 67 70 71 72 73 74 75 76 77 78 79 80 84 86 87 88 89 90 91 92 93 94 95 96 97 98 99 100
33 87 34 36 38 39 40 41 42 43 46 47 48 49 50 51 52 53 54 55 56 57 58 59 60 63 64 65 66 67 68 70 71 72 73 75 76 77 78 79 80 81 82 83 84 85 86 88 89 90 91 92 93 94 95 98 99
34 70 36 38 39 40 41 42 43 44 45 46 47 48 49 50 51 52 53 55 56 58 59 61 63 64 65 66 68 69 70 71 73 75 76 77 79 80 81 82 83 84 85 86 87 88 90 91 92 93 94 95 97 98 100
35 43 37 39 40 41 42 43 44 45 48 49 50 51 52 53 55 57 58 60 61 62 63 64 65 66 68 69 70 71 73 76 77 78 79 80 81 82 83 85 91 94 97 98 99 100
36 46 37 40 42 43 44 45 47 48 49 50 51 54 55 57 58 59 60 61 62 63 64 67 68 69 70 71 75 76 77 78 79 80 82 83 84 85 86 87 88 92 93 96 98 99
37 53 38 39 41 43 45 46 47 48 49 50 51 52 53 54 55 56 57 59 60 61 62 63 66 68 69 70 71 72 73 74 75 78 79 81 83 84 85 86 87 88 89 90 91 94 96 97 98 99 100
38 76 41 44 46 49 50 51 52 53 54 57 58 59 60 61 62 63 65 66 67 68 69 70 71 72 73 75 76 77 78 79 80 81 82 83 84 85 86 87 88 89 90 91 93 94 96 97 98 99 100
39 36 40 41 42 43 44 45 46 47 48 49 53 54 55 57 59 60 61 62 64 65 66 67 68 69 70 71 72 73 74 75 76 77 78 79 80 81 84 85 86 87 88 91 93 94 95 96 97 98 99
40 50 41 42 43 44 46 47 50 51 52 54 56 57 58 60 61 62 64 66 69 70 71 72 73 74 75 76 77 78 79 80 81 84 85 86 87 88 89 90 91 93 94 95 96 97 98 99 100
41 36 42 43 44 45 46 47 48 49 50 53 54 56 57 58 59 60 63 64 66 68 69 70 71 73 74 75 76 77 78 79 80 83 85 86 87 88 89 91 92 95 96 98 99 100
42 1 43 45 46 48 49 50 51 53 55 59 60 61 63 64 65 66 67 69 72 73 74 75 76 77 78 80 81 84 86 87 88 89 90 91 92 93 94 95 96 98 99 100
43 75 44 45 46 47 50 52 53 54 55 56 57 58 59 60 61 62 63 64 66 67 68 69 70 71 72 74 75 76 77 78 79 80 81 82 83 84 86 88 89 90 91 92 93 94 95 96 97 98 100
44 5 45 46 47 48 49 50 51 52 53 54 56 57 58 59 60 61 62 63 64 65 66 67 68 69 70 71 72 73 75 76 77 78 79 81 82 83 84 85 87 88 89 90 91 93 94 97 98
45 38 46 47 48 49 50 51 52 53 54 55 56 58 59 60 64 65 66 67 69 70 71 72 73 74 75 77 78 79 81 82 83 84 85 86 87 88 89 90 91 92 95 96 97 98 99
46 68 47 49 50 51 53 54 55 56 57 58 61 63 64 67 70 71 72 73 74 75 76 77 79 80 82 85 86 87 88 89 90 91 92 93 95 96 97 98 99 100
47 34 48 49 50 51 52 53 54 56 57 58 59 60 61 62 63 64 65 67 68 69 71 72 74 75 76 77 78 79 80 81 85 86 87 88 89 90 91 92 93 94 95 96 97 98 99
48 86 49 50 51 52 53 54 55 56 58 59 60 61 62 63 65 66 67 68 69 70 71 72 73 74 77 78 79 80 81 83 84 85 86 87 88 89 91 92 93 96 97 98 99 100
49 70 50 52 54 55 56 59 60 61 62 63 65 66 67 68 71 72 73 74 75 76 77 78 79 80 81 82 83 84 85 87 88 89 90 92 93 96 97 99 100
50 86 51 52 53 54 55 56 58 59 60 62 63 64 67 68 69 70 71 73 74 75 76 77 78 79 80 81 82 83 84 85 86 89 90 91 92 94 95 96 97 98 99 100
51 21 52 53 54 55 57 58 59 60 61 62 65 66 68 69 70 71 72 73 74 75 76 77 78 79 80 81 82 83 84 85 86 87 88 89 90 91 95 97 98 100
52 45 53 55 56 57 58 61 62 63 64 67 68 69 70 71 73 74 75 76 77 79 80 81 82 83 84 85 86 87 88 89 90 91 93 94 95 96 97 98 99 100
53 21 54 56 57 58 59 60 61 66 68 69 70 71 72 73 74 75 76 77 78 79 80 81 82 84 85 88 89 90 91 92 94 95 96 97 98 99 100
54 1 55 56 58 59 61 62 64 65 66 69 70 71 72 73 74 75 76 78 79 80 81 82 83 84 85 86 87 88 89 90 91 92 94 95 96 97 98 100
55 14 56 57 58 59 60 61 62 63 64 65 66 68 69 70 71 72 73 74 75 76 77 78 79 82 83 84 85 86 87 88 89 90 91 93 94 95 96 98 99 100
56 35 58 59 60 61 67 68 70 71 72 74 75 76 78 79 80 81 82 83 84 85 86 87 88 90 91 92 93 94 98 99
57 4 58 59 60 61 63 64 65 66 67 68 69 70 71 72 73 74 75 76 77 78 79 81 82 83 84 85 86 88 89 91 92 93 94 96 97 98 99
58 17 59 61 62 63 64 65 66 67 68 69 71 72 73 74 75 76 77 80 81 82 83 84 85 88 90 91 92 93 94 96 97 98 100
59 21 60 61 62 63 66 67 69 70 73 74 75 76 77 79 80 81 82 83 85 86 87 88 89 90 91 92 94 95 97 98 99 100
60 14 61 62 63 64 65 66 67 68 70 71 72 74 75 76 77 78 79 81 82 84 86 87 88 89 90 91 93 94 96 97 99 100
61 45 62 63 65 67 68 70 71 73 74 76 77 78 79 80 81 82 84 85 86 88 89 90 91 92 93 94 95 96 98 99
62 87 63 64 65 66 68 70 71 73 74 75 76 77 78 79 81 82 83 84 85 87 88 89 91 92 93 94 95 96 97 98 99 100
63 26 64 65 66 67 69 71 72 73 74 75 76 77 79 80 84 85 86 87 88 89 90 91 92 94 96 97 98 100
64 69 65 66 68 69 70 71 72 73 74 75 76 77 78 79 80 81 83 84 85 87 88 90 92 93 95 96 97 98 100
65 41 66 68 69 70 71 72 74 78 79 80 81 82 83 85 86 87 88 90 91 92 93 94 95 96 98
66 20 67 68 69 70 72 74 75 76 77 78 79 81 83 84 86 87 88 90 91 92 93 95 97 98 100
67 68 68 70 71 72 73 76 78 79 81 82 83 85 86 87 88 89 90 91 92 93 94 96 97 99 100
68 24 69 70 71 72 73 74 76 78 80 81 82 83 85 86 90 91 92 94 96 97 98 99
69 28 71 72 74 75 76 77 78 79 82 83 84 85 87 88 89 91 92 93 95 96
70 16 71 72 73 74 80 81 83 84 85 86 87 88 90 91 92 93 94 95 96 97 99
71 56 72 73 74 75 76 77 78 79 80 81 82 83 84 86 87 88 89 90 91 93 94 95 99 100
72 75 73 74 76 77 81 82 83 84 85 86 88 89 90 91 93 95 97 98 99 100
73 5 74 75 76 77 78 80 82 83 84 85 86 87 88 89 90 91 92 93 96 98 99 100
74 78 75 76 77 78 79 81 83 84 85 86 88 90 91 93 94 95 96 97 98 100
75 44 77 78 79 80 81 83 84 85 87 89 90 91 92 93 94 95 96 97 98 99 100
76 18 77 78 79 80 82 83 87 88 90 91 94 95 96 97 98
77 53 78 79 81 83 84 87 88 89 90 91 93 96 97 99 100
78 4 80 82 83 84 85 86 87 88 89 90 91 92 94 95 96 97 98 99 100
79 69 80 81 83 84 86 87 88 89 90 91 92 93 95 96 97 98 99 100
80 6 81 82 83 86 87 88 89 90 91 92 93 94 96 97 98 99 100
81 80 82 83 84 85 86 87 88 89 90 92 93 94 95 96 98 99 100
82 13 83 84 86 87 88 90 91 92 93 94 95 96 97 98 99 100
83 83 84 86 87 88 89 90 92 93 94 95 96 97 99 100
84 8 87 89 90 91 92 93 94 95 96 98 99
85 58 86 87 89 90 91 92 93 94 95 96 97 99 100
86 8 87 88 89 91 92 94 95 96 97 98 100
87 75 88 89 90 91 92 93 95 96 98 99 100
88 100 89 90 91 92 93 94 95 97 98 99 100
89 56 90 92 93 94 95 97 100
90 30 91 92 93 95 96 97 98
91 30 92 93 94 96 97 98
92 71 93 96 97 98 99
93 48 94 95 96 97 98 99
94 1 95 98 99
95 98 96 97 98 99
96 59 97 98 99
97 100 98 99 100
98 21 99 100
99 31 100
100 11
