100
1 56 2 3 14 15 23 24 30 31 32 33 40 42 45 47 48 50 59 60 67 70 73 74 77 78 79 82 86 87 91 92 97 99
2 60 5 6 11 12 14 15 22 26 28 29 30 34 35 37 39 41 50 52 53 58 61 64 69 74 78 79 80 87 89 90 93 98
3 42 6 13 17 19 20 25 26 31 36 61 64 66 78 80 87 89 93 94 97 100
4 24 5 7 8 13 14 17 21 22 28 34 36 37 39 41 46 49 51 52 55 59 68 70 74 78 80 85 86 88 91 94 98
5 39 6 8 10 11 13 20 21 28 36 37 43 46 52 53 54 56 59 68 72 78 87 88 90
6 33 10 11 12 16 19 24 29 34 39 42 45 55 57 60 63 64 66 67 69 70 71 72 77 81 86 91 97
7 42 17 18 19 28 29 32 35 39 40 46 48 49 55 60 61 62 65 66 67 69 72 75 77 85 87 89 92 95 96 97 99
8 75 19 28 33 37 42 43 47 52 55 61 67 68 70 72 75 78 88 91 93 96
9 58 11 15 22 25 26 29 30 32 38 41 46 48 50 56 62 64 66 69 73 79 87 91 95 96 98
10 88 11 12 16 19 20 27 32 33 36 38 41 42 43 44 45 49 51 57 63 67 70 74 77 81 89 96 97 99
11 86 12 20 21 24 25 27 40 41 47 48 51 52 53 54 57 60 68 80 83 84 88 89
12 56 16 19 20 21 26 31 32 36 44 47 48 54 62 67 68 69 71 75 76 83 85 86 97 98 99 100
13 97 17 20 21 22 23 28 29 35 42 43 46 47 52 54 56 59 68 74 81 82 83 84 86 87 90 92 93 97 99
14 66 17 19 22 24 27 34 36 37 43 44 45 49 50 53 55 57 61 67 68 69 71 73 78 80 86 87 89 94
15 84 16 21 24 25 35 38 41 48 49 55 58 64 69 70 74 75 79 81 82 84 87 89 92 94 96 98
16 97 20 25 27 33 35 36 39 42 43 45 51 56 59 62 70 71 74 77 92 96 98
17 32 22 24 25 29 30 31 32 37 45 49 50 53 55 68 70 73 75 77 79 80 88 90
18 51 21 25 27 29 32 43 45 49 50 61 63 64 67 68 79 86 87 89 90 91 93 95 98 100
19 44 23 32 37 38 49 57 61 64 65 67 72 81 82 89 90 91 95
20 93 22 23 29 32 33 34 38 43 45 48 49 51 52 56 63 66 68 75 76 77 80 81 92 94 96 97 98 99
21 86 22 26 34 36 37 40 43 45 48 65 75 77 79 84 87 91
22 22 24 29 35 37 41 42 45 48 49 58 61 65 66 68 71 77 79 81 84 87 88 89 93 95
23 71 24 25 27 28 29 32 33 35 36 37 40 43 47 52 54 56 58 60 62 67 74 75 79 80 81 85 88 99
24 50 28 38 46 47 49 51 52 54 61 63 67 72 73 74 78 81 82 85 91 95 96 100
25 34 27 30 33 34 37 40 44 46 47 51 53 59 63 65 66 67 72 74 76 81 82 85 87 89 90 93 94 99 100
26 25 37 41 48 49 52 56 64 67 88 90 96 97 98
27 100 29 31 33 36 38 40 41 42 43 49 56 57 59 74 75 77 79 82 95
28 68 29 35 42 43 44 48 57 58 61 64 68 72 74 75 77 79 81 82 87 88 90 94 95 97 100
29 75 30 31 33 35 40 44 45 46 49 51 52 56 57 58 65 68 70 80 81 86 93
30 30 31 33 36 41 42 44 46 50 51 52 54 56 60 63 66 69 76 79 80 81 86 94 98
31 96 32 38 43 47 54 55 58 60 63 64 66 69 71 73 74 78 83 84 88 90 91 92 94 97 98
32 97 34 35 42 43 47 52 54 63 64 70 75 76 78 86 90 93 95
33 34 34 36 37 39 41 42 44 46 61 63 67 70 71 76 84 85 91 92 93 100
34 28 49 56 61 63 65 69 75 78 82 95 100
35 91 36 37 41 45 46 49 53 55 56 59 60 63 64 69 77 84 89 90 91 92 95 97 98 100
36 61 38 40 41 43 44 49 56 58 65 68 78 81 87 88 89 92 94
37 61 38 41 43 45 46 47 51 56 70 72 75 80 94
38 24 47 49 50 53 54 56 58 60 61 65 67 71 74 76 79 80 82 90 91 94 95
39 65 41 50 52 53 71 72 75 78 79 89 94 99 100
40 82 42 43 44 51 55 57 59 63 75 80 81 86 90 91 98
41 36 46 52 55 59 63 65 67 70 74 75 84 91 92 93 94 95 97
42 70 43 49 50 54 56 59 60 61 64 67 68 83 87 92 93
43 90 45 47 48 52 53 57 65 71 77 78 83 85 88 92 95 98
44 28 53 56 63 64 77 83 86 87 88 94
45 59 49 51 53 60 62 66 68 71 75 80 81 82 84 85 89 96 97 98
46 71 47 57 60 61 62 72 82 84 85 94 95 100
47 33 52 54 60 62 67 73 75 80 82 89 96
48 54 52 53 60 64 65 66 67 68 75 78 79 80 82 90 91 98
49 40 53 56 58 62 63 64 80 82 88 90 94 97
50 94 58 59 62 63 67 68 74 79 81 87 89 95 96 98
51 98 52 54 64 66 67 69 81 84 86 90 93
52 69 53 62 64 65 69 72 77 86 94 95 96 98
53 27 55 56 57 58 59 63 64 66 68 69 70 72 74 76 81 83 88 91
54 85 64 65 66 71 73 74 76 85 90 92 93 95 96 98
55 71 58 63 64 67 69 72 73 75 78 90 94 97
56 35 57 59 61 70 77 79 82 83 85 87 94 96
57 25 62 65 69 75 76 82 87 88 89 90 92 94 95 99
58 48 61 62 66 68 80 85 88 90 92 95 99 100
59 75 60 61 66 69 73 79 80 84 86 88 91 92 93 97 98 99
60 95 62 63 67 69 70 74 78 79 82 87 90 95 98
61 53 63 64 67 68 70 74 76 77 78 79 80 83 84 85 86 88 91 92 94 95 96 99
62 91 63 67 68 69 74 75 84 87 88 91 93 98
63 52 65 72 76 77 81 82 87 90 92 94
64 76 65 68 71 72 73 82 84 86 90 97
65 89 72 74 75 76 77 87 91 94 95 100
66 85 72 73 74 76 82 85 88 92 93 95 98 100
67 57 68 69 71 75 77 82 83 87 90 92 93
68 37 75 76 79 83 85 88 90 94 98 100
69 62 71 77 85 94 99
70 45 72 75 76 80 86 88 89 94
71 23 80 88 89 95 96
72 44 75 89 90 92
73 48 74 75 76 79 85 87 88 96 99
74 90 78 80 82 85 87 88 89 93 98
75 49 79 80 83 92 95 96 98 99
76 96 81 84 95 97 98 99
77 100 78 80 82 83 84 91 92 96 97 99 100
78 34 80 90 94 99
79 97 80 83 85 88 100
80 20 88 90 93 97 100
81 88 83 87 91 92
82 65 86 88 92
83 80 88 98 100
84 82 85 88 89 92 96 97 100
85 64 86 87 89 96 97 98 99
86 38 90 96 97 98
87 31 88 92 93 100
88 32 92 93 96 97
89 50 95
90 75 92 98 100
91 35 93 95 96
92 94 93 95 98
93 88 95 99 100
94 63 96
95 32 99
96 65 97 98 100
97 29 100
98 92
99 53
100 38
