100
1 56 2 3 5 6 7 8 9 11 12 13 14 15 16 17 18 19 20 21 23 24 26 27 28 29 30 31 32 33 34 35 36 37 38 39 40 41 42 43 44 46 47 48 49 50 51 52 53 54 55 56 57 58 59 60 62 63 64 65 66 67 68 69 70 71 72 73 74 76 77 78 79 82 83 84 85 86 88 89 90 91 92 93 94 95 96 97 98 99 100
2 60 3 4 5 6 7 8 9 10 11 13 14 15 16 17 19 20 21 23 24 26 27 29 30 31 32 33 34 35 37 38 39 40 41 42 43 44 45 46 47 48 49 50 51 52 53 54 55 56 57 58 59 60 61 62 63 64 66 67 68 69 70 71 73 74 75 76 77 78 79 80 81 82 83 84 85 87 88 89 92 93 94 95 96 97 98 99 100
3 42 4 5 6 7 8 9 10 11 12 13 14 15 16 17 19 20 21 22 23 24 25 26 27 28 29 30 31 32 33 34 35 37 38 39 40 41 42 43 44 45 47 48 49 52 53 54 55 56 57 58 59 60 61 62 63 64 65 66 67 69 70 71 72 73 74 75 76 77 78 80 81 82 83 84 85 86 87 88 89 90 91 92 93 94 95 96 97 98 99 100
4 24 5 6 7 8 9 10 12 13 14 15 16 17 18 19 20 21 22 23 26 27 28 29 30 31 32 33 34 35 36 37 38 39 40 41 42 43 44 45 46 47 48 49 51 52 53 54 55 56 57 58 59 61 62 63 64 65 66 67 68 69 70 71 72 73 74 75 77 78 80 81 82 83 84 85 86 87 88 89 90 91 93 94 95 96 97 98 99 100
5 39 6 7 8 9 10 11 12 14 15 16 17 18 19 21 22 23 24 26 27 28 30 32 33 34 35 37 38 39 40 41 42 43 44 45 46 47 48 49 50 51 53 54 55 57 58 59 60 61 62 63 64 65 66 67 68 69 70 72 73 74 75 76 77 78 79 80 81 82 83 84 85 86 88 89 90 91 92 93 94 95 96 97 99 100
6 33 7 8 9 10 11 12 13 15 16 17 18 20 21 22 23 25 26 27 28 29 30 31 32 33 34 35 36 37 38 39 40 41 42 44 45 46 48 49 50 51 52 53 54 55 56 57 58 60 62 63 64 65 66 67 68 70 71 72 74 75 76 77 78 79 80 81 82 83 84 85 86 87 88 89 90 91 92 93 94 95 96 97 98 99 100
7 42 8 9 10 11 12 13 14 15 16 17 18 22 23 25 26 28 29 30 31 32 33 34 35 36 37 38 39 40 41 42 44 45 46 47 49 51 53 55 56 57 58 59 60 61 62 63 64 65 66 67 68 69 70 71 72 73 74 75 76 77 78 80 81 82 83 84 86 87 88 89 90 91 92 94 95 96 97 98 99 100
8 75 9 10 11 12 13 14 15 16 17 18 19 20 21 22 23 24 25 26 27 28 29 30 31 32 33 34 35 37 38 39 40 41 42 43 44 45 46 47 48 49 50 51 52 53 54 55 56 57 59 60 61 62 63 64 65 67 68 69 70 71 72 73 75 76 77 78 79 80 81 82 83 84 85 87 88 89 90 91 92 94 95 96 97 98 99 100
9 58 11 12 13 14 15 16 17 18 19 20 21 22 23 24 25 26 28 29 30 31 32 34 35 36 37 38 39 40 41 42 43 44 45 46 47 48 49 50 51 52 53 55 56 57 58 59 60 61 62 63 64 65 66 67 68 69 70 72 73 74 75 76 77 78 79 80 81 82 83 85 87 88 89 90 91 92 93 94 95 96 98 99 100
10 88 11 12 14 15 16 17 18 19 20 21 22 23 24 25 26 27 28 30 31 33 34 35 37 38 39 40 41 42 43 44 45 46 47 48 49 50 52 53 54 55 56 57 58 59 60 61 63 64 66 68 69 70 71 72 73 74 75 76 77 78 79 80 81 82 83 84 85 86 87 88 89 90 91 92 93 94 95 96 97 99 100
11 86 14 15 16 17 18 19 20 21 22 23 24 25 26 27 28 29 30 31 32 33 36 37 39 41 42 44 45 46 47 48 49 50 51 53 54 56 57 58 60 61 62 63 64 65 66 67 68 69 70 71 73 74 75 76 77 78 79 80 81 82 83 84 85 86 88 89 90 91 92 93 94 95 96 97 98 99 100
12 56 13 14 15 16 17 18 19 20 22 23 24 25 27 28 30 31 32 33 35 36 37 38 39 40 41 42 45 46 47 48 49 50 51 52 53 54 55 56 58 59 60 61 62 63 64 65 66 67 68 69 70 71 72 73 74 75 77 78 79 81 82 83 84 85 87 89 90 91 93 94 95 96 97 98 99 100
13 97 14 15 16 17 18 19 20 21 22 24 25 26 29 30 31 32 33 34 35 36 37 38 39 40 41 42 43 44 45 46 47 50 51 52 53 55 56 57 58 59 60 61 62 63 64 65 66 67 68 69 71 72 73 74 76 77 78 79 80 81 82 83 84 85 86 87 88 89 90 91 92 93 94 95 97 98 99 100
14 66 15 17 18 19 20 21 22 23 25 26 27 28 29 30 32 33 34 35 36 38 39 40 41 42 43 44 45 46 47 48 49 52 53 54 56 57 58 59 60 62 63 64 65 66 67 68 69 70 71 72 73 74 75 76 77 78 81 82 84 85 86 87 88 89 90 91 92 93 94 95 96 97 98 99 100
15 84 16 18 19 20 21 22 23 25 26 27 28 29 31 32 33 34 35 37 38 39 40 41 42 43 44 45 46 47 48 49 50 51 53 54 55 57 58 59 60 61 62 63 64 65 66 67 68 69 70 71 73 74 75 76 77 78 80 82 83 84 85 86 87 89 90 91 92 93 94 95 96 97 98 99 100
16 97 17 18 19 20 21 22 23 24 25 26 27 28 29 30 31 32 33 34 35 37 38 39 40 41 42 43 44 45 48 49 50 51 52 53 54 55 56 57 58 59 60 61 62 63 66 67 68 69 70 71 73 74 76 78 79 80 81 82 83 84 85 86 87 88 89 90 92 93 94 97 98 99 100
17 32 18 19 20 21 22 23 24 25 26 27 28 29 30 31 32 33 34 35 36 37 38 39 40 41 42 43 44 46 47 49 50 51 52 53 54 55 57 58 59 60 61 62 63 64 65 66 67 68 69 70 71 72 73 74 75 76 77 78 79 80 81 82 83 84 85 86 87 88 89 90 91 92 93 94 95 96 97 98 100
18 51 19 20 21 22 23 24 25 26 27 28 29 31 32 33 34 35 36 37 38 39 40 41 43 44 45 46 47 49 50 51 52 53 54 56 57 58 59 60 61 62 63 64 65 66 67 68 69 70 71 72 73 74 75 76 77 78 79 80 81 82 84 85 86 87 88 89 90 91 92 93 94 95 96 98 99 100
19 44 21 22 23 24 25 27 28 29 30 32 33 34 36 37 38 39 40 41 42 43 44 45 46 48 49 50 51 52 53 54 55 56 57 58 59 60 61 62 63 64 65 67 68 69 70 71 72 73 74 75 76 78 79 80 81 82 83 84 85 86 87 88 89 90 91 92 93 94 95 96 98 99 100
20 93 21 22 23 24 25 26 27 28 29 30 31 32 33 36 37 38 39 40 41 42 43 44 45 46 47 48 49 50 51 52 54 55 57 58 60 61 63 64 65 66 67 68 69 70 71 72 73 74 75 76 78 79 80 81 82 84 85 86 87 88 90 91 92 93 95 96 97 99 100
21 86 22 23 25 26 27 28 29 30 31 32 33 34 35 36 37 39 40 41 42 43 44 45 46 47 48 49 50 51 52 53 54 55 56 59 60 61 62 63 64 65 66 67 69 70 71 72 73 74 75 76 77 78 79 80 81 82 84 85 87 89 90 91 93 94 95 96 97 98 99 100
22 22 23 24 26 27 28 29 31 32 33 34 35 36 37 38 39 40 41 42 43 44 45 46 47 48 49 50 51 52 53 54 55 56 57 58 59 60 61 62 64 65 66 67 69 70 71 72 73 74 75 76 77 79 80 81 82 83 84 85 86 87 88 89 90 92 93 94 95 96 97 98 99 100
23 71 24 26 27 28 29 30 31 32 33 34 35 36 37 38 40 41 42 43 44 45 46 47 48 49 50 51 52 53 54 55 56 57 58 59 60 61 62 63 64 65 66 67 68 69 71 73 74 75 76 78 80 81 82 83 84 85 86 88 89 90 91 92 93 94 96 97 99 100
24 50 25 26 27 28 29 30 32 33 34 35 36 37 38 39 40 42 43 44 45 46 48 49 50 51 52 53 54 55 56 57 58 60 61 62 63 64 65 66 69 70 71 72 73 74 75 76 77 78 79 80 81 82 83 84 86 87 88 89 91 92 93 95 96 97 98 99 100
25 34 26 27 28 29 30 31 32 33 34 35 36 37 38 39 41 43 44 45 46 47 48 49 50 51 52 53 54 55 56 57 58 59 60 61 62 63 64 65 66 67 68 69 71 73 74 75 76 77 78 79 80 81 82 83 84 85 86 87 88 89 90 91 92 93 94 96 97 98 99 100
26 25 27 28 32 33 34 35 37 38 39 40 41 42 43 44 45 46 47 48 49 50 51 52 53 54 55 56 57 58 59 60 61 62 63 64 65 66 67 68 69 70 71 72 73 75 76 78 79 80 81 82 83 84 85 86 87 88 89 90 91 92 93 94 95 96 97 98 99 100
27 100 28 29 30 31 32 33 34 35 36 37 38 39 40 41 42 43 44 45 46 47 48 50 51 52 53 54 55 56 57 58 59 60 61 62 63 64 66 67 68 69 70 71 72 73 74 75 76 77 79 80 81 82 83 84 85 86 87 88 89 90 91 92 93 94 95 96 97 98 100
28 68 29 30 32 33 35 36 38 39 40 42 43 45 46 47 48 49 50 51 52 53 54 55 56 57 58 59 60 61 63 64 65 66 67 69 70 71 72 73 75 76 77 78 79 80 81 82 83 84 85 86 87 88 89 90 91 92 93 94 95 96 97 98 99 100
29 75 30 31 32 33 34 35 36 37 38 39 40 41 42 43 44 45 46 47 49 50 51 52 53 54 55 56 57 58 59 61 62 63 64 65 66 67 68 69 70 71 72 73 74 75 76 77 78 79 80 82 83 84 85 86 87 88 89 90 91 93 94 96 97 99 100
30 30 31 32 33 34 35 36 37 38 39 40 41 42 43 44 45 46 47 48 49 50 51 53 55 56 57 58 59 60 62 63 65 66 67 68 69 70 71 72 73 74 75 76 77 79 80 81 82 83 84 85 86 87 88 89 90 92 93 94 95 96 98 99 100
31 96 32 33 34 35 36 37 38 39 40 41 42 43 44 45 46 47 48 49 50 52 53 54 55 56 58 59 60 61 62 63 64 65 67 68 69 70 71 72 73 74 75 76 77 78 80 81 82 83 85 86 87 88 89 90 91 92 93 94 95 96 97 98 99 100
32 97 33 34 35 36 37 38 40 41 42 43 44 45 46 47 48 49 51 52 53 54 55 56 57 58 59 60 61 62 63 65 66 67 68 69 71 72 74 75 76 77 79 80 81 82 83 84 85 86 87 88 89 90 91 92 93 95 96 97 98 99 100
33 34 34 35 36 37 38 40 41 42 43 44 45 46 47 48 51 52 54 55 56 57 58 59 60 61 62 63 64 65 66 67 68 70 71 72 74 75 76 77 78 79 81 82 83 84 85 86 87 88 89 90 91 92 94 95 96 97 98 99 100
34 28 36 37 38 39 40 41 42 43 44 45 46 48 49 50 51 52 53 54 55 56 58 59 60 61 62 63 64 65 66 70 71 72 73 74 75 76 77 78 79 80 81 83 84 85 87 88 89 90 91 92 93 94 95 96 97 99 100
35 91 36 37 38 40 41 42 43 45 47 48 49 50 51 52 53 54 55 56 57 58 60 61 62 63 64 65 67 68 69 70 71 72 73 74 75 76 77 78 79 80 81 82 83 84 85 87 88 89 90 91 92 93 94 95 96 97 99 100
36 61 37 38 39 40 41 42 43 44 45 46 47 48 49 50 51 52 53 54 55 56 58 59 60 61 62 64 65 66 67 69 70 71 72 73 74 75 76 77 78 79 80 81 82 83 84 85 86 87 88 89 90 91 92 94 95 96 97 98 99 100
37 61 38 39 40 41 42 43 44 46 47 48 49 50 52 53 54 55 56 57 58 61 62 63 64 65 66 67 68 69 70 71 72 73 74 75 76 77 78 79 80 81 82 83 84 85 86 87 88 89 90 91 92 93 94 95 96 97 98 99
38 24 39 40 41 42 43 44 45 46 49 50 51 52 53 54 56 57 59 60 61 62 63 64 65 66 69 71 72 73 74 75 76 77 78 79 81 82 83 84 85 86 88 89 90 91 92 93 94 95 97 99
39 65 40 41 42 43 44 45 46 47 48 49 50 51 53 54 55 56 57 58 59 60 61 63 64 65 66 68 70 72 74 75 76 77 78 79 80 81 82 83 84 85 86 87 88 89 90 92 93 94 95 96 97 98 99 100
40 82 42 43 45 46 47 48 49 50 51 52 53 54 55 57 59 60 62 63 64 65 66 67 68 69 70 71 72 73 74 76 77 78 79 80 81 82 83 84 85 86 87 89 90 93 94 95 96 97 98 99 100
41 36 42 43 44 45 46 48 50 51 52 53 54 55 56 57 58 59 61 62 63 64 66 67 68 69 70 71 73 74 75 76 77 78 79 80 81 82 83 84 85 86 87 88 89 90 91 92 93 95 96 97 98 99 100
42 70 43 44 45 46 47 48 49 50 51 52 53 54 55 56 57 58 59 60 61 62 63 64 65 66 67 68 69 70 71 72 73 74 75 76 77 79 80 81 82 83 85 86 87 88 89 90 91 92 93 95 97 98 99 100
43 90 44 45 46 47 48 49 50 51 52 53 54 55 56 57 58 59 60 61 62 63 64 65 66 67 68 70 71 72 73 74 75 76 77 78 79 80 81 82 84 85 86 87 88 89 90 91 92 93 94 96 97 98 99 100
44 28 45 46 47 49 50 52 53 54 55 56 57 58 59 60 61 62 63 64 65 66 67 68 69 70 71 72 74 76 77 78 79 80 81 82 83 84 85 86 87 88 89 90 91 92 93 94 95 96 97 98 99 100
45 59 46 47 48 49 50 51 52 53 54 55 56 57 59 60 61 62 64 65 67 68 69 70 71 72 73 74 75 76 77 78 79 80 82 83 84 85 86 87 88 89 90 92 95 96 97 100
46 71 47 48 49 50 51 52 54 55 56 57 58 59 60 61 62 63 66 67 68 69 71 72 74 75 76 77 78 79 80 81 82 83 84 85 86 87 88 89 90 92 93 94 95 96 97 98 99 100
47 33 48 49 50 51 52 53 54 55 56 57 58 59 60 61 62 63 65 66 67 68 69 70 71 72 73 74 75 76 77 79 80 81 82 83 84 85 86 87 88 89 90 91 92 93 94 95 96 97 98 99 100
48 54 49 50 51 52 53 54 55 56 57 58 59 60 61 62 63 65 66 67 68 69 70 71 72 73 74 75 77 78 80 81 82 83 85 86 88 89 90 91 92 93 94 95 96 97 98 99 100
49 40 50 51 52 53 54 55 56 57 58 60 61 62 63 64 66 67 68 69 70 71 72 73 74 75 76 77 79 80 82 83 84 85 86 87 88 90 91 92 94 95 96 97 98 99 100
50 94 51 52 53 54 55 56 59 60 61 62 63 64 65 66 67 68 69 71 72 74 75 76 78 79 80 81 82 83 84 85 86 87 88 89 90 91 92 93 94 95 96 97 99 100
51 98 52 53 54 55 56 57 58 59 60 61 62 63 64 65 66 67 68 69 70 71 72 73 74 75 76 77 78 79 80 81 82 83 84 85 86 87 88 89 90 91 92 93 94 95 96 97 98 99 100
52 69 53 54 55 56 58 59 60 62 63 64 65 66 68 69 70 71 72 73 74 76 77 78 79 80 81 83 84 86 87 88 89 91 92 93 94 95 96 97 98 99 100
53 27 54 55 56 57 58 59 61 62 63 64 65 66 68 69 70 72 73 74 75 76 77 78 79 80 81 82 83 84 85 86 88 90 91 92 93 94 95 96 98
54 85 55 56 57 58 59 60 62 63 64 65 66 67 69 70 71 72 73 74 75 76 77 78 79 80 81 82 83 84 85 86 87 88 89 90 91 92 93 94 95 96 97 98 99 100
55 71 56 57 58 59 60 61 62 65 66 68 69 72 73 74 75 76 77 78 79 80 81 82 83 84 85 86 87 88 89 90 91 92 93 95 96 97 98 99 100
56 35 58 59 60 61 62 63 64 65 66 67 68 69 70 71 72 73 74 75 76 77 78 79 80 81 82 83 84 85 86 88 89 90 91 92 93 94 95 96 97 98 99 100
57 25 58 59 60 61 62 63 64 65 66 67 68 70 71 72 73 74 75 76 77 78 79 80 81 82 83 84 85 86 87 88 89 90 91 92 93 94 95 96 97 98 99 100
58 48 59 60 61 62 63 64 65 66 67 68 69 70 71 73 74 75 76 77 78 79 80 81 82 83 84 86 87 88 89 90 91 92 93 94 96 97 98 99 100
59 75 60 61 62 63 64 66 69 70 71 72 73 74 75 76 77 79 80 81 82 83 84 85 86 87 88 89 90 91 92 94 95 96 97 98 100
60 95 61 62 63 64 65 66 67 68 69 72 73 74 75 76 77 78 79 80 81 82 83 84 85 86 88 89 90 91 92 93 94 95 96 97 98 99 100
61 53 62 63 64 65 66 67 68 69 70 71 72 73 74 76 77 78 79 80 81 82 83 84 85 86 88 89 90 92 93 94 95 96 97 98
62 91 63 64 65 66 67 68 69 70 71 72 73 74 75 76 77 78 79 80 81 82 83 84 86 87 88 89 91 92 93 94 95 97 98 100
63 52 64 65 66 67 68 69 70 71 72 73 74 75 76 77 78 79 81 82 83 84 85 86 87 88 89 90 91 92 93 94 96 98 99 100
64 76 65 66 67 68 69 70 71 72 73 74 75 76 77 78 79 80 82 83 84 86 87 88 89 90 91 92 94 95 96 97 98 99 100
65 89 66 67 68 69 71 72 73 74 75 76 77 78 79 80 81 82 83 84 85 86 87 89 90 91 92 93 94 96 97 98 99 100
66 85 67 69 71 72 73 74 75 76 77 78 79 80 82 83 84 85 86 87 88 89 90 91 92 93 94 95 96 97 98 99 100
67 57 68 69 70 71 72 73 74 75 76 77 78 79 81 82 84 85 86 87 89 90 91 93 94 95 96 97 98 99 100
68 37 69 70 71 72 73 74 75 76 77 78 79 80 81 82 83 84 85 86 87 88 89 90 91 93 94 95 96 97 98 99 100
69 62 70 71 72 73 74 76 77 78 79 81 82 83 84 85 86 87 88 89 90 91 92 93 94 95 96 97 98 99 100
70 45 71 72 73 74 75 76 78 79 80 81 82 84 85 86 88 89 90 91 92 93 94 95 97 98 99 100
71 23 72 73 74 76 77 78 79 80 81 82 83 84 85 89 90 91 92 93 95 96 97 99 100
72 44 73 74 75 76 77 78 79 80 81 82 83 84 85 87 88 89 90 91 92 93 94 95 97 98 99 100
73 48 74 75 76 77 78 79 80 81 82 83 84 85 86 87 89 90 91 92 93 94 95 96 97 98 99 100
74 90 75 76 77 78 79 80 82 83 84 85 86 87 88 89 90 91 92 93 94 95 96 97 98 99 100
75 49 77 78 79 80 81 83 84 85 86 87 88 89 90 91 92 93 94 95 96 97 98 99 100
76 96 77 78 79 80 81 83 85 86 88 90 91 92 94 95 96 97 98 99 100
77 100 78 79 80 81 82 83 84 85 86 87 88 89 90 92 93 94 95 97 98 100
78 34 79 81 82 83 84 85 86 87 89 90 91 92 93 94 96 98 99 100
79 97 80 81 82 83 84 85 86 87 89 90 91 92 93 94 95 96 97 98 99 100
80 20 81 82 83 84 85 86 87 88 89 91 92 93 94 95 96 98 99 100
81 88 82 83 84 85 86 87 88 89 90 91 92 94 95 96 97 98 99 100
82 65 83 85 86 87 88 89 90 91 93 94 95 96 98 99 100
83 80 84 85 86 88 90 91 92 93 94 95 96 98 99 100
84 82 85 86 87 88 89 90 91 92 93 94 96 98 99 100
85 64 86 87 88 89 90 93 94 95 96 97 98 99 100
86 38 87 88 89 90 91 92 93 95 97 98 99 100
87 31 88 89 90 91 93 95 96 97 98 99 100
88 32 89 90 92 93 94 95 96 97 98 99 100
89 50 90 91 92 93 94 95 96 97 98 99 100
90 75 91 92 93 94 95 96 98 99
91 35 93 94 95 96 97 98 99 100
92 94 93 94 95 96 97 98 99 100
93 88 94 95 96 97 98 99 100
94 63 95 96 97 98 99 100
95 32 96 97 98 99 100
96 65 97 98 100
97 29 98 99 100
98 92 99
99 53 100
100 38
