100
1 2 13 29 45 54 61 69 73 76 89
2 90 5 6 21 22 24 49 53 63 71 74 85 90 91
3 57 15 39 41 61 70 83
4 53 6 11 15 16 21 42 46 70 71 96
5 62 12 36 52 56 58 59 62 71 72 74
6 26 20 25 54 65 68 74 91 99
7 66 18 24 34 54 75 76
8 3 14 17 23 32 44 45 82 83 84 89
9 9 22 23 33 35 55 66 80 92
10 3 17 21 38 57 70 74 78 82 88 99
11 35 32 45 46 88
12 6 20 29 35 41 49 62 71 76 78 85 90
13 36 51 63 72 82 84 88 92
14 54 67 81 95 99
15 9 22 35 54 78 89 92 97 99
16 59 18 36 39 43 54 60 62 63 77 91 93 95 100
17 81 19 20 55 93 100
18 93 43 58 86 89 92 97
19 83 23 25 28 38 72 77 82 98 99
20 8 48 50 57 59 67 74 95
21 87 25 44 51 57 88
22 28 30 46 50 63 85 93 96
23 94 29 42 49 50 54 69 92
24 16 31 35 52 55 57 60 65 68 70 71 77 79 92
25 82 44 47 51 60 62 65 84 87 89
26 58 27 42 69 83
27 30 47 51 56 65 86 92 94
28 9 33 52 58 62 72 87
29 72 34 62 66 80
30 76 40 48 51 53 55 63 67 68 70 74 75 90 97
31 38 35 41 48 51 54 78 83 91 92 95 98
32 10 36 41 42 43 83 95
33 39 35 43 45 49 56 61 64 82 91 92 93
34 25 44 69 74 92 93 95 100
35 76 37 65 78 86 87 90 100
36 50 69 70 81 96
37 28 67 68 78 82 90
38 3 43 51 54 70 79 80 85
39 97 48 66 71 81
40 79 57 64 69 74 90
41 27 45 46 51 81 82 91
42 84 51 61 74 77 87
43 2 65 66 87 94 97
44 53 61 80 82 97
45 14 52 65 89 91 95
46 49 54 57 61 67 74 83
47 71 48 55 64 67 73 95
48 33
49 74 69 75 80 88
50 80 71 80 88 96
51 81 58 60 86 100
52 67 68 70 95
53 73 57 64 77 78 88 93
54 22 56 69 71
55 34 70 85
56 81 66
57 77 59 91 93 97
58 71 59 61 69 79 87 91 99
59 12 68 73 83
60 75 62 78 80
61 4 78 92
62 79 66 90 93 99 100
63 66 83
64 20 68 88 90 95 97
65 22 87 89 97
66 45 75 91 96
67 63 71 85 100
68 71 92
69 40 74 87
70 80 71 75 80
71 4 98
72 91 87 91 100
73 33 80 81 83
74 6 79 92
75 26 79 82 85 89 92 99
76 91 83
77 47 83 95
78 99 81 88 95
79 4 86
80 93 81 85 90
81 15 84 88 98
82 12 92
83 80
84 11 88 94 95 99
85 33 98
86 100 87
87 11 90 91 96
88 65 89
89 26 94
90 87 96
91 78 97 98
92 10 94 95
93 66 99
94 78 97
95 50
96 22
97 48
98 87 100
99 36
100 88
