100
1 87 2 3 8 12 13 14 15 17 18 19 20 21 23 24 25 29 30 31 32 33 34 40 41 42 43 44 46 48 50 52 53 54 55 56 58 59 60 61 62 63 64 66 68 69 70 73 74 79 80 81 82 83 84 86 87 89 92 94 95 97 98 99 100
2 46 3 6 7 9 10 11 13 14 15 16 17 18 21 22 23 26 27 28 30 33 34 35 36 37 38 40 41 43 50 51 52 53 54 55 56 57 59 63 64 67 68 69 70 73 74 76 77 78 79 80 81 82 83 84 85 86 87 89 90 92 93 94 96 97 98 99 100
3 44 5 6 7 10 11 12 13 15 18 19 20 21 23 24 26 28 29 30 32 33 34 35 36 37 38 39 41 42 43 44 45 46 47 48 49 50 51 52 53 55 56 57 58 61 62 63 64 65 66 69 70 71 72 74 75 76 77 78 80 81 82 83 84 86 87 88 89 91 92 94 95 97 99 100
4 40 5 7 9 11 14 15 16 18 19 21 22 23 24 26 27 30 31 32 33 34 35 36 37 38 41 42 45 46 47 49 50 52 53 54 55 57 58 59 60 61 62 63 64 65 67 68 69 70 71 73 74 75 77 79 80 83 84 85 87 88 89 90 91 92 93 94 95 96
5 66 6 7 8 9 10 11 12 13 14 15 16 17 18 19 20 21 24 27 28 29 33 35 36 40 41 43 45 46 47 48 49 50 51 53 57 58 61 62 63 65 66 67 70 71 72 74 75 76 77 79 80 81 82 83 84 85 86 87 89 90 91 92 95 96 97 99 100
6 48 7 10 11 13 15 16 17 18 19 21 23 24 25 26 27 28 30 31 33 34 35 37 38 39 40 42 43 44 46 47 49 50 52 53 54 55 56 57 58 59 60 61 63 64 65 67 69 70 71 72 74 77 78 79 80 82 83 84 85 86 87 88 89 90 91 92 93 94 95 98 100
7 54 8 9 11 13 17 18 19 23 24 25 27 29 31 32 34 36 38 39 40 41 42 43 44 46 47 48 49 50 51 52 53 54 55 56 57 58 60 61 62 63 64 65 67 68 71 73 74 75 76 77 78 79 81 82 83 84 85 86 87 89 90 91 92 93 94 95 96 97 98 99 100
8 64 9 11 19 20 22 24 25 27 28 30 31 34 35 38 39 40 41 42 43 44 46 47 48 49 50 51 53 55 56 57 58 59 60 61 62 64 65 67 68 70 72 74 75 78 79 80 81 82 84 85 86 89 90 91 93 94 96 97 98 99 100
9 24 10 11 12 14 15 16 18 20 21 22 23 25 26 27 28 29 31 32 33 34 35 36 37 38 39 41 42 43 44 47 48 50 51 53 54 55 56 57 58 59 60 64 65 66 67 68 69 70 72 73 74 77 78 79 80 81 82 85 86 87 88 90 91 92 93 94 97 98 99 100
10 67 11 12 13 14 16 18 19 21 22 25 26 28 29 31 32 33 39 41 42 43 44 46 50 53 54 55 56 57 58 59 60 61 63 65 68 69 72 73 74 75 76 77 78 80 81 84 85 86 87 88 90 91 92 94 95 96 97 98 99 100
11 30 12 14 15 18 19 20 21 22 23 24 26 28 29 30 31 32 33 34 35 36 38 41 42 43 44 45 46 47 48 49 50 51 52 54 56 58 59 61 63 64 66 67 70 71 72 73 75 76 79 80 81 82 83 84 85 87 88 91 92 93 94 95 96 97 99 100
12 86 13 14 15 17 18 19 23 24 25 26 27 28 29 30 31 32 35 36 38 39 40 41 42 43 44 46 47 50 51 54 55 57 59 60 61 62 63 64 66 67 68 69 70 71 72 73 74 75 76 77 79 81 83 85 86 88 89 91 92 94 95 99 100
13 41 14 15 18 23 25 26 27 28 29 30 31 32 33 34 35 37 40 41 42 44 45 46 48 49 50 51 52 54 55 56 57 59 60 61 62 63 64 67 68 69 70 71 72 74 75 76 77 78 79 80 81 82 84 85 86 87 88 89 91 92 93 95 96 98 99
14 50 16 18 19 20 21 22 23 25 26 27 29 30 31 32 33 34 35 38 39 40 41 42 43 44 45 46 47 49 50 53 54 56 57 58 60 61 62 63 65 66 67 68 69 71 72 73 74 75 76 77 78 80 81 82 83 84 86 87 88 89 90 91 92 94 95 96 97 98 100
15 96 17 18 22 25 27 28 29 30 31 32 33 34 35 36 38 39 40 41 44 45 48 49 50 52 53 54 55 56 57 58 59 60 61 62 63 65 66 67 68 69 70 71 72 73 74 75 76 77 78 79 81 82 83 84 85 86 88 89 90 91 92 96 97 98 99 100
16 43 17 18 20 21 22 24 25 26 27 28 29 30 31 32 33 34 35 36 37 39 40 42 43 45 46 47 48 49 50 51 52 53 54 56 57 59 61 62 66 67 69 71 72 73 75 76 79 80 84 85 89 90 92 93 95 96 97 98 100
17 62 18 19 21 22 23 25 26 27 28 30 31 32 33 41 42 44 46 48 49 50 51 52 53 55 58 59 62 63 65 66 67 68 70 71 72 73 74 75 76 77 78 79 81 82 83 85 86 89 90 91 93 94 97 99 100
18 45 19 21 22 23 24 25 28 29 30 31 32 33 34 35 36 38 39 40 42 44 45 47 49 50 51 53 54 55 57 58 59 60 62 63 64 65 66 68 69 70 71 73 74 75 77 78 79 80 81 83 84 85 86 87 89 93 94 95 96 97 98 99
19 28 21 22 23 24 25 27 28 29 30 31 32 33 34 35 38 40 41 42 43 45 46 47 48 49 50 52 53 54 55 56 57 58 59 61 63 64 65 66 68 70 72 74 75 76 77 79 80 81 82 84 85 87 90 91 93 94 95 96 98
20 92 21 22 23 25 27 29 36 37 40 41 44 45 46 47 49 50 51 52 53 54 56 57 58 59 61 62 64 65 66 67 68 69 70 72 74 75 76 78 79 80 82 83 84 85 87 89 90 94 95 96 99 100
21 77 22 23 24 25 27 28 30 31 32 33 34 37 38 39 41 42 43 44 45 48 49 51 52 53 54 55 56 57 59 60 61 62 63 66 69 71 72 73 74 75 76 77 78 80 81 82 84 85 86 87 88 90 93 95 96 97 99 100
22 23 23 24 25 26 27 29 30 31 32 33 34 35 36 37 38 40 43 46 47 48 49 52 53 54 56 59 63 64 65 67 69 70 72 73 74 76 78 79 80 81 85 86 89 91 92 93 94 95 97 98 99 100
23 28 24 25 27 28 29 30 33 34 35 38 43 45 46 47 48 51 54 56 57 60 63 64 65 66 67 69 70 71 72 73 74 76 77 78 80 81 82 83 85 89 90 91 92 93 96 97
24 26 25 27 28 29 30 32 33 35 36 39 40 41 42 43 45 47 48 50 51 52 53 54 55 56 57 59 60 61 62 63 64 65 66 69 70 71 72 73 74 75 76 79 80 81 82 83 84 85 86 87 88 89 91 93 94 95 96 98 100
25 29 26 27 29 30 31 32 33 34 35 36 37 38 39 40 41 42 43 44 45 46 47 48 49 51 52 56 57 58 59 61 64 65 66 68 69 70 72 73 74 75 78 81 82 84 85 86 87 88 89 90 92 93 94 95 96 97 98 99 100
26 58 28 29 30 31 32 34 35 37 38 39 40 42 43 44 45 46 48 49 50 51 52 59 61 63 65 67 69 70 71 73 75 76 77 80 82 83 84 85 87 89 90 91 92 93 94 95 96 98 99
27 58 28 29 32 33 34 35 37 39 40 41 42 43 44 46 47 48 50 51 52 53 58 59 60 61 65 66 67 69 72 73 75 77 78 79 80 81 82 85 86 89 90 91 92 94 96 98 99 100
28 40 29 30 31 32 36 37 38 39 40 41 42 43 45 49 50 51 54 55 57 58 59 60 63 64 65 67 68 70 72 73 75 76 78 80 81 82 83 84 86 87 89 90 91 92 93 94 95
29 100 30 31 32 33 34 35 36 37 40 41 42 45 46 47 48 49 50 53 54 55 56 57 58 59 60 61 62 64 65 66 67 68 69 70 71 72 73 74 75 76 77 78 79 80 81 82 83 84 86 87 88 89 90 91 92 93 94 95 96 97
30 74 31 32 33 34 35 36 37 40 41 42 43 44 45 46 47 48 50 51 52 53 54 55 57 59 60 61 63 64 66 67 68 70 72 73 74 76 78 79 81 82 84 86 87 88 89 90 92 93 94 95 96 97 98 99 100
31 93 32 34 35 36 37 38 39 40 42 43 44 45 47 48 50 52 55 56 57 59 61 62 63 65 67 68 69 70 71 72 73 74 75 76 78 79 82 83 84 85 86 87 88 89 92 93 95 96 97 98 99 100
32 96 33 34 36 37 38 39 41 42 43 44 46 47 48 49 51 52 53 54 55 57 59 60 61 62 63 64 65 66 67 68 70 71 72 73 74 75 76 77 79 80 82 83 85 87 88 89 90 92 93 95 96 97 98 99 100
33 60 34 35 36 37 39 40 41 45 46 47 48 49 53 55 56 57 58 59 60 62 64 66 67 69 70 72 73 75 76 79 81 82 84 87 88 89 91 93 94 95 96 97 99 100
34 83 35 36 38 39 41 42 43 44 45 48 49 50 51 54 55 56 57 58 59 61 62 63 64 65 66 67 68 69 70 72 74 75 76 78 79 84 85 86 88 89 91 92 93 94 97 98 99 100
35 92 38 39 40 41 43 46 47 49 52 53 54 55 56 57 59 60 61 63 64 65 67 69 70 71 72 73 74 75 77 80 82 83 84 85 87 88 89 92 94 95 98 99 100
36 68 37 38 39 40 41 42 43 44 46 47 48 50 51 53 54 55 56 58 59 61 62 63 64 66 67 68 69 70 74 75 76 78 79 80 81 82 83 84 85 86 87 88 89 90 91 93 94 95 97 98 99
37 26 38 39 41 43 44 46 47 48 51 52 53 54 56 59 61 62 63 65 66 69 70 73 74 75 76 77 78 81 82 83 84 85 86 87 89 90 91 92 95 96 97 98 100
38 39 39 40 41 42 44 45 46 48 49 51 53 54 55 56 58 59 60 61 62 65 66 68 69 70 72 73 76 77 78 79 80 81 82 83 84 85 86 88 89 90 91 92 93 94 95 97 100
39 21 40 41 42 44 45 46 47 48 50 53 54 55 59 60 61 63 64 65 67 68 69 70 71 72 73 78 80 81 82 83 84 85 86 87 89 90 92 93 95 96 98
40 32 42 43 44 45 47 51 52 53 55 58 59 60 62 65 66 67 68 69 70 71 72 73 74 75 78 79 81 82 85 86 90 95 96 97 100
41 38 43 44 46 47 48 49 50 51 53 55 56 58 62 64 65 66 67 68 72 73 74 75 76 77 78 79 81 82 83 84 85 86 87 88 89 90 92 94 95 96 97 99 100
42 57 43 44 47 50 53 54 55 56 58 59 60 61 62 63 65 66 67 68 70 72 73 74 76 77 78 81 82 84 85 86 89 90 94 95 96 97 98 99
43 30 44 45 46 47 48 49 50 52 53 54 56 58 59 60 61 62 63 64 65 66 67 68 70 72 75 76 77 78 79 80 81 82 84 85 89 90 91 92 93 94 95 97 98
44 49 45 50 51 52 53 56 59 60 61 62 64 67 68 69 70 73 74 77 79 80 81 82 83 84 85 87 88 89 90 91 92 93 94 95 96 97 99 100
45 50 46 49 50 51 52 56 58 59 60 61 62 63 65 66 70 71 73 74 76 78 79 80 84 86 87 88 89 90 91 93 94 95 96 98 99
46 59 47 49 53 55 58 59 61 63 64 65 66 67 68 69 70 71 72 73 74 75 76 77 78 82 83 85 88 89 90 92 93 95 96 97 98 99 100
47 59 48 49 51 52 53 54 56 59 60 61 62 64 65 66 69 70 71 72 73 74 75 76 77 78 80 81 82 83 87 88 91 92 93 94 95 97 99 100
48 89 49 50 51 52 53 54 55 59 60 61 63 64 65 66 68 70 71 72 74 75 76 77 78 79 80 81 84 85 86 88 90 93 95 97 98 99 100
49 96 51 52 53 55 60 61 62 63 64 65 66 68 69 70 71 73 74 75 76 78 79 81 82 84 85 86 87 88 89 90 91 93 94 96 97 98 99 100
50 67 51 52 55 58 60 61 63 64 66 67 68 69 70 71 72 73 74 75 76 77 79 80 81 82 83 85 86 87 89 91 93 94 95 97 98 99 100
51 98 52 53 54 55 57 58 64 66 68 69 70 72 75 76 77 78 79 80 81 83 84 85 87 88 89 90 91 92 93 94 95 96 97 99 100
52 29 53 54 55 57 58 59 60 61 62 63 64 65 67 68 69 70 71 72 73 74 75 76 78 79 81 82 85 86 87 88 89 90 91 92 93 94 95 96 98 99 100
53 59 55 56 58 59 60 61 63 64 65 68 69 70 72 73 74 77 78 79 81 83 84 87 88 91 92 94 96 97 99 100
54 62 55 56 57 61 63 64 65 66 67 68 69 71 72 73 74 75 76 77 78 80 81 83 85 86 87 88 89 90 93 94 96 97 99 100
55 80 59 60 64 65 66 68 69 70 71 74 75 77 78 79 80 84 85 86 88 90 91 93 94 98 99 100
56 37 57 61 62 63 64 65 66 67 71 73 75 76 77 80 81 82 83 84 85 86 93 94 95 96 97 99 100
57 75 58 59 60 61 62 64 65 69 71 72 73 74 76 77 78 80 81 82 85 87 88 89 90 92 93 94 95 97 99
58 30 59 60 61 64 65 66 67 68 70 71 72 73 74 75 76 78 79 80 83 86 88 89 91 93 94 95 96 97 98 99 100
59 34 60 61 62 63 64 66 67 68 71 72 73 74 76 77 78 79 80 82 83 85 86 87 88 90 91 92 93 95 96 100
60 65 61 62 63 64 65 67 68 69 73 74 75 76 77 79 80 82 83 84 85 87 88 89 90 91 93 94 95 96 97 98 100
61 37 63 64 65 67 71 73 74 75 76 77 78 79 81 82 84 85 91 92 93 95 96 98 99 100
62 40 63 64 65 66 67 68 70 71 72 73 75 76 77 78 80 82 83 84 85 86 87 89 90 91 92 94 96 97 98 99 100
63 69 64 65 66 67 69 71 73 74 75 76 77 78 79 80 82 83 85 89 90 92 94 95 97 99 100
64 49 65 67 68 69 72 73 74 75 76 77 79 82 83 84 85 86 87 88 91 92 93 95 96 98 100
65 50 66 67 68 69 71 72 73 74 76 77 78 79 82 83 86 87 88 90 92 93 94 96 97 99 100
66 65 67 68 69 71 72 73 74 81 83 84 85 86 87 88 91 93 94 95 97 98 100
67 70 69 72 73 74 75 76 77 78 80 81 82 84 85 86 87 88 89 90 91 95 96 97 98 99 100
68 41 70 71 72 73 74 76 77 78 79 80 81 82 83 87 89 91 92 94 95 96 98 99 100
69 56 70 71 72 73 74 75 76 77 78 79 80 81 82 83 85 86 87 88 89 90 91 92 94 97 98 100
70 38 71 72 73 74 75 76 77 79 81 82 84 85 88 89 90 91 92 93 95 96 99 100
71 59 73 74 75 77 78 79 80 81 82 84 85 86 88 89 90 91 92 93 94 95 98 99 100
72 84 74 77 79 80 83 85 86 87 88 89 90 91 92 93 94 95 96 98 99 100
73 52 74 76 78 80 81 82 84 86 87 88 89 90 91 92 94 96 98 99 100
74 28 76 77 78 79 81 82 84 85 86 87 89 90 91 94 96 99 100
75 60 81 82 85 86 87 88 90 91 92 93 94 95 96 99
76 92 79 80 81 82 83 84 85 86 87 89 90 91 93 94 95 96 97 100
77 51 78 79 80 81 82 83 84 85 86 87 88 89 90 91 92 93 97 98 99
78 41 86 88 89 90 92 93 94 95 96 97 98 99
79 73 80 84 85 86 87 89 90 91 93 94 95 97 99
80 59 81 82 83 84 85 86 89 90 91 92 93 94 95 100
81 43 82 83 84 85 86 87 88 89 90 91 93 94 95 96 99 100
82 73 84 85 86 87 88 90 91 92 93 94 95 96 97 98 99 100
83 77 84 85 86 87 88 89 90 91 92 93 96 97 98 99
84 29 86 87 88 89 94 97 98 99 100
85 86 86 87 89 90 91 92 93 94 95 96 97 98 100
86 71 87 91 92 94 98
87 77 88 89 90 91 92 94 95 96 97 98 99 100
88 73 89 91 94 95 96 98 100
89 66 90 91 92 93 95 97 98 99
90 39 91 93 94 95 96 97 98 99 100
91 47 92 95 96 97 99 100
92 35 93 95 98 99
93 56 94 97 98 99 100
94 87 95 98 99 100
95 26 96 97 99
96 23 100
97 80 98
98 30 99 100
99 45 100
100 24
