100
1 50
2 92
3 94
4 83
5 86
6 84
7 55
8 51
9 66
10 75
11 84
12 98
13 73
14 100
15 80
16 81
17 66
18 85
19 64
20 63
21 55
22 75
23 52
24 65
25 52
26 57
27 97
28 80
29 66
30 56
31 96
32 57
33 71
34 55
35 96
36 100
37 63
38 69
39 75
40 81
41 76
42 68
43 77
44 79
45 76
46 84
47 52
48 79
49 57
50 93
51 61
52 59
53 57
54 62
55 97
56 83
57 64
58 99
59 89
60 85
61 85
62 88
63 96
64 68
65 93
66 68
67 86
68 95
69 81
70 71
71 80
72 91
73 80
74 75
75 92
76 51
77 79
78 98
79 100
80 57
81 98
82 90
83 84
84 100
85 50
86 92
87 56
88 70
89 59
90 65
91 72
92 54
93 88
94 75
95 98
96 56
97 78
98 60
99 85
100 69
