100
1 56 8 11 15 20 21 22 40 45 46 51 52 56 57 59 61 64 68 71 83 84
2 60 23 24 28 29 33 42 45 53 57 68 72 73 74 81 83 85 96
3 42 6 7 21 32 33 36 39 46 51 55 60 70 77 79 80 88 89 93 95
4 24 12 18 19 23 28 32 40 50 61 66 74 76 82 87 98
5 39 10 16 24 25 29 33 45 47 63 68 71 78 82 91 94 98
6 33 13 20 25 39 40 41 49 56 58 63 67 80 82 87 90 91 94 97
7 42 8 9 14 24 31 35 36 41 58 64 71 72 79 83 84 87 88 89 91 92 96 97
8 75 20 28 29 33 36 40 53 56 63 66 84 85 94 97
9 58 10 12 13 21 34 37 45 50 62 63 65 74 84 86 96 99 100
10 88 19 20 21 23 34 35 36 38 40 43 45 52 57 60 62 65 69 75 77 84 85 89
11 86 13 22 23 33 36 45 48 49 56 57 61 67 71 88 92
12 56 15 16 20 26 27 28 29 34 35 42 44 51 57 71 73 75 78 86 90 92 94 99
13 97 15 21 25 30 35 36 43 49 56 61 65 84 86 87 95 98
14 66 20 22 27 38 39 44 48 52 58 63 74 75 78 79 80 83 90 99
15 84 20 21 24 31 45 47 51 53 57 61 66 71 74 77 79 80 82 84 87 88 100
16 97 18 21 23 26 29 40 44 45 48 51 60 63 65 67 76 78 86 87 89 92 96
17 32 23 47 48 66 76 78 88 93 99
18 51 19 24 28 29 30 32 33 34 36 37 39 41 51 52 55 60 62 63 68 74 76 82 84 93 98 100
19 44 26 27 29 45 54 56 58 61 62 77 82 95
20 93 21 23 30 41 44 48 51 53 56 58 59 66 75 79 92 94 95 100
21 86 24 43 48 49 50 53 54 55 56 67 71 74 77 87 91 100
22 22 25 30 37 40 43 44 57 65 72 77 80 81 82 91 92 93 99
23 71 34 44 55 57 59 62 65 68 70 74 76 81 82 87 97 100
24 50 27 29 34 35 38 46 50 55 60 61 78 80 86 90 91 93
25 34 37 40 41 42 50 54 58 64 77 78 79 80 99
26 25 30 33 42 43 59 60 61 62 63 71 74 77 89 92
27 100 40 42 43 45 55 57 63 72 78 84 99
28 68 29 37 42 44 54 59 67 81 97
29 75 33 36 40 53 58 65 68 71 82 93 97 98 99
30 30 36 45 57 61 63 69 70 72 76 78 82 83 84 86 89 91 97
31 96 38 39 42 44 46 58 68 70 74 78 79 81 87 88 97
32 97 36 41 52 54 55 65 67 75 83 86 98
33 34 36 37 41 46 53 56 59 66 80 94 97 99
34 28 44 47 52 53 56 58 61 66 67 68 76 77 82 84 95 99
35 91 36 38 41 44 50 52 54 58 64 74 87 88 96 100
36 61 37 38 42 43 46 47 50 51 53 54 57 65 66 69 72 75 76 81 84 85 93
37 61 41 48 49 50 54 59 64 67 70 72 92 97 98
38 24 49 55 60 65 70 71 72 77 80 84 89 94 98 100
39 65 40 43 48 51 52 55 59 64 67 78 84 86 92 96
40 82 41 47 63 66 69 71 74 79 90 91 100
41 36 45 62 65 71 80 83 90 94 95 99
42 70 46 50 67 68 69 71 73 74 86 96 98
43 90 44 49 55 61 62 64 65 66 67 75 91
44 28 63 64 66 79 80 86 87 89 90 93 100
45 59 57 60 64 66 68 69 70 78 95 96 98
46 71 67 72 73 74 75 77 79 84 94 97
47 33 48 49 53 55 59 63 70 79 82 83 93 95 96 99
48 54 49 62 64 66 70 72 78 83 88 90 93
49 40 54 55 56 59 63 65 75 84 86 89 94 95 96 98 99
50 94 53 60 63 64 75 76 82 85 95 97
51 98 66 69 79 89 90 94
52 69 53 57 61 70 74 80 82 84 85 89 90 97
53 27 55 60 63 72 75 76 84 90 91
54 85 67 70 73 78 88 91 100
55 71 62 65 66 72 73 75 77 80 90 91 97 99
56 35 59 65 69 78 79 80
57 25 60 61 64 73 78 84 94 98 99
58 48 70 76 78 82
59 75 62 70 85 88 91 95
60 95 69 73 74 79 88 90 92
61 53 64 67 70 74 78 79 85 86 94 97
62 91 65 68 86 90 91 92 97 99
63 52 66 74 75 76 77 80 81 85 100
64 76 65 76 81 84
65 89 71 75 76 78 88 90 91 97 98 99
66 85 69 71 74 81 82 84 98
67 57 72 74 76 81 84 93 96
68 37 73 75 77 94 97 98
69 62 75 76 77 78 85 90 92 93 98 100
70 45 87 88 94 98
71 23 83 84 93 97
72 44 75 79 86 87 89 100
73 48 77 97 100
74 90 76 77 78 83 98 100
75 49 76 86 91 97 100
76 96 77 78 84 90 93 100
77 100 81 85 88 90 96 99
78 34 87 90 94
79 97 82 94 95 98
80 20 82 83 86 92 93 100
81 88 82 85
82 65 84 85 87 97 98
83 80 87 90 93 98
84 82 85 89
85 64 86 94
86 38 87 92 99
87 31 92 96
88 32 92 99
89 50 90
90 75 92 96 99 100
91 35 94 95 97 99
92 94
93 88 95 99
94 63 98
95 32 100
96 65 98
97 29
98 92
99 53
100 38
