100
1 51 9 10 11 12 17 18 26 29 41 56 59 61 62 72 75 77 82 84 86 87 89 92 96 97
2 92 4 7 9 11 21 23 25 28 33 35 38 47 49 66 68 69 70 71 76 80 81 82 85 89 94 96
3 88 7 9 10 16 26 27 33 38 43 49 53 55 60 69 70 72 73 77 78 81 82 85 87 89 93 94 96
4 82 9 10 11 13 15 17 29 31 32 36 51 59 60 64 66 70 72 73 76 84 85 86 91
5 95 8 10 15 19 21 25 28 32 39 44 46 51 52 56 58 59 63 69 80 81 84 85 87 90 92 93 97 98
6 13 7 8 15 17 20 21 23 29 33 40 41 48 51 55 57 58 62 66 70 71 73 77 79 90 96 98
7 12 8 15 19 23 32 33 35 48 51 52 53 54 55 57 65 69 70 72 73 77 79 81 83 85 92 99 100
8 26 11 13 15 19 22 23 25 30 39 40 41 42 46 48 52 53 57 60 63 68 69 72 78 79 83 84 87 92 99
9 10 14 36 38 40 41 44 45 47 49 52 54 62 65 69 70 79 80 83 89 91 92 99 100
10 63 13 14 15 17 18 20 38 39 44 45 47 56 57 60 63 68 70 73 77 81 88 92 93 96
11 73 15 20 21 22 23 30 31 36 50 53 55 61 73 77 79 84 85 86 87 94 97 99
12 20 13 14 16 18 21 23 27 39 41 46 47 48 51 54 57 58 59 62 72 74 79 82 83 84 85 87 90 92 94
13 59 17 18 20 22 24 27 29 36 40 42 44 46 47 48 49 52 54 56 57 60 63 66 70 71 72 74 75 77 79 80 85 89 99
14 26 15 17 19 21 27 29 34 36 38 39 41 44 50 61 62 64 70 79 80 87 88 92 100
15 65 16 18 21 22 29 31 34 37 38 39 43 45 49 50 52 57 62 64 67 71 82 84 89 97
16 9 24 25 26 29 30 36 38 39 41 45 47 48 50 51 56 58 65 68 77 78 85 86 90 93 96 98 100
17 94 18 22 30 33 34 35 37 42 43 48 54 57 58 60 61 62 64 67 71 74 75 77 79 81 84 86 91 94 96 97 99
18 27 19 22 24 25 27 28 29 35 39 45 48 52 54 55 59 61 63 66 75 78 85 90 94
19 93 21 23 28 33 39 48 49 54 56 63 66 69 72 76 78 82 86 89 91 95 97
20 69 21 27 30 37 39 43 44 45 54 60 65 69 70 71 78 79 80 81 83 84 89 90 96 97 98
21 49 25 26 32 39 44 47 54 58 59 61 63 69 71 79 80 83 84 88 96 98 99 100
22 40 24 27 38 39 42 47 49 52 53 56 57 58 66 69 70 76 81 87 93 95 99 100
23 77 24 26 32 33 35 36 40 43 45 48 52 53 55 57 60 72 73 74 75 76 77 78 79 80 81 82 84 87 96 98
24 81 26 29 31 32 36 47 49 56 58 60 68 72 75 76 77 86 88 92 96 98 100
25 26 27 28 32 33 34 39 40 41 51 52 56 61 62 69 77 80 82 83 85 90 91 92 99 100
26 72 28 32 35 41 43 50 52 60 62 72 73 78 80 93 100
27 100 34 36 37 40 42 44 47 49 52 55 57 65 68 74 77 78 80 83 88 90 94 97 99
28 29 29 31 32 33 36 38 45 47 49 51 53 56 61 65 67 68 77 78 79 80 81 95 97
29 12 30 40 44 47 48 51 54 55 58 71 82 85 89 90 94 97 99
30 84 31 33 35 37 38 43 54 55 56 58 62 63 69 72 79 85 86 90 92 100
31 63 40 41 44 45 50 57 59 60 61 62 65 68 69 71 74 75 76 84 85 88 89 98 99
32 6 38 40 43 50 51 52 54 55 65 67 68 74 76 77 83 86 89 90 92
33 82 34 41 45 50 51 58 60 61 65 67 73 79 82 83 87 88 89 93 96
34 46 35 46 47 52 54 57 62 64 65 69 75 76 77 82 92 93 94 97 99
35 30 36 42 43 47 52 57 58 60 61 62 63 64 71 72 87 88 89 90 92 94 95 100
36 50 38 39 41 44 45 46 50 55 56 58 59 60 62 70 71 72 77 90 92 93 94 96 100
37 99 41 51 53 54 65 71 73 74 75 76 79 81 84 92 93 98
38 86 39 42 43 49 52 60 63 76 77 79 87 89 92 94 97 98 99
39 97 44 46 48 60 61 62 63 64 71 73 74 75 79 81 82 83 84 89 96
40 87 41 43 53 54 55 56 59 60 65 66 67 70 83 84 86 91 95
41 97 43 44 52 56 63 66 68 72 74 75 83 85 86 88 89 90 91 93 95 96 97
42 29 44 49 50 53 54 55 56 63 68 71 72 76 77 81 85 88 97
43 83 47 48 53 57 62 63 64 66 67 75 76 77 79 80 82 84 87 92 93 96 99
44 18 51 54 56 59 60 64 69 70 72 78 80 82 83 87 93 94 96 98
45 29 53 59 67 68 70 73 74 75 80 81 86 87 92 95
46 83 49 51 56 57 59 62 63 66 67 75 78 83 84 86 99 100
47 89 49 54 55 56 57 58 60 61 63 66 68 71 72 73 75 79 81 90 91 100
48 19 58 59 64 66 70 73 74 77 78 82 90 95
49 86 50 55 64 67 69 70 71 73 77 80 87 93
50 75 57 72 74 77 79 80 83 85 86 87 90 96
51 1 55 59 61 65 66 67 68 72 75 77 89 90 97 100
52 87 54 58 74 76 78 79 80 82 85 89 93 94 95 98
53 66 54 59 64 65 66 69 71 72 81 83 85 87 88 93
54 89 56 57 61 62 65 68 69 71 77 80 81 86 89 90 95 96 98 100
55 86 57 58 59 65 79 86 87 90 91 92 95 97 99
56 12 60 63 65 86 89 92 96 97 98
57 79 60 63 70 73 75 76 78 82 84 89 91 93 99 100
58 9 59 62 65 66 67 68 71 72 78 81 83 84 87 91 92 94 98
59 76 61 62 68 73 74 80 83 93 99
60 90 66 71 74 78 84 85 90 91 97 99
61 7 66 69 71 80 85 88 90 91 93 98
62 25 66 67 70 72 74 75 80 87 88 90 92 93 95
63 69 64 66 69 76 85 88 93 95 96
64 79 65 70 79 84 85 88 89 90 92 93 96 100
65 63 68 72 73 80 81 82 83 87 90 92 93 99
66 92 68 74 75 81 84 87 88 95
67 54 71 72 77 93 96 99
68 100 69 73 75 76 78 80 88 89 91
69 89 70 73 74 75 78 79 81 86 90 91 92 94 96 99 100
70 15 71 74 78 80 82 86 89 90 92 95 97 98 99
71 75 72 76 77 82 87 90 91 99
72 81 73 75 78 83 85 86 93 95 99
73 43 79 89 93 96 98
74 44 76 77 81 84 89 90 94 96 99 100
75 62 76 77 79 81 82 96 97
76 62 79 80 82 85 87 93 94 95 97
77 97 78 79 83 92 93
78 43 82 83 85 86 88 99
79 26 84 97
80 38 81 96 98
81 12 85 87 92 94 98
82 35 83 87 88 97
83 46 85 88 89 92
84 81 86 88 90 95 97
85 97 90 93 98 99
86 72 90 92 95 96
87 69 90 91 97 99 100
88 99 90 94 97 100
89 34 92 94
90 35 91 97 98 100
91 15 93 94 97 100
92 78 94 96 99 100
93 69 94 97 99
94 22 95 97 98 99 100
95 36 100
96 78 99 100
97 41 99
98 22
99 7
100 6
