100
1 58 2 5 7 8 9 10 12 13 14 15 16 17 18 21 22 26 27 28 29 30 31 32 34 38 39 43 44 45 48 51 53 54 56 58 59 60 64 68 70 74 75 81 82 85 86 88 90 91 93 97 98 99
2 56 3 4 8 10 14 15 17 19 21 25 26 27 28 30 31 33 36 37 44 45 46 47 48 49 50 52 53 54 56 59 61 62 63 64 65 66 68 70 72 74 76 77 78 79 90 92 93 95 96 98 99
3 14 5 6 10 12 13 15 17 18 19 20 21 28 30 32 33 34 37 38 39 40 41 43 44 46 48 49 50 51 52 54 56 57 58 60 63 68 73 75 76 78 79 81 82 85 86 88 89 90 91 92 93 94 96 98
4 65 6 7 11 12 13 16 19 21 22 23 25 26 27 28 32 33 38 39 40 41 42 43 44 45 49 51 52 54 56 59 60 63 67 70 71 73 74 76 77 80 82 84 87 89 90 93 95 97
5 58 6 8 9 10 11 12 14 15 17 18 20 21 26 29 32 35 37 39 41 43 44 48 50 51 52 53 58 61 63 65 70 72 74 75 77 79 80 87 88 89 95 96 97 98 99 100
6 22 8 11 16 17 18 19 21 23 24 25 26 27 29 30 31 33 34 37 38 39 42 43 44 45 47 48 49 50 53 54 59 61 63 66 67 68 69 73 74 76 77 78 81 82 83 87 88 91 92 94 100
7 93 8 10 11 16 17 18 19 20 26 27 28 29 30 31 33 34 35 41 42 44 47 48 49 50 51 54 55 57 63 68 71 73 75 78 79 83 88 89 91 92 93 95 96 97 99 100
8 59 10 11 12 13 15 16 18 19 24 26 29 30 32 33 34 37 38 43 46 50 51 52 53 54 60 61 63 67 69 72 73 75 81 83 84 87 88 90 95 100
9 79 11 12 14 16 19 20 22 28 29 30 33 34 37 39 40 44 45 47 52 53 55 56 59 62 65 67 68 69 70 73 74 76 78 79 82 84 86 88 90 91 92 93 94 95 96 100
10 57 11 13 14 15 17 20 21 23 24 25 26 30 31 32 33 37 41 42 44 45 46 47 49 52 53 56 58 60 61 63 65 66 69 70 71 73 74 76 77 78 80 82 86 87 88 89 91 92 95 96 99 100
11 80 15 16 18 19 20 22 25 26 28 29 30 31 33 35 36 43 44 46 47 48 49 51 52 53 55 56 57 58 60 62 65 66 67 69 74 75 76 80 81 85 86 93 94 98
12 83 15 17 20 22 23 24 25 27 29 30 31 32 33 35 36 41 43 44 45 47 48 49 52 54 55 62 64 65 67 68 69 71 72 73 75 76 77 80 85 87 88 89 92 94 95
13 72 17 21 24 29 31 33 35 39 43 44 45 48 53 55 57 59 60 62 63 65 67 69 70 71 75 76 77 78 79 80 87 89 90 92 95 99
14 100 15 16 18 20 25 26 29 30 31 34 37 38 39 42 44 45 46 48 49 50 51 57 58 59 68 70 71 72 76 77 78 80 81 82 84 86 87 91 96 97 99
15 14 21 22 27 30 31 36 37 40 41 48 50 52 55 57 58 61 63 66 70 71 72 73 74 76 80 84 87 89 92 93 96 99
16 91 21 22 23 24 27 28 29 30 31 34 36 37 38 39 40 42 44 45 49 56 57 59 60 61 62 63 65 66 68 70 71 75 78 81 84 85 87 92 94 95 96 98 100
17 28 19 22 23 25 26 27 28 29 31 32 34 36 44 45 47 53 54 55 60 63 65 66 68 69 72 73 75 76 79 80 82 83 85 91 94 97 98 99
18 87 19 20 24 28 30 33 34 36 39 40 47 49 51 52 55 57 59 63 66 71 73 74 76 77 78 80 82 83 85 86 90 92 98 100
19 29 21 24 25 26 27 28 29 30 31 33 34 35 36 37 39 40 42 43 44 47 49 57 59 62 64 66 67 70 72 73 74 75 78 81 82 84 85 87 92 95 99 100
20 5 21 22 23 24 25 29 31 32 33 34 35 36 38 41 42 44 46 51 52 53 56 58 59 60 61 63 65 66 67 68 71 72 73 75 77 79 80 81 86 87 93 96 97 98
21 33 22 23 31 33 34 35 36 37 38 39 43 44 47 51 52 54 55 56 58 60 61 62 63 64 65 66 68 69 70 71 73 76 78 79 81 82 86 87 88 89 92 94 96 99
22 29 23 24 26 27 28 29 32 33 36 39 41 42 43 44 45 48 49 50 53 55 56 58 59 60 62 64 65 66 67 68 70 75 85 86 87 88 89 90 91 95 100
23 22 24 25 27 28 29 32 37 44 47 49 50 51 52 53 54 55 56 57 58 62 63 65 67 70 71 73 74 75 79 80 81 82 83 87 90 92 94 97
24 97 26 27 30 37 38 40 41 43 45 46 48 51 52 53 54 56 57 59 60 62 64 66 71 73 75 78 79 81 82 83 84 86 87 91 94 98 99
25 59 26 30 32 33 35 36 38 39 42 43 45 47 49 53 54 56 58 59 61 63 64 66 68 70 76 77 78 80 83 85 86 87 88 89 90 91 92 94 95 96 97 98 99
26 15 32 33 34 35 36 37 45 49 50 52 53 54 55 56 62 63 65 67 68 70 71 72 76 79 81 83 85 86 87 89 90 91 93 95 97 99
27 65 28 31 32 34 35 39 41 43 45 46 47 48 50 52 55 56 57 61 65 66 69 71 73 76 77 78 80 81 82 83 85 89 91 92 93 95 97 99 100
28 91 30 34 38 39 40 42 43 44 45 46 47 53 54 55 58 60 61 62 67 68 69 73 75 76 77 78 80 81 83 84 85 87 91 92 93 94 97 100
29 47 34 35 36 38 39 42 43 44 46 47 49 51 60 63 65 66 67 68 72 73 74 78 85 87 88 89 90 91 93 95 96 97
30 23 31 33 35 36 38 39 40 46 50 51 54 57 60 63 64 65 66 68 70 74 75 76 77 81 82 83 88 90 91 92 93 94 95 96 98 100
31 71 32 33 34 35 36 39 40 41 42 43 44 45 48 49 51 52 55 56 59 60 61 62 63 66 68 69 72 73 75 76 78 79 81 82 83 86 89 90 91 92 93 99
32 43 36 37 38 45 46 50 51 53 54 55 57 59 64 67 68 72 76 78 79 83 86 87 89 91 92 93 96 97 98 100
33 96 34 35 36 37 46 47 48 50 51 52 53 54 55 56 57 58 60 62 64 65 69 70 71 73 75 76 79 80 81 82 83 84 85 86 87 88 92 97 98 99 100
34 12 37 39 40 41 43 45 46 49 50 51 52 56 62 64 65 66 67 68 71 74 75 76 77 78 79 80 82 85 86 88 91 92 94 96 98
35 43 37 38 39 41 42 43 44 46 50 52 56 57 59 61 62 64 65 66 68 69 75 77 78 80 81 83 84 86 90 92 94 95 96 99
36 53 38 44 45 47 49 50 53 54 55 56 57 58 59 61 65 66 68 71 72 75 76 77 79 80 82 83 84 85 86 88 90 92 93 94 97 98 99 100
37 30 38 39 41 44 49 50 54 56 57 58 61 66 67 70 72 73 75 76 78 79 81 85 88 90 92 94 95 96 97 99
38 85 39 43 45 46 49 52 54 56 57 58 59 60 62 71 72 75 76 78 79 80 82 83 84 86 87 88 89 90 95 96 100
39 100 40 42 43 44 45 46 51 55 57 59 60 61 63 66 67 68 69 70 75 76 78 81 85 88 89 90 93 97 98
40 50 42 43 44 45 47 48 49 50 51 53 54 58 62 63 64 65 66 73 75 76 83 88 89 92 93 98
41 59 42 43 45 47 51 52 54 56 57 58 59 61 62 64 65 67 68 69 73 74 76 78 80 81 82 83 84 87 88 92 93 94 95 96 97 98 99
42 73 43 47 51 52 54 56 57 60 64 65 66 67 68 70 74 75 76 77 78 80 81 84 85 87 88 89 90 91 93 95 96 97 98
43 19 44 48 49 52 55 58 59 65 68 69 70 71 72 73 75 77 80 81 84 86 87 90 95 96
44 26 45 48 50 52 54 57 58 59 61 64 65 66 67 68 70 80 83 84 86 87 92 96 97
45 87 48 52 54 55 57 59 60 61 62 63 67 68 69 70 75 76 80 81 82 85 89 90 91 95 100
46 63 48 49 50 52 54 57 59 63 64 65 70 73 77 82 85 86 87 88 89 90 95 96 99
47 85 48 49 50 51 54 55 59 63 64 65 66 67 69 70 72 73 74 76 79 81 82 84 86 93 94 95 97 99 100
48 46 49 51 52 53 54 55 56 60 61 62 64 65 67 68 69 70 71 72 73 78 80 82 83 85 89 90 94 96 97 99 100
49 4 50 52 53 59 60 64 67 69 70 73 77 80 81 82 88 91 92 93 94 95 96 97 99 100
50 96 51 52 53 54 56 57 63 65 67 69 72 73 75 77 79 83 84 89 91 94 97 98 100
51 95 52 53 54 55 56 57 59 60 69 70 74 76 78 80 85 86 87 88 89 90 92 93 96 97 99
52 6 53 55 56 57 60 62 63 64 66 72 73 75 76 78 79 81 84 85 86 87 88 89 90 91 92 93 95 98
53 7 55 56 57 60 63 65 66 68 69 71 72 74 76 77 78 80 81 82 86 87 89 90 91 93 95 98 99
54 60 56 57 61 65 66 69 71 76 78 79 81 83 86 90 96 99 100
55 94 56 57 59 60 61 65 67 70 71 73 74 75 76 80 81 82 83 84 85 86 87 89 90 92 93 94 95 96 97 98 100
56 85 58 60 62 66 74 76 77 78 81 82 83 85 87 88 91 93 95 96 99 100
57 78 58 62 63 64 68 70 71 73 74 75 76 77 78 79 80 83 84 86 89 91 92 93 94 95 96 99 100
58 25 59 62 63 66 70 72 74 75 79 80 84 85 86 88 90 94 96 99 100
59 95 62 64 65 66 69 70 71 72 73 78 82 84 90 91 94 100
60 44 62 63 65 71 72 74 75 77 80 82 83 84 86 87 88 90 92 93 94 95 98 99
61 76 63 65 67 68 69 70 71 74 75 77 79 81 82 83 84 86 87 88 89 91 92 93 94 95
62 10 67 68 70 71 74 77 78 79 80 81 82 86 88 92 94 95 98 100
63 68 64 65 68 69 71 72 73 75 76 79 80 83 86 87 89 92 94 95 96
64 25 68 69 70 71 72 73 74 75 76 77 79 82 83 84 85 87 88 89 93 97 98 99
65 76 66 67 69 71 72 73 75 79 80 81 82 83 85 86 89 90 95 99 100
66 61 68 69 70 71 73 74 76 77 78 79 81 83 85 86 89 90 91 94 97 98 99
67 41 69 74 76 77 79 80 82 86 87 89 90 91 92 93 94 96 98 99
68 8 70 71 76 78 79 81 84 86 88 93 95 100
69 92 71 72 73 74 75 77 81 82 83 85 90 91 92 93 94 95 99 100
70 15 72 76 78 80 81 83 84 87 92 94 95 97 100
71 3 78 81 85 86 88 89 94 97 98 100
72 67 73 74 75 76 77 78 81 82 85 89 90 91 92 93 94 97 100
73 26 77 78 79 83 85 90 92 94 95 98
74 27 75 76 77 78 79 81 83 86 88 91 92 93 96 97 98 100
75 47 76 77 78 81 82 84 86 88 89 90 91 98 99 100
76 1 82 84 85 86 87 88 89 91 92 95 97 98 99 100
77 100 78 79 81 83 84 86 89 90 91 92 93 94 96 99 100
78 46 79 81 82 86 88 91 93 100
79 50 80 81 82 84 86 87 91 92 97 99 100
80 61 81 87 88 89 90 91 92 93 94 95 97 99
81 75 84 86 88 89 90 94 97 99 100
82 3 83 84 85 87 89 90 93 94 96 99
83 22 85 87 88 89 91 93 94 95 97 98
84 54 85 86 89 91 92 93 96 97 99 100
85 42 86 90 93 94 96 99 100
86 8 87 90 91 95 96 97
87 26 88 90 92 94 97 98
88 69 90 94 95 97
89 90 90 91 92 95 100
90 17 91 94 96 99 100
91 91 93 98 100
92 65 93 94 100
93 10 95 96 98 100
94 62 95 96 97 99 100
95 37 97 98 99 100
96 97 97 98 99 100
97 72
98 4 100
99 21 100
100 12
