100
1 95 2 4 8 11 13 14 16 19 21 23 24 26 32 33 36 39 41 42 44 49 51 52 53 54 55 58 64 66 67 68 69 70 72 73 75 76 79 80 81 82 86 89 93 94 95 96 98 99 100
2 74 6 7 8 13 15 16 18 19 23 25 30 35 37 38 41 42 43 44 47 48 50 51 52 53 60 65 69 70 71 74 77 78 80 83 85 86 89 90 92 93 94 95 98 99
3 92 4 5 6 10 11 13 14 16 17 20 21 23 26 28 29 31 32 33 35 36 42 48 49 51 57 61 64 65 66 67 68 69 70 75 76 78 80 81 84 86 88 92 93 100
4 53 5 8 9 10 11 13 16 19 20 22 23 24 26 27 30 33 34 36 40 44 49 53 56 58 59 60 62 65 68 69 71 77 78 80 82 84 85 88 91 92 95 97 99
5 92 7 8 9 12 14 15 18 20 21 22 23 24 25 26 27 29 30 32 40 41 42 43 44 45 47 49 52 53 56 58 59 60 62 65 67 68 72 74 78 81 82 86 87 91 92 93 95 99 100
6 69 11 15 16 21 22 24 25 28 29 34 37 38 39 40 41 44 45 51 52 56 57 59 62 63 65 68 69 71 72 85 87 98
7 56 8 9 11 14 16 20 23 26 29 31 33 34 35 41 43 44 48 49 50 55 56 57 59 61 63 64 65 67 69 70 73 74 75 80 83 86 88 89 90 91 92 94 95 97 98 99 100
8 82 9 15 16 22 23 24 26 29 33 35 37 41 42 46 55 56 57 61 62 63 64 65 66 68 69 72 75 77 79 80 82 83 85 93 94 96 97 98
9 78 14 18 19 22 23 26 30 31 32 35 42 43 44 48 49 51 53 55 56 58 60 61 64 67 69 71 73 79 81 83 84 85 90 91 92 93 95 98
10 55 11 13 15 19 20 22 23 25 26 29 30 31 32 33 34 36 37 40 41 45 50 51 53 55 56 58 60 61 64 65 66 70 71 72 73 74 76 79 80 82 83 85 88 89 91 95 99
11 96 14 19 21 32 34 38 41 42 43 44 45 47 50 51 52 53 54 56 57 59 63 64 68 70 71 74 76 77 80 81 83 84 85 87 89 90 91 93 96 98 100
12 58 13 14 15 16 17 18 19 20 21 27 33 34 36 39 40 42 43 44 45 48 53 54 56 57 58 59 60 61 62 63 65 66 68 69 70 71 76 77 79 82 83 84 86 92 95 98 99
13 81 14 15 16 18 19 22 25 26 27 30 36 40 41 42 43 45 46 48 49 50 52 54 55 56 58 60 61 62 63 65 68 71 73 75 77 78 80 81 83 85 86 87 89 90 91 93 95 97 98
14 82 15 18 19 20 21 22 25 33 34 38 40 42 45 49 52 54 56 58 59 60 61 62 64 68 69 72 73 74 76 77 79 81 82 87 91 94 96 97 98 100
15 95 18 19 20 22 27 28 29 30 33 34 38 40 43 45 46 50 51 52 53 54 56 60 61 62 63 68 70 71 72 73 74 75 77 79 86 87 88 91 94 95 96 99
16 64 17 18 21 23 25 26 27 31 34 35 40 42 45 50 52 53 54 55 56 66 67 68 71 72 77 79 80 81 82 85 89 90 92 93 94 95 97 98 99
17 89 18 19 20 23 24 25 26 34 35 36 41 42 43 44 46 47 48 49 50 52 53 54 56 57 58 59 60 63 66 71 72 73 74 78 79 80 82 84 85 87 88 89 90 92 93 97
18 77 20 21 24 25 26 28 29 31 33 35 37 40 44 46 47 48 50 51 52 53 54 55 58 61 62 63 64 66 67 70 73 75 76 77 84 86 87 90 92 93 95 97 100
19 69 21 22 23 24 26 29 30 33 34 36 39 42 43 45 47 48 49 52 53 54 55 56 58 60 61 63 64 65 66 68 69 71 72 74 76 78 79 80 82 83 84 87 93 96 98 99
20 72 21 22 23 25 26 27 30 31 33 34 35 36 37 38 39 40 45 47 49 52 53 57 61 62 63 66 67 69 70 71 72 73 74 75 76 77 78 79 80 82 85 86 87 88 89 91 92 94 95 98
21 97 22 26 27 28 30 31 32 34 36 39 40 43 44 45 47 48 50 51 54 58 59 60 62 65 69 70 71 73 74 75 76 78 79 81 83 85 86 87 88 90 91 93 95 97 98 99
22 86 25 26 27 28 31 32 33 36 37 38 39 42 43 45 47 51 52 53 54 56 57 66 68 70 71 72 75 77 80 82 83 84 85 86 87 90 92 94 95 97
23 63 24 30 31 32 40 45 47 48 49 52 53 55 56 57 58 59 60 61 62 64 65 66 68 69 74 76 78 79 81 83 85 86 88 90 92 93 95 96 99 100
24 87 25 26 27 28 30 39 43 46 48 50 51 52 53 54 56 57 61 63 64 69 70 71 74 77 84 85 86 88 90 91 92 96
25 99 26 27 28 29 32 34 36 37 38 43 45 46 50 54 56 57 58 59 61 64 65 67 68 69 71 73 74 75 77 82 83 88 90 91 94 96 98 99
26 81 27 28 32 33 35 39 40 41 42 43 45 48 51 54 58 61 62 64 65 66 72 74 78 79 81 82 85 92 93 95 96 99
27 66 28 29 30 32 33 34 35 38 40 41 42 43 45 46 47 48 51 52 53 54 58 60 62 63 64 65 66 67 69 71 72 73 76 78 79 80 86 88 95 96 97 98 100
28 84 30 31 41 44 45 48 50 51 53 55 56 57 58 60 62 64 66 67 68 69 72 73 75 76 77 78 81 82 83 84 86 88 92 93 95 96 98 99
29 71 30 32 34 35 36 37 38 42 43 46 47 48 49 50 51 53 55 56 62 64 65 66 67 68 69 70 71 75 77 78 79 82 83 89 91 92 94 97 99
30 88 33 35 36 42 45 49 53 54 55 57 58 59 60 61 62 63 64 65 69 70 71 72 74 76 77 79 80 81 83 85 88 89 90 91 92 97 99
31 58 32 36 37 39 41 43 44 45 47 48 52 53 54 59 64 69 70 72 74 75 76 78 79 80 81 83 84 85 87 88 90 91 92 94 95 96 98 100
32 89 35 37 48 49 52 54 56 58 59 60 62 63 66 67 68 69 70 72 75 79 80 81 84 86 87 88 93 95 97 99
33 100 34 36 38 40 41 42 45 46 47 48 50 51 52 56 57 58 60 61 62 64 71 72 73 75 76 77 78 79 80 81 82 83 84 85 86 88 92 96 99 100
34 51 35 36 38 40 42 43 45 46 47 50 54 55 57 59 60 62 63 66 67 69 71 72 74 80 81 83 87 88 91 92 95 96 98
35 99 36 40 42 43 44 45 47 53 55 56 59 60 61 62 64 65 68 69 72 76 78 80 83 85 86 89 90 92 94 95 97 98 100
36 62 37 40 41 42 45 46 49 51 56 59 60 61 67 68 69 71 72 73 84 87 91 93 94 97 99 100
37 75 38 42 43 45 46 48 51 52 53 54 55 56 59 64 66 73 74 75 76 77 78 80 81 85 87 89 91 92 94 97 98 99 100
38 99 40 41 43 44 45 46 47 50 55 57 58 59 60 62 64 66 69 73 78 79 83 84 85 86 88 89 92 93 98 100
39 57 48 52 53 58 59 60 64 65 66 67 69 70 71 72 73 76 77 78 80 82 89 92 95 96 97 99 100
40 71 42 46 47 50 52 53 56 57 60 61 62 64 65 70 73 75 77 81 82 83 85 86 88 91 92 93 95 97 98 99 100
41 85 42 44 49 50 51 53 55 57 59 61 62 63 66 67 70 72 73 74 75 76 81 82 84 85 86 89 90 91 92 93 96
42 76 43 45 47 49 50 52 53 55 58 59 61 62 63 66 68 72 73 74 75 76 79 80 81 82 84 91 92 94 95 99 100
43 50 45 46 48 50 51 52 53 54 58 59 60 62 63 64 66 68 70 71 77 78 80 81 83 84 85 86 91 92 96 97 98 99
44 74 46 49 51 57 60 62 64 66 72 74 75 77 81 83 85 86 87 91 93 94 96
45 67 50 53 55 56 57 59 60 61 62 63 64 66 68 70 76 77 82 83 84 89 90 92 94 96 97
46 54 48 49 50 52 54 56 58 61 62 64 65 66 68 69 72 74 75 79 81 83 84 92 97 100
47 88 48 49 51 53 56 57 59 61 62 63 68 70 72 74 75 76 79 81 82 83 84 85 88 89 95 96 97 98 99 100
48 98 49 50 51 52 54 58 61 62 65 68 70 72 75 77 78 80 81 84 86 87 91 93 94 96 97 98
49 85 50 51 53 56 57 65 70 73 75 77 78 83 85 86 87 88 89 90 94 95 99 100
50 90 51 53 56 58 60 63 64 65 67 68 69 70 71 72 73 74 76 77 78 80 81 83 84 86 89 90 91 94 99 100
51 92 53 54 55 57 59 60 61 62 64 65 66 69 71 72 73 74 76 77 80 81 82 83 85 90 91 92 93 94 95 97
52 77 55 56 57 58 59 60 62 63 65 66 67 68 70 72 74 75 76 77 78 80 81 85 86 89 90 92 93 97 99 100
53 67 56 57 58 61 62 66 70 71 72 73 74 77 78 79 80 81 83 84 85 88 92 96 98 99 100
54 79 55 59 60 65 66 71 73 74 75 78 80 81 85 86 87 92 97 98 99
55 92 56 57 59 61 62 63 64 67 68 69 70 72 73 74 76 77 78 82 89 90 91 92 93 94 96 97 99 100
56 86 57 58 59 61 62 65 67 68 69 71 73 74 76 77 79 81 83 84 87 88 89 90 91 92 96 97 98
57 57 59 63 72 74 76 77 80 82 83 85 86 88 91 95 96 99 100
58 51 60 61 62 64 67 68 70 75 76 80 83 84 86 89 93 96 97 98 99
59 54 64 66 69 70 72 73 75 78 79 81 82 84 93 96 97 100
60 97 62 63 64 66 67 69 72 73 78 79 80 81 82 84 86 88 90 91 94 98
61 68 64 65 67 68 69 71 72 75 76 78 79 81 83 84 85 86 88 90 93 96 97 98 99 100
62 77 64 65 67 71 80 81 82 85 86 87 88 90 92 94 95 98
63 59 64 65 66 67 70 75 77 78 79 81 83 87 92 93 95 96 99
64 71 66 67 69 70 71 72 73 74 76 77 78 80 81 82 84 85 89 93 99
65 85 66 67 68 69 70 71 72 73 74 75 77 83 84 85 87 88 89 92 94 95 96 98 100
66 98 67 68 69 70 74 78 81 82 83 84 86 87 93 96 98 100
67 67 68 70 71 72 74 75 77 82 84 85 86 90 92 93 95 96 97 98 100
68 86 69 71 72 73 74 75 77 81 82 86 91 92 93 98 100
69 65 71 74 75 76 77 79 82 84 85 86 88 89 90 91 92 94 98 100
70 50 71 77 78 79 82 83 84 85 88 92 94 95 97 100
71 60 73 74 77 78 80 81 83 84 86 91 94 96 98
72 53 73 75 79 80 81 82 85 86 88 89 92 93 94 95 96 98 99 100
73 80 76 77 78 79 80 82 85 88 89 90 93 94 95 98
74 84 75 76 78 80 83 84 87 88 90 91 93 94 95 96 99
75 86 79 80 84 87 90 93 94 96 99
76 63 77 78 81 82 83 85 86 87 88 91 92 93 96 98
77 89 78 80 82 83 85 88 89 90 95 96 97 99
78 57 83 84 89 90 91 95 97 98
79 84 80 85 86 87 88 90 93 95 96 97 98 100
80 83 81 82 84 86 87 91 92 93 95 96 97 98 99
81 96 85 86 89 90 94 95
82 51 84 85 86 87 88 90 91 92 96 97 98 99 100
83 90 85 86 87 88 90 93 96 97 98 99 100
84 83 86 89 90 91 92 97 99 100
85 90 90 91 92 93 94 98 100
86 93 90 92 93 94 96 98 99 100
87 85 88 90 92 93 94 96 98 99
88 68 89 97 99 100
89 93 91 93 96 97 100
90 75 91 94 95 96 97 100
91 83 92 98 99
92 88 93 95 97
93 90 96 99
94 57 95 96 98 99
95 87 97 98 99
96 64 99
97 59 98
98 50 99 100
99 96 100
100 92
