100
1 22
2 54
3 24
4 53
5 20
6 45
7 52
8 83
9 29
10 21
11 41
12 35
13 33
14 52
15 65
16 90
17 20
18 78
19 74
20 70
21 84
22 48
23 53
24 69
25 74
26 52
27 49
28 22
29 100
30 75
31 97
32 44
33 75
34 36
35 47
36 38
37 23
38 56
39 47
40 83
41 56
42 92
43 48
44 91
45 40
46 87
47 85
48 82
49 63
50 90
51 89
52 67
53 81
54 61
55 84
56 67
57 30
58 84
59 35
60 61
61 72
62 70
63 21
64 79
65 73
66 86
67 81
68 75
69 20
70 42
71 89
72 97
73 52
74 60
75 55
76 93
77 39
78 83
79 79
80 96
81 55
82 44
83 22
84 43
85 59
86 57
87 73
88 74
89 60
90 75
91 90
92 52
93 27
94 24
95 97
96 56
97 31
98 94
99 71
100 25
