100
1 51 6 7 8 10 12 13 14 15 17 19 20 22 23 24 25 27 30 35 36 37 38 39 40 41 43 44 46 47 48 49 51 53 54 55 57 59 60 61 62 63 64 65 66 67 68 69 70 71 73 74 76 79 82 83 84 86 88 89 91 92 93 95 96 97 98
2 83 4 6 10 12 14 15 17 18 20 21 24 26 27 28 30 31 33 34 35 36 37 38 39 40 42 43 44 45 46 47 48 49 50 51 52 54 56 57 58 60 61 64 65 68 69 70 71 72 74 75 76 78 79 81 82 85 86 87 88 91 92 93 94 95 96 97 98 100
3 71 4 6 8 9 11 13 14 15 16 17 18 19 22 25 26 27 29 30 31 32 33 34 36 38 39 40 41 42 43 44 46 47 48 49 50 51 52 53 55 56 57 58 59 60 62 64 65 66 67 68 70 71 74 75 78 80 81 82 83 84 85 86 89 90 91 93 94 95 96 97 98 99
4 52 5 6 7 8 9 10 12 13 17 18 19 20 23 24 26 28 29 30 32 35 38 39 40 41 42 43 44 45 46 47 48 49 50 51 52 53 54 55 56 57 58 60 61 62 63 64 65 66 67 68 69 75 78 79 81 82 84 85 86 88 91 92 93 94 95 96 98 99 100
5 72 7 8 10 11 12 13 14 15 16 17 18 19 20 21 22 23 24 25 26 27 28 29 31 32 33 36 37 38 39 40 41 42 44 45 46 47 48 49 50 52 53 54 55 57 58 59 61 63 65 66 68 69 70 71 73 74 75 76 77 78 80 81 82 83 84 87 88 89 90 94 95 96 97 98 99 100
6 73 7 8 9 11 12 16 17 19 23 24 25 26 27 29 30 32 33 34 37 39 40 42 43 44 45 46 48 49 50 53 54 57 58 59 61 62 63 66 68 69 70 71 72 73 75 76 80 81 84 86 87 88 89 90 91 94 95 98 99
7 100 9 11 12 13 15 16 18 19 20 21 22 23 24 25 27 28 29 31 32 34 36 38 40 41 42 45 46 47 48 49 50 51 54 55 56 57 58 59 60 61 62 63 66 69 70 71 72 73 74 75 80 81 82 83 84 86 88 89 90 91 92 93 95 96 98 99 100
8 97 9 11 12 13 14 15 16 17 18 19 20 21 22 23 24 26 27 29 32 33 34 35 36 37 38 39 40 42 43 44 46 47 48 49 50 54 59 61 62 63 64 65 66 68 69 70 71 72 73 74 75 76 78 79 80 82 83 84 85 86 87 88 89 93 96 97 98 99 100
9 69 10 11 12 14 15 19 20 21 23 24 26 28 29 31 36 37 38 41 42 43 46 47 48 49 50 52 53 56 57 58 59 60 61 62 63 64 65 66 67 68 69 70 71 72 74 75 76 77 79 80 81 82 83 84 87 90 92 94 96 97 98 99
10 93 11 12 14 15 16 17 18 19 20 21 22 23 24 25 26 28 30 32 33 35 36 37 38 39 41 43 47 49 54 55 56 57 58 59 61 62 65 67 68 69 70 71 72 73 75 76 77 79 80 81 83 85 86 89 91 93 94 95 96 98 99
11 65 13 14 15 16 17 19 21 22 23 24 25 26 28 29 31 32 33 34 36 37 38 39 40 41 44 46 47 48 49 50 51 53 55 56 58 59 60 61 62 63 64 65 66 68 70 71 72 73 74 75 76 77 78 79 81 82 83 84 86 87 90 91 93 94 95 98 99 100
12 92 13 14 15 17 18 19 20 21 22 25 26 28 29 31 34 35 36 37 38 41 42 43 45 46 49 50 51 52 55 56 58 60 61 62 63 64 67 68 70 71 72 73 74 75 77 79 80 81 82 83 84 85 86 87 88 89 91 92 93 95 96 97 98 100
13 88 14 15 17 19 20 21 22 23 24 26 27 29 30 31 32 37 39 41 42 43 44 45 47 48 50 51 54 55 56 57 58 61 63 64 65 67 69 72 73 75 77 79 80 81 82 83 84 85 86 87 88 92 93 94 95 96 99
14 83 15 17 18 19 20 21 22 23 24 25 26 27 29 30 32 33 38 39 40 41 42 44 45 46 47 48 49 50 51 52 53 54 55 56 57 58 59 61 67 68 69 70 71 72 73 74 75 76 77 78 79 80 81 82 83 84 85 86 88 89 90 91 92 93 96 98 99
15 90 16 17 18 19 20 23 24 25 27 28 29 30 31 32 33 34 35 37 38 39 41 43 44 45 46 47 48 50 51 52 53 54 57 58 59 60 61 62 65 66 67 70 71 74 76 78 79 81 82 83 84 86 87 88 90 92 93 94 95 96 98
16 76 17 18 19 21 23 24 27 28 29 30 31 33 35 36 37 41 42 45 46 47 48 49 51 52 53 54 55 56 58 59 60 61 63 64 66 67 68 69 70 72 73 75 76 77 78 79 80 81 82 83 84 85 87 88 89 90 91 92 93 95 96 97 98 100
17 86 18 19 20 21 22 23 24 25 27 30 31 32 33 34 35 37 39 40 43 44 45 46 48 49 52 53 54 56 58 59 60 61 62 63 65 67 68 70 72 73 76 77 78 79 81 82 85 86 87 88 90 92 93 94 95 96 97 98 100
18 81 20 22 24 25 26 27 28 30 32 33 34 35 36 37 39 40 41 42 43 44 45 46 48 50 51 52 53 54 60 61 63 64 66 68 69 70 71 72 73 74 76 77 81 84 85 86 89 90 92 93 94 95 96 97 99 100
19 68 21 22 23 24 25 28 29 30 31 32 33 34 35 37 39 40 41 43 45 47 48 50 52 53 54 55 56 58 59 60 61 62 63 64 65 66 67 68 69 70 71 73 74 75 76 77 78 80 82 84 85 86 87 88 90 91 92 93 97
20 70 21 23 24 25 26 27 28 30 31 33 34 35 38 39 45 46 47 48 49 50 51 52 54 55 62 64 65 67 69 70 73 74 76 77 79 80 81 82 83 84 85 86 87 88 89 90 96 97 98 99 100
21 100 22 23 24 25 26 27 28 29 30 32 33 34 36 37 39 40 41 42 43 44 45 46 47 48 50 51 52 53 54 55 56 57 59 60 61 64 65 66 68 69 71 73 74 76 77 78 79 80 82 83 84 85 87 88 89 90 91 95 96 97 98 99 100
22 85 23 24 26 27 29 31 33 34 35 37 38 39 40 41 43 45 46 48 50 51 52 53 54 55 56 57 58 59 60 61 62 63 64 65 66 67 68 69 70 71 74 77 78 79 80 81 83 84 86 87 89 93 94 95 97 99
23 77 24 26 27 28 29 30 31 35 36 37 38 39 41 42 43 44 45 46 47 51 53 54 55 56 57 58 59 60 61 62 63 66 67 68 69 71 73 74 75 77 78 79 80 82 83 84 86 87 88 91 92 93 94 96 97 98 99
24 89 27 28 29 30 31 32 34 35 36 37 38 39 41 42 44 46 47 53 54 55 56 58 59 60 61 62 64 66 67 68 69 70 74 75 76 77 81 86 88 89 90 91 92 96 97 98 100
25 82 26 27 28 29 30 33 34 35 36 37 38 40 41 42 43 45 46 47 50 52 53 55 56 57 59 60 63 65 66 69 70 71 72 73 74 75 77 80 82 83 84 86 89 90 91 94 96 98 99 100
26 50 27 28 29 30 33 34 35 37 38 39 42 43 44 45 46 49 50 51 52 53 54 55 56 57 58 59 61 63 64 65 66 67 68 69 70 74 75 76 79 81 82 83 84 85 86 87 89 90 92 94 98 99
27 54 28 29 30 31 32 33 35 36 37 38 39 40 41 43 45 49 51 52 53 54 55 56 57 58 61 62 63 66 67 68 69 71 72 74 75 76 78 79 80 83 84 86 87 89 90 91 92 93 94 95 96 97 98 99 100
28 81 29 30 37 38 39 40 41 42 44 45 46 47 48 49 50 51 52 53 54 56 57 58 60 61 62 63 64 65 66 68 69 70 71 72 73 74 75 76 78 79 80 81 84 85 88 89 90 92 94 95 96 97 99 100
29 65 30 31 32 33 34 35 36 37 38 39 40 41 42 44 45 46 47 49 50 51 52 53 54 55 56 57 59 60 61 62 63 64 67 68 69 70 73 75 76 77 78 79 80 82 83 86 89 90 91 92 93 94 95 96 97
30 59 31 32 34 35 36 37 38 39 40 43 44 48 50 51 52 53 54 55 56 57 58 59 60 61 63 64 65 66 68 70 71 72 73 76 78 79 81 83 84 85 86 88 89 91 92 93 94 95 96 97 98 99 100
31 96 32 33 34 36 37 38 39 40 42 43 44 46 49 50 52 54 57 58 61 63 64 65 66 67 68 69 71 72 73 74 75 76 77 80 81 84 85 87 89 91 93 94 95 97 98 99 100
32 79 34 35 36 39 40 42 43 44 45 46 47 49 52 53 54 56 58 59 60 61 63 64 66 68 69 70 73 74 75 76 79 81 82 83 84 85 86 87 88 89 91 92 93 94 95 96 97 98 99 100
33 83 34 35 36 37 38 41 42 43 45 46 47 48 49 50 53 54 55 56 57 58 59 61 62 63 64 65 66 67 69 70 73 74 75 76 77 78 79 80 81 82 83 84 85 86 88 89 90 91 92 94 95 97 98 100
34 92 35 36 37 38 39 40 41 45 46 47 48 49 51 52 53 55 58 59 61 62 63 64 65 66 67 68 70 71 72 73 74 77 78 79 80 84 85 86 87 89 90 93 94 95 96 99 100
35 83 36 37 38 39 40 42 43 44 46 47 49 50 51 52 53 54 55 56 58 59 60 61 63 64 65 66 67 69 71 73 74 75 76 77 78 79 80 81 84 85 86 87 88 90 91 92 93 94 95 96 99 100
36 83 37 38 39 40 41 42 43 44 45 46 47 48 49 50 51 52 53 55 56 58 59 60 61 63 64 66 67 68 69 70 71 72 73 74 75 76 77 78 82 84 85 87 88 89 90 91 92 93 96 97 98 99 100
37 71 38 39 40 43 45 47 48 49 52 53 54 55 56 57 59 60 61 62 63 64 65 68 69 71 72 74 76 78 79 82 83 85 86 91 92 94 95 96 98
38 61 39 40 41 42 44 47 48 49 50 51 53 54 56 57 58 60 61 62 63 64 66 68 69 70 71 72 73 75 76 80 84 86 89 90 91 92 93 96 97 98 99 100
39 100 40 41 43 44 45 47 48 49 50 51 52 54 55 56 57 58 59 60 61 62 64 65 66 67 69 70 71 72 73 75 76 77 81 82 83 84 86 89 90 91 92 95 96 97 98 99
40 100 41 43 44 45 46 47 48 49 53 55 57 58 59 60 61 64 65 66 67 68 71 75 76 78 79 80 83 84 85 86 88 89 90 91 92 93 97 99 100
41 53 43 44 47 49 51 52 54 55 58 59 61 62 63 64 65 66 67 68 69 70 71 73 74 75 76 77 78 80 81 82 83 84 85 86 87 90 92 93 94 95 96 97 100
42 75 44 45 46 48 50 51 52 54 55 56 57 58 59 61 63 65 67 68 69 70 71 72 74 75 76 78 79 81 82 83 85 86 87 89 90 92 93 95 96 97 98 100
43 98 44 45 46 47 48 50 51 53 54 55 57 59 60 62 64 66 67 69 70 71 72 73 75 76 77 78 79 80 81 82 84 85 86 89 90 93 94 95 98 100
44 75 46 49 50 52 53 54 55 56 59 60 61 62 63 64 65 66 67 68 70 71 73 74 76 77 79 80 81 82 84 85 87 88 89 90 92 93 94 95 96 97 98 99 100
45 58 47 48 49 51 55 56 57 58 60 61 62 63 64 65 66 67 68 69 70 71 73 74 75 76 77 78 80 81 82 83 84 87 88 89 92 93 95 96 98 100
46 81 47 49 50 51 52 53 54 55 56 57 58 59 60 63 64 65 66 67 68 71 72 77 78 79 80 82 83 84 87 88 90 91 93 96 97 100
47 63 48 49 51 52 54 56 57 58 59 63 66 67 69 70 72 74 77 79 80 81 82 83 84 85 86 88 89 91 92 93 97 98 99 100
48 82 49 50 51 52 53 54 55 57 58 59 60 61 62 63 64 65 66 68 69 70 72 73 74 75 78 81 83 84 85 86 89 91 93 94 95 96 97 99 100
49 56 51 52 53 54 55 56 57 58 59 60 62 65 66 68 69 70 71 72 73 75 77 78 79 80 81 83 85 86 87 88 89 92 94 95 100
50 78 51 52 53 54 55 56 59 60 61 62 63 64 67 69 70 72 73 74 75 76 78 80 81 82 83 86 87 88 89 92 93 94 95 96
51 98 52 53 54 55 56 57 59 63 64 65 66 70 71 72 73 74 76 77 79 80 81 83 84 85 86 90 91 92 93 94 95 96 98 100
52 54 54 57 59 60 62 63 65 66 67 68 69 71 72 73 74 75 77 78 79 80 82 83 84 87 89 90 91 93 94 96 97 98 99 100
53 64 54 55 57 58 59 60 61 62 64 65 66 67 68 69 70 71 72 73 75 76 77 78 79 80 81 82 84 85 86 87 90 91 92 93 94 95 97 98 99
54 86 57 58 59 60 62 63 64 65 66 67 68 71 74 75 76 77 80 81 82 83 84 85 86 88 90 91 92 94 95 96 97 98 99
55 60 56 57 58 60 61 62 64 66 69 70 71 72 73 74 75 76 78 80 83 84 85 88 89 91 93 94 95 96 98 99 100
56 82 59 60 61 63 64 65 66 67 69 70 71 72 73 74 76 77 78 80 81 82 83 85 86 87 88 89 93 94 95 96 98 99
57 69 59 60 62 63 64 65 66 67 70 71 72 73 74 75 76 77 79 80 81 82 83 84 85 88 91 92 93 94 95 96 97 98 99 100
58 50 59 61 62 63 64 65 66 68 69 70 71 72 73 74 75 77 79 80 81 82 83 85 87 88 91 92 93 94 98 99 100
59 54 61 63 64 66 67 68 69 70 73 74 75 76 77 78 79 81 82 83 85 88 89 90 91 94 95 96 97 98 99 100
60 51 62 63 64 65 66 67 69 70 71 72 74 75 76 77 79 80 82 83 84 87 88 89 90 93 95 98 99 100
61 57 62 63 65 66 67 68 69 71 73 74 75 77 78 80 82 84 85 86 87 89 90 92 93 94 95 96 97 98 99
62 98 63 64 65 66 68 72 73 74 75 77 78 79 80 81 82 83 84 85 86 87 88 89 90 91 92 93 97 100
63 80 64 65 66 67 68 70 71 72 73 74 75 78 79 80 82 83 84 85 86 87 90 91 92 93 94 95 97 98 100
64 53 65 66 67 68 70 71 72 75 76 77 78 79 80 83 86 88 90 92 93 96 97 98 99
65 50 68 70 73 75 76 77 78 79 80 81 82 84 86 89 90 92 93 94 96 97 98 99 100
66 99 67 68 69 71 72 73 74 76 77 78 80 81 82 85 88 89 91 93 96 97 98 99
67 95 69 70 71 72 73 74 77 78 79 80 81 82 83 84 85 86 87 92 93 95 96 98 99
68 93 70 71 72 73 74 75 76 77 78 80 82 83 86 88 90 92 93 94 95 96 98 99 100
69 89 70 71 72 74 76 77 78 82 83 84 85 87 88 89 90 93 94 95 96 98 99 100
70 51 71 73 74 75 76 77 78 79 80 81 82 83 84 85 86 89 91 92 93 94 95 97 98 99 100
71 63 72 74 76 77 78 80 81 83 84 86 87 88 89 90 91 92 93 95 96 97 98 99 100
72 59 73 76 77 78 79 81 83 84 85 86 87 88 91 93 94 95 96 98 100
73 66 74 75 78 79 81 82 83 84 85 87 91 93 94 95 97 98 99 100
74 63 75 76 77 79 81 82 83 85 86 87 88 89 90 92 93 94 95 96 98 99 100
75 78 76 78 79 81 84 85 86 87 89 93 94 97 100
76 57 77 80 82 83 84 85 86 87 88 89 90 91 92 94 95 96 98 99
77 97 78 79 80 81 82 83 84 85 86 87 89 91 92 94 95 97 98 99 100
78 77 79 80 81 82 84 85 86 87 88 89 91 93 94 95 96 97 98 99 100
79 86 81 83 84 85 86 87 88 90 91 92 95 96 97 98 99 100
80 57 82 83 86 89 90 92 93 94 96 99 100
81 75 83 86 87 88 90 91 92 93 94 95 96 97 99 100
82 69 83 84 86 87 88 89 90 91 92 93 94 97 100
83 93 84 85 89 90 91 94 95 96 97 98 99 100
84 50 86 87 88 89 91 92 93 95 97 98 99 100
85 63 86 89 90 91 92 94 96 97 100
86 74 89 91 92 93 94 96 97 99 100
87 53 88 89 90 91 93 94 95 96 97 98 99
88 76 89 91 92 94 95 96 97 98 99 100
89 61 90 91 92 93 94 99 100
90 60 91 92 94 95 96 97 98 99 100
91 98 92 94 95 97 99 100
92 66 93 94 96 98 99 100
93 87 94 95 96 97 98 99 100
94 57 96 99
95 52 96 97 98 99 100
96 59 97 98 99
97 86 98 99
98 66 100
99 77 100
100 82
