100
1 22 2 3 4 6 10 16 17 18 19 20 25 26 29 30 31 34 35 38 40 41 42 43 44 45 48 50 51 53 54 57 58 59 60 63 65 66 67 69 72 76 79 80 81 82 83 84 85 88 91 92 93 95 96 97 98 99 100
2 54 3 7 8 10 11 12 13 15 16 19 20 21 22 23 24 25 26 28 29 31 33 34 35 40 41 42 43 45 46 49 50 53 54 55 56 57 58 59 60 62 64 65 66 67 70 71 73 76 78 80 83 85 88 89 94 95 96 97 98 99 100
3 24 5 6 7 8 10 11 13 14 16 17 26 27 28 29 30 31 32 33 34 35 36 37 38 39 41 42 43 44 45 47 52 53 54 60 62 63 68 73 74 75 76 77 81 82 83 84 88 91 92 93 94 96 97 98
4 53 7 8 9 10 11 12 15 16 22 23 24 25 27 28 29 30 32 33 34 35 36 37 38 41 46 47 48 50 52 54 55 57 64 66 68 69 72 73 74 75 77 79 80 83 85 86 87 89 90 97 98 99
5 20 6 7 9 11 15 16 19 20 21 23 26 27 29 30 31 32 33 35 36 38 39 44 45 47 51 53 55 58 61 65 67 72 75 76 78 80 81 83 85 87 89 92 93 94 95 96 98 99
6 45 7 8 9 10 11 12 13 16 19 21 22 24 25 27 29 30 32 33 35 37 38 39 41 43 44 45 46 47 48 49 52 55 57 62 63 64 65 66 67 70 71 72 74 75 77 83 85 86 87 88 89 91 93 94 96 98 99
7 52 10 11 12 14 16 17 18 19 21 22 25 27 28 31 32 35 37 39 44 51 52 56 58 59 60 62 63 64 65 66 67 70 71 72 74 75 76 77 78 80 81 83 85 87 88 89 91 97 100
8 83 9 10 12 14 18 24 27 28 29 30 31 32 33 35 36 37 38 39 40 41 43 45 46 47 48 51 52 54 55 56 58 60 64 65 66 67 68 69 71 72 75 76 77 79 80 84 85 89 90 93 94 95 96 97 99
9 29 11 14 15 18 19 20 22 23 24 25 26 28 29 30 34 36 39 42 44 45 46 47 48 50 51 52 54 55 57 58 61 63 64 65 66 69 70 74 76 78 81 82 83 84 85 87 88 91 92 93 95 96 97 100
10 21 11 12 13 16 17 19 20 21 22 24 25 26 27 29 30 31 32 33 38 41 46 48 49 50 53 54 55 58 59 60 61 62 63 64 67 68 69 72 74 75 76 77 78 79 80 85 88 90 92 93 94 96 97
11 41 13 14 15 16 18 19 20 23 28 30 31 32 34 35 37 38 39 40 42 43 46 48 49 50 51 52 53 55 57 58 60 64 65 66 67 69 70 71 72 77 78 80 81 82 85 86 88 89 90 92 93 95 97 98 100
12 35 13 14 15 17 19 20 21 24 27 28 29 30 32 33 34 36 37 38 40 41 42 43 44 45 46 48 49 50 51 54 55 56 57 58 62 65 69 70 74 76 77 78 79 83 84 86 88 90 91 92 93 95 97 99 100
13 33 14 15 16 17 19 22 25 26 27 28 32 33 34 35 36 37 38 40 42 43 44 45 46 48 49 50 53 54 56 58 60 62 63 64 65 67 68 69 72 74 76 77 78 79 80 81 84 85 86 87 90 91 94 100
14 52 19 20 23 24 25 26 29 31 37 38 40 41 42 45 46 47 48 49 53 54 55 56 57 61 65 67 68 69 70 71 74 75 78 79 80 81 82 83 84 85 86 89 90 93 95 96 100
15 65 16 17 18 19 20 21 23 24 26 27 28 31 33 35 37 38 40 41 45 47 48 52 53 54 55 56 60 62 63 67 73 74 75 76 80 81 83 84 85 86 88 90 91 93 95 96 98 99
16 90 17 18 20 22 23 26 27 28 29 35 37 39 42 43 48 50 51 53 58 60 61 63 67 70 71 72 73 76 78 79 80 81 83 85 86 87 88 89 90 95 96 97
17 20 18 21 22 23 24 25 26 34 35 36 37 39 40 42 44 45 46 47 49 50 51 52 54 55 56 57 58 59 62 65 66 67 72 74 79 80 81 82 83 85 86 88 89 92 93 94 95
18 78 20 21 22 23 24 25 27 28 29 31 34 36 39 42 43 44 46 47 49 50 51 52 54 55 58 59 60 62 64 66 67 68 69 71 72 73 74 75 77 78 80 81 82 83 85 86 87 89 91 93 95 96 97 98 99
19 74 21 23 25 26 31 33 34 35 36 37 38 39 42 43 44 45 47 48 51 53 54 55 57 58 60 63 65 66 67 68 69 70 71 72 74 76 78 79 80 81 82 83 85 86 87 88 89 90 92 94 96 97 98 99
20 70 21 23 24 25 26 28 31 32 34 37 38 39 40 41 43 44 45 46 47 49 53 54 55 56 57 58 61 62 67 69 71 72 73 74 76 78 79 83 84 86 88 90 91 92 95 96 98 99
21 84 23 26 29 31 32 34 35 36 37 40 42 46 51 52 56 57 58 60 62 63 65 66 69 71 72 73 75 76 77 79 80 83 87 88 91 93 94 95 96 97 98 99
22 48 32 35 36 37 38 40 41 46 47 48 49 50 51 52 53 54 56 57 59 60 61 63 67 70 75 77 80 81 84 88 89 93 95 96 97 98
23 53 24 26 27 29 31 35 36 37 38 39 40 42 43 44 45 47 48 49 50 51 52 53 54 56 57 58 59 60 64 66 69 70 72 73 75 78 79 80 82 83 86 87 88 89 90 95 97 100
24 69 25 27 29 30 31 32 35 36 37 39 43 44 45 46 47 49 50 51 54 56 58 59 61 62 63 65 66 68 70 71 72 73 74 78 81 82 83 84 86 90 92 93 94 95 97 98 99 100
25 74 26 27 28 29 31 34 35 36 40 41 44 45 46 48 50 51 52 53 54 55 56 58 62 63 65 68 70 71 74 75 78 82 83 85 86 87 88 91 92 93 96 98 99 100
26 52 29 30 31 32 33 37 38 40 42 43 44 45 46 47 48 49 50 51 53 54 57 58 59 61 62 63 65 68 71 72 73 74 75 76 77 78 79 82 83 84 85 86 87 89 91 94 97 98 99
27 49 28 30 32 34 36 37 38 40 41 43 45 46 48 49 55 56 58 60 61 65 66 67 69 70 71 73 74 76 77 79 80 81 83 84 85 86 88 89 96 97 98 99 100
28 22 29 30 31 32 33 34 39 40 42 43 45 46 49 50 51 52 53 55 57 59 63 64 65 66 68 69 71 72 76 77 78 79 80 81 82 83 84 85 88 89 92 93 94 95 96 97 98 99 100
29 100 31 33 34 37 38 39 40 42 43 44 45 48 49 50 51 58 59 60 62 66 68 70 71 73 74 75 76 78 80 82 83 88 89 90 91 92 93 94 96 97 99 100
30 75 31 32 34 35 37 38 39 41 43 45 47 49 50 54 58 59 61 63 64 65 67 68 69 70 72 75 76 78 80 83 84 85 86 88 89 90 91 93 94 95 96 99 100
31 97 32 33 34 35 36 37 39 40 42 45 46 47 48 49 53 55 57 58 59 60 63 64 65 66 68 70 71 74 75 76 82 84 88 92 93 95 96 97 98 99 100
32 44 33 34 37 39 40 41 45 47 48 50 53 54 55 59 60 64 66 67 68 69 70 71 72 74 76 81 86 87 88 89 90 91 94 96 97 100
33 75 36 38 40 41 43 44 45 46 49 55 57 59 60 61 62 65 66 67 68 71 72 74 75 76 79 80 82 83 85 86 88 91 94 95 96 97 98 99 100
34 36 35 37 38 40 43 44 45 47 48 49 50 51 53 56 58 60 61 64 65 66 67 69 70 72 74 76 78 80 84 85 86 88 89 93 94 95 96 97 98 99
35 47 36 37 38 41 43 44 45 46 48 49 50 51 54 55 56 57 59 60 61 62 63 64 65 66 67 69 70 71 74 75 76 77 79 80 81 82 83 84 86 90 91 96 97 98 100
36 38 37 38 40 41 42 43 44 45 48 49 50 52 53 54 57 59 60 61 62 65 68 72 73 74 76 77 78 79 80 82 84 85 88 92 93 94 97 99
37 23 41 42 43 45 46 47 48 50 51 53 54 55 56 59 60 62 63 65 66 67 68 70 71 72 73 74 75 77 79 81 83 84 85 86 88 91 94 95 96
38 56 39 40 43 44 45 46 47 48 49 53 54 55 57 66 69 70 71 72 73 75 76 77 78 79 80 81 83 84 86 87 88 89 91 93 96 97 98 99
39 47 41 42 43 44 46 47 49 50 51 53 54 58 61 63 64 65 69 70 71 74 77 79 80 82 84 85 86 89 90 92 94 95 97 98
40 83 42 43 44 45 47 48 49 50 51 53 54 56 59 60 62 64 66 69 70 71 73 74 76 77 78 80 81 82 85 90 91 93 94 95 96 97 99 100
41 56 42 43 45 47 51 52 53 54 56 57 58 59 60 61 64 65 68 71 72 73 75 76 77 78 79 80 81 82 83 84 85 86 87 88 89 90 91 92 93 95 96 98 99 100
42 92 43 45 47 49 51 52 54 56 61 63 64 66 67 68 70 71 72 73 74 75 76 79 81 82 83 86 87 89 91 92 93 95 98
43 48 44 46 49 50 51 53 55 58 59 61 62 64 66 67 70 74 76 77 79 80 82 84 85 88 89 90 92 94 95 96 97 98 99
44 91 45 47 48 52 53 56 57 58 60 61 62 63 64 65 67 68 70 71 73 75 76 77 78 82 83 86 87 90 92 95 96 97 100
45 40 49 50 51 52 53 54 55 56 57 58 60 61 63 64 66 70 71 72 74 75 77 78 80 81 82 84 85 86 87 89 93 94 97 98 100
46 87 47 48 49 53 55 58 59 60 62 64 66 68 69 71 73 76 78 81 82 83 84 86 87 89 91 93 94 96 97
47 85 48 49 50 52 53 54 57 58 59 60 62 63 65 67 68 69 73 76 77 78 80 83 87 88 89 90 91 92 93 94 95 96 97 98 99 100
48 82 49 50 51 53 56 57 58 59 63 64 65 68 70 71 72 73 75 76 77 78 80 81 82 83 84 86 88 89 92 93 94 95 96 97 98 99 100
49 63 51 52 53 54 55 56 57 62 64 66 67 68 70 71 74 75 76 79 80 81 82 89 90 91 93 95 96 97 99
50 90 51 54 55 56 57 61 63 65 68 69 70 71 72 74 75 76 78 80 81 83 84 90 91 92 94 96 97 98 100
51 89 54 56 57 58 59 60 61 62 64 65 70 71 73 74 77 78 79 82 85 86 87 89 90 92 93 94 95 97 99 100
52 67 53 54 55 57 58 59 62 63 64 65 68 69 71 72 73 74 76 77 78 80 81 82 86 87 88 89 90 91 93 95 96 97 98 100
53 81 54 55 56 59 60 61 62 63 64 65 66 67 69 73 74 79 80 82 83 85 87 88 89 95 97 98 99 100
54 61 56 57 58 59 60 61 62 65 67 73 75 76 77 79 80 82 84 85 87 89 93 94 95 97 99
55 84 57 58 61 62 65 66 67 68 70 74 77 80 81 82 83 85 86 89 90 91 92 93 95 96 98 100
56 67 58 61 62 63 64 65 68 69 74 76 78 80 81 83 84 85 86 87 88 90 91 93 96 97 98 99
57 30 58 59 61 64 65 66 68 70 71 73 74 75 76 83 84 86 89 90 91 92 95 96
58 84 59 60 61 63 64 66 67 68 69 70 72 73 74 75 77 79 80 81 82 86 87 89 90 94 96 97 98 99
59 35 60 61 62 64 66 67 68 69 70 71 73 74 77 78 79 80 81 82 83 85 88 90 93 94 97 99 100
60 61 62 66 67 68 69 73 75 79 80 81 84 85 86 89 90 91 93 98 99 100
61 72 63 64 65 66 67 68 69 70 73 76 80 82 83 87 88 89 90 91 92 93 95 97 98 100
62 70 63 66 67 68 69 72 74 79 80 81 84 87 88 89 90 92 93 97 100
63 21 65 67 69 70 71 73 76 78 80 81 82 83 84 86 87 88 89 90 92 93 95 98 99 100
64 79 65 66 67 68 70 72 73 74 75 76 78 80 81 83 85 86 87 88 89 90 91 92 93 95 96 97 98 99
65 73 68 69 70 71 72 73 74 75 76 77 78 79 82 85 87 89 91 92 94 95 97 99 100
66 86 67 68 69 70 71 72 73 74 75 76 79 80 82 84 85 86 87 88 89 90 91 92 97 99
67 81 69 70 73 74 76 78 81 83 84 86 87 88 89 90 92 94 97 98 99 100
68 75 71 73 74 78 80 82 83 86 87 89 91 94 95 97 99 100
69 20 70 71 73 74 75 76 79 80 81 82 84 85 86 88 89 90 92 93 94 95 98 99 100
70 42 71 72 74 75 76 78 79 80 82 84 85 86 87 88 90 91 93 94 95 99 100
71 89 72 75 78 80 82 83 84 86 90 91 94 95 97 98
72 97 74 77 78 80 81 83 84 85 86 87 89 90 91 92 95 96 98 99
73 52 74 75 79 81 86 87 89 90 91 92 94 95 96 97 98 99 100
74 60 78 79 82 83 84 86 88 92 93 95 96 97 98
75 55 76 77 82 83 85 87 89 90 91 92 94 95 96 97 98
76 93 79 82 83 84 85 86 89 90 91 92 93 98
77 39 79 80 83 84 85 86 87 88 89 91 92 93 95 97 98
78 83 79 80 81 84 86 87 89 90 91 92 93 95 96 98 99 100
79 79 81 83 84 87 89 90 91 92 93 94 95 96 97 99
80 96 81 82 86 89 90 92 93 94 95 96 97 100
81 55 82 83 84 85 86 87 89 92 93 95 96 98
82 44 85 86 88 91 92 93 94 96 98 99
83 22 84 85 87 88 90 91 92 94 95 96 100
84 43 86 87 88 90 91 94 95 97 98 99 100
85 59 86 88 90 91 94 95 97 98 99
86 57 88 89 90 91 93 94 95 96 97 98
87 73 88 90 92 93 94 95 97 98 99 100
88 74 91 92 94 95 96 97 99
89 60 90 92 93 95 98
90 75 91 92 93 94 96 97 98 99 100
91 90 92 94 95 96 97 98 99
92 52 93 94 100
93 27 95 97 98 100
94 24 96 98 100
95 97 96 97 99 100
96 56 97 100
97 31 98 99
98 94 99
99 71 100
100 25
