100
1 32 2 3 4 5 7 10 11 12 14 16 17 18 21 22 23 25 27 31 32 34 35 37 39 40 43 44 46 48 49 50 51 52 53 54 56 57 58 61 62 63 64 65 68 69 70 72 73 74 75 77 78 80 82 84 85 89 90 95 97 99 100
2 43 4 6 7 8 10 11 12 13 14 16 21 22 25 26 27 28 29 32 33 35 37 38 43 44 51 52 53 54 55 57 60 62 64 66 67 69 72 74 75 76 77 78 81 82 83 85 86 87 90 91 92 93 95 98
3 34 4 6 8 9 10 12 13 15 17 18 21 22 23 24 26 28 29 34 36 37 38 41 42 44 45 46 48 49 50 51 53 55 56 58 64 65 66 68 70 73 75 76 77 80 82 83 85 86 88 89 91 92 93 95 96 97 98 99 100
4 78 5 6 7 8 9 10 12 14 16 18 19 20 23 25 28 30 31 34 35 36 37 40 41 42 43 45 46 47 48 49 50 55 56 58 60 61 62 64 65 70 71 75 76 77 79 80 83 85 87 90 91 92 93 96 98 100
5 66 6 7 10 11 15 16 18 21 23 24 27 28 29 30 31 33 34 36 37 39 40 41 42 45 46 48 50 51 53 54 55 58 61 62 63 64 65 66 70 73 75 77 84 86 88 89 90 94 95 97 98 99 100
6 73 7 9 11 12 13 15 16 18 19 20 22 24 25 26 27 30 31 33 35 36 37 38 41 44 45 46 47 48 49 54 55 56 59 62 64 67 68 69 70 71 72 73 74 75 76 77 78 79 80 82 84 85 88 90 92 94 95 96 97 100
7 99 8 12 15 16 17 19 20 24 26 27 28 30 31 35 36 37 39 41 42 43 44 46 47 48 52 54 55 56 59 61 64 65 66 67 72 73 74 75 76 80 82 84 89 91 93 94 95 96 97 98 99
8 51 9 10 11 15 16 17 18 20 21 22 23 24 25 27 28 29 30 31 32 35 38 40 42 43 47 50 53 54 58 59 60 61 62 64 65 67 68 70 71 72 73 74 75 76 79 81 83 84 85 87 88 90 91 92 94 97 98 99
9 32 10 11 12 13 14 15 17 18 19 20 21 23 24 26 27 29 32 33 34 35 37 39 41 42 43 44 45 46 47 48 49 51 54 57 58 59 60 61 63 65 66 69 70 72 73 74 76 77 78 79 80 81 82 83 86 88 92 93 94 95 96 99
10 27 11 14 15 16 19 21 22 24 25 29 30 32 33 34 35 36 38 39 41 42 43 45 46 48 49 55 56 58 64 66 67 70 73 76 77 79 80 83 87 89 90 92 93 95 96 98 99 100
11 51 12 14 16 17 20 21 24 25 26 27 29 30 32 33 34 39 40 41 42 44 45 46 47 48 49 51 52 53 56 59 60 62 65 66 67 69 70 71 74 76 77 80 81 82 83 86 90 91 92 93 94 95 99
12 35 14 15 17 19 20 21 22 23 24 26 27 28 29 30 33 35 37 38 39 43 44 45 46 50 54 56 58 60 61 63 64 66 67 70 71 72 75 77 79 80 83 84 86 87 88 89 91 92 93 95 96 97 98 99 100
13 30 15 16 17 18 20 21 22 23 24 25 26 27 29 30 31 32 33 34 35 36 37 39 40 42 43 46 48 50 51 54 57 58 59 60 61 63 64 66 68 69 73 74 75 79 81 86 87 88 89 90 94 97 98 99
14 65 16 17 18 19 20 21 22 23 24 25 28 29 32 33 35 36 37 38 39 44 45 46 47 50 51 53 55 58 59 62 63 64 65 66 70 71 72 74 75 76 80 81 82 83 84 85 86 89 90 91 92 93 94 95 96 100
15 26 17 18 20 23 24 25 27 29 30 31 33 34 36 37 38 39 41 43 44 48 49 50 51 52 54 55 56 57 59 60 61 62 63 64 65 66 69 70 71 73 76 77 78 79 80 83 86 88 90 93 94 95 97 98 99 100
16 94 18 19 20 22 23 24 25 27 28 29 30 32 33 35 36 40 43 44 45 47 48 49 50 51 52 54 55 56 58 61 62 64 65 66 70 72 73 76 79 80 81 82 83 84 85 88 89 90 91 94 97 98 99 100
17 43 20 24 25 26 28 29 30 32 33 35 36 37 41 42 46 47 50 52 55 57 58 59 60 61 62 64 65 69 70 71 75 76 78 79 81 83 84 85 87 90 92 94 97 98 100
18 84 21 22 23 24 27 28 29 32 33 34 36 37 38 40 42 43 44 46 48 50 51 53 54 55 61 62 63 64 65 67 68 70 71 72 74 75 76 78 81 83 85 86 87 88 91 92 93 94 98
19 25 20 23 24 26 29 30 31 32 34 36 37 39 40 41 44 48 49 51 52 53 56 57 59 61 63 66 67 69 70 71 73 75 76 78 82 84 86 89 90 94 96 98 99 100
20 46 21 22 23 24 25 26 27 29 31 33 34 35 37 38 39 40 42 43 44 48 49 50 52 54 55 56 57 58 59 61 62 63 64 65 66 67 68 70 73 74 75 76 77 79 85 87 88 89 90 92 94 95 97 98 99 100
21 57 25 26 27 28 29 32 33 35 38 41 42 44 45 46 47 48 49 50 51 54 55 56 57 58 60 61 63 64 65 66 67 69 70 71 75 76 77 79 81 82 84 85 88 91 92 93 94 97 100
22 55 23 24 25 26 27 28 29 31 33 34 36 38 39 40 41 43 44 45 46 49 50 52 53 55 58 59 60 62 64 65 66 68 70 73 74 75 76 78 79 80 81 82 83 86 90 91 93 94 95 98 99
23 59 26 27 28 30 34 35 36 38 39 40 45 46 47 48 50 51 52 56 57 61 62 63 64 66 68 69 70 71 73 74 75 77 78 79 80 81 82 83 84 86 88 90 93 94 95 98 99 100
24 58 25 28 31 32 33 36 37 38 39 40 42 43 44 45 46 47 48 49 50 51 52 55 56 57 58 61 64 65 66 67 70 71 75 76 77 84 88 93 95 96 97 98 99
25 76 26 29 32 33 34 35 37 38 39 40 41 43 44 47 48 51 52 53 54 55 57 59 60 61 63 66 67 69 70 71 72 73 74 75 77 78 79 80 81 82 83 84 85 87 88 89 90 91 92 93 94 95 99
26 40 28 29 30 31 33 38 40 45 46 48 52 53 54 56 59 60 63 65 66 67 68 70 71 72 74 75 77 80 81 82 83 85 86 87 88 89 91 93 95 97 99
27 96 29 31 32 33 35 36 38 40 41 42 43 44 45 48 50 51 52 56 57 59 61 62 66 67 68 69 70 73 75 76 77 78 80 81 87 89 90 91 92 94 95 98 99 100
28 31 30 31 33 35 38 40 42 44 46 47 48 49 51 52 54 56 57 58 59 60 62 63 64 65 66 68 70 71 72 73 74 75 76 79 80 81 82 83 84 85 86 87 88 89 91 92 94 98 99 100
29 28 30 33 34 35 36 38 39 40 41 42 47 48 49 50 51 52 53 54 55 57 58 60 62 64 65 67 69 71 76 77 78 79 80 82 83 87 90 95 96 97 99
30 22 31 32 39 42 47 48 52 55 56 57 59 62 63 64 65 67 70 73 74 75 76 77 78 79 80 84 85 86 88 91 93 94 95 96 98 100
31 26 33 34 35 37 39 40 41 43 45 46 48 49 52 53 56 57 58 59 60 61 62 63 64 65 69 70 71 73 74 75 77 79 80 82 86 87 89 90 91 92 93 95 97 98 99
32 24 34 35 38 39 41 46 47 48 53 56 57 59 60 64 65 67 68 69 72 73 74 76 77 78 79 80 82 84 86 88 89 96
33 41 36 37 38 41 42 45 48 50 52 53 54 55 56 57 58 61 63 70 74 75 76 77 79 80 81 84 85 86 88 89 91 92 93 94 96 98 100
34 31 36 37 40 42 46 47 48 49 51 53 55 58 59 60 61 64 65 66 67 68 69 71 73 76 78 80 81 84 85 86 87 89 92 93 94 95 96 97 99 100
35 91 36 37 39 40 41 44 47 48 49 50 51 53 54 56 58 60 61 62 63 65 67 68 69 70 71 78 80 84 85 87 90 93 94 95 97 98
36 46 37 38 41 42 45 47 48 50 51 53 54 55 56 59 60 62 63 64 66 67 70 71 73 75 76 78 79 82 83 85 86 87 90 93 96 99 100
37 32 39 40 41 42 43 46 50 51 52 53 54 56 57 58 59 60 61 63 65 66 68 69 70 74 76 77 78 81 82 83 84 86 89 93 94 97 98
38 49 39 40 41 42 43 44 45 46 47 51 55 56 57 60 61 63 64 67 68 70 72 73 75 76 77 78 79 80 83 84 85 86 87 88 90 92 94 95 99 100
39 59 40 41 43 44 47 49 51 53 54 55 57 58 59 61 62 66 67 68 69 70 72 75 76 77 78 79 81 82 84 86 87 88 89 90 91 93 94 96
40 77 41 42 43 45 46 48 51 52 53 54 56 57 58 60 61 68 69 72 73 74 75 76 80 81 82 83 85 87 89 90 91 92 94 95 98 100
41 48 42 43 44 46 47 48 49 50 51 55 60 61 63 64 65 70 71 72 75 76 78 79 80 84 85 86 87 88 89 90 93 94 95 96 97 100
42 89 46 48 49 50 51 52 55 56 57 59 60 61 66 68 70 74 75 76 77 79 80 81 82 83 84 85 86 88 92 93 96 98 99 100
43 39 45 47 48 50 51 52 54 57 59 61 62 64 67 68 69 72 73 75 76 77 79 82 83 85 86 88 89 93 94 95 96 99
44 32 47 51 53 54 55 56 57 58 60 61 62 63 66 67 69 72 73 74 75 76 77 79 80 81 83 84 85 86 88 89 92 93 94 95
45 71 47 48 51 54 56 60 61 62 64 68 69 70 71 74 77 78 79 82 83 84 86 87 88 89 90 91 92 93 94 95 97 99
46 20 49 51 52 54 55 59 60 63 64 65 67 69 70 71 72 73 74 75 79 82 83 84 87 89 92 93 94 95 96 97 98
47 52 48 49 50 51 52 54 55 60 61 62 64 65 66 67 68 69 70 72 73 74 78 80 81 83 90 93 94 96 97 98 99 100
48 40 52 54 57 59 61 63 64 65 66 67 69 70 71 72 74 75 76 77 78 80 82 83 84 85 88 89 90 91 92 93 97 98 99 100
49 72 50 51 52 53 57 58 59 62 64 66 67 69 70 72 73 75 76 77 80 81 82 83 86 87 89 90 91 93 94 95 97 98 99 100
50 20 51 52 53 54 56 59 61 63 64 65 66 68 69 70 71 72 74 75 76 77 79 80 81 82 83 84 86 88 89 90 92 94 95 96 97 100
51 52 54 56 57 58 59 60 61 62 64 65 66 70 74 75 76 77 79 80 82 85 86 87 88 89 90 91 92 93 95 99 100
52 20 54 55 58 59 61 63 65 66 67 70 72 75 76 77 78 82 83 84 87 88 89 90 92 93 94 95 96 97 99 100
53 86 56 57 58 59 60 63 64 65 66 67 69 71 72 73 74 75 77 78 79 81 83 84 87 88 91 96 98
54 85 56 57 58 59 60 62 63 64 66 67 70 71 72 73 75 76 77 80 81 85 87 89 90 97 98 99
55 35 57 58 59 60 61 63 65 66 68 70 73 74 75 76 78 79 80 81 83 84 85 86 88 92 93 95 96 99 100
56 70 57 58 60 61 62 64 66 67 68 69 71 72 76 77 78 81 84 85 86 88 89 90 91 92 94 95 97 98
57 26 59 61 62 63 64 65 66 69 70 71 73 75 76 78 79 80 81 82 85 86 87 88 89 90 93 94 95 96 98 99 100
58 59 62 63 64 65 67 68 69 70 71 72 74 76 77 81 84 85 86 88 89 90 93 95 96 97 99
59 49 60 61 63 65 66 67 68 70 73 75 80 81 82 85 86 88 89 92 93 95 96 97 98 99
60 66 62 63 66 71 72 75 76 77 78 79 81 83 84 86 87 88 90 92 93 95 97 98 99 100
61 80 62 63 64 66 68 71 72 73 79 80 81 82 83 84 86 87 88 91 92 93 94 95 96 97 98 100
62 51 65 67 68 70 72 73 75 76 78 80 83 84 86 87 91 92 93 94 95 99
63 69 64 65 67 68 69 70 71 72 74 75 76 77 78 80 81 83 84 85 87 88 89 94 95 96 97 99 100
64 88 65 66 67 68 69 70 73 76 81 82 84 85 87 89 92 94 96 97 98 99
65 95 66 67 70 73 74 75 76 79 80 81 82 83 84 85 86 87 88 93 94 98 99 100
66 47 67 68 69 72 73 76 77 78 81 82 83 86 90 94 95 96
67 57 68 70 72 73 75 76 77 80 83 84 87 89 92 93 95 96 97 98 99 100
68 65 69 70 71 72 73 74 75 79 81 84 86 87 92 94 97 98 100
69 95 70 71 72 73 75 76 78 79 81 84 86 89 90 91 93 96 98 100
70 37 71 73 75 76 77 81 82 84 87 88 89 91 93 94 95 96 97 100
71 61 74 76 78 85 86 87 88 89 92 95 97 98 100
72 73 75 77 78 79 80 82 83 84 85 88 89 91 92 93 94 95 96 97
73 22 74 75 76 77 78 81 82 83 85 86 87 89 90 92 93 95 96 97 99 100
74 25 75 76 79 80 82 83 84 86 89 90 91 93 94 95 97
75 41 77 78 80 81 82 85 86 88 89 94 97 98 99 100
76 36 77 78 79 80 85 86 87 88 89 90 91 92 98 100
77 24 80 83 85 86 90 91 93 94 98 99
78 39 79 80 82 83 85 86 87 89 91 94 95 97 98
79 88 80 81 83 87 88 89 90 91 92 94 95 96 98 99 100
80 77 81 82 85 86 87 89 90 91 92 94 96 97 98 100
81 28 82 83 85 87 88 89 90 91 92 94 95 96 97 98 100
82 69 83 84 85 86 87 88 89 92 93 100
83 64 86 87 91 94 96 97 98 100
84 35 85 86 87 88 91 92 93 94 95 96 97 98 99
85 93 86 88 89 91 92 94 98 99 100
86 42 87 89 90 91 92 93 94 95 97 98
87 73 89 90 91 92 94 95 96 97 98 99 100
88 49 89 91 92 93 95 96 98 99 100
89 35 91 95 96 97 99
90 24 92 93 95 96 97
91 50 92 93 94 95 96 97
92 54 94 95 96 97 98 99 100
93 51 94 95 96 98 100
94 93 95 99
95 45 96 97 98 99 100
96 42 97 98 99
97 42 98 100
98 85 99 100
99 53 100
100 40
