100
1 46 4 35 46 74 85 95
2 98 6 8 17 21 31 40 51 57 64 80 87 95 99
3 92 15 36 39 46 48 58 74 83 87
4 44 22 34 38 49 58 90 98
5 87 26 30 79 85
6 94 17 41 44 61 67 77 81 82 84 87 99
7 16 9 10 13 21 22 28 31 72 84 92
8 31 10 27 40 46 49 52 60 63 82 90 96 98
9 68 12 17 25 29 58 67 79
10 88 17 34 49 51 52 65
11 45 20 29 33 34 66 76
12 43 21 26 69 71 79 80 87 98
13 23 23 25 40 58 70 72 77 80 94 95
14 76 29 38 47 50 64 78 86 90
15 43 24 26 28 30 36 37 49 50 65 75 77 80 90 98
16 97 21 24 30 32 39 44 64 72 92 99
17 45 28 54 60 62 94
18 5 29 35 48 49 60 69 86 97
19 54 25 66 83 87 92
20 31 26 31 35 43 69 73 74 78
21 34 29 34 38 39 42 46 48 63 87 89
22 71 23 45 55 60 66 80 82
23 41 36 43 50 69 78 90 94
24 78 37 42 46 50 57 61 68 69 74 84 93
25 92 46 61 64 70 71 82 83 92 96 97
26 13 37 44 47 51 58 77 78 84
27 91 33 35 52 58 77 79 88 95
28 94 33 41 45 50 96 100
29 56 40 58 61 68 87
30 80 35 59 63 84
31 53 33 39 42 44 46 52 57 59 63 72 86 92 97
32 8 41 68 79 90
33 42 39 47 61 70 75
34 44 37 53 70 75 79 80 82 100
35 91 41 42 65 68 87 89 98
36 40 40 43 44 56 62 69 71 84 85
37 22 43 55 59 61 69 79
38 40 40 42 56 61 95
39 83 55 67 70 76 77 85
40 46 56 58 70 80 86 88 95
41 97 52 53 59 64 65 68 72 78
42 19 57 61 68 69 74 88 97 98
43 76 67 71 74 75 92 97
44 29 56 61 77 79 86 97
45 71 57 95 98
46 75 73 75 76 100
47 23 53 68 70 90
48 93 49 69 76 88
49 8 52 59 62 70 73 76 81 88 89 96
50 43 66 78 79 80 83 96
51 93 52 94 96 99
52 65 59 73 74 92
53 76 62 69 94 96
54 23 64 71 74 99
55 3 64 69 76 78 83 87 99
56 63 57 59 74 86 93
57 50 70 71 87 88 90 93
58 46 62 69 70 72 76 89 93
59 58 66 73 80 86 94 100
60 46 69 82 89 95
61 83 80
62 9 74 83 87 91
63 38 65 76 86 88 95 96
64 12 69 72 80 84 86 98
65 22 73
66 7 100
67 23 84
68 83 73 75 80 82 89 93 95 100
69 66 74
70 97 96 98
71 1 72 73
72 45 89 100
73 56 86 98
74 17 92
75 46
76 80 83 85
77 87 80 82 98 99
78 90
79 2 81 92
80 66 85 89 93 95
81 33 100
82 29 92 94 97
83 79 87
84 69 91 95
85 76 87 92 95 99
86 4 95 98
87 78 94 96
88 7 94 96
89 22 93
90 50
91 65
92 20
93 18
94 97
95 2 98
96 11
97 23
98 6
99 54
100 3
