100
1 65 6 18 26 27 36 41 65 86 99
2 95 28 31 34 43 57 65 75 78 82 85 89 94
3 81 5 12 18 19 20 49 50 54 67 76
4 76 5 9 16 89
5 86 27 39 44 50 54 58 72 86 91 93 95 97
6 76 9 36 55 56 71 81 86 91
7 88 15 27 30 32 34 44 64 74 76 88
8 89 20 28 40 90 94
9 64 26 43 44 49 57 61 80 88 92 94 95
10 77 17 32 45 47 49 50 66 72
11 74 12 17 41 66 70 72 73 76 86
12 57 18 20 41 44 45 51 52 67 74 86 90
13 59 19 36 42 56 75 80 83 87 93 99
14 78 26 27 39 42 57 60 61 65 79 82 84
15 68 17 38 45 46 59 63 66 75 80 90 95 98
16 90 26 28 35 42 44 70 72 74 76 80 83 87 88
17 90 24 47 48 52 67 69 75 77 80 98
18 88 22 23 28 33 47 49 71 83 87
19 99 23 25 32 38 43 47 49 50 54 76 82 99
20 69 28 30 45 48 51 65 74 81 94
21 83 29 36 41 45 46 51 52 53 67 70 77 83 84
22 51 36 43 46 51 54 55 64 74 76 88 95 96
23 70 35 59 72 86 87
24 90 43 53 60 67 68 77 80 81 94 95
25 87 28 37 49 80 91
26 58 28 34 35 53 60 75 77 89 90 93 100
27 91 53 68 86 90 92 98
28 80 46 51 58 64 66 79 83 86 95
29 55 46 67 69 83
30 62 36 38 58 70 94
31 67 33 44 71 85 88
32 75 33 34 56 85 90 91 95 100
33 77 49 65 76 80 86 87 96
34 85 48 63 65 74 90 96
35 62 43 54 77 78 79 87 88 91
36 91 40 42 46 67 87 93 98
37 72 72 77 78 86 91 92 98 99 100
38 96 62 64 75 89
39 96 50 54 57 76
40 96 50 51 61 62 64 83 84 89
41 70 62 84 88 91 100
42 61 46 84 86 87 96
43 65 47 58 61 62 66 74 90 95
44 86 63 68 70 81 85 97
45 55 50 65 79 91 93
46 52 50 76 78 93 95
47 77 49 59 70 78 81 82 86 88 90
48 62 56 59 67 77 87 88
49 74 53 55 57 63 79 85
50 90 71 80 84 86 97 99 100
51 65 52 54 58 61 62 68 70 74 81 83 97 99
52 67 80 93 94
53 51 65 66 100
54 79 62 74 76 96
55 87 60 84 87 97
56 72 60 73 74 79 87 90
57 67 59 60 65 69 72 73 81
58 68 71 77 80 88 98
59 66 83
60 77 70 75 79 95 100
61 75 64 100
62 66 66 72 76 82 96
63 88 64 66 68 74 81 97
64 69 67 97 99
65 74 71 72 86 90
66 63 97
67 97 70 74 81 92
68 92
69 65 71 72 73 78 81 100
70 92 90 93
71 67 79 89
72 80
73 98 89
74 65 96 100
75 97 77 97 99 100
76 54 83 91 98 100
77 95 84 86
78 88
79 78 80 81 84
80 88 91 97
81 55 94
82 71 86 89
83 68 86 87
84 85 85 91 94 95
85 85 86
86 94 87
87 93
88 82
89 78 97
90 50 94
91 74
92 70 99
93 82
94 81
95 53 99
96 90
97 55
98 96
99 100
100 95
