100
1 54 2 3 4 6 9 10 11 12 13 15 17 20 21 22 23 24 26 27 30 31 32 33 34 35 36 38 41 43 45 46 47 48 49 52 53 55 56 61 62 63 65 66 68 71 72 73 74 75 76 77 80 81 84 85 87 88 89 90 91 93 94 95 96 97 100
2 18 3 4 5 7 8 9 11 12 13 15 19 22 23 24 25 27 28 30 31 32 34 35 36 37 38 40 41 43 44 45 47 49 50 51 53 55 56 57 58 59 61 62 64 65 67 68 70 74 76 77 80 82 83 86 89 92 93 95 96 97 98 99 100
3 62 4 5 7 9 11 13 15 16 17 18 19 21 22 24 26 27 30 33 36 38 40 42 44 45 46 47 50 51 52 53 57 58 59 60 61 62 63 64 65 66 73 74 75 76 78 79 82 84 85 87 88 89 91 92 93 94 96
4 81 5 6 8 9 13 14 17 21 22 24 25 30 31 32 34 37 39 40 41 42 43 44 45 46 47 49 50 51 52 55 60 61 62 65 67 70 73 74 75 77 78 79 80 81 84 85 86 87 88 89 93 94 95 96 97 100
5 41 6 7 8 9 10 12 13 14 15 19 20 21 23 25 27 28 30 31 33 34 35 37 39 44 45 48 50 51 52 53 54 58 59 60 62 63 64 65 67 70 71 74 75 76 77 78 79 81 82 83 84 86 87 88 90 92 93 94 95 96 97 98 99
6 41 7 8 11 12 13 15 16 17 18 19 21 22 23 24 27 29 30 33 35 36 37 39 42 43 44 45 46 47 48 53 55 56 58 59 61 62 63 64 65 69 70 71 72 74 75 76 77 78 79 81 83 85 86 87 88 89 90 91 92 93 95 96 97 99 100
7 62 9 11 12 13 14 17 18 24 26 27 28 30 31 32 33 34 36 37 38 39 40 41 43 44 45 46 47 52 53 54 55 56 57 60 61 62 63 64 65 67 68 69 70 71 72 73 75 76 77 83 85 87 88 89 92 94 95 97 99 100
8 7 9 14 19 21 23 24 25 27 28 29 34 35 36 37 38 42 43 44 45 47 50 52 54 55 56 57 58 60 61 64 65 66 67 68 69 73 75 76 78 79 80 82 83 87 88 89 90 92 94 96 98 99 100
9 71 11 13 14 15 16 18 19 20 23 24 25 30 32 33 34 36 37 39 40 44 45 46 47 48 50 52 53 54 56 57 58 60 61 63 66 68 70 71 73 74 75 77 78 80 84 85 93 97 98 99 100
10 49 11 12 13 14 15 16 18 19 24 25 26 27 30 32 33 35 36 38 39 40 41 42 43 44 46 47 51 52 53 54 56 58 59 60 63 67 68 69 70 71 73 74 76 77 78 80 81 82 83 84 85 87 89 90 91 92 94 100
11 65 13 15 16 17 18 19 21 22 23 25 26 27 28 29 30 33 34 37 38 39 40 41 43 45 47 48 50 52 55 56 57 58 66 67 68 72 73 75 77 78 79 80 82 85 87 89 90 91 93 95 96 98 99
12 44 15 16 17 18 19 20 21 22 27 29 31 32 33 34 35 36 37 38 39 42 46 47 48 49 50 51 52 53 54 55 56 57 58 59 60 64 66 67 74 76 77 78 81 82 84 85 87 88 90 92 93 94 95 97 98 99 100
13 45 15 16 17 19 24 28 29 31 34 35 40 41 42 44 46 48 49 52 53 55 56 57 58 59 61 62 64 65 67 68 69 70 72 73 74 75 76 79 80 81 82 84 86 88 89 90 91 92 93 94 95 96 99 100
14 11 17 18 20 22 23 24 28 29 30 32 35 36 38 39 40 41 42 45 46 48 51 52 53 54 56 57 58 59 60 62 64 66 67 68 71 74 75 76 78 79 85 86 87 88 94 96 97 99 100
15 5 16 18 19 20 21 22 23 26 28 30 31 32 34 37 38 39 40 45 47 48 54 55 56 57 58 59 60 63 66 68 69 71 72 73 75 77 78 81 85 86 87 89 90 91 92 93 96 98 100
16 13 17 20 21 22 24 26 27 28 29 30 31 32 33 34 35 36 37 39 41 42 43 44 46 48 49 50 51 52 55 56 57 58 59 61 63 64 65 66 68 69 71 72 73 75 80 85 87 88 89 90 91 92 94 96
17 68 23 26 28 29 31 33 34 37 41 42 44 46 47 49 50 51 55 58 59 61 62 63 64 65 66 67 68 69 70 71 73 74 75 76 78 80 81 82 84 88 90 91 92 93 94 95 96 97 98 100
18 62 19 20 21 22 23 24 26 27 31 32 33 36 37 38 39 41 43 44 45 46 48 49 51 52 53 54 55 56 57 60 61 63 68 69 70 71 74 75 76 78 80 81 82 83 84 85 86 89 90 91 94 95 96 98 99 100
19 71 20 21 22 23 24 26 30 31 32 33 35 37 38 39 41 42 43 44 45 48 50 53 54 57 59 61 62 64 65 66 67 68 69 70 71 74 75 76 79 80 81 85 87 88 89 91 97 99
20 18 21 22 25 27 28 29 30 31 32 33 34 35 36 38 39 40 44 47 48 49 50 53 54 55 56 58 59 61 64 69 71 73 74 76 77 78 79 80 81 85 86 87 89 90 92 93 94 96 98 99
21 75 22 23 25 26 27 29 30 31 33 34 35 36 37 38 39 40 44 45 46 48 50 52 55 56 58 59 60 62 63 64 67 68 69 70 71 73 76 78 79 80 81 82 83 85 86 88 90 92 93 95 96 97 99 100
22 94 23 24 28 29 33 34 36 40 42 44 45 46 47 48 49 53 54 55 57 58 59 60 63 64 65 67 69 72 73 74 75 76 79 81 82 83 84 85 90 91 92 96 98
23 48 26 27 29 30 31 32 33 36 39 40 41 42 43 46 47 48 49 50 51 53 55 56 57 58 59 64 65 67 69 70 73 74 76 77 78 82 84 85 86 87 90 92 94 96 97 98 99 100
24 64 26 27 28 29 30 31 32 34 35 36 37 38 41 42 43 46 48 49 51 53 57 60 61 62 63 65 66 67 68 69 70 71 73 76 77 78 79 80 81 82 85 86 87 89 90 91 96 97 98 99
25 4 29 30 32 34 37 39 41 43 49 52 53 54 57 59 62 64 65 66 69 70 72 74 75 79 80 81 82 83 84 85 86 88 92 93 94 96 99 100
26 99 28 31 32 40 44 45 49 50 51 52 58 61 62 64 65 66 68 69 72 76 77 78 79 80 82 83 84 85 87 89 90 93 96 100
27 100 34 36 37 38 39 40 41 42 43 44 45 46 47 49 50 51 52 55 56 58 60 62 63 64 66 67 68 69 71 72 73 74 75 76 77 78 81 82 83 85 87 88 89 90 93 94 95 96 99
28 96 29 30 31 33 34 37 39 40 41 43 44 45 46 47 48 49 51 54 55 57 58 59 60 61 63 64 66 67 68 73 74 75 76 77 78 80 82 86 87 91 92 95 98 99
29 76 31 32 35 36 38 39 42 46 47 48 49 50 52 53 54 58 59 63 64 65 70 71 73 77 78 79 80 81 82 83 85 87 88 89 93 96 97 99
30 80 31 32 33 34 35 37 38 40 41 42 43 45 46 47 48 50 51 52 53 54 55 56 58 63 64 66 67 68 69 71 72 74 76 79 84 85 86 87 89 90 91 92 94 95 96 97 98 100
31 50 33 35 36 37 38 39 40 43 44 45 47 48 49 52 53 56 57 58 60 61 62 64 65 67 69 70 71 72 75 77 78 82 84 85 90 94 96 99 100
32 99 33 34 37 38 39 41 42 43 44 45 46 47 48 49 50 51 52 53 54 55 56 58 61 63 65 67 68 69 70 72 73 76 78 79 80 81 82 83 84 86 87 88 90 91 92 93 94 96 97 100
33 17 34 35 36 37 39 40 41 43 45 48 51 52 53 55 56 57 60 64 65 66 68 70 73 74 75 78 80 81 82 83 84 86 87 91 92 94 95 96 97 100
34 72 35 36 37 40 41 42 43 44 48 49 51 54 55 57 60 61 64 67 68 69 70 71 73 74 75 77 78 79 81 82 84 86 87 88 89 91 92 93 94 96 97 98 99
35 25 36 40 41 42 43 44 45 46 47 51 54 60 61 65 66 68 69 70 71 73 74 75 76 77 78 80 81 82 83 85 86 88 90 91 97
36 38 37 40 41 42 44 45 49 50 51 53 54 56 57 60 62 63 65 66 67 70 71 72 74 76 77 78 79 80 81 84 87 89 90 91 92 93 96 97 99
37 54 38 39 41 44 48 49 50 51 52 53 54 56 59 61 63 65 69 70 71 73 74 75 76 77 78 79 82 84 88 89 90 91 92 93 94 97 98 99 100
38 88 41 44 45 47 51 52 53 56 57 59 60 61 65 66 67 68 69 73 75 76 77 85 87 88 89 91 92 95 96 98 99
39 43 43 44 47 48 49 51 52 56 57 58 60 62 63 64 65 66 67 69 70 71 74 75 78 79 80 82 83 84 85 86 88 90 93 94 95 96 97 98 100
40 48 41 42 43 44 53 55 56 59 60 63 64 65 67 68 69 70 71 72 75 76 77 78 81 82 84 85 87 90 93 95 96 97 98
41 41 42 45 46 47 48 50 51 55 58 59 60 62 64 67 73 74 77 78 79 80 81 82 83 84 86 89 90 91 92 93 95 97 99 100
42 24 46 48 49 50 54 56 57 62 63 64 65 66 67 68 69 73 75 78 79 81 82 84 85 86 88 92 95 98 99
43 92 45 48 49 50 52 55 57 58 59 60 62 63 64 65 66 69 71 72 73 76 77 78 79 80 81 82 83 85 87 88 89 91 92 93 94 95 96 97 98 100
44 83 49 50 52 53 54 56 57 58 62 64 65 66 67 69 73 76 78 79 80 81 82 83 84 85 86 88 92 93 95 98 99 100
45 45 48 50 57 58 60 62 66 67 68 69 70 71 72 75 76 77 78 79 82 84 85 86 88 90 92 93 94 95 96 98 99
46 55 49 51 52 54 55 58 59 60 63 64 65 66 69 70 71 72 73 75 76 77 79 80 85 86 87 90 92 94 99
47 72 49 52 53 56 57 58 60 62 63 64 65 67 70 74 75 76 77 79 81 84 86 87 89 93 94 95 97 99
48 18 49 50 51 52 54 55 58 59 60 61 62 63 64 67 68 70 72 73 75 77 78 79 80 81 82 83 84 86 88 89 91 92 94 95 96 97
49 32 51 52 55 57 58 59 60 61 63 65 66 67 70 71 73 74 76 77 79 80 81 83 84 85 86 87 88 89 90 91 92 93 94 95 97
50 43 51 52 54 55 57 59 62 66 67 68 69 70 71 72 73 74 75 76 77 78 80 83 86 87 90 93 94 97 98
51 71 58 60 61 63 65 66 67 68 69 70 71 73 75 76 77 78 80 82 83 86 88 89 90 91 92 93 94 95 96 97
52 16 54 55 56 59 61 64 66 67 69 70 71 72 73 74 76 77 78 80 84 86 87 89 90 91 92 96 97 99
53 2 54 55 56 62 65 66 67 68 70 71 75 76 77 78 80 82 87 91 93 94 95 96 97 98
54 85 56 57 58 59 60 63 64 65 67 73 74 75 78 79 80 82 83 84 85 88 89 92 93 94 95 96 97 99 100
55 38 57 59 60 61 63 64 65 66 67 68 69 70 72 73 75 76 79 80 81 84 85 86 87 88 90 91 95 96 97 98
56 53 57 59 61 62 64 66 67 68 70 71 72 73 74 76 77 79 81 85 86 87 88 93 98 99 100
57 6 58 61 68 69 70 71 72 74 80 81 82 83 85 87 89 90 92 94 95 97
58 45 60 63 67 68 70 71 74 76 77 81 82 83 85 86 87 90 91 93 96 97 98 100
59 8 62 63 64 65 67 68 69 70 72 73 74 75 76 78 79 80 81 83 86 87 88 90 91 92 96 98 99 100
60 10 61 63 65 67 69 70 71 72 73 74 76 77 78 79 80 81 82 83 86 87 92 93 94 97 99 100
61 89 62 64 65 67 68 69 70 71 72 73 76 77 79 80 81 83 84 86 87 89 92 93 94 96 98 99 100
62 64 63 64 65 66 68 69 71 72 75 76 81 82 83 84 87 89 93 94 95 96 97 99 100
63 67 64 67 68 70 71 72 74 78 79 80 82 83 85 86 87 89 90 91 92 94 95 96 97 98
64 44 65 67 70 71 72 73 74 75 76 77 79 81 82 83 84 86 88 90 91 94 97 98 99
65 94 66 67 68 69 71 72 74 75 81 82 83 84 85 86 88 89 91 92 93 96 99 100
66 21 68 69 70 72 74 75 76 77 78 85 86 87 95 96 97 100
67 94 68 69 70 72 73 75 76 77 78 83 84 86 87 88 89 91 92 94 96 99 100
68 16 69 73 77 78 79 81 82 85 87 90 93 94 95 96 97 98 99 100
69 86 70 72 74 77 79 81 82 83 84 86 87 90 93 94 95 96 98 99
70 31 72 73 74 76 77 79 80 81 84 85 86 87 91 94 95 96 97
71 77 72 74 75 79 81 84 85 87 90 91 94 95 96 97 98 99 100
72 12 75 76 77 79 80 81 83 84 85 86 87 91 92 93 94 95 96 97 99 100
73 4 74 75 76 77 79 80 81 82 85 86 87 88 90 91 92 93 94 95 96 97 98 100
74 40 75 76 78 79 81 82 83 84 87 88 92 95 96 98 99 100
75 40 76 79 80 82 83 84 86 87 89 90 93 94 95 96 97 98 99 100
76 27 77 78 81 82 84 85 86 87 88 89 90 91 92 95 96 97 98
77 16 80 81 83 85 86 87 89 91 92 93 94 95 98 100
78 21 79 81 82 83 84 89 90 91 92 93 94 95 96 97
79 68 80 82 84 86 87 88 90 91 93 95 96 97 98 99 100
80 46 81 83 87 90 94 95 98 99
81 96 84 85 86 88 89 91 92 95 96 98 99 100
82 21 83 86 87 90 91 93 94 97 99 100
83 77 84 85 86 87 88 89 91 92 93 94 95 96 97 99 100
84 99 85 91 95 97 98
85 73 87 90 92 93 96 97 98 99
86 64 88 90 91 95 96 97 99 100
87 19 88 90 93 94 95 96
88 10 89 90 92 95 96 97 98
89 79 96 97 98 99
90 62 94 95 96 98 99
91 57 93 94 98 99
92 36 93 95 96 97 98 99 100
93 68 95 96 97 98 99 100
94 44 96 98 99 100
95 3 99 100
96 4 98 99 100
97 3 98 99 100
98 37 100
99 69 100
100 38
