100
1 51 2 3 4 5 6 10 14 15 16 17 18 19 20 21 22 23 24 25 26 27 28 30 31 32 33 34 36 37 38 39 40 41 42 45 46 47 48 50 51 52 53 54 55 57 58 59 61 63 67 68 69 71 72 73 74 75 76 77 78 79 80 81 82 83 84 85 86 87 88 89 90 91 92 94 95 98 99 100
2 83 3 4 6 7 8 9 10 11 12 13 14 15 16 17 21 22 23 24 25 26 28 31 32 33 36 37 39 40 41 43 44 46 47 48 49 51 52 54 55 56 58 59 60 61 62 63 65 66 68 69 70 71 72 73 74 75 76 77 78 79 80 82 83 84 85 86 87 88 89 91 92 93 94 95 96 97 98 99
3 71 5 6 7 8 11 13 14 15 16 17 18 20 21 22 23 24 25 26 27 29 32 33 34 35 36 37 38 39 41 42 43 45 47 48 49 50 51 52 53 54 55 56 57 58 59 60 61 62 63 64 65 66 67 68 69 70 72 73 74 76 77 78 79 80 81 84 85 86 87 88 89 91 92 93 94 95 96 97 98 99
4 52 5 6 7 8 9 11 12 13 14 15 16 17 18 19 20 21 23 25 26 27 28 29 30 31 32 35 36 37 38 39 43 44 45 46 47 49 50 51 52 54 55 56 57 58 59 60 61 62 63 64 65 66 67 68 69 71 72 73 74 75 76 77 78 79 80 81 84 85 86 87 88 89 90 91 92 95 97 98 99 100
5 72 6 7 8 9 10 11 13 14 15 16 17 18 19 20 21 22 24 25 28 29 30 34 35 37 39 40 41 42 43 44 45 46 47 48 49 50 51 52 53 54 55 56 57 60 61 63 67 68 69 70 71 72 73 74 80 81 82 83 85 86 87 88 89 90 91 94 95 96 97 98 99 100
6 73 7 8 11 12 13 14 15 16 17 19 20 21 22 23 24 25 26 27 28 29 30 33 34 35 36 37 38 39 42 43 46 47 48 50 52 53 54 57 58 59 60 61 62 64 65 66 67 68 69 70 72 73 74 75 76 77 80 81 82 83 84 85 86 87 88 90 91 92 94 96 97 98 99 100
7 100 8 10 11 12 13 14 16 17 18 20 22 23 25 26 27 28 29 30 31 32 34 35 36 38 39 40 42 43 44 45 46 47 48 49 50 51 52 53 54 57 58 59 61 63 64 66 68 70 71 72 73 75 78 79 80 83 84 86 87 88 89 90 91 93 94 95 96 98 99 100
8 97 9 11 12 13 14 15 16 17 18 19 20 21 22 23 24 25 26 27 28 29 31 32 33 34 35 37 40 41 42 43 44 45 47 48 49 50 52 53 54 55 56 57 59 61 62 63 64 65 66 67 68 69 71 72 76 77 78 79 80 82 83 85 86 87 88 89 91 94 96 97 98 99 100
9 69 10 11 12 14 15 16 19 20 24 25 26 27 28 29 30 31 32 33 35 36 38 39 40 41 42 44 45 52 53 54 55 56 57 58 59 60 61 62 65 66 67 68 69 71 72 73 74 75 76 79 80 81 83 84 85 86 88 91 92 93 94 95 97 98 99
10 93 15 16 17 18 19 20 21 22 23 24 25 26 30 31 32 34 35 36 37 38 39 43 44 45 46 47 48 49 50 51 52 53 54 55 56 57 58 59 60 62 63 64 65 66 67 68 70 71 73 74 76 79 80 81 82 83 84 85 86 88 89 90 91 92 93 94 96 97 98 99 100
11 65 12 13 14 15 16 17 18 19 22 23 24 25 27 28 30 35 36 37 38 39 42 43 44 45 47 48 49 50 51 52 53 54 56 57 59 60 61 62 63 64 65 66 67 68 69 70 71 72 73 74 75 76 78 79 80 81 82 83 84 85 86 87 88 89 90 92 93 94 95 97 99
12 92 13 14 15 17 19 20 21 22 23 24 25 26 27 28 30 31 32 33 34 35 36 37 38 39 40 42 43 46 47 48 50 51 52 53 54 55 56 58 59 60 61 64 65 66 67 68 70 71 74 76 77 78 79 80 81 82 83 84 85 86 87 88 89 90 91 92 93 94 95 96 99 100
13 88 14 16 17 19 20 21 22 23 24 25 26 28 29 30 31 32 33 34 37 39 40 41 42 43 44 45 46 48 49 50 52 53 55 57 58 59 60 62 63 64 66 68 69 71 72 73 74 75 76 77 78 80 81 82 83 84 85 86 87 88 89 90 92 93 94 95 96 97 98 99 100
14 83 15 16 17 19 20 21 22 23 24 25 26 27 28 29 31 32 33 34 36 37 38 39 40 41 42 43 44 45 46 47 48 50 51 52 53 54 56 57 58 59 62 63 64 65 66 67 68 69 71 73 74 76 77 79 80 81 82 83 84 86 87 88 89 90 91 92 94 95 96 97 99 100
15 90 16 18 19 20 24 26 28 29 30 31 32 33 34 35 36 37 38 40 41 42 43 45 46 48 49 50 53 54 55 57 58 59 60 62 63 64 65 66 67 69 71 74 75 76 77 78 79 80 84 85 86 87 89 90 91 92 93 94 95 97 98 99 100
16 76 18 19 21 22 23 24 25 26 29 30 31 33 35 36 37 38 39 40 42 43 44 45 46 47 48 49 51 52 54 55 56 57 58 59 61 62 63 64 65 67 69 71 73 74 75 76 77 78 79 80 82 84 85 86 87 88 89 90 91 92 95 96 97 98 99 100
17 86 18 19 20 21 23 24 25 26 27 28 29 31 32 33 34 36 37 40 41 42 44 45 48 49 50 51 54 56 59 60 62 63 64 66 67 68 69 70 72 73 74 75 77 78 79 80 81 82 83 84 85 86 87 88 89 91 92 94 95 99 100
18 81 20 21 22 24 25 26 27 28 29 30 31 32 33 34 35 36 37 38 39 40 41 42 43 44 45 47 48 49 50 51 52 53 54 55 57 58 60 61 62 65 66 67 68 69 71 72 73 74 75 76 77 78 79 80 81 82 83 84 85 87 89 90 91 92 95 99 100
19 68 20 21 22 23 24 25 27 28 29 30 33 34 36 37 38 40 41 42 45 46 47 48 49 51 52 54 56 57 58 59 60 61 62 63 64 65 66 67 68 69 71 72 73 74 76 77 78 79 80 81 82 83 84 85 86 87 88 89 90 91 92 93 95 96 98 100
20 70 21 22 23 24 25 26 27 28 29 30 31 32 33 36 37 38 39 40 41 42 43 44 45 46 47 48 49 50 51 52 53 54 55 56 58 59 60 61 62 63 64 65 66 67 68 69 71 72 74 75 76 77 78 79 82 83 84 86 89 90 91 92 93 94 95 96 97 98 99 100
21 100 22 23 24 25 26 27 28 29 30 31 32 33 35 36 37 38 39 40 42 43 45 46 47 48 49 51 52 53 54 55 56 57 58 59 60 62 63 64 65 66 67 68 69 70 71 72 73 74 77 78 79 80 81 82 83 84 85 87 88 89 90 91 92 93 94 95 97 98 99
22 85 24 25 26 27 29 30 32 34 35 37 38 39 40 42 44 45 46 48 49 50 51 52 54 55 56 57 58 59 60 61 62 63 64 65 67 68 69 70 72 73 75 76 77 78 79 80 81 83 84 86 87 88 89 90 92 93 94 95 97 98 100
23 77 24 25 26 27 28 29 30 31 32 33 34 35 36 37 38 39 40 41 42 45 46 47 48 49 50 51 52 53 54 55 58 60 61 62 63 64 65 66 67 68 69 70 71 72 73 75 78 79 80 81 82 83 84 85 86 88 89 90 91 92 93 94 95 96 97 98 99 100
24 89 25 26 27 28 29 31 32 34 35 36 37 38 39 40 42 43 44 45 46 47 48 49 50 51 52 53 54 55 56 57 58 59 61 66 67 69 70 71 72 73 75 76 77 78 79 81 83 84 85 86 88 90 91 92 93 94 96 97 98 99
25 82 26 29 30 31 33 34 35 37 38 39 40 41 42 43 44 45 46 47 49 50 51 52 53 54 55 56 59 60 61 62 63 64 65 66 67 68 69 70 73 74 76 78 79 80 82 83 84 85 86 87 88 89 90 91 92 93 94 95 96 97 98 99 100
26 50 27 28 30 31 32 33 34 36 37 38 39 41 42 43 44 45 46 47 48 49 51 53 55 57 58 59 60 61 62 64 65 66 67 69 71 72 73 74 75 77 78 79 80 82 86 87 89 90 92 93 95 96 97 98 99 100
27 54 28 29 30 31 32 33 35 36 37 38 39 40 41 42 43 45 47 48 49 50 51 52 53 54 55 56 57 58 59 60 61 63 64 65 66 67 68 69 71 72 73 75 76 77 78 79 80 83 84 86 88 89 90 91 92 93 94 95 96 97 99 100
28 81 29 30 31 32 33 34 35 36 37 38 40 41 42 43 44 45 46 47 49 50 51 52 53 54 55 56 57 60 61 62 63 64 65 67 68 69 70 71 72 73 74 75 76 77 78 79 80 81 82 83 84 86 87 88 89 90 91 92 93 94 95 96 97 98 99 100
29 65 30 31 32 33 34 35 36 37 38 39 41 42 43 45 47 48 49 50 52 55 56 57 59 60 61 63 64 65 66 68 69 70 71 72 73 74 77 78 79 80 83 84 86 87 88 89 91 92 93 97 100
30 59 31 32 34 36 38 39 40 41 42 44 45 46 47 48 49 51 52 53 54 57 58 59 60 61 62 63 64 65 66 67 68 69 72 74 75 76 77 79 80 82 83 84 86 87 89 90 91 92 93 94 95 96 97 98 99 100
31 96 32 33 34 36 38 39 42 43 44 45 46 47 48 51 53 54 56 57 58 59 60 61 63 64 65 66 67 68 69 70 71 72 73 74 75 76 77 78 79 81 82 83 84 85 86 87 88 90 91 93 94 96 97 98 99
32 79 33 35 36 37 39 40 41 42 44 45 46 47 48 49 50 51 53 54 55 56 57 58 59 60 62 63 64 65 66 68 69 71 73 74 75 76 77 78 79 81 82 83 85 86 87 88 89 90 91 92 94 96 97 99 100
33 83 35 37 39 40 41 42 43 44 46 47 50 51 52 53 54 55 56 58 59 60 61 62 63 64 65 66 67 68 69 70 71 72 73 75 76 77 79 80 81 83 84 85 86 87 89 90 91 93 94 95 99 100
34 92 37 38 39 40 41 43 45 47 50 52 54 55 56 57 58 59 60 61 62 63 64 65 69 70 71 72 73 74 75 77 79 80 81 82 83 84 86 87 88 89 91 92 94 95 96 97 98 100
35 83 36 37 38 39 40 41 42 44 45 47 49 51 52 53 54 55 56 57 59 60 61 62 63 64 66 67 68 69 70 72 74 75 76 77 78 79 80 81 82 83 84 85 86 87 88 89 90 91 94 95 97 98 99 100
36 83 37 39 40 41 42 43 44 46 47 48 49 51 52 53 54 55 56 57 58 59 60 61 63 64 65 66 67 68 71 72 74 77 78 79 80 82 83 84 85 86 87 88 90 91 92 93 94 96 97 100
37 71 38 39 40 41 42 43 44 45 46 47 48 49 50 51 52 54 55 56 57 58 59 60 61 62 64 65 66 70 72 73 74 75 76 77 78 79 80 81 83 84 85 86 87 88 89 90 91 92 93 94 97 98 100
38 61 39 40 41 42 43 47 49 50 51 54 55 56 57 58 59 60 61 62 63 64 65 66 67 69 71 73 74 75 76 77 78 79 80 81 85 87 88 89 90 91 92 97 99 100
39 100 40 41 42 43 44 45 46 48 50 51 52 53 54 56 57 59 60 61 62 63 64 65 66 68 70 71 72 74 75 76 77 78 79 80 84 86 87 91 92 95 97 99 100
40 100 41 42 43 44 46 48 49 50 51 52 53 55 56 57 58 59 61 63 64 65 66 67 68 69 70 71 73 74 75 76 79 80 81 82 83 84 85 86 87 88 89 91 92 93 94 95 96 97 98 99 100
41 53 42 43 44 45 46 47 48 49 50 52 54 55 57 58 59 61 63 67 68 69 70 72 74 75 76 78 79 80 81 84 85 86 88 89 90 91 92 93 94 95 96 97 98 99 100
42 75 44 45 46 47 49 50 51 53 55 57 58 60 61 62 64 65 68 69 70 71 72 73 74 77 78 79 80 82 83 84 85 87 89 91 92 93 94 95 96 97 98 99 100
43 98 45 46 47 49 51 52 53 54 55 56 58 59 60 61 63 64 65 67 68 69 70 71 73 74 76 78 79 81 82 84 85 86 88 89 90 92 93 94 96 97 98 99 100
44 75 47 48 49 52 53 55 56 57 61 62 63 64 65 66 67 68 69 70 71 72 73 74 75 76 77 78 79 80 81 82 83 84 86 87 88 89 90 91 92 93 94 95 98
45 58 46 49 50 51 52 53 54 55 56 58 59 62 63 64 65 66 67 68 69 70 71 72 73 75 76 78 79 80 81 82 83 84 85 86 87 88 89 90 93 94 95 97 98 99 100
46 81 47 48 49 51 53 54 55 57 58 59 60 61 63 64 65 66 68 69 70 71 72 73 74 75 76 77 78 79 80 81 82 83 84 85 86 87 88 90 92 93 94 95 96 97 98 99 100
47 63 48 49 50 51 52 53 54 55 57 59 60 61 62 63 64 65 66 67 68 69 70 71 72 73 74 75 76 77 78 79 80 81 82 83 84 85 86 87 88 89 90 91 92 93 94 95 96 97 98 99 100
48 82 49 50 51 52 53 54 55 57 59 60 61 62 63 64 66 67 68 69 70 71 72 75 77 79 80 82 83 84 85 86 87 90 91 92 93 94 95 96 97 98 99 100
49 56 50 51 52 53 54 55 56 57 58 60 61 62 63 64 65 68 69 70 71 72 73 74 75 76 77 78 79 80 81 82 83 84 85 87 89 90 91 93 94 95 99 100
50 78 51 52 53 54 55 58 59 60 61 62 63 64 65 66 67 70 71 73 74 75 76 77 78 79 80 81 82 83 85 86 88 89 91 94 95 96 97 99 100
51 98 52 53 54 55 57 58 59 60 61 63 64 65 66 68 69 70 71 72 73 75 76 78 79 81 82 84 85 86 87 89 90 91 92 93 94 95 96 97 98 99 100
52 54 54 55 56 58 59 60 61 62 63 65 68 69 70 71 72 73 74 75 76 79 80 81 82 83 85 86 87 88 89 90 91 92 94 95 96 97 98 99
53 64 54 55 56 59 60 61 63 66 67 68 69 70 73 74 75 76 77 78 81 82 83 84 85 86 87 90 91 92 93 94 95 96 98 100
54 86 55 56 57 58 59 60 61 62 63 65 66 67 68 69 70 71 72 75 76 77 78 79 80 81 82 83 84 85 86 87 88 89 91 93 95 96 97 98 100
55 60 57 58 59 60 61 62 63 65 67 68 69 71 73 74 75 76 77 79 81 82 83 84 85 87 92 93 94 95 97
56 82 57 58 60 62 63 64 65 66 67 68 69 70 71 72 73 74 75 76 77 81 82 83 84 85 86 90 91 92 93 94 96 97 99
57 69 60 61 63 64 68 69 72 73 74 76 77 80 82 83 84 85 86 89 90 91 92 93 94 95 96 97 98 99 100
58 50 60 61 62 63 64 65 68 69 70 72 73 74 75 76 77 78 80 81 82 83 85 86 88 89 90 91 92 93 94 97 98 99 100
59 54 60 61 62 63 65 66 67 69 70 71 72 73 74 75 76 77 80 81 82 83 84 85 86 87 88 89 90 91 92 93 94 96 97 99
60 51 61 62 63 66 68 69 71 72 74 75 76 77 78 80 82 83 87 89 90 91 92 93 94 95 96 97 99 100
61 57 62 64 65 66 67 68 73 74 75 76 77 78 79 80 81 82 83 84 85 89 90 95 96 97 98 99
62 98 63 64 65 66 67 68 69 71 72 73 74 76 79 80 81 82 85 89 90 91 92 94 95 97 98 99 100
63 80 64 65 66 68 70 72 73 74 76 78 79 80 81 82 83 84 85 86 87 88 89 90 91 93 94 96 98 99 100
64 53 65 66 67 70 71 72 74 75 76 77 78 79 80 81 82 83 85 87 88 89 90 91 92 93 94 95 96 97 98 99 100
65 50 66 68 69 71 72 73 74 76 77 78 79 81 82 84 85 86 88 89 90 91 92 94 95 96 98 99 100
66 99 67 68 69 70 71 72 73 74 76 77 79 80 82 83 84 85 87 88 89 90 91 92 93 94 97 98 100
67 95 70 72 73 74 75 77 79 80 82 83 84 85 86 87 89 92 93 94 95 97 99 100
68 93 69 70 72 73 75 77 78 79 80 82 83 84 85 87 88 89 90 92 93 95 97 98 99 100
69 89 71 72 74 75 77 78 79 80 81 83 84 85 86 88 89 90 91 92 93 94 95 96 97 98 99 100
70 51 72 73 74 75 76 77 78 79 80 81 82 83 84 85 86 87 88 89 90 93 94 95 96 97 98 99 100
71 63 72 74 75 76 77 78 79 80 81 83 84 85 87 88 89 90 91 92 93 94 95 96 97 99 100
72 59 73 74 75 76 77 78 79 80 81 82 85 86 87 89 90 91 92 93 94 95 96 97 98 99 100
73 66 74 76 77 78 79 80 81 82 83 84 85 87 89 90 91 92 93 94 95 96 97 99 100
74 63 75 76 77 78 79 80 81 82 83 84 85 86 87 88 89 90 91 92 93 94 95 96 98 99 100
75 78 76 77 78 79 80 82 83 84 85 86 87 88 89 90 91 92 94 95 96 97 99 100
76 57 77 78 80 83 84 85 86 87 88 89 90 91 92 93 95 96 97 98 100
77 97 79 80 81 82 83 84 85 86 87 88 89 91 92 93 94 95 96 97 98 99 100
78 77 79 80 81 83 86 87 88 89 91 94 96 98 99 100
79 86 80 81 82 83 86 87 88 90 91 93 94 95 96 97 98 100
80 57 81 82 83 84 85 86 87 89 90 91 92 93 95 96 97 98 99 100
81 75 82 83 84 85 86 87 88 89 90 91 93 94 96 97 98 100
82 69 83 84 85 86 87 88 89 90 91 92 93 95 96 97 98 99 100
83 93 84 85 86 87 88 89 90 91 92 93 95 98 99 100
84 50 86 87 89 90 91 92 93 95 96 98 99 100
85 63 86 87 88 89 91 92 93 94 96 97 98 99 100
86 74 87 88 89 90 91 92 94 95 97 98 100
87 53 88 89 90 92 93 94 96 97 100
88 76 89 90 91 92 93 94 95 96 97 98 99
89 61 91 92 94 95 96 97 98 99 100
90 60 91 92 93 94 95 96 98 99 100
91 98 92 93 94 96 97 98 99 100
92 66 94 96 97 98 99 100
93 87 94 96 97 100
94 57 95 96 98 99 100
95 52 96 97 98 99 100
96 59 97 98 99 100
97 86 100
98 66 99
99 77 100
100 82
