100
1 81 3 6 7 9 10 11 12 13 16 17 19 24 25 26 27 28 30 31 32 34 35 37 38 39 40 42 44 45 46 47 49 52 53 54 55 56 59 61 62 64 65 66 67 72 73 77 81 82 83 85 86 87 88 90 91 96 97 98
2 82 3 4 5 6 7 8 9 10 12 14 16 17 18 19 20 21 22 23 24 26 27 28 30 32 33 35 36 37 38 40 41 42 45 47 48 49 50 56 62 64 65 68 69 70 72 73 78 81 82 84 85 87 88 89 91 93 94 95 96 99 100
3 67 9 10 11 14 15 16 17 18 19 20 22 24 26 27 28 30 32 35 38 39 40 45 47 48 49 50 51 52 53 54 55 56 57 59 61 62 63 65 66 67 68 69 71 72 74 77 79 80 82 83 84 87 88 90 92 93 94 95 96 100
4 64 5 7 10 11 13 14 15 19 21 22 23 24 25 30 31 34 35 36 37 38 39 41 42 43 44 45 46 47 48 49 50 51 53 57 58 60 61 63 65 66 67 71 72 74 75 76 77 78 79 80 82 83 84 85 86 87 90 91 92 95 97 99
5 90 7 13 15 18 19 20 21 22 24 26 28 30 32 34 35 37 38 39 44 48 49 50 53 54 57 59 61 62 63 64 65 68 69 71 72 75 77 78 79 80 81 83 84 86 87 88 89 92 94 96 97 99 100
6 56 8 9 11 12 16 17 19 21 22 23 25 27 30 31 34 35 36 38 39 41 42 43 45 46 48 49 50 51 52 53 54 57 58 59 60 61 62 66 67 68 71 73 74 75 76 77 78 80 83 85 88 89 92 93 94 95 96 97 99
7 56 8 12 14 15 16 17 20 23 24 26 27 29 31 33 34 36 38 40 41 43 45 47 48 51 54 55 56 57 59 60 61 62 63 64 65 69 71 72 74 75 76 77 79 80 81 82 84 86 87 88 89 94 95 96 97 98 99 100
8 100 9 10 11 14 15 16 17 19 20 21 23 24 26 28 30 34 36 37 38 39 40 41 42 43 44 46 47 49 50 51 52 53 56 58 59 61 63 73 75 77 78 79 80 84 88 89 90 91 92 93 95 96 98 99 100
9 85 11 17 21 23 24 27 29 31 36 37 39 40 43 45 47 49 51 52 53 54 57 58 60 64 66 67 69 70 71 72 73 74 75 76 78 79 80 81 83 84 85 87 88 89 90 91 92 93 94 97 98 100
10 72 11 14 15 18 20 21 22 23 25 26 28 29 31 33 38 39 41 42 43 44 47 50 52 53 54 57 58 59 60 62 64 65 66 67 68 69 71 73 75 76 77 79 80 82 83 87 88 89 90 91 96 97 99 100
11 57 12 13 15 17 18 19 20 21 25 26 27 28 29 34 35 38 46 48 49 50 51 52 56 57 58 59 62 67 68 73 74 77 78 80 81 82 84 85 86 87 88 90 93 94 95 96 97 98 99 100
12 73 15 16 17 18 20 21 22 23 24 27 30 31 32 33 34 35 36 37 41 42 44 45 46 47 48 50 52 53 55 56 62 64 65 67 69 70 74 76 77 78 81 85 86 87 88 89 94 95 96 98 100
13 99 14 15 16 18 21 22 24 25 26 27 28 30 33 34 36 37 38 39 40 42 43 45 46 47 48 49 50 51 52 55 56 58 60 61 63 65 66 67 71 72 74 76 77 78 79 83 84 85 87 88 91 94 95 96 97 98 99 100
14 67 16 18 19 25 27 29 30 34 36 37 39 40 41 42 43 44 45 46 48 49 50 52 53 54 55 56 57 58 60 61 62 65 67 68 70 73 74 76 77 78 79 83 84 85 86 88 89 90 91 92 94 95 96 100
15 57 16 18 19 20 21 23 24 25 27 28 29 30 31 32 34 35 36 37 39 41 42 43 44 45 46 48 54 55 56 57 59 61 62 63 64 65 66 68 69 70 71 73 74 76 78 79 80 82 84 85 88 89 91 94 95 96 98 99 100
16 75 18 19 21 23 24 26 27 28 32 36 37 38 40 41 44 47 50 53 54 56 58 61 63 64 65 66 67 70 71 72 75 77 78 80 82 83 84 85 88 89 90 92 93 94 96 97 98 99 100
17 53 18 19 21 22 23 25 26 27 28 29 30 32 34 35 38 39 40 42 45 46 47 48 51 52 53 54 55 56 57 58 61 62 63 64 66 67 68 74 75 78 79 81 82 83 84 85 86 87 88 89 91 93 96 98 99 100
18 65 20 22 29 30 32 36 37 38 39 43 45 46 48 49 51 52 54 55 56 58 59 60 61 63 64 65 66 67 68 70 76 77 78 80 83 84 85 88 89 91 93 94 95 96 98
19 50 20 21 22 25 28 31 32 34 35 36 37 38 40 44 49 50 51 57 60 62 65 68 69 70 74 76 78 81 84 85 86 87 88 89 90 91 93 94 95 96 97 98 99 100
20 62 21 23 24 25 28 30 32 34 35 37 39 42 45 46 47 49 50 51 52 56 59 61 63 64 68 69 70 71 72 73 74 75 76 78 79 80 81 83 85 87 89 90 94 95 97 98 99
21 100 23 24 25 26 28 29 30 31 33 34 36 38 39 40 42 43 46 50 51 53 57 59 62 64 66 71 72 73 75 76 81 82 83 85 86 87 88 90 94 97 98
22 78 25 27 29 35 36 39 42 48 49 50 51 52 54 55 57 61 62 66 67 68 75 76 77 78 79 81 83 85 88 91 92 97 99 100
23 80 26 27 28 29 30 31 32 33 34 35 39 40 41 43 44 46 47 52 54 57 59 60 65 66 67 68 69 70 73 75 76 77 79 80 81 82 83 84 85 86 87 88 89 90 91 92 93 94 95 96 99 100
24 97 25 26 27 28 29 30 31 32 33 35 36 37 40 43 44 45 46 47 48 49 50 51 52 53 54 55 57 58 62 64 65 67 68 69 73 78 79 80 81 83 84 85 86 87 88 90 92 93 94 96 97 98
25 100 29 30 31 32 33 34 35 36 37 38 39 41 42 45 46 47 51 52 54 55 58 59 61 62 64 65 66 68 69 70 71 72 73 78 81 82 83 84 86 87 88 92 93 95 96 98 99 100
26 96 30 31 33 34 35 36 37 38 39 41 42 45 46 47 48 49 50 51 52 53 54 57 59 61 62 65 66 67 69 71 72 73 76 77 78 79 82 83 84 85 87 88 89 90 92 93 95 97 99 100
27 73 28 30 31 32 33 36 37 38 40 41 42 45 46 47 48 49 50 51 52 53 54 55 57 58 59 60 64 65 67 68 69 70 71 72 74 75 76 77 78 79 80 82 83 85 86 87 88 91 92 93 95 98 99 100
28 75 29 30 33 35 36 37 39 40 42 43 45 50 52 53 58 60 61 62 63 65 66 67 68 69 70 72 73 74 75 76 77 78 80 82 86 87 88 90 91 92 94
29 51 31 33 34 35 36 38 42 43 44 46 49 50 52 54 60 62 63 66 67 70 71 73 75 76 77 78 79 81 83 84 86 87 88 89 91 92 93 94 98 99 100
30 92 31 32 33 35 36 37 38 39 40 42 43 44 45 46 49 50 54 57 58 64 65 66 67 68 69 70 71 73 75 76 79 80 81 84 85 86 87 89 92 94 95 97 98 99
31 86 32 35 36 38 39 40 42 45 46 49 52 53 54 57 58 59 60 61 62 63 64 65 66 67 68 71 72 75 77 81 82 83 84 85 87 88 89 90 91 92 94 95 97 99 100
32 79 34 38 40 41 42 46 48 51 52 53 54 55 60 61 64 65 66 67 68 69 70 71 72 77 80 83 84 85 88 89 91 92 95 97 98 99 100
33 93 35 36 37 38 40 41 43 44 47 48 50 51 52 56 58 59 61 65 66 67 68 69 70 73 75 77 78 84 85 86 88 89 90 91 92 94 96 97
34 91 35 36 38 40 41 43 44 45 46 48 50 51 53 56 57 58 59 62 63 64 65 69 70 72 74 76 78 79 80 82 83 84 86 88 89 91 93 94 97 99 100
35 50 36 37 38 40 41 43 45 47 48 52 53 55 60 61 62 66 67 69 70 71 72 73 75 77 78 81 84 85 88 90 91 92 93 94 95 97 99 100
36 59 37 38 39 41 43 48 50 51 52 55 56 57 59 60 62 63 64 66 71 72 73 80 81 82 84 86 87 88 89 90 91 92 95 96 97 98 100
37 91 38 40 41 42 43 45 49 50 51 53 54 55 59 61 62 63 64 65 66 67 68 69 70 77 78 79 80 81 82 83 84 85 86 87 88 89 91 92 93 95 96 97 99
38 83 39 43 44 46 48 50 54 55 57 58 59 60 61 62 63 65 68 70 72 73 75 77 78 83 84 86 87 89 91 93 94 95 99 100
39 97 41 42 43 44 46 49 50 51 52 53 54 55 56 59 60 61 63 64 65 66 70 71 72 75 77 78 79 81 82 84 86 90 91 92 93 94 95 98 99 100
40 59 41 42 43 44 45 47 49 50 52 53 54 55 58 59 60 63 64 65 66 72 73 74 77 78 80 83 84 85 86 89 90 91 94 95 96 97 100
41 51 42 46 47 49 51 52 54 58 59 60 61 62 63 64 66 67 68 69 71 72 73 74 75 77 78 80 81 82 83 87 90 91 93 94 97 98 99
42 77 43 47 48 49 50 52 54 55 59 60 62 63 65 66 67 68 69 72 74 76 77 78 80 81 82 86 87 88 89 90 92 94 95 96 100
43 93 44 46 47 48 49 53 57 58 61 62 67 68 69 70 71 73 74 75 76 77 78 81 82 83 84 85 87 88 89 91 92 93 96 97 98 100
44 68 47 48 50 55 56 57 58 59 60 61 62 64 65 66 67 68 72 74 79 80 81 82 85 87 88 89 90 92 93 95
45 56 49 50 51 52 53 54 56 58 61 62 63 64 66 67 68 69 73 74 77 78 81 82 83 84 85 87 88 89 90 91 92 93 94 95 96 98 99 100
46 74 48 52 55 56 57 58 59 60 61 62 63 64 65 67 69 70 71 72 75 76 77 78 79 82 83 84 85 87 88 89 90 91 92 93 94 95 96 97 98
47 78 48 49 51 54 55 56 57 61 63 66 67 68 69 72 75 76 79 81 82 83 85 87 88 91 92 94 95 97 100
48 54 49 50 51 52 53 57 59 60 61 63 66 67 69 71 72 73 74 76 79 80 81 83 85 86 87 89 90 91 92 95 98
49 53 53 55 56 58 59 60 61 63 66 68 69 72 73 76 79 80 81 82 83 85 86 87 88 89 90 91 92 93 96 99 100
50 67 52 54 55 57 59 62 63 64 65 68 70 71 72 75 77 80 82 83 84 85 87 88 90 91 92 93 94 95 98 99 100
51 78 52 54 56 57 58 59 60 61 62 64 66 67 68 73 74 76 77 78 83 84 85 86 87 89 91 93 94 95 96 97 99
52 54 53 54 56 57 58 65 66 67 68 69 70 71 72 73 74 75 77 80 81 82 84 85 86 89 90 91 93 98 99 100
53 73 59 60 61 64 69 73 74 76 77 79 80 81 85 86 88 90 93 95 96 97 98
54 85 56 58 59 61 62 64 65 67 68 69 71 73 74 75 76 80 81 83 85 86 87 90 92 94 98 100
55 79 57 58 59 60 61 62 63 65 66 67 68 69 70 71 72 73 75 76 79 81 83 84 86 89 90 93 94 95 97 98 100
56 82 58 59 60 62 67 71 72 74 75 76 77 78 79 82 83 84 85 86 87 88 90 93 94 100
57 91 58 59 60 61 63 64 68 69 72 73 75 76 77 78 79 80 82 84 85 86 87 89 90 91 92 95
58 84 59 60 61 62 64 65 67 69 70 71 72 78 80 82 83 84 85 86 88 90 92 93 94 96 99
59 97 60 61 62 63 67 69 70 71 74 76 77 78 79 80 82 83 84 85 87 90 91 94 95 96 97 98 99
60 91 61 62 63 64 66 69 71 73 76 77 78 79 80 81 83 85 86 87 89 90 91 93 97 98 100
61 92 62 63 64 65 69 71 72 75 77 78 80 81 85 87 88 90 93 94 95 97 98 99
62 71 63 65 69 72 73 76 77 82 83 84 85 86 87 88 89 90 91 93 95 97 98 100
63 78 64 66 68 69 71 72 73 74 75 76 77 78 79 82 83 85 86 88 90 92 94 95 97 98 99 100
64 76 66 68 69 70 71 75 76 77 79 81 82 83 84 85 86 89 90 94 95 98 99
65 90 66 69 71 74 75 77 81 82 83 84 85 87 88 90 92 93 95 96 98 100
66 52 68 70 72 73 74 75 77 78 79 81 83 84 85 86 87 93 94 95 97 98 99
67 52 68 69 71 78 79 80 81 82 83 86 87 88 89 90 91 93 94
68 70 72 73 74 75 76 77 80 81 88 90 92 93 95 97 100
69 80 70 71 73 74 76 77 78 80 81 82 83 84 85 87 88 89 94 96 97 98 100
70 85 72 73 74 75 76 77 80 82 83 84 85 86 88 89 91 94 95 97 98 100
71 88 74 76 78 79 82 84 87 90 92 94 95 97 98 99
72 82 73 74 75 77 78 80 82 83 84 86 87 91 92 93 94 95 96 98 99 100
73 83 74 76 78 79 80 84 85 87 88 92 93 98 100
74 87 75 77 78 79 80 81 82 83 85 86 87 88 89 91 94 95 97 98 99 100
75 65 76 77 78 80 82 83 86 88 92 94 97 99
76 89 78 80 84 86 91 92 93 94 95 96 97 98 99 100
77 75 79 81 83 89 91 92 93 95 96 99 100
78 78 81 82 83 84 85 87 88 90 91 92 94 95 97 98 99
79 62 81 82 83 84 86 87 90 91 92 94 95 98 99 100
80 74 81 84 85 87 88 90 91 92 95 98 99
81 88 82 84 85 86 87 91 92 95 96 97 98 99 100
82 54 84 85 86 87 88 89 90 93 94 96 97 98 99 100
83 84 84 87 88 90 92 94 97 98 99
84 62 85 87 88 90 91 97 100
85 94 86 87 88 90 92 96 97 98 99 100
86 76 88 89 90 91 92 93 94 98
87 60 89 93 94 95 96 98 99
88 64 89 90 91 92 93 94 95 97 99 100
89 94 94 95 98
90 63 91 93 94 95 96 99
91 56 93 95 98 99
92 68 94 95 96 97 99 100
93 90 94 100
94 88 96 97
95 69 96 98 99 100
96 89 97 99 100
97 100 98 99 100
98 95 99 100
99 51 100
100 76
