100
1 90 2 3 4 8 10 11 14 15 16 17 19 20 21 22 24 25 26 27 28 29 30 31 32 34 35 36 39 40 41 42 43 44 45 48 49 50 52 53 54 58 59 61 64 65 66 67 68 69 71 72 73 74 75 76 77 78 79 80 81 85 86 87 88 90 91 92 94 95 96 97 98 100
2 78 4 5 7 8 10 11 12 13 14 15 16 17 19 21 27 28 31 32 33 34 36 37 40 41 43 44 46 47 49 53 54 55 56 57 59 60 61 62 63 64 66 67 68 69 71 72 73 75 79 80 82 84 86 87 89 90 92 93 94 95 96 97 99 100
3 39 6 7 8 9 12 13 14 17 18 19 20 21 24 25 27 28 29 30 31 32 33 35 36 38 39 40 41 42 44 45 46 47 48 49 50 51 54 55 57 58 59 60 62 63 64 65 67 68 70 71 73 75 76 79 81 82 83 84 85 86 87 88 89 90 91 92 93 94 95 96 98 99 100
4 29 5 6 7 8 10 11 12 15 17 18 19 20 21 22 23 24 25 26 27 28 29 30 31 33 34 35 36 38 39 41 42 43 44 46 47 48 51 52 53 55 56 57 58 59 61 62 63 64 65 66 67 68 69 70 71 72 74 75 76 77 80 81 82 83 84 85 86 87 88 89 91 92 93 94 95 96 97 98 99 100
5 58 6 8 10 11 14 16 17 19 20 21 22 23 25 26 28 30 31 32 33 35 37 38 39 41 42 43 44 46 47 48 50 51 52 53 54 55 56 57 58 59 60 61 62 63 64 65 66 69 71 72 73 74 75 76 77 78 79 80 81 83 84 85 86 87 89 92 94 95 96 97 99 100
6 32 9 11 12 14 15 16 17 18 19 20 21 24 25 26 27 29 30 32 34 35 37 41 42 43 44 45 48 49 50 51 52 54 55 56 57 58 59 60 62 64 65 66 67 68 70 73 74 75 76 77 78 79 80 81 82 83 84 85 86 87 88 90 91 93 94 97 99 100
7 34 8 9 10 12 13 14 16 17 18 19 21 24 26 27 28 31 35 38 39 40 41 42 43 44 45 46 48 49 51 52 53 54 55 56 57 59 61 62 64 65 68 69 70 71 72 74 76 77 78 79 81 82 83 84 85 87 88 90 91 92 93 95 96 97 98 100
8 46 10 11 12 13 17 18 19 20 23 24 25 26 27 28 29 32 34 35 36 37 38 39 40 43 44 45 46 49 50 51 52 53 56 57 59 60 61 62 64 65 66 67 69 73 74 75 76 78 79 82 84 85 86 87 88 90 91 93 95 98
9 66 10 11 12 13 15 16 17 18 19 20 21 23 25 27 28 29 31 32 34 35 38 39 41 42 44 45 47 49 50 51 52 53 54 56 58 59 67 69 70 71 72 73 74 77 78 79 80 81 82 84 85 86 90 92 95 96 98 99 100
10 48 11 12 13 15 16 17 18 19 20 22 23 24 25 26 27 29 30 31 32 35 37 38 40 42 45 47 48 49 50 51 53 54 56 58 59 60 61 62 64 65 66 69 70 71 72 73 74 75 76 77 79 80 82 84 85 86 87 88 89 91 93 94 95 96 97 98 99
11 43 13 16 19 20 21 22 23 24 25 26 27 28 29 32 33 35 36 37 38 39 40 41 42 43 44 47 48 49 50 52 54 56 57 59 60 61 63 64 65 67 68 70 71 72 74 75 77 78 79 80 81 82 83 84 85 87 89 90 91 92 93 97 98 99 100
12 62 13 16 17 18 19 20 21 22 24 25 26 28 29 30 32 33 34 36 37 38 39 40 41 42 43 44 47 48 49 50 52 54 55 56 57 58 59 61 62 63 64 66 67 68 69 70 71 72 73 74 76 77 78 79 80 81 82 84 86 88 90 93 95 96 97 100
13 58 14 15 16 18 20 25 29 30 31 32 33 34 35 36 40 41 42 43 44 46 47 50 52 53 56 57 58 60 61 63 65 66 67 68 69 70 73 74 75 76 77 78 79 81 82 83 84 85 86 89 90 91 92 93 96 99 100
14 97 15 17 18 19 24 25 27 29 30 31 32 33 34 35 37 38 39 41 42 45 46 47 48 49 50 52 53 54 56 58 60 62 63 64 65 66 67 69 72 73 74 75 76 78 80 82 84 85 86 87 91 92 94 95 97 98 99 100
15 33 17 18 19 20 21 24 25 26 28 30 31 33 35 36 37 39 40 41 42 43 46 48 49 51 52 53 54 55 56 57 58 63 64 65 66 68 69 70 71 73 74 75 76 77 78 80 81 82 84 85 86 88 89 90 91 92 93 94 95 99 100
16 96 17 18 19 20 21 22 23 24 25 26 27 28 30 32 33 34 35 36 37 38 39 40 41 42 43 44 45 46 47 48 49 51 53 54 55 57 58 62 63 65 66 67 68 69 73 74 75 76 78 80 81 82 83 84 85 88 89 90 91 92 93 95 96 97 99 100
17 97 18 19 21 22 23 24 25 27 28 29 30 33 34 35 36 38 39 42 43 44 47 48 49 51 53 54 56 57 58 59 60 61 62 64 66 67 69 70 71 72 74 75 76 77 78 79 80 81 83 84 85 87 88 90 91 94 95 96 97 98 99 100
18 75 19 20 21 22 23 25 28 29 32 34 35 36 37 39 40 41 42 45 46 47 48 49 50 51 53 54 55 56 57 59 61 62 65 66 67 68 70 72 73 74 76 77 78 79 80 81 82 83 85 86 88 89 90 91 92 93 95 96 97 98 99 100
19 33 20 21 22 25 26 27 29 30 32 34 35 37 38 39 40 41 42 43 44 45 46 47 49 50 51 52 53 56 57 58 59 60 63 64 65 67 68 70 71 72 73 74 77 79 80 81 83 84 85 86 89 90 91 92 93 94 96 98 99 100
20 48 21 22 24 25 27 28 29 30 32 33 34 35 36 37 40 41 42 43 46 50 51 52 53 55 57 59 62 63 68 70 71 72 73 76 80 81 82 83 84 85 86 88 89 90 92 93 94 95 96
21 69 22 23 24 25 26 27 28 29 31 32 37 38 39 40 41 42 43 45 46 47 49 50 51 52 53 56 59 60 63 64 66 67 68 74 76 77 79 80 81 82 83 84 86 88 90 91 92 94 97 99
22 74 23 24 25 27 28 29 30 31 32 33 34 37 38 39 40 42 43 48 51 52 53 54 56 57 59 60 62 64 65 66 67 69 70 71 72 74 75 79 80 81 83 84 86 88 90 92 93 94 95 99 100
23 67 24 25 27 30 31 32 33 34 36 38 39 40 41 42 43 44 46 47 49 50 52 53 55 57 58 59 60 61 62 63 64 65 67 71 74 77 78 80 81 82 83 85 86 87 88 90 92 93 94 95 96 97 98 99 100
24 43 25 27 29 30 31 34 36 37 39 40 41 42 43 44 46 47 50 51 52 53 56 57 58 59 60 62 63 64 65 66 67 68 69 71 72 73 75 76 77 78 79 80 81 83 86 87 88 89 91 92 93 94 95 96 98 99
25 31 26 29 30 31 32 33 34 37 38 41 46 47 49 51 52 53 54 55 56 57 58 59 60 61 63 64 65 66 68 70 71 72 73 74 75 76 77 79 80 81 82 83 85 86 87 88 89 90 92 93 94 95 96 97 98 99
26 43 27 28 30 31 32 35 36 37 38 39 41 42 43 44 45 47 48 49 50 51 52 53 54 55 57 58 59 60 64 68 69 72 75 80 82 84 85 88 89 90 91 92 93 94 95 96 97 98 99
27 47 28 29 30 34 35 36 38 40 43 44 45 46 47 48 49 50 51 52 56 57 58 59 60 62 63 64 66 67 68 69 70 71 72 73 74 75 76 77 79 80 81 82 83 84 86 87 88 90 92 93 94 97 98 99 100
28 63 29 30 31 35 36 37 38 39 40 43 46 48 49 51 52 54 55 56 57 58 61 62 63 64 65 66 67 68 69 70 72 73 74 76 77 78 79 80 81 83 84 85 86 87 88 89 90 91 92 95 96 97 99 100
29 33 30 32 33 34 36 39 40 41 42 44 45 47 49 50 51 52 53 54 55 56 58 60 61 62 64 66 67 68 69 70 72 73 74 75 78 80 81 82 83 85 86 88 89 90 93 94 98 100
30 52 31 33 34 35 36 37 38 39 43 44 45 46 48 51 52 53 54 55 59 60 61 62 63 64 65 66 69 70 72 73 74 75 76 77 78 79 81 82 83 84 86 87 88 89 90 91 93 94 95 97 100
31 36 34 35 36 37 40 41 42 44 45 46 47 48 50 51 52 53 54 55 56 57 59 60 61 62 63 64 65 66 67 68 71 72 73 74 75 79 82 83 86 87 88 89 91 92 93 94 96 98
32 99 34 36 37 38 39 40 41 42 46 47 48 49 50 51 53 55 56 57 58 59 60 62 63 64 69 70 71 72 73 76 77 79 80 82 83 84 86 88 90 92 95 96 97 100
33 70 36 37 38 39 41 43 45 46 47 48 49 51 52 53 54 55 56 57 58 59 60 61 62 64 65 66 67 71 72 76 80 82 84 86 88 89 90 91 92 93 95 98 100
34 77 35 36 37 38 39 41 42 43 44 46 49 50 51 52 54 55 56 57 58 59 61 63 64 65 66 68 69 70 73 74 75 76 77 79 81 82 83 84 85 86 88 89 91 92 93 94 98 99 100
35 22 38 40 42 43 44 45 46 48 49 50 51 52 53 54 55 56 57 62 63 64 65 66 67 68 69 70 73 74 76 80 83 84 85 86 87 88 90 93 94 95 96
36 84 38 39 41 42 44 45 48 50 52 53 56 57 58 60 61 63 64 65 66 67 69 70 71 73 76 77 78 80 84 85 86 87 88 90 93 94 96 97 100
37 63 39 40 41 45 49 51 53 54 55 56 57 59 60 61 62 63 64 66 67 68 69 73 75 76 77 78 80 81 85 86 88 89 90 91 92 94 95 96 97 99 100
38 31 41 42 43 44 45 46 47 48 49 50 52 53 54 55 57 58 59 60 61 62 65 66 67 70 71 72 73 74 76 77 78 79 80 81 82 83 84 85 86 88 91 92 93 94 96 97 98 99 100
39 75 40 41 43 44 46 49 50 53 54 55 56 57 58 59 62 63 64 65 67 68 70 71 72 75 76 78 80 81 82 83 84 85 86 87 89 90 91 92 94 95 96 97 98 99
40 23 41 42 46 47 48 49 51 52 54 56 57 60 61 62 63 65 66 67 68 70 73 75 77 80 81 82 83 84 85 86 87 89 90 92 93 94 96 97 99
41 36 42 43 45 46 47 48 49 50 52 53 54 56 57 58 59 60 62 63 65 66 67 69 70 71 72 74 75 76 77 79 80 81 82 83 87 91 92 95 96 97 98 100
42 81 43 44 45 47 48 49 51 53 54 55 56 57 58 61 62 63 65 69 70 71 72 73 74 75 77 78 79 80 81 82 86 87 88 89 90 92 93 94 95 99 100
43 44 44 45 46 47 48 50 51 52 53 54 55 56 58 59 60 62 63 64 65 66 68 69 70 72 73 74 75 76 77 78 79 80 83 84 86 88 89 90 92 94 97 98 99 100
44 68 45 46 48 49 52 53 54 55 56 57 58 59 61 62 63 64 68 69 71 73 74 75 77 80 81 83 85 86 89 90 91 92 93 94 96 97 99 100
45 68 46 47 48 49 50 52 53 56 58 59 60 63 64 67 69 71 72 74 75 76 80 82 83 84 85 87 89 94 96 97
46 54 47 48 49 50 52 54 55 59 60 61 62 63 64 65 66 67 68 69 71 72 75 76 79 80 81 84 86 87 88 89 90 93 95 96 97 98 100
47 75 48 51 53 54 55 56 59 60 63 65 66 67 68 70 71 73 74 77 78 79 80 81 82 83 87 88 89 90 91 92 93 94 95 96 97 98 99
48 73 50 51 52 56 57 59 62 63 64 67 68 70 71 72 73 75 76 77 78 79 85 86 89 92 93 94 95 96 97 98 100
49 97 50 51 52 53 54 55 57 58 59 60 61 62 64 65 66 67 68 69 70 71 72 73 74 76 77 78 79 81 82 83 85 86 87 88 89 93 95 96 97 98 99 100
50 56 52 53 56 57 59 60 61 62 63 64 65 67 69 70 71 72 73 74 76 77 78 80 81 82 83 84 85 88 89 90 91 95 96 97 98 99 100
51 34 52 57 58 59 61 63 65 66 67 68 69 70 71 73 74 75 77 78 79 80 82 83 85 86 87 88 91 92 93 94 95 96 98 99 100
52 66 53 56 57 58 59 60 62 64 66 67 68 69 70 71 72 73 74 75 77 78 79 80 81 83 84 85 86 87 88 89 90 91 92 93 94 95 96 97 98 99 100
53 49 54 55 56 58 59 60 61 62 64 66 67 68 71 72 74 76 77 79 80 81 82 83 84 85 87 90 91 92 93 94 95 96 98 99 100
54 68 55 56 57 59 60 62 64 65 66 67 69 70 71 72 73 75 76 77 78 79 80 81 83 84 85 86 89 90 91 92 93 95 97 98 100
55 29 56 58 59 60 61 62 63 64 66 68 69 72 73 74 75 77 78 79 81 84 87 88 89 91 93 94 95 96 97 98 99 100
56 49 57 60 61 63 64 65 66 68 69 70 71 72 73 75 76 77 78 79 80 81 82 83 84 85 86 87 89 90 91 92 93 94 95 97 100
57 54 58 59 60 61 62 63 66 67 68 70 71 73 74 76 78 80 81 82 83 84 85 86 87 88 90 91 92 93 94 95 96 97 98 99 100
58 69 59 60 62 64 65 66 67 68 69 70 71 74 75 76 77 79 80 81 82 84 86 87 88 91 92 93 94 95 99 100
59 99 60 61 62 64 66 69 70 71 72 73 76 77 79 80 81 83 84 85 86 87 88 89 90 93 94 95 98 100
60 68 63 65 66 67 68 69 70 72 73 78 79 80 81 82 84 85 86 87 89 90 91 93 94 95 96 97 98 99 100
61 74 62 63 64 65 67 69 70 71 73 74 76 78 80 82 83 84 85 86 87 88 90 91 93 94 95 96 100
62 73 64 65 66 69 70 73 74 77 78 79 80 81 82 83 84 86 88 89 90 92 93 95 96 97 99 100
63 58 64 65 66 67 68 71 73 74 76 77 78 79 80 81 82 83 84 85 87 88 90 91 92 93 94 95 96 97 99
64 21 66 67 68 69 70 72 73 74 75 76 77 79 80 81 82 83 85 86 87 90 92 94 95 97 98 99 100
65 91 67 70 71 72 73 74 75 76 77 78 79 83 85 86 87 88 89 90 91 92 93 94 95 96 98 100
66 99 67 68 69 70 71 72 73 74 75 77 78 79 81 82 83 85 86 88 89 90 91 92 93 94 95 96 98 100
67 77 69 70 72 74 75 76 77 79 82 84 85 86 88 89 90 93 95 96 97 98 99
68 66 69 73 74 75 76 77 78 79 81 82 83 84 85 86 87 88 91 92 95 96 97 98 99 100
69 100 71 72 73 74 76 77 78 81 82 83 84 85 88 90 91 93 94 97 98 99 100
70 84 71 78 79 80 81 82 83 84 87 88 91 93 95 96 97 99 100
71 52 72 73 74 75 76 77 78 80 81 82 84 85 87 88 90 91 92 93 94 95 96 97 98 99 100
72 44 73 76 77 79 80 82 85 86 87 88 89 91 92 93 95 98 99
73 75 74 76 77 79 80 81 82 83 84 86 88 89 90 91 92 93 96 97 98 99 100
74 31 75 77 78 79 80 82 83 86 87 89 90 91 92 94 98 99 100
75 74 76 77 78 79 81 82 83 85 86 87 88 89 90 91 92 94 95 96 97 99
76 77 77 78 79 80 81 82 86 87 88 89 90 91 93 94 95 96 97 98 99
77 53 78 79 82 84 85 86 87 88 89 90 91 93 96 97 98 100
78 61 79 80 81 82 83 84 85 86 87 88 89 90 91 92 93 94 95 96 97 98 99
79 35 80 81 83 84 85 86 88 89 90 91 92 96 97 98 99 100
80 94 82 84 86 87 89 91 93 94 95 98
81 88 82 83 84 86 88 89 90 91 92 93 94 95 96 97 99 100
82 92 83 84 87 88 89 90 91 92 93 95 97 98 100
83 26 84 85 88 89 90 93 95 96 97 100
84 63 85 86 89 90 91 92 93 94 95 96 98 99 100
85 76 86 88 89 90 91 92 93 94 96 98 99
86 46 89 90 91 92 93 94 100
87 69 88 89 90 94 95 96 98 99 100
88 46 89 91 92 93 94 96 100
89 72 90 91 93 94 95 98 99 100
90 44 91 92 93 94 95 97 98 99
91 93 92 93 95 96 100
92 62 93 94 95 96 98 99
93 61 95 97 98 99 100
94 39 95 97 98 99 100
95 80 96 97 98 99
96 35 97 98 99 100
97 52 98 100
98 56 100
99 82 100
100 38
