100
1 65 5 24 26 31 40 41 48 52 58 75 88 94
2 51 4 28 52 59 83 98
3 83 6 8 28 29 31 35 37 65 66 67 72 74 81 99
4 72 20 22 32 51 53 56 59 62 73 79 87 97 99
5 54 17 38 53 67 77 95
6 94 7 9 14 26 27 28 56 67 72 88 100
7 92 54 66 70 79 93
8 91 48 57 78 85 100
9 67 23 28 49 96
10 90 16 23 26 41 45 47 49 76 80 91 92 93 95
11 65 16 27 33 36 65 87 94 99
12 82 16 27 30 58 67 77 78 86
13 73 16 23 24 38 39 58 78
14 83 38 39 44 47 51 56 58 59 86 89 98
15 100 30 45 50 57 61 69 71 78 82 88 94 95
16 100 31 48 64 67 72 75 92
17 67 18 28 29 32 40 42 87
18 50 22 24 26 42 49 60 62 66 68 75 81 83
19 98 36 43 78 80 90
20 67 48 56 63 73 83
21 94 23 28 32 62 65 71 72 74 88
22 72 44 50 55 59 67 75 79 83
23 54 36 39 54 80 82 95 96
24 63 38 42 87 90 95
25 67 30 34 45 76 78 85
26 95 29 31 51 63 82 90 96 97
27 83 29 33 44 68 72
28 62 31 44 59 61
29 85 47 49 50 63 76 80 83
30 77 34 36 45 54 58 59 72 85 99
31 83 55 57 58 76 79 86
32 73 47 62 66 72 73 81 82 100
33 84 34 38 55 59 75 78 79 80 81 97
34 99 53 56 82 89
35 62 39 56 70
36 94 41 44 46 47 49 50 70 71 84 90
37 76 46 65 67 71 83 89 94
38 89 48 86 87 92
39 68 49 75 92
40 53 58 62 70 73 78 97 98
41 69 48 68 91 99
42 92 49 56 61 67 75 88 91
43 92 59 64 68 70 82 84
44 93 47 52 53 54 68 81 85 91
45 56 47 73 92
46 80 56 81 85 88 92 96
47 85 60 61 81 98
48 68 55 57 71 98
49 84 56 58 63 74 85
50 83 62 65 74 76 81 89 100
51 78 58 61 70 71 72 74 75
52 50 61 67 71 77 81 90 96
53 76 58 80
54 92 57 76 88 92
55 79 71 80 90 96
56 61 58 61 67 88 89 95
57 81 62 64 71 73 79 90
58 60 63 71 73 83 84 91
59 70 60 67 76 85 100
60 93 61 66 74 90 91 96
61 59 63 66 75 82 85 96
62 52 71 84 85 96
63 68 87 90 94
64 76 67 72 81 89 91
65 93 77 82 95
66 75 72 74 77 84
67 100 69 77
68 91 82
69 69 81
70 78 72 90 94
71 88 81 85 88 90
72 60 86 88
73 78 75 82 90 100
74 63
75 89 94
76 57 79 87 97
77 81 80 84 97
78 52 90 100
79 97 87
80 94 96
81 72 87 95 100
82 85 85
83 58
84 68 94 95
85 61 94 96
86 95 100
87 88 88 92
88 58 94
89 91
90 58
91 91
92 67
93 55 99
94 97
95 60 96 97
96 78
97 50 98
98 67
99 52
100 53
