100
1 50 2 3 5 6 9 10 14 16 18 20 21 26 29 30 33 35 36 38 40 41 42 45 50 52 54 55 56 57 60 61 63 65 70 71 72 73 76 79 80 81 85 86 90 91 94 96 97 99 100
2 92 6 8 12 13 20 22 24 25 26 28 30 31 32 34 39 40 44 47 48 54 56 57 59 65 67 71 77 81 83 86 88 89 90 94 95 96 98
3 94 4 9 10 14 19 24 26 29 31 32 35 36 37 40 41 42 43 46 48 50 54 64 70 73 76 82 83 84 94 95 99
4 83 6 7 11 13 14 17 20 31 33 35 36 37 39 41 43 45 47 48 49 50 52 53 54 59 60 61 62 63 64 66 71 73 74 82 83 84 85 86 89 91 93 95 96 98 100
5 86 6 7 8 13 14 15 17 19 20 27 28 29 31 32 34 38 39 40 42 46 47 48 52 54 56 58 62 63 65 68 70 76 77 78 81 82 88 91 92 94 95 96 98 99 100
6 84 12 14 19 20 21 23 25 26 29 30 31 33 40 41 45 48 49 50 51 57 68 71 73 74 85 87 92 93 94 97 98
7 55 9 11 14 16 20 25 26 27 31 32 34 36 38 40 42 43 46 49 55 57 59 61 62 65 67 70 71 72 74 79 81 86 88 94 95 97 99
8 51 9 12 15 18 26 35 38 46 47 49 50 51 53 54 55 59 60 65 66 69 72 76 80 84 85 93 94 97 98 99 100
9 66 10 13 15 21 24 28 32 33 36 37 43 47 49 62 63 64 67 70 72 73 75 76 77 78 79 80 81 83 85 86 94 95 97 98 99
10 75 11 12 17 19 21 23 25 26 27 33 34 35 36 45 48 49 51 53 58 59 66 68 75 76 78 79 80 82 85 86 87 88 90 91 95 99 100
11 84 12 14 15 19 25 31 32 39 46 47 52 53 54 55 59 60 62 64 71 72 74 80 85 86 91 92 93 97 100
12 98 14 18 19 20 21 23 24 25 31 34 35 39 41 43 45 47 49 52 56 58 59 60 61 64 67 69 71 75 76 77 82 88 96 99
13 73 15 16 22 23 26 31 32 35 36 37 38 43 44 52 58 63 70 80 82 83 87 88 93 94 96 97 98 99
14 100 15 18 19 30 31 36 37 38 42 43 44 45 47 48 50 52 55 56 59 60 61 62 63 64 65 66 70 75 78 80 81 82 85 89 90 91 92 93 94
15 80 17 23 25 30 33 34 35 47 52 56 57 58 60 61 66 68 69 70 71 72 74 76 78 79 81 82 85 86 92 93 98 99 100
16 81 17 18 21 24 27 30 33 40 41 43 45 47 53 57 60 65 72 73 75 78 85 87 90 91 92 94
17 66 21 22 23 25 28 29 31 36 37 40 42 45 46 49 50 55 57 59 60 62 63 64 65 67 68 72 74 76 79 83 86 87 88 93 94 97
18 85 20 22 24 30 31 41 42 44 46 47 50 52 54 56 57 58 60 61 67 68 69 70 71 74 76 80 83 87 88 90 91 97 98 100
19 64 21 26 29 31 32 38 39 43 44 46 52 53 55 57 59 60 61 66 67 71 75 77 78 79 80 87 89 90 91 94 96
20 63 21 25 35 36 41 44 45 46 47 51 52 53 54 55 56 60 62 65 73 74 75 78 81 87 89 91 93 94 96 98 99
21 55 27 29 33 34 36 41 42 43 47 48 50 52 54 55 57 60 63 65 66 69 73 75 81 87 88 89 90 92 93 97 99
22 75 24 26 28 30 33 35 36 37 38 39 42 43 54 55 58 59 61 62 64 65 66 69 70 72 73 78 80 82 89 90 91 92 96 97
23 52 24 29 32 33 34 35 39 40 41 43 45 46 53 55 57 60 61 64 65 66 68 71 74 82 87 88 90 92 98 99
24 65 25 27 28 31 32 34 37 38 41 43 45 46 49 53 55 56 57 59 64 65 68 72 75 77 81 85 86 88 90 93 99 100
25 52 26 29 31 34 36 41 42 44 48 49 56 59 60 75 76 78 80 81 82 85 91 92 96 97 98 100
26 57 28 30 32 36 37 38 39 46 47 48 51 53 54 57 59 62 63 65 72 78 79 81 82 89 90 91 92 93 96 97
27 97 30 31 32 33 34 35 37 40 41 42 44 45 46 47 48 49 53 54 56 57 59 69 75 76 79 83 84 88 91 93 94 97 99
28 80 32 35 36 38 39 44 45 46 49 50 51 52 54 55 56 62 66 68 70 72 73 75 77 78 80 84 86 88 91 95 96
29 66 31 36 39 48 50 53 62 68 76 78 86 88 90 93 95 96
30 56 31 32 33 37 40 41 44 46 49 50 57 59 62 63 64 70 71 73 77 78 82 88 92 93 98 100
31 96 33 40 43 48 49 55 56 57 58 61 63 69 70 74 78 79 81 82 83 84 91 92 93 94 95 97 100
32 57 39 41 42 43 45 48 51 52 55 57 59 60 62 69 72 73 77 78 79 82 88 93 95 96 98
33 71 36 37 39 40 44 51 54 63 64 65 66 68 71 73 76 78 79 84 86 89 91 97 98
34 55 35 37 39 40 42 44 46 47 48 53 59 61 66 69 76 77 78 79 80 81 84 86 89 91 95 98
35 96 36 44 45 46 47 49 51 52 53 54 55 57 59 60 65 66 69 72 73 75 76 77 79 82 83 84 89 91 92 93 95 96 97 100
36 100 39 40 48 49 50 51 52 54 56 57 58 63 65 66 67 69 70 71 73 76 78 81 82 88 92 93 94 96 100
37 63 38 39 45 46 49 53 54 55 56 69 73 74 76 77 80 83 84 86 87 88 89 92 97 98 99
38 69 42 44 45 46 48 51 55 56 60 61 62 64 66 69 70 71 72 78 83 86 87 89 91 95 97 98 100
39 75 40 50 54 55 56 61 62 66 69 70 72 73 78 79 81 82 84 88 91 93 99 100
40 81 41 43 44 45 46 48 49 59 61 64 68 69 70 73 76 78 81 86 87 89 91 92 95 98 99 100
41 76 44 46 47 53 57 58 60 61 62 63 67 68 71 73 75 78 81 85 86 87 93
42 68 46 49 53 59 62 64 67 68 70 72 74 77 79 81 83 86 87 88 89 91 92 93 94 99
43 77 46 48 58 60 63 66 71 73 79 81 88 91 93 94 98 99
44 79 48 50 52 54 56 60 62 63 66 69 74 75 76 77 78 79 82 84 88 90 91 94 96 98
45 76 49 52 53 54 60 63 66 68 72 73 74 84 85 86 91 98 99
46 84 48 49 50 52 55 57 59 60 61 64 65 66 73 76 77 79 80 82 83 87 91 94 97 100
47 52 51 54 55 58 60 62 65 66 68 69 70 71 72 73 76 95 97 98 99 100
48 79 50 51 52 61 62 63 64 66 69 75 79 83 88 93 94 95 96 97 100
49 57 53 54 56 57 61 63 64 65 66 67 69 73 74 78 79 82 87 88 90 93 96 100
50 93 52 53 58 59 60 62 65 67 68 71 73 75 76 78 82 85 86 87 88 96 97 98
51 61 52 53 55 56 59 60 61 64 65 68 69 72 73 75 77 80 82 84 89 90 92 94 95 96 97 98 99
52 59 56 59 60 61 62 64 65 67 69 73 74 76 78 82 83 92 94 96 100
53 57 55 61 65 69 74 76 78 84 85 89 92 96
54 62 57 58 70 71 74 75 82 85 88 90 91 92 93 95 96 100
55 97 56 57 62 63 67 69 75 77 78 79 81 85 87 88 91 92 93 97 98 99
56 83 59 63 64 65 69 75 77 79 80 85 87 88 90 97 99
57 64 65 66 70 71 75 78 79 80 81 82 86 89 91 92 93 95 96 98 99 100
58 99 61 62 63 64 74 77 78 87 88 89 90 94 95 98 99 100
59 89 62 65 66 69 72 78 88 90 91 94 95 97 98 100
60 85 61 62 63 65 67 78 81 86 90 91 95 96 97
61 85 62 63 68 70 71 72 76 80 86 92 96 98
62 88 65 69 70 71 72 74 76 77 82 84 88 90 94 96 97 98
63 96 64 66 67 70 71 72 73 74 75 76 77 81 82 84 87 96 100
64 68 65 66 67 71 72 74 75 79 80 81 82 86 87 89 90 91 94 97
65 93 66 68 69 70 72 76 79 88 98 99
66 68 71 75 78 80 82 84 86 93 96 98
67 86 68 70 71 72 81 84 87 88 91 92 95 97 98 100
68 95 71 72 74 76 78 80 81 82 83 84 86 87 94 96 99 100
69 81 74 76 78 81 83 84 87 88 90 93 95 98 99 100
70 71 72 73 80 81 85 87 89 91 93 94 96 99 100
71 80 72 76 78 80 81 85 87 90 92 93 94 95 98 100
72 91 75 77 81 82 83 84 86 88 92 93 95 97 100
73 80 74 75 82 84 86 91 96 99 100
74 75 75 79 95 96
75 92 78 81 82 85 86 87 88 89 92 96 98
76 51 81 82 83 85 86 87 88 92 95 97 98
77 79 80 81 84 85 92 97
78 98 81 83 84 87 88 92 93 94 97
79 100 80 81 82 83 89 90 94 97 98 100
80 57 82 92 93 94 98
81 98 86 88 90 93 96 98 100
82 90 88 89 92 93
83 84 84 90 91 92 96
84 100 85 86 87 88 89 95 97
85 50 86
86 92 87 89 92 94 96 97 98
87 56 88 91 95 98 100
88 70 90 97 98 99 100
89 59 98
90 65 92 95 98 99 100
91 72 97
92 54 93
93 88 96 97 99 100
94 75 95 99 100
95 98 96
96 56 100
97 78
98 60
99 85 100
100 69
