100
1 2 2 3 4 5 6 7 8 10 12 13 17 18 19 22 25 26 27 28 30 31 32 34 35 36 38 39 41 42 45 46 48 51 54 55 56 58 59 60 63 64 65 67 68 69 72 74 75 76 77 78 80 82 87 88 90 92 93 95 97 99 100
2 90 3 4 6 7 8 10 11 12 15 17 19 21 23 26 28 29 31 32 33 34 37 38 40 43 44 48 50 51 53 55 57 58 60 61 62 63 65 66 69 70 72 73 74 75 76 77 79 84 85 86 87 89 90 92 93 95 98 100
3 57 4 6 8 11 13 15 18 19 20 24 25 26 27 29 31 33 34 36 37 38 39 41 43 44 47 52 53 54 57 59 60 62 64 65 66 67 69 70 71 72 74 75 76 77 78 79 80 81 82 83 85 86 87 88 90 91 93 95 96 99 100
4 53 5 6 8 9 11 12 13 14 15 17 18 19 20 21 24 27 29 30 32 33 36 40 42 43 44 45 46 47 50 51 52 53 54 55 56 58 59 61 62 63 65 67 68 69 73 76 77 78 80 83 84 86 87 92 93 94 95 97 98 99 100
5 62 6 7 9 10 11 14 15 17 18 19 20 21 25 26 28 29 30 31 33 34 35 36 37 39 40 42 43 45 46 48 49 52 54 55 56 57 66 67 69 70 71 72 73 74 77 78 80 81 84 86 87 88 90 91 92 93 94
6 26 7 8 10 11 16 17 19 21 23 24 25 26 27 28 30 31 33 34 35 36 37 38 39 41 42 44 46 48 50 51 54 55 56 57 61 66 67 72 73 74 79 82 83 84 86 89 91 93 94 95 96 97 98 100
7 66 8 9 13 15 16 17 18 19 20 21 23 24 27 28 29 30 32 34 37 39 41 42 43 45 46 50 52 53 54 55 56 59 60 63 64 66 67 68 69 72 74 77 81 82 83 85 90 92 96 97 99 100
8 3 9 10 13 14 15 16 17 18 19 20 21 22 23 24 27 28 29 30 32 36 37 40 41 46 47 48 49 50 52 53 54 55 56 57 58 59 61 62 63 64 65 67 68 72 73 74 77 78 79 81 82 83 84 86 87 88 89 91 92 95 96 100
9 9 12 14 17 19 21 22 23 24 26 28 29 31 32 33 36 37 39 40 41 43 44 48 50 51 53 54 55 56 57 59 60 61 62 63 64 65 66 67 68 69 70 74 75 76 77 80 82 83 84 85 86 87 92 94 97 100
10 3 11 14 16 17 23 25 26 27 28 30 31 32 33 35 36 37 41 44 45 46 47 48 51 53 54 55 56 59 62 63 64 66 68 69 70 72 73 74 76 79 80 81 84 88 89 90 92 93 94 96 97 98 99 100
11 35 12 13 15 17 18 24 25 26 27 29 30 34 35 36 39 40 41 42 44 46 47 49 51 52 54 56 57 58 60 63 65 66 69 70 73 75 77 78 81 82 84 85 86 87 89 91 94 95 97 98 99 100
12 6 15 17 19 20 21 23 24 25 26 29 31 32 33 34 37 38 43 44 46 47 50 51 54 55 57 59 60 62 66 68 69 70 71 74 75 77 78 79 84 85 86 88 89 90 92 93 94 95 97 98 100
13 36 15 19 20 24 25 27 28 29 33 35 36 38 41 42 45 46 53 54 56 59 60 62 64 65 68 71 72 73 74 75 76 77 78 80 85 86 88 89 90 91 92 94 95 96 99 100
14 54 15 16 17 18 19 23 25 26 27 28 29 31 35 38 39 40 41 43 45 46 47 48 50 52 53 56 57 59 60 63 64 65 66 67 69 70 73 75 76 77 78 79 81 82 85 86 87 90 91 93 94 95 96 98 99 100
15 9 17 21 22 23 24 25 26 27 28 32 33 37 38 39 40 44 45 48 49 50 51 52 54 56 58 59 60 61 63 64 66 67 68 74 75 76 78 81 84 86 88 89 90 91 95 98 99 100
16 59 17 19 24 26 27 28 29 32 36 38 42 43 46 48 50 53 54 56 57 58 59 61 62 63 65 67 68 73 74 75 76 78 80 84 85 86 87 89 90 91 94 95 98 99 100
17 81 21 25 26 28 29 31 34 38 39 41 42 43 46 47 48 54 55 56 59 62 63 65 66 68 69 70 73 74 75 76 78 82 83 84 88 89 90 91 92 94 95 97 99 100
18 93 19 22 25 26 27 29 31 34 35 36 39 40 41 43 45 62 63 65 66 67 70 73 74 75 77 82 83 85 87 88 91 92 93 95 96 97 99 100
19 83 21 22 24 26 28 29 31 32 36 37 38 41 43 44 45 47 48 52 53 54 55 56 62 64 65 68 72 73 75 78 79 81 84 85 89 91 92 94 95 96 98 99 100
20 8 21 22 24 26 27 33 34 35 36 39 40 41 42 46 48 51 53 54 55 57 58 59 62 63 64 67 68 69 70 71 72 73 74 75 77 78 81 84 85 86 89 90 91 93 94 95
21 87 23 24 25 27 28 29 30 31 34 35 36 37 39 41 42 43 44 45 47 48 52 56 57 60 61 62 63 64 65 66 68 69 70 72 73 75 76 78 79 80 81 83 87 89 90 91 92 96 97 98
22 28 24 27 31 32 33 34 35 39 42 43 44 48 51 52 53 54 60 61 62 63 65 68 69 70 71 72 74 75 76 77 78 79 82 83 84 85 86 87 89 90 91 93 94 96 97 99
23 94 24 25 27 28 29 31 32 33 34 35 39 42 46 48 49 53 57 58 61 62 63 66 68 71 73 75 76 78 79 80 81 82 83 84 87 89 91 92 94 96 98 99
24 16 26 28 29 30 31 33 35 36 37 38 39 40 44 45 46 47 48 51 52 53 54 55 58 59 60 61 62 63 65 66 69 71 73 75 77 78 82 83 84 85 86 88 90 92 94 95 96
25 82 26 27 28 29 33 34 35 37 38 39 40 41 42 45 46 47 48 50 51 53 55 56 57 59 60 61 62 63 64 65 69 70 73 75 77 78 80 81 82 83 85 89 90 91 93 96 98 100
26 58 27 29 30 31 32 33 34 35 36 37 38 39 40 41 42 43 44 45 46 49 50 51 54 55 56 58 59 60 61 68 69 70 73 74 76 78 79 80 81 82 83 84 85 87 89 91 92 93 94 95 98 99 100
27 30 28 29 30 31 32 33 36 40 41 42 44 45 46 48 49 50 51 52 57 58 60 61 62 64 65 67 68 71 72 74 75 76 78 79 80 81 83 84 86 88 90 93 94 96 97 98
28 9 29 30 31 33 34 35 37 40 41 44 45 46 47 48 50 53 54 55 56 58 61 62 64 68 71 72 73 74 75 76 79 81 82 83 84 85 87 88 92 95 96 99 100
29 72 30 31 33 34 35 37 38 39 40 41 45 48 49 51 53 54 56 59 61 62 63 64 65 66 68 69 71 74 75 77 79 80 81 82 84 86 87 88 89 91 92 98 100
30 76 34 35 36 38 39 40 41 43 44 45 47 49 51 52 54 55 56 57 58 60 61 62 63 65 67 68 70 71 73 75 77 78 81 82 83 85 86 87 88 89 90 91 92 94 95 97 98 100
31 38 35 36 39 41 43 44 45 46 47 48 50 53 57 58 60 62 66 67 68 70 71 74 75 76 77 79 81 84 87 88 89 90 92 95 98 99
32 10 34 35 36 37 38 39 40 41 42 44 46 48 51 53 56 57 58 59 60 62 63 64 65 66 72 75 77 78 79 80 81 82 83 85 86 87 91 93 97 98 100
33 39 34 35 36 37 38 39 42 43 44 45 46 48 50 54 57 63 65 66 68 69 70 71 72 73 74 75 76 77 78 79 81 82 83 85 86 91 92 94 97 98 99
34 25 35 36 37 38 39 40 41 44 46 50 51 52 54 55 56 57 58 59 60 62 63 67 68 69 71 73 75 76 80 82 83 86 87 88 89 90 91 92 94 95 97 98 99 100
35 76 37 38 41 45 47 48 49 50 51 52 54 57 59 61 62 63 66 67 69 71 74 76 78 80 81 83 85 87 91 92 93 94 96 97 98 99 100
36 50 39 40 41 42 43 44 45 47 49 50 51 52 53 55 57 59 62 64 66 72 75 76 79 80 83 84 85 86 87 89 91 92 94 97 98 99
37 28 38 39 40 41 48 51 52 55 57 58 59 60 61 65 68 71 72 73 74 75 76 78 80 81 83 85 86 90 91 94 95
38 3 39 41 42 44 45 47 48 50 52 54 55 59 60 61 63 64 66 68 69 70 71 72 74 75 76 77 78 80 81 82 83 84 85 86 87 88 89 92 93 95 97 98 100
39 97 40 41 42 43 44 45 46 47 48 50 51 52 53 54 55 56 57 60 61 64 66 67 68 70 72 73 74 76 77 79 80 81 82 83 84 85 86 88 89 90 91 96 97 98 100
40 79 42 43 44 45 46 48 50 51 54 56 57 58 59 60 62 63 64 65 67 68 69 70 71 72 73 74 75 77 78 81 83 86 89 91 93 94 95 97 98 99
41 27 42 47 49 52 55 57 61 64 65 66 67 69 70 72 77 79 82 85 87 88 90 91 97 99
42 84 43 44 45 46 50 51 53 54 55 58 59 61 62 63 64 65 66 67 68 69 71 73 75 79 80 81 82 84 85 87 89 90 91 92 93 95 96
43 2 45 46 48 50 51 53 55 57 58 59 61 62 64 65 66 70 71 73 74 76 77 78 79 81 82 84 89 91 92 93 94 96 98 99 100
44 53 46 47 50 53 54 55 57 59 62 64 65 66 67 68 69 70 71 73 75 76 77 78 79 80 81 82 84 85 87 88 89 91 93 95 96 100
45 14 48 49 50 52 54 55 56 57 58 59 60 61 62 63 64 66 68 69 71 72 74 75 76 77 79 80 82 84 85 86 87 88 89 90 91 92 94 95 96 100
46 49 50 52 53 55 56 57 58 60 61 62 63 64 66 70 71 72 73 74 76 79 80 86 87 89 90 91 92 93 94 95 96 97 98 99
47 71 48 49 51 52 55 56 57 58 60 62 67 73 74 78 81 82 83 87 88 90 92 93 94 98
48 33 49 50 53 54 55 56 57 58 60 62 63 65 67 68 70 73 75 76 78 79 80 83 85 87 89 90 93 94 95 96 97 98 99 100
49 74 50 52 53 54 55 56 57 58 60 61 62 70 73 74 75 77 78 79 82 86 88 89 92 94 95 96 99
50 80 52 53 54 55 56 57 58 61 62 65 67 68 70 74 75 76 77 81 82 83 84 85 87 88 89 91 96 97 98
51 81 52 54 55 56 57 59 61 62 63 64 66 68 70 71 73 79 83 84 86 87 88 89 90 92 95 96
52 67 53 55 58 59 61 64 66 68 69 70 71 72 74 75 77 78 79 80 82 83 86 88 89 90 91 93 94 96 97 98 99 100
53 73 54 56 57 58 59 60 61 62 64 65 66 67 68 72 74 75 76 77 78 79 80 82 83 84 85 86 87 89 90 92 95 96 97 98 99
54 22 56 57 60 61 62 64 67 69 70 72 73 74 75 76 79 81 83 84 86 87 88 91 94 96 98
55 34 56 57 59 61 63 64 66 70 71 72 73 74 75 76 80 82 83 85 88 92 93 97 98 99 100
56 81 60 61 62 64 65 68 69 72 73 75 76 77 78 81 82 83 86 88 89 91 92 94 95 97 98
57 77 58 64 65 66 67 69 70 72 74 77 78 79 82 83 85 86 87 89 90 91 93 95 96 97 98 99 100
58 71 63 66 67 72 73 74 75 76 81 82 83 84 85 86 89 90 91 95 96 97
59 12 61 62 64 65 66 67 69 71 72 74 75 76 77 78 79 80 82 83 84 85 86 87 88 99 100
60 75 61 63 64 65 66 67 68 69 70 71 75 76 77 79 82 84 85 89 91 93 95 96 97 98 100
61 4 62 65 66 67 68 70 71 72 73 74 82 84 85 88 90 91 93 94 96 97 99
62 79 63 64 65 68 69 70 71 72 73 75 78 79 80 84 85 86 87 88 93 98 100
63 66 64 66 67 68 69 70 71 72 74 77 80 84 87 90 93 96 97 99 100
64 20 65 66 67 68 69 70 71 72 75 77 79 81 82 83 85 87 88 91 92 93 96 97 98 99
65 22 66 67 68 70 72 73 74 75 76 78 80 81 84 85 86 88 89 91 92 94 96 97 98 99 100
66 45 68 69 71 74 75 76 77 79 82 83 84 85 87 88 89 90 91 93 95 97 98 99 100
67 63 69 70 71 74 76 77 78 82 83 85 87 88 89 91 92 93 94 100
68 71 69 70 72 74 76 77 81 84 85 86 89 90 91 93 95 96 97
69 40 72 73 74 75 76 80 81 83 85 87 88 89 90 91 92 93 94 95 96 97 98 100
70 80 71 73 74 75 76 77 78 80 84 85 86 88 89 90 91 93 95 96 97 98
71 4 72 73 74 76 78 80 81 82 85 88 90 92 94 95 96 97 99 100
72 91 74 76 78 80 81 82 84 86 90 91 94 96 97
73 33 74 76 81 84 86 90 91 92 95
74 6 75 76 79 80 82 83 84 86 88 90 93 94 96 97 99
75 26 76 77 78 79 80 81 82 83 85 86 88 89 91 93 94 95 97
76 91 77 78 79 80 81 83 84 85 86 88 90 93 94 95 96 97 98 99 100
77 47 78 82 83 85 86 96 98 99 100
78 99 81 82 83 85 86 87 88 90 93 95 98 99 100
79 4 82 83 84 85 89 90 93 94 95 96 99
80 93 81 82 83 84 85 88 89 90 91 92 93 97 99
81 15 84 85 86 89 90 93 94 95 96 98 99 100
82 12 84 85 86 87 89 90 93 94 95 96 98 99 100
83 80 84 87 90 94 96 97 98 99 100
84 11 86 88 89 90 91 92 93 95 96 97 98 99 100
85 33 86 87 88 89 90 97 98 99 100
86 100 87 91 92 97 100
87 11 88 89 90 93 94
88 65 95 96 98 99 100
89 26 90 91 92 94 95 98 99 100
90 87 91 92 94 96 98 99
91 78 92 93 96 97 99
92 10 93 95 97 98 99
93 66 95 96 97 99
94 78 95 98 99
95 50 96 97 98 99 100
96 22 99
97 48 98 100
98 87 99 100
99 36
100 88
