100
1 70 4 6 8 10 13 15 17 18 22 23 25 27 28 29 30 32 33 35 36 41 44 45 46 50 51 52 55 58 61 62 63 66 68 69 71 72 73 74 77 78 81 82 83 85 87 88 90 93 95 96 98 99 100
2 99 4 5 6 7 10 12 14 17 20 21 22 26 27 28 29 30 34 35 39 41 47 50 53 58 59 60 61 63 65 67 68 69 71 72 73 75 76 80 81 82 84 85 87 89 91 92 95 96
3 59 5 6 7 10 11 13 16 18 19 22 23 25 27 28 31 32 34 38 40 41 42 46 50 53 54 56 57 58 59 61 62 63 64 65 67 68 70 71 73 74 75 79 80 81 84 85 86 88 89 91 93 95 96 98 100
4 95 5 7 8 14 15 16 18 19 20 25 28 29 30 32 33 34 36 37 39 43 45 46 47 51 53 57 58 59 60 62 63 66 68 69 71 73 74 75 79 81 84 89 94 95 97 98 100
5 50 6 7 9 13 14 15 16 18 19 21 23 24 26 28 31 32 34 36 37 41 42 44 46 48 49 50 51 53 54 57 59 63 64 66 68 69 72 73 74 77 81 82 85 88 89 90 91 92 93 95 96 97 98 99 100
6 78 7 8 9 10 11 13 14 15 18 19 22 24 27 30 31 33 34 35 36 37 39 40 43 46 49 50 54 55 56 57 59 60 61 63 64 65 66 67 69 70 71 72 78 80 81 84 85 87 89 91 92 93 94 95 100
7 82 9 11 12 14 15 18 19 22 23 26 28 29 30 33 37 38 41 42 44 46 47 48 49 50 51 52 53 55 57 58 59 60 61 62 63 64 65 66 67 69 73 74 75 76 77 78 79 80 82 83 84 87 91 93 94 95 96 97 98 100
8 59 9 12 19 21 22 26 35 36 37 41 42 43 46 47 49 50 51 52 54 55 56 62 63 64 66 67 68 69 73 74 76 78 79 81 83 85 87 89 96 97 98 99
9 89 12 14 15 17 20 22 25 27 30 33 34 35 36 42 45 46 47 48 50 51 52 55 57 58 60 61 62 64 69 70 71 72 73 74 75 77 80 86 87 88 92 95 100
10 53 12 15 18 19 20 21 22 23 25 27 31 32 33 37 38 40 41 42 45 46 50 54 55 60 61 62 63 64 66 69 72 73 74 78 82 84 85 86 91 92 93 94 96 97 99 100
11 64 18 21 26 27 28 29 36 40 41 42 45 48 53 54 56 57 59 60 61 62 64 66 71 72 73 74 80 83 85 86 88 89 90 91 92 93 94 95 98 100
12 58 13 16 18 19 21 23 26 27 29 31 32 33 34 35 37 38 40 41 42 43 47 50 51 52 54 56 59 63 67 68 70 71 72 73 74 76 78 80 81 84 85 86 89 91 92 97 99 100
13 55 14 15 16 18 19 21 22 24 26 28 29 30 32 34 36 40 42 47 50 52 54 55 56 57 59 64 69 70 71 72 73 74 75 77 78 83 88 91 95 98 99 100
14 56 16 18 19 22 23 26 27 28 29 31 35 37 39 40 43 45 48 49 50 52 54 55 60 62 68 69 70 71 72 73 76 77 78 81 85 89 91 92 96 97 100
15 95 16 18 21 26 29 30 37 38 39 40 41 43 44 45 46 48 49 51 54 55 56 57 58 59 60 61 65 66 67 68 69 72 74 76 79 87 89 91 92 99 100
16 78 17 18 20 23 24 27 28 29 30 31 32 33 35 37 39 40 45 46 49 51 52 53 54 57 59 60 61 64 65 67 76 80 82 83 85 87 89 92 93 97 98 99 100
17 51 18 20 21 24 27 28 29 30 31 33 35 36 37 39 40 41 44 47 50 51 52 53 54 57 58 60 64 69 72 74 76 79 81 82 84 85 86 89 93 94 95 99
18 85 19 22 23 25 26 27 28 30 31 32 34 35 40 41 43 44 49 50 55 57 70 75 76 77 80 83 85 89 91 92 93 94 95 98 99
19 66 20 23 25 26 31 32 38 40 41 44 46 49 50 51 52 54 57 58 59 61 64 66 67 68 70 75 77 78 82 83 85 89 93 94 95 97 98 99
20 80 21 26 27 28 29 30 32 33 34 36 38 39 40 41 42 43 44 47 48 51 53 55 57 58 61 62 63 67 68 70 73 74 76 77 78 80 82 87 89 90 94 96 97 100
21 56 24 27 28 32 33 35 37 40 41 43 46 48 50 51 54 56 57 58 59 60 61 63 64 67 74 76 78 80 81 85 86 88 89 90 91 92 94 97 99 100
22 84 23 24 29 32 33 34 35 36 39 40 41 43 44 46 50 51 53 57 60 62 63 66 68 70 72 75 76 78 80 83 88 89 90 93 95 98 99 100
23 64 30 31 35 36 37 38 39 40 41 45 46 47 48 49 51 52 53 54 55 56 57 59 60 62 67 68 69 70 73 75 76 77 78 81 84 85 86 91 93 96 97 98
24 52 26 27 29 30 35 36 38 39 40 43 45 48 50 51 55 56 59 60 61 63 65 66 67 68 69 72 73 83 90 91 92 93 94 97 98 100
25 76 26 33 37 38 40 42 43 45 46 50 51 54 56 57 58 59 62 65 66 68 69 71 72 76 77 81 83 85 86 89 90 91 93 98 99
26 82 28 29 30 31 32 34 36 38 40 43 46 47 48 49 53 54 55 56 58 60 63 64 66 69 70 71 74 75 76 79 80 81 86 87 89 90 91 93 97
27 80 29 30 31 33 35 36 37 38 39 42 43 44 45 46 47 49 50 53 54 55 56 57 58 59 62 65 66 67 68 74 75 76 77 79 81 83 90 92 93
28 71 29 31 32 33 36 37 38 40 41 42 43 44 45 49 50 51 52 53 56 57 58 60 61 63 66 67 68 70 72 77 79 81 86 87 91 94 97 98 100
29 80 30 32 38 40 44 46 48 50 51 52 53 54 57 58 60 64 65 67 73 75 76 78 79 80 81 82 83 84 85 87 89 91 95 98
30 71 34 37 39 41 42 43 47 48 50 51 52 54 57 59 63 64 69 70 71 72 73 75 77 78 79 80 82 84 89 90 91 92 95 99
31 73 33 34 36 37 39 43 46 48 49 52 53 56 57 59 60 61 62 66 69 70 72 74 75 76 77 80 84 85 89 91 92 94
32 73 33 34 35 37 39 40 41 42 45 46 48 50 51 53 54 55 58 59 60 61 63 64 67 68 70 71 75 76 77 78 79 80 82 84 85 89 90 95 96 98 99 100
33 73 35 38 39 40 43 44 45 51 52 54 57 60 63 65 67 70 71 73 74 75 76 78 80 81 83 86 88 89 91 92 94
34 58 38 39 40 42 43 47 48 49 50 53 56 57 59 60 61 63 65 67 69 71 73 75 77 80 81 82 88 90 92 94 95 96 97 98 99
35 76 36 37 39 41 44 45 48 52 53 54 58 59 60 61 63 64 67 68 71 74 78 79 80 82 85 86 88 90 91 92 93 95 96 97 100
36 92 38 39 40 43 45 46 48 52 53 56 57 65 67 68 69 71 73 74 75 80 83 86 89 90 92 99 100
37 51 38 39 40 43 45 53 54 55 57 58 59 61 63 64 65 68 71 72 74 75 76 77 78 81 85 86 89 91 94 95 96 97 98 99 100
38 91 44 46 47 50 52 53 55 58 61 62 63 64 65 66 68 69 70 71 72 73 76 78 79 80 81 82 83 84 87 89 91 93 95 98 99
39 62 40 41 42 43 45 47 50 52 53 54 55 56 57 59 65 67 69 70 71 72 73 75 78 80 81 83 85 88 89 91 92 93 94 95 97 99 100
40 64 43 44 50 51 61 62 65 68 69 70 71 72 75 76 77 78 84 88 90 92 97 98 99
41 85 43 45 46 50 52 53 54 55 59 63 69 71 73 74 76 77 80 82 83 85 87 92 93 94 95 98 100
42 88 43 49 52 58 59 60 62 63 64 66 67 70 71 72 74 79 81 85 86 88 90 93 94
43 73 45 46 49 51 52 56 59 60 64 65 68 80 82 85 87 89 90 91 92 94 95 96 97 98 99 100
44 53 47 48 50 52 54 55 62 63 65 66 68 70 72 73 76 81 82 83 84 86 87 94 95 97 98 99 100
45 64 46 47 48 49 50 53 54 56 61 62 64 65 66 72 79 80 81 84 85 86 87 88 89 90 91 96
46 70 47 48 49 51 52 54 56 57 59 61 64 68 70 72 74 75 76 77 78 79 80 81 84 85 87 88 94 98 100
47 77 48 49 50 54 58 59 60 62 63 64 65 67 68 71 72 73 74 77 78 79 80 82 85 88 93 95 96 100
48 87 49 50 51 54 55 58 59 60 61 62 64 65 72 74 77 81 83 85 87 88 93 94 95
49 81 50 52 56 61 62 64 67 72 73 77 78 80 81 82 84 85 86 90 92 95 98
50 71 51 52 56 57 58 59 63 68 69 71 73 77 78 80 81 82 84 86 87 88 90 93 94 96 98 99
51 95 56 58 60 69 70 75 78 80 81 85 86 87 89 90 93 94 96 97 98 100
52 67 53 54 58 60 61 64 65 66 67 68 70 71 72 73 74 76 82 84 85 86 89 90 91 92 94 96 98 99 100
53 100 55 57 59 61 62 65 68 69 71 72 73 77 81 85 87 89 90 91 92 93 96 98 99 100
54 78 56 57 58 61 65 68 69 72 73 74 79 80 82 83 86 88 89 91 94 95 97 98 99
55 80 56 59 60 61 64 68 71 72 73 77 78 79 82 84 85 87 88 90 93 94 95 100
56 65 57 59 60 62 63 64 65 66 67 69 70 71 73 74 76 77 78 79 80 83 85 86 88 90 92 95 96 97 99
57 58 58 62 63 66 70 71 72 73 74 76 78 79 80 81 82 83 84 85 86 87 88 95 96
58 81 62 64 65 66 67 68 72 76 77 78 79 80 86 87 88 89 90 92 93 95 96
59 76 60 61 62 63 64 65 66 67 69 70 71 72 76 78 80 81 84 85 87 90 92 93 94 98 100
60 65 61 63 65 67 68 69 70 75 76 77 78 79 80 82 83 86 89 90 91 92 93 94 95 96 98 99 100
61 56 65 67 69 72 73 76 77 81 82 84 85 87 88 92 95 96 98 99 100
62 84 64 65 66 67 68 69 72 77 79 81 82 83 84 88 89 91 92 95 96 99
63 53 65 66 68 69 71 72 75 79 81 84 86 89 95 96 98
64 60 68 70 71 73 75 78 79 86 89 90 91 92 99
65 50 66 67 69 70 71 72 73 74 75 76 79 80 81 84 87 88 89 90 91 93 94 95 96 97 99
66 93 69 70 72 74 76 77 78 79 80 85 87 88 89 90 91 95 96 98 99
67 78 70 71 72 73 75 80 82 86 88 92 94 95 96 97 99 100
68 54 69 72 76 79 80 82 83 92 94 96 99 100
69 88 70 74 77 79 80 81 92 94 97 98 100
70 53 72 76 77 83 87 88 89 90 93 95 96 97 99 100
71 77 74 77 84 85 86 87 89 90 91 92 93 94 97 98 99 100
72 58 74 76 79 81 86 87 88 89 92 93 96 97 99
73 86 76 78 84 85 86 87 88 89 90 94 95 96 97 98 99
74 93 78 79 80 83 84 85 88 90 91 93 96 97 98 99
75 59 76 77 78 80 81 84 85 87 89 90 91 92 93 95
76 54 77 80 81 82 85 88 92 93 94 95 96 97 98 99
77 91 78 80 81 83 93 99 100
78 77 82 83 84 86 87 89 90 92 94 95 96 99
79 95 81 82 85 89 90 92 93 94 96 98 100
80 50 82 83 84 86 88 90 91 92 95 97 98 99 100
81 65 82 83 85 86 87 89 90 91 92 100
82 68 83 85 86 88 89 90 93 94 97 98 99
83 56 84 86 87 88 91 92 96 98 99
84 64 85 87 89 91 96 99
85 56 86 87 88 92 94 95 97 99
86 67 89 90 91 92 93 95 98 99
87 99 88 89 90 91 96 99
88 91 89 91 92 95 98
89 80 90 91 93 96 98 99 100
90 81 91 92 96 97 99 100
91 62 94 95 97 98 99 100
92 60 93 95 99
93 71 94 95 96 97 98 99
94 57 97 100
95 68
96 84 97 98
97 100 100
98 71
99 71
100 79
