100
1 44 3 4 5 6 8 9 10 13 16 17 18 19 20 21 22 23 24 25 26 27 28 30 31 32 33 34 35 36 37 39 41 44 45 47 49 50 51 52 53 54 55 56 57 59 61 62 63 66 68 69 71 72 74 75 76 78 79 80 81 82 83 84 85 87 89 92 94 95 96 97 98
2 82 3 5 7 10 11 12 13 14 16 17 18 19 20 22 23 24 25 26 28 30 31 32 33 36 38 39 41 42 43 44 45 48 49 51 53 56 58 59 60 62 63 65 66 67 68 70 71 72 73 74 78 79 80 81 82 83 84 85 86 87 89 90 91 93 94 95 96 97 98 99
3 39 4 6 8 9 10 12 14 15 16 18 19 20 21 22 23 24 25 26 27 28 29 32 33 34 36 37 38 39 40 41 43 46 48 49 50 51 52 53 54 57 60 64 65 67 68 69 70 71 73 74 76 77 78 79 82 83 84 87 88 91 92 93 95 96 97 98 99 100
4 36 6 9 10 11 12 13 14 15 17 19 20 22 24 25 26 27 28 31 33 35 37 38 39 40 41 42 43 44 45 46 47 48 49 50 51 54 56 57 58 59 60 61 63 66 67 69 70 71 76 77 79 80 81 83 84 85 86 87 88 89 92 93 95 97 98 99
5 69 6 8 9 10 13 14 15 16 19 20 21 22 23 24 26 27 29 30 31 32 35 36 37 38 39 41 42 43 44 45 46 47 48 50 52 53 55 56 57 58 59 60 62 63 64 66 67 68 69 70 71 73 74 75 76 77 79 83 84 85 86 88 89 90 91 92 93 94 96 98 99
6 80 7 9 11 12 13 14 15 16 17 18 19 20 21 23 24 25 26 27 29 30 31 32 33 34 35 36 38 39 40 41 42 43 45 46 47 48 49 51 53 54 57 58 59 60 61 62 63 65 68 69 72 73 75 76 79 80 82 83 85 86 87 89 90 92 93 94 95 96 97 98 99
7 24 8 9 10 11 14 17 19 20 23 24 25 27 29 30 31 32 33 34 35 39 40 41 43 45 46 47 48 49 52 55 56 57 58 59 60 61 62 63 64 67 69 70 71 74 75 76 77 78 81 82 83 84 85 86 87 88 89 90 91 92 95 96
8 34 9 11 12 14 15 16 18 19 20 21 22 23 25 29 30 31 32 34 35 36 38 39 41 43 45 46 47 48 49 50 51 52 53 55 56 58 59 61 62 64 65 66 68 70 71 73 74 75 76 78 79 80 81 82 83 84 85 86 87 89 90 91 93 94 95 96 97 98 99
9 72 10 11 12 19 21 22 23 24 32 33 35 37 38 39 42 43 46 48 50 52 53 54 55 56 57 58 60 61 63 64 65 66 68 69 70 71 72 74 76 77 78 80 81 83 87 88 89 90 91 92 94 96 97 98 99 100
10 41 11 14 15 16 17 19 22 23 26 27 29 31 35 37 38 39 40 41 42 43 44 45 46 47 49 50 51 52 53 54 55 56 58 59 60 61 62 63 64 65 66 67 68 69 70 71 72 74 75 76 77 78 80 81 83 84 85 86 87 89 90 91 92 95 96 97 98 100
11 28 12 13 14 15 17 21 22 24 25 26 27 29 30 31 32 33 34 35 36 38 39 40 44 45 46 47 48 49 51 52 54 55 56 57 59 60 61 62 65 67 68 71 72 73 74 76 78 79 81 82 83 84 85 87 89 90 92 93 96 98 100
12 77 13 15 16 17 19 20 22 26 27 28 30 32 33 34 35 36 37 38 39 42 44 45 51 52 53 55 57 59 60 62 63 64 65 66 67 69 71 72 73 74 75 76 77 78 79 80 81 82 83 84 85 86 88 91 92 93 95 96 98 100
13 60 14 15 17 18 20 21 23 24 25 26 27 29 30 32 33 34 35 36 37 39 40 42 43 45 47 48 49 50 51 52 53 54 55 56 57 58 59 61 63 64 67 68 72 73 74 76 77 80 81 83 84 85 86 87 88 90 92 93 94 95 96 98 99 100
14 25 15 17 18 22 24 26 27 28 29 30 32 34 35 37 38 39 40 41 43 44 45 47 48 49 51 52 56 57 58 59 60 61 63 64 66 67 68 69 70 71 72 73 74 75 76 77 79 81 82 83 84 85 88 90 91 92 93 94 96 98 99 100
15 75 16 17 18 19 20 21 22 25 26 27 29 30 31 33 34 37 38 39 40 44 45 46 47 48 49 52 53 54 55 56 57 58 59 60 63 65 67 68 69 70 76 77 78 79 80 81 83 84 85 87 88 89 92 93 95 96 97 99 100
16 100 20 21 25 26 27 29 31 32 33 34 36 37 38 39 40 41 44 45 46 47 48 49 50 52 55 56 58 59 60 62 63 64 65 66 71 72 73 74 75 77 78 82 83 84 86 87 88 90 91 92 94 96 97 98
17 82 18 20 23 25 27 29 30 34 36 37 38 39 41 44 45 46 47 48 49 50 51 52 54 55 56 57 58 60 62 63 64 65 66 67 68 69 70 71 72 73 74 75 76 77 78 79 80 82 83 84 85 87 88 90 91 93 94 95 96 99
18 31 19 20 21 22 23 24 25 28 30 31 32 34 35 36 38 39 40 41 42 43 44 46 47 48 50 51 53 60 61 64 65 66 67 68 69 70 72 73 74 76 77 78 79 82 83 86 87 89 91 97 98 99
19 81 20 21 23 24 25 26 29 30 32 33 34 35 37 40 41 42 43 44 45 46 47 48 49 50 51 52 54 55 56 59 60 61 62 63 64 65 66 67 68 69 71 72 73 74 75 76 77 78 81 82 83 84 87 90 91 94 95 96 99 100
20 70 25 26 27 29 30 34 37 38 40 41 44 45 49 50 51 53 54 55 56 57 58 59 60 61 64 65 66 67 68 69 72 73 74 76 77 79 80 81 82 84 86 88 91 95 97 98 99
21 84 22 23 24 26 28 31 33 34 35 36 37 39 40 41 42 44 46 47 48 50 51 52 53 54 55 56 57 58 59 60 61 62 63 64 65 66 67 68 69 70 71 72 75 78 79 80 81 82 83 84 85 87 89 90 91 92 94 96 97 98 99 100
22 87 23 25 27 28 29 30 31 32 33 36 37 40 41 42 43 44 45 46 47 49 51 52 53 54 55 57 59 60 61 62 64 66 67 68 69 70 71 73 74 75 76 77 79 81 82 83 84 85 87 88 89 92 93 94 95 96 97 98
23 23 26 27 30 31 33 34 37 38 40 41 42 43 45 46 47 48 49 50 51 53 54 55 56 58 60 63 65 68 70 73 74 76 77 78 80 82 84 86 87 88 89 94 95 96 97 98 99 100
24 97 25 26 27 29 30 31 33 34 35 36 37 38 39 42 44 45 46 47 49 50 53 54 56 57 59 60 61 63 64 67 68 69 71 72 73 74 75 76 77 78 80 82 84 85 86 87 88 89 90 91 92 93 94 95 96 97 100
25 61 26 28 29 30 31 34 36 37 39 40 41 42 46 47 49 50 51 52 53 56 57 58 59 60 61 62 65 66 68 69 72 73 74 75 76 77 79 80 81 83 84 85 86 87 88 89 90 91 92 94 96 97 100
26 69 27 28 29 30 32 35 37 38 39 40 41 42 44 46 47 49 51 52 56 57 58 59 61 62 64 65 66 69 70 71 72 74 77 79 80 81 85 87 89 93 94 95 96 97 100
27 63 28 29 30 32 33 34 35 36 37 38 43 44 45 46 47 48 50 52 53 55 57 59 60 61 62 63 64 65 66 67 68 70 71 73 76 78 79 83 84 85 86 87 91 93 94 95 97 99 100
28 27 30 31 32 34 35 36 37 39 42 44 45 48 49 50 51 52 53 55 56 58 59 61 63 64 66 67 68 69 70 72 75 76 77 79 80 81 82 83 84 85 86 87 88 89 90 91 92 93 94 95 99 100
29 85 31 32 33 34 36 37 38 41 43 44 47 48 50 51 53 56 57 58 59 60 61 62 63 64 65 66 67 69 71 72 74 75 76 78 79 82 83 84 85 86 88 90 91 92 93 94 95 97 98 99 100
30 89 31 33 34 36 38 40 41 42 43 44 45 46 47 48 49 50 51 56 58 59 60 62 64 65 66 67 68 69 70 71 73 75 78 79 80 81 83 85 87 89 90 91 92 93 94 95 96 97 98 99 100
31 61 32 33 34 36 37 38 39 40 41 42 44 45 46 48 49 50 53 54 55 57 58 59 63 65 67 68 70 71 72 73 74 78 79 80 81 82 83 84 85 86 87 88 90 91 92 93 95 98 99
32 69 33 34 35 37 39 40 41 42 43 45 46 47 49 50 51 54 55 56 57 62 64 65 67 68 69 70 71 72 73 75 76 77 78 79 80 82 84 85 86 87 88 89 90 91 92 94 95 96 97 98 99 100
33 49 34 35 37 40 41 42 43 44 45 47 48 49 50 51 52 53 54 57 59 60 61 62 65 66 67 69 71 72 73 74 77 78 80 81 85 88 89 91 92 93 94 95 96 98 99 100
34 96 35 36 37 38 40 41 42 46 48 49 50 52 54 55 56 58 59 61 63 64 65 66 67 68 70 71 72 73 74 75 77 79 80 81 82 83 84 87 88 90 92 93 95 96 98 100
35 39 38 40 41 42 43 44 45 49 50 51 52 53 55 56 57 59 62 63 65 66 69 70 72 73 76 78 80 81 82 84 85 86 87 88 89 90 91 92 93 94 95 96 97 98 99
36 93 37 38 39 40 41 42 43 47 48 49 50 51 54 55 57 58 59 60 61 65 66 68 69 70 72 73 75 77 78 79 80 83 84 86 87 90 91 92 93 94 95 96 98 99 100
37 69 38 39 41 43 44 45 46 48 49 50 51 52 53 54 55 56 57 60 61 65 66 67 70 71 72 73 74 75 77 82 83 84 85 86 88 89 90 91 92 93 94 95 96 97 98 99 100
38 86 40 42 44 45 47 48 49 50 51 52 54 55 56 57 59 61 62 64 65 67 68 69 70 72 73 77 79 80 81 82 83 87 89 90 92 93 94 95 96 97 98 99 100
39 58 41 44 45 46 47 48 49 53 54 56 58 59 60 61 62 63 64 65 67 68 70 71 72 76 78 80 81 82 83 86 87 88 90 91 92 93 94 96 97 99 100
40 63 42 43 44 45 48 50 51 53 54 55 56 57 60 63 64 65 67 70 72 75 77 78 80 82 83 84 86 87 88 91 92 93 94 95 96 97 98
41 34 42 43 45 46 47 48 49 50 51 52 53 55 56 58 59 60 64 65 66 67 68 69 71 72 73 74 76 77 80 82 83 84 85 86 88 90 92 95 96 97 98
42 60 43 44 45 46 47 48 50 51 52 53 54 55 56 57 58 59 61 62 64 65 66 67 70 72 75 76 80 81 82 84 85 86 87 89 90 91 92 93 95 98
43 99 44 45 47 48 51 52 53 55 56 57 58 59 60 61 62 63 64 65 67 68 69 72 73 74 75 76 78 79 81 84 85 87 88 92 93 95 96 97 98 99 100
44 23 45 49 50 51 53 55 56 57 58 59 60 62 63 65 67 69 70 71 72 73 74 75 79 82 84 85 86 87 88 90 91 92 93 94 95 96 98 99 100
45 37 46 47 49 50 51 52 54 55 56 57 58 59 60 61 62 63 66 67 68 69 72 74 75 76 77 81 82 83 84 85 86 90 91 92 93 94 96 98 99 100
46 71 47 50 54 55 56 58 59 60 63 64 65 66 72 73 74 75 76 77 78 80 81 82 83 84 88 89 90 91 94 95 97 99 100
47 34 49 50 51 52 54 55 56 57 58 59 60 61 64 65 66 67 68 70 71 72 75 76 79 80 81 83 84 86 87 88 90 91 92 96 98 99 100
48 90 50 51 53 54 57 58 59 60 61 62 64 65 69 70 73 74 75 78 79 80 82 83 84 85 87 89 90 91 92 95 97 98
49 94 50 51 52 55 56 57 58 59 60 61 62 63 64 66 67 68 69 72 73 74 75 76 77 78 79 80 81 82 83 84 85 87 88 89 91 92 94 95 96 97 98 99 100
50 57 51 53 54 56 57 58 60 62 63 64 65 66 67 68 69 70 72 73 76 77 83 84 87 88 90 91 92 95 96 97 100
51 28 53 55 57 58 59 61 65 66 67 68 69 71 72 74 75 76 78 79 81 82 83 84 85 86 87 88 89 90 91 92 93 95 97 98 100
52 96 55 56 59 60 61 62 64 65 66 67 68 70 71 72 74 75 76 77 78 79 80 82 86 87 88 90 91 93 95 96 97 99 100
53 95 55 56 57 59 60 61 62 63 64 68 70 71 73 74 76 79 80 81 82 83 89 91 92 95 97 99 100
54 59 55 56 58 60 63 64 67 68 69 74 75 76 77 78 81 82 83 84 85 86 87 88 90 91 92 93 94 96 97 98 99 100
55 81 56 57 58 59 61 62 63 64 65 66 67 69 70 71 72 74 75 77 78 79 80 83 85 86 87 88 89 90 92 94 95 96 97 100
56 42 57 58 59 60 61 62 63 64 65 66 67 68 69 70 72 75 76 77 78 79 80 81 84 86 88 90 92 94 95 97 98 100
57 65 58 59 61 62 63 64 66 67 68 69 70 71 72 74 75 77 78 79 80 81 83 84 85 86 88 89 92 94 95 96 97 98 100
58 28 59 60 61 62 63 64 65 66 67 68 69 70 71 72 76 78 81 82 83 84 85 86 87 88 89 90 91 92 93 95 96 97 98 99 100
59 38 60 63 64 65 66 68 69 70 72 73 74 75 76 78 79 80 83 86 88 89 91 92 93 96 98
60 48 62 63 64 65 66 67 68 70 73 74 75 76 77 78 79 81 82 85 86 88 89 90 91 93 95 96 97 98
61 86 62 63 64 67 68 69 70 71 72 73 75 76 78 79 80 82 85 86 87 88 89 90 91 92 93 94 96 97 98 100
62 55 63 64 65 67 68 69 70 71 72 73 74 76 77 79 81 82 83 85 86 87 88 92 94 95 96 97 98 99
63 45 64 67 70 71 72 73 74 77 78 79 80 82 84 86 87 88 89 90 92 93 95 96 97 98
64 69 67 70 71 72 75 76 77 78 79 80 81 82 83 88 89 90 91 92 93 96 97 98 99
65 26 66 67 68 70 71 74 75 76 78 79 80 82 83 85 86 87 88 89 90 91 92 94 95 96 97 98 99
66 82 67 68 69 71 73 75 78 79 81 82 83 85 88 90 91 92 93 95 96 99 100
67 52 68 69 70 71 72 74 75 76 77 79 80 81 82 83 84 85 86 87 90 91 92 93 94 95 96 97 98 99 100
68 80 69 70 71 72 74 76 77 78 79 80 81 82 83 86 87 89 90 92 93 94 95 98 99 100
69 41 70 72 73 74 75 77 78 79 85 86 87 90 91 93 94 95
70 75 71 73 77 78 79 80 81 82 84 85 86 87 88 90 91 92 97 99
71 30 72 73 75 76 77 79 80 81 83 86 87 88 91 92 94 96 97 98 99 100
72 36 73 74 75 78 79 80 82 83 85 86 87 88 92 93 94 96 97 98 99 100
73 70 74 75 76 77 78 81 83 84 88 90 91 92 93 94 96
74 54 77 78 80 84 85 86 87 88 89 90 91 92 93 95 96 97 98 100
75 58 76 77 78 79 81 82 83 84 85 86 87 91 92 93 94 95 99 100
76 60 77 80 81 83 84 85 86 87 88 89 90 91 94 95 96 97 98 99 100
77 76 82 83 85 86 87 88 91 92 93 94 96 97 98 99
78 57 79 82 83 85 87 88 89 92 93 94 95 97 98 99 100
79 29 81 84 85 86 87 88 90 91 92 93 94 95 96 97 98 99 100
80 86 81 82 83 85 87 88 89 90 91 92 93 94 96 99 100
81 84 84 85 86 87 88 90 91 92 93 94 95 97 99 100
82 89 85 86 88 89 90 91 92 94 96 97 98 100
83 56 84 85 86 87 88 89 90 91 92 93 98 100
84 65 85 87 88 89 90 91 92 95 96 97 99
85 53 87 90 92 93 95 96 97 98 100
86 59 87 88 89 90 91 92 93 94 97 98 100
87 36 88 89 90 91 92 93 95 97 99
88 29 89 90 91 93 94 96 97 99 100
89 20 91 92 93 95 96 97 98 99 100
90 59 91 92 93 94 95 97 98 100
91 23 92 93 94 96 97 98 99 100
92 84 93 94 97 98 99 100
93 61 94 97 98 100
94 32 96 97 98 99
95 21 96 98 99 100
96 91 97 98 99 100
97 22 98 100
98 82 99 100
99 52 100
100 100
