100
1 66 4 8 11 19 25 27 29 34 37 38 49 52 56 66 69 81 83 84 87 95
2 68 4 9 14 15 17 22 26 40 42 49 63 71 74 78 81 84 85 89 90 93 94
3 95 12 14 16 17 26 29 35 39 43 54 58 66 77 79 82 86 89 90 91 96
4 85 11 14 22 28 30 35 38 42 43 51 55 64 69 70 72 76 77 78 79 81 82 91 92 93 95
5 76 6 7 8 21 30 34 41 44 46 52 57 58 72 74 75 78 79 82 89 92 93 94 98 99
6 77 12 17 54 57 58 60 67 74 76 82 85 93
7 98 12 15 18 23 25 27 38 44 45 49 54 55 61 66 71 72 74 76 80 83 86 87 90
8 54 19 26 28 32 34 36 39 42 53 72 77 80 82 86
9 88 12 17 18 20 25 26 36 65 74 82 85 86 88 91 92 93 96 98
10 66 20 25 40 45 47 54 71 73 78 86 95 96 99 100
11 50 14 19 21 32 33 34 35 36 40 49 50 60 68 75 77 79 90 92 95
12 89 13 14 15 17 25 28 37 48 52 53 54 63 64 77 92 94
13 75 16 17 19 23 32 35 41 55 58 68 72 73 79 84 88 93 97
14 78 24 29 33 35 38 45 46 51 55 61 64 69 77 85 92 95 96
15 70 19 27 30 33 35 39 43 57 64 65
16 99 20 21 24 34 41 43 46 47 51 57 58 61 62 67 69 76 81 85 91 96
17 50 20 22 23 27 46 47 51 57 61 70 81 87
18 63 24 43 50 56 60 85 92 100
19 53 25 27 28 30 38 39 47 48 53 55 56 59 62 65 69 79 82 83 86 88
20 57 33 35 40 42 45 55 57 64 65 67 73 90
21 66 35 36 46 48 50 52 53 58 61 65 67 72 77 79 83 88 93 94 97 98
22 69 33 49 53 55 59 71 73 74 75 81 86 87 88
23 83 33 37 41 46 47 53 55 57 60 65 66 73 76 84 86 93
24 76 28 31 32 34 40 45 57 61 62 67 68 72 74 81 82 85 92 93 97
25 54 33 56 57 69 76 92 95
26 87 27 29 32 36 40 42 44 46 48 55 60 67 68 69 71 81 84 87 89 90 96 100
27 86 28 36 46 49 57 59 64 85 87 88 89 90 96
28 93 31 41 48 49 55 59 62 69 74 77 85 94 97
29 54 32 39 41 49 54 66 76 87 89 99
30 63 33 42 44 50 57 65 66 72 74 75 78 95 97 99
31 54 32 38 40 41 43 45 50 57 59 64 72 75 85 87 89 94 99
32 56 34 46 48 51 55 58 62 65 76 88 90
33 69 34 36 45 50 53 55 59 61 64 67 73 74 75 79 80 81 83 84 89 91 92 94
34 57 42 43 45 49 53 63 68 76 83 92 95
35 84 39 41 57 69 78 82 91 98
36 88 38 45 55 67 70 73 76 87 96
37 93 40 46 47 49 58 78 81 83 84 86 98
38 90 43 45 46 47 51 53 61 68 73 77 82 86 87 89 92 94 96 98 99
39 82 48 51 53 55 56 62 81 94 96
40 82 41 44 52 55 59 66 70 77 94
41 65 45 51 56 62 70 71 76
42 61 43 44 46 52 54 55 57 58 66 71 86 88 91 92
43 71 44 45 52 59 64 66 67 68 78 88 89 96
44 84 46 53 57 76 77 88 89 91 98
45 84 49 58 60 61 62 67 68 70 74 86 88 91 93
46 89 48 50 52 53 77 79 87 88 89 99
47 73 54 55 62 69 71 85 86 87 88 93 96
48 67 55 56 61 63 65 71 72 74 75 83 85 98
49 88 57 61 69 83 84 91 93 95 100
50 50 52 53 55 60 67 68 71 84 88 90
51 99 52 57 60 89 95
52 92 54 56 57 62 66 72 81 87 99 100
53 89 62 65 75 77 80 84 85 86 98
54 70 57 66 69 79 82 86 89 95 97 99
55 93 57 68 69 76 77 83 85 87
56 61 57 61 63 69 72 73 76 86 90 99 100
57 54 58 65 69 71 80 86 88 92 93 95
58 82 60 64 67 80 97
59 93 60 61 64 67 71 74 84 91 93 97 98
60 60 63 67 68 71 77 79 82 93 95 100
61 97 62 64 66 68 69 70 72 82 96
62 72 63 65 71 73 75 80 84 91 94 95 98 100
63 62 74 77 91 92 100
64 53 71 77 84 87 88 94 99
65 93 77 79 86 89 92 95 98
66 79 68 73 78 82 88 90 97
67 54 76 77 81 82 83 85 97
68 62 75 77 79 95 97 100
69 98 92 94 96 99 100
70 90 71 73 79 80 84 94 95 99 100
71 62 72 73 75 84 85 93 97 99
72 56 88 90 93 95 100
73 94 74 76 79 82 85 89 93
74 81 82 84 88 92 94 97
75 70 95 99
76 75 82 84 85 86 88 92 93 98
77 59 78 86 92 100
78 85 80 100
79 99 86 87 90 96 98
80 68 81 82 89
81 71 89 91
82 71 83 84 93 95 96 97
83 76 86 94
84 77 87 94 100
85 65 92 97 99
86 86 89 90 92
87 66 88 91 95
88 71 90 91 93 96 97
89 72 98 99
90 86 93 94 97
91 83 96 97 99
92 93 99 100
93 53
94 58 100
95 79
96 55 97 98
97 98
98 56
99 96
100 53
