100
1 77 3 4 6 7 9 11 13 15 16 20 21 25 29 32 35 39 43 44 45 51 53 68 70 73 74 75 76 77 80 92 95 97 99
2 86 3 4 8 10 12 13 18 19 28 30 38 42 45 51 55 58 59 62 63 65 68 71 72 73 77 78 83 85 89 97
3 71 6 7 20 21 24 31 36 38 40 41 47 55 56 57 58 61 64 66 67 68 69 70 72 75 80 84 90 96 99
4 62 7 13 14 18 19 21 22 36 38 43 44 46 50 51 61 62 63 64 65 72 78 80 87 91 92 94 95 96 99 100
5 95 7 8 13 14 17 18 23 24 25 29 36 37 47 57 60 61 64 66 68 70 73 74 76 81 85 87 91 94 95 99 100
6 75 7 17 20 30 39 40 43 59 74 80 82 88 89 93 94 95 97
7 84 9 11 15 19 22 25 26 30 31 32 33 36 37 40 42 44 46 47 49 53 54 55 56 60 65 72 76 80 82 85 87 88 95 98 99
8 90 11 13 18 19 21 22 23 26 27 29 30 31 33 36 39 44 46 48 50 51 53 63 64 67 70 77 78 82 83 86 88 95 99
9 59 11 12 16 23 24 30 32 39 43 45 48 51 55 61 67 70 75 79 85 88 90 92 95
10 95 17 20 24 25 30 35 39 41 43 45 46 47 50 51 53 56 60 61 65 68 76 77 79 80 83 85 86 87 91 92 97
11 59 18 20 21 26 29 31 32 39 45 49 60 62 63 66 68 69 80 82 86 89 93 98
12 74 13 15 16 18 27 28 35 37 39 40 41 43 45 50 52 53 67 74 75 76 78 79 80 91 95 98 99
13 60 14 29 31 32 33 38 39 41 42 47 50 51 53 55 56 59 62 63 64 66 75 76 81 84 92 95 100
14 76 15 18 19 20 23 26 27 28 30 33 34 43 46 48 56 59 61 63 64 66 67 70 72 75 87 88 90 97
15 94 17 23 27 28 37 43 58 62 69 70 77 79 82 85 90 95 96
16 58 20 21 33 37 39 44 48 50 57 58 68 72 73 75 80 84 86 88 89 94 100
17 99 20 22 23 30 33 36 37 43 45 47 48 49 53 57 64 72 77 78 85 92 94 95 96 98
18 85 21 24 25 32 33 37 38 49 52 53 54 59 62 66 70 74 77 80 81 82 83 85 87 90 91 97
19 98 20 24 30 32 39 43 44 46 51 52 53 61 65 71 72 79 89 91
20 89 25 26 30 42 52 53 56 58 59 62 67 71 73 76 79 80 91 92 94 95 97 99
21 71 25 29 30 31 35 38 44 47 51 57 73 84 93 94 95 96
22 55 27 30 37 38 43 45 50 53 54 60 61 62 74 76 78 80 84 86 87 92 97 98 99
23 78 25 37 39 41 44 49 52 62 63 66 68 80 84 87 89 90 92 96 97 100
24 54 29 30 37 43 50 54 56 57 60 62 65 66 69 72 77 80 88 89 91 98 100
25 51 26 27 29 30 31 32 33 36 39 42 47 49 50 55 56 57 60 61 62 63 66 70 71 73 77 94 95 97 100
26 76 27 28 34 37 38 39 45 46 54 55 61 65 76 77 78 79 80 82 86 87 90 91 94
27 65 28 29 32 33 35 37 45 46 49 50 52 53 59 60 63 67 72 74 75 80 83 94 96 97
28 95 29 30 34 40 43 47 48 51 56 61 63 64 65 67 69 71 81 83 85 90 92 95 96
29 67 31 34 36 44 46 48 51 58 59 61 66 68 69 71 72 78 82 83 86 89 91 93 100
30 87 32 33 36 38 41 42 44 51 53 56 61 69 74 75 76 77 78 79 82 84 90 97 98 99
31 96 40 41 48 49 56 58 67 69 75 88 94 96 100
32 67 35 38 43 44 48 51 53 54 55 56 71 75 76 78 82 87 92 95 99
33 68 39 41 44 47 49 50 54 55 58 60 62 63 66 70 79 82 83 84 86 92
34 57 47 49 55 59 69 74 76 83 95 99
35 66 39 42 43 44 55 57 63 66 67 68 72 74 78 81 86 89 95 97
36 75 37 41 48 49 51 59 60 61 63 64 68 82 84 85 86 88 91 92 95 100
37 85 55 56 62 67 72 74 75 85 86 99 100
38 51 40 48 55 56 57 61 65 68 70 71 79 82 83 88 89 92 94 97 99
39 62 45 46 54 59 61 63 67 69 74 78 79 83 87 89 91 92 94
40 61 43 47 53 61 66 71 72 73 76 77 80 85 86 87 91 97
41 57 43 49 50 54 55 56 57 61 62 66 67 69 72 80 96 99
42 57 46 50 61 67 72 76 85 89
43 65 47 48 54 58 61 63 69 72 73 76 78 84 87 91 92 93 94
44 74 46 49 51 55 56 60 68 69 75 76 77 85 87 90 93 94 98 100
45 52 49 53 56 58 59 65 67 70 78 79 81 83 84 85 88 91 96
46 73 48 50 52 54 55 56 57 76 78 79 82 83 84 89 92 93
47 52 53 56 58 66 71 75 78 79 86 87 88 90 91 96 98
48 88 50 55 57 58 70 71 75 76 77 78 79 81 85 90
49 98 53 56 60 63 65 69 83 87 94 99
50 95 53 58 59 60 61 64 65 66 70 74 75 81 83 85 88 89 90 92 96 97 98
51 93 55 57 66 67 79 81 83 87 88 94 95
52 56 60 64 65 66 69 70 71 72 75 86 88 89 93 94 97 98 99
53 79 54 56 58 59 63 75 78 82 86 87 90 91 92 97
54 82 63 65 66 73 74 79 87 89 94 96 97 99 100
55 100 57 61 67 71 75 78 81 83 84 87 89 92 94 95 99
56 76 59 66 68 69 73 74 77 78 83 84 87 91 98 99
57 62 59 60 62 68 78 80 82 87 88 93 94 95 96 97
58 56 59 60 61 69 70 74 75 76 82 88 89 90 92 98 100
59 97 64 65 66 69 75 78 79 80 82 86 90 99
60 82 67 73 74 75 76 81 82 83 86 88 89 91 93 95 97 99
61 58 68 76 80 81 83 87 91
62 60 63 65 71 75 77 78 80 83 87 89 90 97 99 100
63 55 64 65 73 75 78 80 82 85 96 97 98
64 57 66 67 77 79 86 87 96 100
65 51 75 76 82 84 88 89 99 100
66 66 69 72 75 77 80 81 82 83 86 87 89 90 96 97 100
67 57 68 75 79 85 86 87 94 99
68 77 73 79 85 91 96 98
69 75 76 77 78 80 87 89 92 97 98
70 78 72 93 98
71 52 74 75 76 78 79 84 85 86 88 93 95 98
72 71 76 81 84 95 98 99
73 73 79 80 82 85 91
74 72 76 77 78 79 80 81 85 87 93 97
75 52 76 77 81 83 89 91 96 98 100
76 74 80 89 95
77 67 83 93 94 96 97
78 94 79 81 82 84 85 86 89 90 91
79 81 84 85 86 97 98 99
80 99 81 82 83 84 87 88 93 97 98
81 87 88 96 98 100
82 77 83 93 95
83 85 84 87 89 94
84 94 86 92 95 97
85 100 86 87 88 89 93 95
86 100 88 93 97 98
87 60 89 91 92 95 96
88 85 93 94 100
89 51 92 93 98 99 100
90 91 91 94
91 59 96 97
92 100 93 96 97
93 87 94 96 100
94 95 97 98 99 100
95 77 96
96 80 99
97 78
98 72
99 76
100 86
