100
1 70 5 7 8 9 11 13 14 16 19 21 22 29 33 35 39 40 41 42 43 56 63 65 67 69 70 71 77 79 85 89 92 98 99
2 99 4 9 10 13 14 30 32 37 39 41 43 46 50 57 61 63 64 65 67 68 71 74 79 82 84 85 86 87 89 90 94 97 98
3 59 8 12 15 19 24 28 34 35 36 37 44 45 48 50 52 54 56 59 61 62 73 74 75 76 80 81 86 87 88 94
4 95 5 6 11 20 21 22 25 26 27 30 40 42 45 46 47 51 56 69 72 73 77 81 83 87 90 91 92 93 94 95 99
5 50 7 10 12 20 21 24 29 30 36 37 39 41 42 47 50 64 68 72 76 80 81 89 93 98
6 78 8 9 10 13 15 18 19 27 33 37 45 46 53 57 58 60 61 63 65 66 77 78 80 81 83
7 82 9 10 13 14 20 24 28 30 33 35 36 38 39 40 42 44 48 49 51 55 60 62 66 71 74 77 82 83 84 92 95 97
8 59 11 14 15 18 20 31 33 34 35 38 44 46 49 52 53 54 55 60 64 67 68 70 72 74 77 85 86 89 93 96 100
9 89 13 19 32 40 43 48 55 57 59 60 66 70 75 81 86 88 90 91 92
10 53 11 12 15 19 21 24 26 28 29 33 40 41 44 47 49 50 51 52 53 56 57 59 67 68 74 77 78 83 84 89 90 97 98 100
11 64 16 19 21 29 33 35 40 47 48 54 56 61 64 66 68 71 78 80 84 86 88 89 90 91 95 98 99
12 58 14 21 22 27 29 36 43 49 50 51 54 56 61 63 79 83 94
13 55 14 16 18 21 22 29 37 39 43 47 48 52 54 59 60 61 63 67 68 71 75 84 91 99
14 56 16 19 21 25 26 27 31 32 33 34 36 38 39 40 41 43 49 51 62 65 73 77 78 84 88 90 91 98 99
15 95 22 25 32 33 37 39 40 41 44 45 53 54 57 58 70 74 75 80 81 83 87 89 98
16 78 17 23 24 32 34 35 37 38 39 41 42 56 59 61 65 66 68 71 72 77 80 81 85 86 87 92 96 99
17 51 18 22 24 38 40 41 43 51 54 56 57 59 62 66 69 72 84 85 87 94 95 100
18 85 23 24 29 30 33 34 39 40 41 42 44 45 49 53 56 59 60 61 62 63 82 84 85 91 98 100
19 66 28 29 30 35 36 38 51 55 59 60 66 72 74 82 93 94 100
20 80 22 26 27 28 31 32 34 36 37 41 42 45 53 56 67 70 73 74 79 85 86 89 90 96
21 56 22 25 28 32 36 37 40 44 49 50 51 58 59 62 66 67 69 72 74 78 81 85 89 90 92
22 84 23 27 28 31 33 38 41 45 51 53 54 55 56 57 63 65 67 68 69 73 77 78 81 86 87 88 93 98 99
23 64 26 27 30 38 40 41 43 44 46 48 50 54 55 57 58 60 65 67 70 71 73 77 78 79 80 81 84 90 95 96 100
24 52 26 29 30 44 46 48 49 51 52 53 54 57 61 62 79 80 81 82 83 88 89 95 100
25 76 28 29 31 33 35 37 42 45 47 49 63 66 70 73 74 76 85 93 97
26 82 35 37 39 42 47 48 51 54 55 56 58 60 65 68 74 75 76 77 81 94 95
27 80 28 31 34 35 36 38 39 42 43 47 48 53 57 62 66 68 69 74 78 85 86 87 91 93 98
28 71 29 34 35 36 38 39 41 42 46 47 51 52 53 56 58 59 65 66 71 72 73 74 78 79 84 86 87 88 91 94 95
29 80 30 32 33 34 36 40 45 48 54 57 59 61 62 64 71 74 79 81 82 98
30 71 32 36 37 41 42 44 45 47 49 50 54 55 63 64 66 67 68 69 71 72 77 85 88 91 92 95 97
31 73 33 34 37 39 42 45 46 48 56 60 62 73 75 77 87 88 91 94 95 97 99
32 73 39 40 47 55 57 59 61 64 67 73 75 77 80 85 86 89 92 93 98
33 73 34 35 41 46 47 56 57 59 60 73 75 76 80 83 90 91 99 100
34 58 35 40 41 42 45 51 53 58 64 68 70 77 80 84 86 92 96 98
35 76 38 41 43 44 46 47 49 52 55 58 59 62 63 67 68 72 75 77 80 81 89 97 100
36 92 37 38 41 43 46 51 53 54 60 61 69 71 74 75 76 90 93 95 97 98
37 51 42 46 48 50 52 56 58 60 63 69 87 96 100
38 91 39 43 45 46 49 51 56 71 73 74 76 77 78 79 82 86 88
39 62 44 47 49 55 57 58 59 61 64 66 67 69 70 72 75 82 83 86
40 64 41 42 44 45 49 55 70 75 80 83 84 85
41 85 48 49 51 57 63 64 65 71 76 77 95 97
42 88 43 44 45 47 51 57 59 71 73 75 79 83 86 87 92 95
43 73 45 49 52 53 60 63 67 69 72 74 89 92 93 97
44 53 47 49 50 53 60 65 67 72 79 82 84 94 97 99
45 64 46 50 52 53 61 68 69 71 72 74 79 80 81 83 84 89 90 92 94 97 98
46 70 47 54 55 57 58 61 73 78 85 86 88 95
47 77 50 54 55 60 62 65 66 67 70 73 80 89 90 97
48 87 54 56 62 64 70 71 73 78 79 80 87 92
49 81 51 57 58 63 64 66 67 68 71 75 78 85 89 92 97
50 71 51 54 60 66 68 75 82 84 86 94 95 97
51 95 54 58 64 66 67 84 87 89 91 94 100
52 67 55 57 62 67 70 75 86 87 89
53 100 60 63 71 73 74 75 77 80 92 94 96 100
54 78 59 65 67 68 71 76 83 85 87 88 90 91 93 95
55 80 57 58 60 61 62 63 64 67 79 80 83 85 89 90 91 99 100
56 65 61 63 65 72 74 79 82 89 94 95
57 58 58 61 62 64 65 66 67 69 70 77 79 82 84 85 86 87 88 90 92 93 99 100
58 81 60 62 63 64 70 76 78 85 88 90 95 96
59 76 60 62 64 70 73 75 77 79 84 87 91 93 95 98
60 65 63 66 80 84 86 87 89 91 94 95 96 99 100
61 56 62 68 71 72 74 77 78 79 86 87 90 92 97 99
62 84 67 71 72 79 81 85 87 88 90
63 53 65 67 73 87 88 92 94 96 97 98 99 100
64 60 70 78 80 83 86 88 89 91 93 95 96 100
65 50 66 70 71 72 75 78 85 90 92 98 99 100
66 93 79 81 85 86 87 88 90 92 95 97 100
67 78 68 71 72 76 77 79 87 89 92 94 95 97
68 54 80 83 84 87 90 92 96 100
69 88 70 71 74 80 89 91 93 97 98 99 100
70 53 80 86 91 95 97
71 77 76 80 91 92 94 97 100
72 58 74 75 77 79 81 83 86 90 91 100
73 86 74 76 81 82 85 89 95 96 98
74 93 82 83 85 86 95 96 99
75 59 83 84 85 87 90 92 96
76 54 82 85 86 91 93 94
77 91 79 81 86 91 92 93 95 97
78 77 79 83 84 86 87 88 95 96 98
79 95 82 86 90
80 50 90 94 96 97
81 65 82 83 84 86 89 90 91 93 95 98
82 68 83 85 87 89 91
83 56 88 90 91 93 96 98
84 64 85 90
85 56 89 90 91 93 98
86 67 92 94 97
87 99 97
88 91 89 90 93 94 95 100
89 80 90 92 93
90 81 91 93 99 100
91 62 99
92 60 93 95
93 71 94 99
94 57 95 96
95 68 97
96 84 98 100
97 100 98
98 71
99 71
100 79
