100
1 72 3 4 6 13 14 15 17 18 20 29 33 36 40 42 44 47 48 49 52 55 61 64 73 76 81 85 86 88 90 94
2 30 6 13 14 19 25 27 29 30 31 32 33 40 41 48 51 54 55 57 59 61 65 68 71 73 79 81 85 92 93
3 70 8 10 12 15 19 31 32 40 43 46 50 53 62 67 68 71 75 76 80 82 83 92 97
4 75 5 13 17 21 30 31 33 34 36 37 43 53 54 56 59 60 61 62 63 64 66 68 69 72 73 80 83 87 94 95 97 99
5 58 6 9 10 13 22 23 25 29 37 41 42 43 49 52 55 58 60 61 63 65 69 70 72 77 86 96 98 99
6 95 10 13 14 18 19 20 21 27 29 30 31 32 33 34 37 42 43 49 52 55 58 59 61 75 81 82 87 92 95 100
7 41 9 10 12 20 21 31 33 36 37 38 47 50 51 54 69 71 76 77 78 80 81 86 94 95 96 97 100
8 24 9 11 16 18 22 24 25 28 29 34 42 45 46 48 50 51 56 59 61 65 67 77 82 83 84 86 91 95 98
9 94 11 13 14 15 16 19 20 22 25 28 30 36 38 45 46 47 48 49 60 69 70 82 83 92 96 97
10 37 12 13 18 21 24 28 32 34 36 37 41 42 43 45 54 57 65 71 72 77 78 86 89 91 94 95 98
11 50 12 16 17 18 28 29 41 44 45 51 56 62 63 65 70 71 79 82 84 89 93 100
12 37 15 17 23 24 32 35 38 42 50 54 55 56 68 71 76 83 84 85 92 93 98 99
13 89 14 18 21 24 32 33 34 44 45 46 47 48 51 56 58 62 65 68 74 75 76 79 81 92 94 96 97
14 82 15 20 24 28 31 32 36 44 45 47 48 49 50 53 55 56 58 59 61 62 63 67 75 78 79 80 81 82 84 87 90 91 93 97
15 23 16 19 21 22 28 31 36 48 53 69 72 74 77 78 83 96 98
16 23 23 24 25 29 30 34 36 39 41 42 43 44 45 51 52 53 59 62 67 68 73 78 84 87 93 98 99 100
17 62 22 23 24 27 31 38 39 40 43 52 55 56 58 60 61 65 67 69 71 78 80 81 83 85 87 92 98 99
18 62 24 25 26 28 33 42 50 54 67 68 72 74 76 80 81 84 85 89 95 99
19 95 23 26 30 31 32 37 39 40 42 48 50 53 54 56 59 63 64 68 71 73 79 88 90 93 96 98
20 68 21 24 30 31 35 39 42 46 55 59 67 72 77 78 80 83 85 87 89 90 91 96 100
21 22 25 29 30 33 48 51 53 55 56 57 58 60 62 63 65 67 70 72 74 75 78 79 80 81 84 88 89
22 82 23 24 25 27 28 30 31 32 33 46 50 51 61 62 63 64 67 68 74 75 77 78 79 83 84 86 87 88 89 99
23 86 24 36 40 43 47 50 51 53 54 57 60 65 66 72 74 75 80 82 85 86 87 90 92 94
24 30 29 31 32 35 41 45 46 54 56 59 61 62 65 66 67 70 71 72 75 78 83 84 85 88 90 91 92 93 94 98 99 100
25 55 30 36 48 51 52 55 56 60 61 64 66 75 96 98 99
26 65 30 31 36 38 39 46 48 49 50 53 56 63 68 69 75 77 79 80 83 90 99
27 61 28 30 31 36 37 41 43 45 51 55 56 57 61 62 63 64 66 74 77 79 81 84
28 100 32 33 35 37 41 43 45 48 50 58 59 62 64 68 71 72 74 78 79 83 85 87 89 92 97 98
29 22 44 45 46 48 50 51 52 60 62 65 67 73 76 78 79 81 82 88 96 97
30 47 31 44 48 60 63 66 73 81 82 88 95 96 97 100
31 96 32 40 42 44 48 50 52 54 55 57 58 61 66 69 71 72 73 74 75 78 79 83 97 98 100
32 84 35 38 39 40 45 47 49 51 52 53 55 56 58 59 60 62 63 66 68 73 79 80 86 95 97 100
33 30 35 38 41 51 52 58 62 65 70 71 74 80 81 85 88 90 99
34 54 36 37 39 44 49 53 62 63 74 75 76 78 87 100
35 26 42 43 47 48 62 78 80 82 85 88 99
36 57 38 39 41 43 45 49 50 52 56 57 58 66 71 73 76 78 79 81 83 85 89 91 95 96
37 85 43 46 48 50 51 67 70 76 80 82 83 87 92 96
38 37 40 44 45 48 51 52 54 56 59 66 70 71 73 74 76 77 78 79 83 90 94 99
39 46 43 48 50 52 54 59 61 70 81 83 89 96 99
40 76 41 43 48 52 53 54 67 69 70 71 75 79 80 82 88 89 90 97
41 99 42 44 45 47 52 54 55 57 60 61 62 72 73 84 88 91 92 93
42 78 43 49 50 53 57 60 63 64 66 75 76 79 85 87 89 96 98 99
43 93 44 47 53 54 56 58 59 60 62 66 67 70 74 77 79 81 82 99 100
44 45 50 51 53 56 59 64 67 70 76 78 80 81 85 87 88 90 95 98
45 37 48 52 55 58 61 63 64 65 70 73 76 77 82 83 84 88 89 95 97
46 67 49 52 54 55 56 57 62 67 70 72 78 80 84 92 94 96 97 98 100
47 33 50 51 54 55 57 63 65 78 89 93 94 97 98 99
48 98 49 51 54 56 60 63 66 73 74 79 83 87 92 98 100
49 81 50 56 62 65 69 71 72 73 74 75 76 77 80 82 83 84 87 89 97 98
50 91 65 67 68 74 81 87 92 99
51 36 52 53 55 63 66 69 74 75 76 79 83 86 91 100
52 23 55 57 60 64 69 73 74 77 80 85 87 88 90 93 94 99
53 25 61 66 67 68 70 72 73 77 78 90 92 93 94 95 96 97
54 91 55 56 60 61 67 72 73 74 81 82 85 88 91 94 96 100
55 70 67 69 73 74 75 79 80 81 84 85 88 92 94 96 98 100
56 89 58 61 66 68 70 72 73 75 77 78 81 82 83 88 91 92 93 98 99
57 46 58 59 67 68 75 76 77 79 86 89 94 96
58 46 59 64 65 66 73 78 82 84 93 94 98 100
59 99 60 61 64 65 67 69 73 78 79 83 86 90 93 94 97
60 21 61 62 66 67 75 79 81 86 90 92 94 96 99
61 48 62 65 69 71 74 77 83 85 86 89 93 95 100
62 29 69 70 71 75 85 87 89 91 95 97 99 100
63 76 65 68 74 75 76 78 79 85 87 94 97
64 42 66 68 71 73 86 89 91 93 99
65 45 67 68 72 77 78 79 82 83 84 90 92 96 97 98 100
66 28 72 74 81 82 83 84 85 90 97 100
67 95 75 76 77 85 94 95 98
68 67 71 72 74 75 76 77 86 91 92
69 66 71 72 75 90 96 99
70 91 73 76 77 79 80 88 94 96 97
71 39 80 81 82 86 93 95 96 99 100
72 78 74 75 78 82 84 88 89 91 93 97 99
73 31 74 78 80 82 85 93
74 37 77 79 80 86 87 89 93 94 95 97
75 60 76 79 80 82 88 92 93 98
76 23 77 79 82 83 88 94 95 97
77 36 78 85 86 88 89 90 92 95 98
78 22 82 83 84 86 94 98
79 100 83 86 92 95 97 98 99
80 21 83 84 86 87 91 95 96 100
81 95 83 89 90 93 96
82 67 83 85 89 93 96
83 22 84 86 87 89 90 92 94 96 97 100
84 98 88 89 94 98 99
85 40 87 91 93 98
86 90 87 88 89 92 97 98
87 97 88 92 94
88 64 90 93 98 100
89 75 91 95 99 100
90 68 93 94 95 100
91 30 96 98 99
92 58 93 98 99
93 99 95
94 26 99
95 69
96 36 100
97 67
98 42 100
99 21 100
100 85
