100
1 22 3 4 6 11 12 13 14 15 16 18 20 23 26 28 29 30 34 36 37 38 40 41 42 43 44 45 46 47 49 53 55 56 59 60 61 64 66 68 69 71 76 80 81 84 85 88 90 92 94 95 97 98 100
2 54 3 4 5 6 7 8 13 14 15 16 17 19 29 31 32 34 37 42 43 45 46 47 48 49 54 55 56 58 59 60 62 63 66 68 69 70 71 73 74 75 76 77 78 79 80 81 84 88 90 91 94 96 97 100
3 24 4 9 13 14 16 18 20 23 25 27 31 33 35 37 38 42 43 44 45 46 48 49 51 53 54 55 59 60 61 62 63 65 67 69 70 72 73 75 77 80 86 87 92 94 98 100
4 53 5 6 7 8 10 14 15 17 18 20 23 25 26 30 32 34 35 36 37 40 41 42 45 48 49 50 51 53 55 60 61 62 63 65 67 69 70 71 74 76 77 79 81 86 93 94 95 97 98 99 100
5 20 6 8 19 20 21 23 24 30 31 34 35 37 38 41 42 52 53 54 55 56 57 58 59 63 64 65 66 67 69 70 73 74 75 77 79 82 83 85 86 88 91 94 95 96 99 100
6 45 7 8 12 14 16 19 22 24 27 28 29 30 31 33 42 43 45 47 48 51 53 57 58 59 60 62 63 64 67 68 70 72 73 74 75 76 78 80 81 82 83 88 90 91 92 93 94 98 100
7 52 10 11 12 15 16 17 18 20 21 22 23 25 26 27 31 33 34 35 36 39 42 43 47 48 51 52 53 58 60 62 64 65 66 69 70 71 76 77 78 80 81 87 89 93 94 95 98
8 83 11 12 14 15 17 18 19 21 26 27 30 32 33 35 37 39 40 41 43 45 49 52 54 55 57 60 62 66 69 70 72 73 76 77 78 80 82 87 91 93 97 99 100
9 29 11 12 13 16 18 19 22 23 24 26 27 30 31 32 33 40 41 42 43 49 51 53 55 57 60 61 65 66 67 68 71 74 76 77 78 79 80 81 82 83 84 86 88 89 92 93 96 97 100
10 21 11 15 16 18 21 22 25 27 30 32 37 43 44 47 48 50 52 53 55 56 59 64 65 70 71 72 73 74 75 76 78 79 80 82 83 84 88 89 91 97 99 100
11 41 12 13 16 18 19 21 23 31 34 35 36 37 39 40 41 43 46 48 50 51 52 53 54 55 57 58 60 64 67 71 73 75 79 85 86 87 88 95
12 35 14 15 16 18 20 24 25 27 28 29 30 31 33 34 36 37 46 47 49 50 52 53 54 58 59 62 63 64 71 75 76 77 79 80 81 82 84 86 94 95 97 99
13 33 16 18 21 23 24 25 26 29 30 33 36 37 38 39 41 42 43 47 48 49 53 54 56 57 60 61 63 65 66 69 71 73 75 78 79 81 82 83 84 85 86 88 89 92 95 96 97 98
14 52 16 20 24 31 32 34 35 36 38 39 42 44 46 49 50 51 52 53 56 57 58 60 66 67 69 70 71 72 77 78 80 82 83 85 90 93 95 98 100
15 65 20 22 24 25 27 29 32 35 37 40 45 46 47 48 50 51 52 54 56 57 58 60 62 65 68 69 71 77 80 81 82 84 85 86 87 91 93 95 97 98 99
16 90 17 18 19 20 22 23 24 26 27 28 29 30 33 36 38 39 41 42 43 44 45 46 47 48 49 52 53 57 59 61 62 63 64 65 67 68 70 71 72 74 79 80 81 82 84 87 88 89 91 92 93 94 95 96 98 100
17 20 18 19 22 24 29 32 34 35 36 38 39 40 41 42 46 48 53 55 56 57 62 65 67 68 69 70 72 73 76 80 83 84 85 88 90 91 94 98
18 78 19 23 24 26 27 28 29 32 35 39 40 43 45 47 49 60 62 63 64 67 70 72 74 75 77 81 82 83 84 88 91 92 96 97 99
19 74 20 23 25 27 28 29 31 35 36 39 42 43 44 45 47 49 55 56 57 59 60 62 63 64 66 67 68 73 74 76 78 81 82 84 87 88 90 91 93 96 99 100
20 70 21 22 24 25 26 27 28 29 31 32 34 35 37 38 41 44 47 49 52 54 55 56 59 65 67 68 70 71 74 75 76 78 82 83 84 89 90 92 94 98 99 100
21 84 24 26 32 34 36 40 41 42 43 45 46 48 52 53 56 57 58 61 64 66 67 68 69 71 72 73 74 75 78 83 85 90 92 93 94 95
22 48 27 31 34 36 37 38 39 40 43 44 45 46 48 49 51 52 53 54 56 57 58 62 63 65 67 68 69 71 72 73 74 76 78 80 82 85 86 87 91 94 95 98 99
23 53 24 28 29 33 35 37 38 41 42 43 45 46 47 48 54 55 56 57 59 60 64 66 67 68 71 72 73 77 78 79 82 83 84 85 87 89 91 93 96 100
24 69 29 30 31 35 39 42 43 45 46 47 50 53 56 57 58 60 61 63 64 67 68 69 71 72 73 75 76 78 80 81 85 86 87 89 91 92 95 97 98
25 74 27 30 31 32 33 34 35 36 41 42 44 46 49 57 59 61 64 68 69 70 72 74 75 78 81 82 84 86 87 89 90 92 93 95 96 97 98
26 52 27 29 31 32 33 36 38 39 42 44 45 49 51 53 57 59 60 61 62 65 67 68 71 72 74 77 81 82 84 86 91 92 97 100
27 49 29 30 31 32 36 37 38 39 40 45 50 51 54 57 58 61 64 65 66 67 69 70 72 73 76 77 78 79 82 84 87 88 89 94 97
28 22 33 37 43 45 47 52 54 55 58 59 60 63 65 70 71 73 75 76 80 81 82 83 85 86 87 90 91 92 93 94 95 96 97
29 100 31 33 34 36 37 39 40 41 43 45 48 49 51 52 54 56 58 61 62 65 66 67 68 72 75 78 83 84 86 89 91 95 97 98
30 75 31 36 37 38 41 42 43 45 49 52 53 54 55 56 57 60 61 65 69 70 71 74 76 77 78 80 81 85 86 89 90 92 94 98
31 97 32 33 34 35 36 40 41 42 45 47 49 51 52 53 54 56 57 58 59 60 67 68 70 71 72 74 75 76 79 80 89 90 92 94 97 98
32 44 35 36 37 39 40 41 42 43 45 46 47 48 49 50 51 53 59 60 61 66 69 75 76 78 79 81 83 84 85 93 96 98 100
33 75 34 37 39 42 43 51 53 54 55 57 61 62 65 66 68 70 72 74 75 79 81 85 89 90 91 92 93 94 95 96 98 100
34 36 35 37 38 39 40 42 44 46 49 52 53 54 56 58 59 60 63 64 65 67 68 69 70 71 72 74 76 77 79 82 85 86 88 89 90 91 94 97 98 100
35 47 36 37 39 44 45 46 47 48 49 50 52 55 57 58 59 60 61 62 64 66 68 69 70 72 74 75 76 77 78 79 80 81 82 83 84 88 89 91
36 38 37 38 39 42 44 45 46 47 49 52 54 55 56 59 62 63 69 71 73 77 78 79 81 84 85 88 91 94 95 97 99 100
37 23 39 41 43 44 46 47 51 53 54 55 56 58 59 60 61 65 67 69 71 72 74 75 76 78 85 86 87 91 92 93 95 97 98 99 100
38 56 39 41 42 44 45 47 48 49 52 54 56 60 61 64 68 70 71 73 75 82 87 90 91 93 96 97 99 100
39 47 40 41 42 45 47 48 49 50 51 53 54 57 58 68 69 71 72 73 75 76 78 80 83 85 86 87 88 89 90 91 92 96 97 99
40 83 41 43 45 46 48 50 51 52 53 56 57 58 59 63 65 66 67 68 69 72 75 76 77 78 79 82 86 90 91 92 93 94 97 99 100
41 56 42 44 47 48 50 52 53 54 56 58 61 63 66 69 71 72 75 79 82 84 86 88 90 94 96 97 98 99
42 92 43 45 46 49 50 52 53 54 56 58 61 62 63 65 68 70 71 73 76 77 79 82 86 89 90 92 93 97 98 99 100
43 48 45 46 48 52 53 55 58 59 61 62 63 65 68 69 70 71 72 73 74 75 76 77 78 79 88 93 96 98 99 100
44 91 46 48 49 52 53 54 56 57 59 60 64 65 66 67 71 72 73 74 75 76 78 79 82 84 87 89 90 91 98 99
45 40 46 47 48 49 50 51 53 54 55 58 59 61 62 64 65 69 70 72 73 74 75 79 81 82 86 87 88 90 93 96 98 100
46 87 49 51 52 54 55 56 57 59 64 65 66 69 70 73 75 81 82 83 86 89 90 91 92 94 95 98 99 100
47 85 49 50 51 52 53 54 55 57 58 59 66 69 71 72 74 75 78 81 82 84 85 86 89 90 91 93 94 95 96 97 98
48 82 50 51 53 60 61 62 63 64 66 67 68 69 70 76 77 79 84 86 87 90 91 94 95 96 97 99
49 63 51 52 60 61 65 67 68 69 70 71 75 76 77 78 80 81 82 83 84 85 86 87 89 90 92 94 97 98
50 90 53 54 55 56 57 58 59 60 66 74 78 82 83 85 86 89 90 91 92 93 94 95 97 98 100
51 89 52 59 60 61 63 64 65 67 68 69 70 72 74 75 77 78 80 85 87 89 91 95 96 97 98 99 100
52 67 54 59 60 61 64 65 66 67 68 69 70 74 75 76 78 82 83 84 85 88 91 92 93 94 97 98 100
53 81 58 59 61 62 63 65 67 68 69 74 75 76 77 84 86 87 90 92 94 95 96 98 99
54 61 55 59 61 63 67 70 71 72 74 78 80 83 87 88 90 91 92 93 95 98 99 100
55 84 59 60 61 66 67 70 71 74 75 77 79 81 82 84 88 90 92 100
56 67 57 62 63 66 73 74 75 77 78 79 81 84 86 88 89 91 92 93 95 96 98 99
57 30 60 63 65 69 70 73 74 76 80 84 86 87 88 90 93 95 96 97 99
58 84 59 65 68 69 74 75 78 81 83 84 87 91 94 95 97
59 35 60 61 62 63 65 74 75 76 77 79 80 82 83 84 86 87 90 91 93 96 98 100
60 61 61 62 63 64 66 67 68 69 70 72 73 74 75 77 78 81 85 87 89 90 92 93 95 96 97 98 100
61 72 65 66 67 72 76 77 78 80 81 87 88 92 94 95 96 97 98
62 70 64 66 67 69 70 73 77 81 82 85 86 88 91 92 95 100
63 21 66 69 70 71 75 77 78 79 82 84 85 89 92 95 96 97 98 99 100
64 79 66 67 68 70 71 73 74 75 76 77 78 80 82 92 93 95 99 100
65 73 66 69 70 71 74 75 78 80 83 84 86 87 88 89 91 93 94 95 96 100
66 86 71 72 73 74 75 77 79 80 84 87 89 92 93 95 96 97 98 99
67 81 68 69 70 72 73 79 82 84 85 86 88 89 90 94 95 99
68 75 69 71 74 78 80 81 83 84 85 89 91 95 97 98 99
69 20 71 74 76 79 80 81 84 87 88 89 90 91 94 95 96 97 99
70 42 72 73 78 79 82 83 84 85 86 88 89 90 92 97 98
71 89 72 73 76 77 78 79 82 86 87 89 90 93 94 97 99 100
72 97 79 80 84 87 88 90 93 95 96 97 99 100
73 52 79 80 82 88 91 92 94 98 100
74 60 75 77 78 80 82 84 85 89 90 91 93 95 99
75 55 76 78 80 82 85 87 89 90 92 94 95 99
76 93 77 79 81 82 83 84 85 90 93 96 98 99 100
77 39 78 83 84 86 87 89 92 94 96 98 99 100
78 83 80 83 84 85 86 87 88 89 91 93 95 97 99
79 79 80 81 85 86 90 93 95 97
80 96 81 83 84 85 88 89 91 93 96 97 99
81 55 89 91 92 95
82 44 83 84 87 88 89 91 94 95 96 97 98 99 100
83 22 87 90 91 92 93 94 95 96 97 100
84 43 85 87 90 94 99 100
85 59 86 88 89 90 91 92 93 97
86 57 87 89 90 94 98 99 100
87 73 88 91 94 95 96 98 99
88 74 90 92 94 95 99
89 60 90 91 93 94 98 99 100
90 75 91 92 94 96 100
91 90 93 98
92 52 93 94 95 98 99 100
93 27 94 98
94 24 96 97 100
95 97 97 98 100
96 56 99 100
97 31 98 99
98 94 100
99 71
100 25
