100
1 49 2 3 4 13 17 19 20 21 23 25 27 34 36 43 53 54 65 72 74 75 76 80 87 89 91
2 51 3 13 16 23 24 26 30 41 43 44 50 53 90 91 92 94 95
3 42 5 10 13 14 19 26 33 48 55 79 87 88
4 49 10 11 18 21 23 30 37 40 43 48 52 53 59 75 76 86 92 99
5 61 10 11 15 18 24 31 33 34 35 40 43 47 49 53 54 64 65 78 80 81 88 89 96 100
6 64 10 18 19 24 26 34 45 51 54 62 63 64 65 69 71 77 95 100
7 44 11 12 16 19 20 23 25 39 41 44 52 60 62 71 72 78 84 97 100
8 21 9 10 15 34 36 39 44 57 62 64 76 78 86 87 90 93 94 96 98 100
9 84 12 13 14 33 34 35 36 38 42 49 53 58 59 66 70 71 73 77 78 84 93 96
10 57 23 26 35 50 54 60 65 77 79 82 86 91 94 96 100
11 58 20 32 43 52 55 56 59 62 63 66 68 80 94 97
12 79 13 16 20 36 40 41 43 45 46 60 63 68 81 82 85 87 90 98
13 78 14 18 39 40 43 61 65 71 73 79 81 87 93 100
14 42 30 36 44 45 47 57 59 67 68 71 78 84 85 89 90 91 94 95 96
15 35 20 22 26 32 42 54 57 63 69 70 81 82 88 90 95 98
16 70 17 23 26 33 45 46 53 62 73 74 80 90
17 59 18 35 44 48 59 64 73 78 80 91 96
18 97 21 22 29 42 49 57 61 63 73 74 76 79 83 90 91 95 96 97 98 99
19 23 27 31 34 36 37 40 44 55 59 61 65 72 82 83 95 98
20 83 21 23 25 26 28 47 48 51 53 63 64 66 76 79 91
21 68 22 24 29 31 32 39 48 67 69 71 75 81 83 85 87 95 99 100
22 54 23 25 31 36 42 48 61 62 63 64 72 74 81 83 91 94 96 97 99
23 75 25 27 36 37 41 44 46 49 59 65 73 75 78 80 81 84 94
24 62 27 32 56 60 69 71 87 95 99
25 22 26 32 35 37 43 59 62 74 75 79 88 92
26 49 27 36 40 43 46 52 67 73 74 85 90 94 95
27 65 31 45 50 53 54 55 56 65 72 75 78 80 89 90 94 99
28 61 38 42 47 50 57 60 61 74 75 80 82 87 88 95 98
29 24 30 32 38 49 57 59 61 64 67 68 70 71 77 82 86 88 100
30 70 33 39 49 52 53 54 55 57 60 64 70 83 84 97 99
31 82 40 42 43 47 53 54 55 58 64 66 69 71 73 82 83 88 89 90 91 97 98 99
32 26 34 35 40 45 51 52 54 56 58 63 79 85
33 60 48 62 66 70 72 74 80 86 89 91 97 99
34 92 37 40 48 59 60 61 64 68 74 75 80 83 84 89 98
35 33 44 52 55 57 58 65 71 74 77 84 88
36 47 39 42 63 69 70 72 76 79 83 92 93
37 48 56 57 58 63 64 67 69 75 83 86 94
38 68 52 59 62 66 71 83 85 99
39 83 42 43 44 76 89 92 96
40 70 46 55 56 58 62 65 66 74 91
41 78 50 56 59 68 90 95
42 68 43 60 61 63 73 75 77 79 90 93 96 97 98 99 100
43 98 60 69 70 74 75 78 88 94
44 86 47 49 50 52 58 59 69 71 81 82 84 89 90 93 98
45 93 49 52 56 63 88 91 96
46 73 47 53 60 75 81 83 84
47 98 52 53 59 63 65 73 82 87 92 93 95
48 100 53 61 68 71 73 74 93 97
49 73 53 54 56 60 70 77 78 81 92
50 41 58 69 73 74 78 80 84 94 98
51 73 60 62 64 74 78 80 83 84 90 97 99
52 21 54 60 64 70 80 82 97
53 45 64 69 71 72 73 74 77 79 81 82 85 87 91
54 87 56 58 62 74 75 81 85 93 97 98
55 24 75 98
56 72 58 66 70 76 79 84 87 100
57 98 76 79 83 85 89 91 92 98
58 84 63 64 65 67 75 81 88 91 94 96
59 31 67 74 80 82 89 91 100
60 58 79 80 90 92 95
61 48 63 69 73 79 87 89 93 95 100
62 69 66 70 72 74 78 80 83 84 85 89 98
63 98 64 72 80 83 85 88 89 91
64 61 82 83 98
65 65 68 72 79 85 100
66 42 67 70 72 73 77 78 84 85 89 90 92 94 95 96 100
67 44 70 74 76 82 87 89 90 98 100
68 81 72 73 74 75 82 83 88 93 99
69 40 72 82 84 91 97 98
70 44 74 79 90 93 95 96
71 82 72 78 82 84 88 89 91 93 99
72 47 73 74 84 98
73 58 75 78 79 81 83 88 98 100
74 78 75 83 86 89 98
75 21 76 79 85 87 91 100
76 82 77 80 81 85 89 91 92 100
77 98 83 90 91 94 99
78 29 79 94
79 67 83 88 98
80 85 82 87 88 89 93 98
81 76 83 84 86 91 92 97 100
82 45 83 85 93 95 100
83 30 84 90 92 95 99
84 63 86 90
85 78 86 91 93 95
86 74 100
87 78 91 98
88 27 91 92
89 36 99
90 55 96 99
91 74 94 98
92 74 94
93 59 95 100
94 51 96
95 95
96 38
97 29
98 32 99
99 32
100 62
