100
1 95 4 8 9 10 11 13 15 16 18 21 22 23 24 30 31 36 37 38 40 41 43 44 47 48 49 51 52 53 57 59 60 61 62 64 67 69 70 71 72 74 75 77 79 80 81 82 83 84 85 87 89 90 91 92 93 94 95 96 98 99 100
2 74 3 5 6 7 9 10 12 14 15 16 18 19 20 21 23 24 25 26 27 28 29 30 32 36 37 38 39 43 44 45 46 48 49 50 51 52 54 56 57 58 60 61 62 64 67 68 70 73 75 76 77 78 79 83 84 85 87 90 91 94 95 97 98 100
3 92 5 7 9 10 11 12 13 14 15 18 19 20 21 26 29 31 32 34 36 39 42 43 44 45 46 48 51 52 54 55 60 63 64 65 67 69 70 73 79 80 82 83 84 85 86 89 90 91 92 94 97 98 99
4 53 6 9 10 11 13 14 15 16 17 19 20 22 23 24 26 28 30 31 34 35 36 37 38 39 40 42 43 46 47 49 50 51 52 53 55 56 59 60 61 62 64 69 71 72 75 76 79 81 82 83 84 88 89 90 91 92 93 94 96 98
5 92 6 7 8 9 10 11 12 13 15 18 19 20 23 24 25 28 29 30 32 33 34 35 36 37 39 41 42 43 47 49 50 53 55 56 58 59 60 61 62 63 64 65 67 68 69 75 76 78 79 82 83 85 86 87 88 90 91 92 93 94 97 98 100
6 69 8 10 12 13 14 15 17 19 20 21 25 26 27 28 30 31 32 34 36 38 39 40 41 43 44 45 46 47 48 49 50 54 58 60 63 64 66 67 69 70 71 72 76 77 78 79 80 81 82 83 88 89 95 97 98 100
7 56 9 10 13 15 16 17 19 22 25 27 31 33 34 35 36 38 39 41 43 45 46 48 52 53 54 55 56 57 60 61 62 63 64 66 70 71 72 73 74 75 78 81 82 83 84 86 89 91 92 93 95 96 97 99 100
8 82 10 11 12 15 17 19 21 24 25 28 30 32 33 34 36 37 38 41 42 43 45 46 47 48 51 52 53 54 55 56 57 58 59 62 63 64 65 66 69 71 72 74 75 77 78 79 80 81 82 83 84 86 88 90 93 94 98 100
9 78 10 14 15 17 18 19 20 22 24 26 27 29 30 31 32 33 34 37 38 40 42 44 45 46 47 48 49 51 52 53 54 55 58 60 62 64 65 66 69 70 73 74 75 76 77 78 79 81 82 83 84 86 87 88 89 92 93 94 95 96 97 98
10 55 12 14 15 17 19 20 22 25 27 29 30 32 33 34 35 37 40 42 44 45 47 49 50 51 54 55 60 62 63 66 67 69 70 72 73 74 76 78 80 82 83 85 86 88 89 90 93 95 98 99 100
11 96 12 13 14 15 16 18 24 27 28 29 30 31 35 37 38 40 41 45 46 47 48 49 50 51 53 54 55 59 60 62 63 64 65 66 69 71 74 76 79 81 82 83 84 85 87 89 92 93 94 96 98
12 58 15 16 17 18 19 21 22 23 24 25 27 29 30 32 34 36 37 38 39 41 42 43 46 47 49 50 51 52 53 54 55 56 57 61 62 63 66 68 69 70 71 72 78 81 82 83 91 93 96 97 98 99
13 81 14 15 16 17 19 20 22 24 25 27 28 29 30 31 32 33 34 36 37 38 40 43 44 45 47 48 52 53 56 58 59 60 61 62 63 64 65 66 69 70 71 72 76 79 83 84 85 88 90 91 92 96 97 98
14 82 17 18 19 20 21 24 25 27 28 29 32 33 34 37 38 41 42 44 45 46 48 49 50 53 55 57 58 59 60 61 64 65 66 67 69 72 73 74 77 78 86 87 89 90 92 93 94 96 99
15 95 16 17 18 20 21 22 24 28 29 37 39 40 41 43 45 47 53 55 56 57 58 59 61 62 63 64 65 67 69 71 73 79 81 82 86 87 89 91 92 93 94 95 98 100
16 64 17 19 20 22 23 26 27 28 30 31 32 33 34 35 38 39 41 42 43 45 46 47 50 51 53 54 55 56 57 60 62 67 69 70 71 72 73 74 77 80 82 83 84 87 90 91 94 95 97 98 100
17 89 23 24 25 26 27 28 30 31 32 34 35 36 37 38 39 43 47 48 50 51 52 53 54 55 56 57 58 60 63 64 67 69 70 72 74 76 77 78 79 80 81 82 85 91 93 94 95 96 97 99
18 77 19 22 24 25 28 32 33 34 35 36 37 38 40 44 45 46 48 50 52 55 56 57 58 61 62 63 66 67 68 69 71 73 74 77 81 82 83 84 86 88 89 90 92 93 95 96 97 98
19 69 20 21 22 28 30 31 32 34 36 37 38 40 41 42 49 52 55 58 65 67 69 71 72 74 80 84 85 87 88 91 92 93 94 95 96 97 98 99 100
20 72 21 22 24 25 26 30 33 37 38 39 43 45 47 48 49 50 51 52 53 55 57 58 59 60 61 62 64 65 67 68 70 71 72 73 74 75 77 78 79 81 83 84 86 87 89 90 91 92 93 95 96 97 99
21 97 23 26 27 28 31 36 38 40 41 42 43 47 52 53 55 56 57 59 60 61 64 65 69 70 71 74 75 76 77 78 80 81 84 85 86 87 90 91 92 93 94 95 96 97 98 100
22 86 23 24 26 28 30 31 32 33 36 37 38 39 45 47 49 51 53 54 55 56 57 58 59 60 61 66 67 68 69 70 72 73 75 76 78 81 82 83 84 86 90 91 92 93 94 98 99
23 63 24 26 27 28 29 30 31 32 34 35 40 42 44 46 49 51 55 57 58 59 60 63 64 66 70 71 72 73 75 76 78 81 82 83 84 85 86 87 89 90 92 93 96 97 98 99 100
24 87 28 29 30 31 32 33 36 38 41 42 43 45 46 47 48 51 52 55 56 57 59 61 63 64 65 71 72 74 75 77 78 79 82 85 86 87 90 91 94 96 98 99 100
25 99 29 30 31 32 34 35 36 38 39 40 42 43 45 46 48 50 51 52 53 56 57 59 60 61 62 64 65 66 68 69 70 71 77 79 81 82 83 87 88 89 91 94 95 96 97 98 99 100
26 81 27 28 29 31 32 33 35 36 38 39 40 41 42 44 45 46 48 51 52 53 54 56 59 62 63 65 66 68 69 70 73 75 77 78 79 80 81 83 84 86 87 88 89 91 92 94 96 98 99
27 66 29 30 31 35 36 37 39 43 44 45 48 52 53 54 55 57 58 59 61 67 68 70 73 74 77 78 79 80 82 85 87 88 90 92 94 96 97 99 100
28 84 32 33 34 35 36 37 38 39 40 42 43 45 48 49 50 51 53 55 56 59 66 67 68 69 70 72 75 76 77 78 79 80 81 82 84 86 87 88 89 90 93 94 95 96 97 98 99
29 71 30 31 32 33 36 39 40 42 43 44 45 47 48 50 52 54 55 56 57 58 59 61 64 68 71 73 74 76 77 78 79 80 81 82 84 85 86 89 90 93 94 95 96 97 99
30 88 31 32 33 34 37 40 43 44 46 47 49 50 51 53 55 57 58 61 62 63 64 65 66 68 70 71 73 74 77 79 80 86 87 88 89 90 91 93 98 99
31 58 32 33 35 37 40 41 42 43 44 50 51 52 53 54 56 57 59 60 61 62 64 65 66 68 70 72 74 76 77 78 79 80 82 83 84 85 88 89 91 92 93 94 95 97 98 99
32 89 33 34 35 36 38 39 40 41 44 45 47 48 50 51 52 53 54 56 59 61 62 63 64 66 67 68 69 70 72 73 74 75 76 77 78 79 80 82 83 84 86 87 89 92 97 100
33 100 34 37 39 41 42 44 45 46 49 51 52 53 54 55 57 58 61 63 64 66 67 68 71 72 74 76 77 78 79 80 81 83 85 86 88 89 91 96 100
34 51 35 36 38 39 42 44 45 47 49 53 54 55 56 57 60 61 62 64 65 67 68 69 70 71 72 74 75 76 78 81 82 83 84 85 87 89 90 93 95 96 97 98 99 100
35 99 36 37 40 43 44 45 46 47 49 54 56 57 59 61 62 63 65 67 68 69 70 71 73 75 78 82 83 84 85 87 89 90 91 92 94 96 97 98 100
36 62 37 38 40 42 43 45 47 48 50 51 54 56 58 59 61 62 66 68 69 70 72 73 74 76 77 79 80 85 86 87 88 89 90 93 95 96 97 99
37 75 39 41 42 43 44 47 48 49 51 54 55 56 57 59 60 61 63 64 66 67 71 73 74 75 76 77 78 80 81 82 83 84 87 89 90 91 94 96 98 100
38 99 40 41 42 43 45 46 48 49 50 52 53 55 56 57 60 62 63 64 67 68 69 72 73 75 76 79 80 81 87 88 91 92 93 94 96 98
39 57 40 42 43 47 48 50 51 52 53 54 56 58 60 61 62 63 64 65 70 71 72 74 79 82 83 86 87 91 93 95 97 98 99 100
40 71 41 44 46 47 49 50 51 53 54 55 56 57 58 59 60 61 62 64 65 66 67 71 74 75 76 80 82 83 84 85 87 88 91 93 94 95 97 99
41 85 42 43 44 46 48 50 51 53 54 55 56 57 59 60 62 63 64 65 66 67 69 70 71 79 80 82 84 88 90 91 93 97 98 99
42 76 43 44 45 47 48 49 50 51 52 54 55 62 65 66 67 68 69 70 71 72 73 74 75 76 78 79 81 82 83 84 85 87 88 89 90 91 92 93 94 100
43 50 45 48 49 50 51 52 54 56 58 59 60 62 63 64 66 67 69 71 72 73 74 75 77 79 81 85 86 87 89 90 91 92 93 95 97 99 100
44 74 45 51 52 53 56 59 60 62 63 66 67 69 70 75 77 78 79 80 82 83 84 86 88 89 90 91 95 96 97 99 100
45 67 46 48 49 50 52 53 54 55 56 58 59 60 62 64 65 68 69 73 75 76 78 80 83 84 85 86 87 88 90 92 98 99
46 54 47 48 49 50 51 52 57 58 62 63 64 65 66 68 72 73 75 76 77 78 79 81 83 84 85 87 90 95 96 97 99 100
47 88 48 51 53 54 56 58 59 60 62 65 66 67 68 69 71 73 74 78 79 80 82 83 84 85 86 87 88 89 90 91 92 93 94 96 97 98 100
48 98 50 51 52 53 56 57 58 60 61 64 66 69 70 71 72 73 74 76 77 79 81 82 84 85 87 88 90 93 95 96
49 85 50 51 54 55 57 58 59 63 65 66 67 68 69 71 73 74 75 76 78 79 81 86 87 88 90 91 92 93 94 99
50 90 51 58 62 64 66 67 68 72 73 74 75 76 78 79 80 82 85 86 88 89 90 92 94 96 97 100
51 92 55 57 58 59 60 62 63 64 69 70 71 73 75 78 79 83 84 85 86 87 88 90 91 93 94 96 97 100
52 77 53 54 59 61 62 64 65 66 68 70 71 74 75 77 78 79 80 82 83 84 85 86 88 90 91 92 94 95 96 100
53 67 55 57 58 59 60 61 64 67 68 69 71 76 77 78 79 80 81 84 86 87 89 90 92 95 96 97 98
54 79 55 56 57 58 59 60 61 65 66 67 68 69 70 71 73 75 76 79 80 81 82 84 85 86 90 91 92 94 96 97 99
55 92 58 59 60 61 62 63 65 66 67 68 69 70 71 72 74 75 76 78 79 83 86 87 90 91 92 94 95 96 97 98 100
56 86 57 58 61 62 63 67 69 71 72 73 74 78 80 81 82 84 86 88 89 92 93 94 95 96 97 98 99
57 57 58 61 62 63 65 67 69 70 71 74 78 79 80 83 84 86 87 88 90 94 95 96 97
58 51 59 60 61 62 63 64 66 67 69 70 71 72 73 74 76 77 78 80 81 82 84 87 88 90 92 93 94 97 98 99 100
59 54 60 61 62 63 67 68 69 70 71 73 74 75 76 77 80 81 82 83 84 85 86 87 88 89 90 91 92 93 94 97 98
60 97 63 66 69 70 71 72 73 75 76 77 79 80 82 83 85 89 95 98 99 100
61 68 62 63 64 66 67 69 70 71 72 74 75 76 78 80 82 87 88 91 92 94 97 99
62 77 64 65 66 68 69 71 72 74 75 76 77 79 82 83 85 86 88 91 96 97 98 99 100
63 59 66 67 68 69 70 72 74 75 77 78 80 81 82 83 85 88 89 91 93 94 100
64 71 67 68 70 76 77 80 82 83 84 85 88 89 90 91 92 96
65 85 66 67 68 69 71 76 78 79 80 81 83 84 86 89 90 94 95 98 100
66 98 67 69 71 73 74 76 77 79 80 82 84 86 87 89 90 91 98 99
67 67 68 70 71 72 76 78 80 81 83 85 86 88 90 92 94 97
68 86 69 70 71 72 73 74 75 76 78 79 80 82 84 85 86 90 92 93 96 97
69 65 72 74 75 76 77 79 82 85 86 91 92 95 99 100
70 50 72 73 76 77 78 79 80 81 83 86 87 88 89 93 95 96
71 60 72 73 74 75 78 79 82 83 88 90 92 93 96 98 100
72 53 73 75 76 78 79 80 82 83 84 85 86 88 90 91 92 93 94 95 96 97 99 100
73 80 74 75 76 77 78 80 84 85 86 90 92 95 96 97 100
74 84 75 78 79 82 85 86 87 88 91 92 93 99 100
75 86 78 79 81 83 85 89 90 91 92 93 96 97 98 99 100
76 63 77 78 82 85 88 89 90 92 94 95 97 98 100
77 89 79 82 83 84 87 88 89 90 93 94 96
78 57 79 80 85 86 87 88 90 91 92 97 98 100
79 84 82 83 87 89 90 92 95 96 99
80 83 83 84 85 86 87 88 90 91 95 97 98
81 96 83 85 86 87 92 93 97 98 99 100
82 51 84 85 86 87 90 91 92 94 97 98
83 90 84 85 86 88 89 90 91 92 94 95 96 97 99 100
84 83 90 91 92 94 95 96 97
85 90 88 90 91 96 97 98 100
86 93 87 89 91 92 93 95 96 97 98 99 100
87 85 89 90 91 92 93 95 99 100
88 68 89 90 93 94 95 96 97 98 99 100
89 93 90 91 92 93 94 95 96 97 98 99 100
90 75 91 92 94 95 96 97 98 99
91 83 92 93 94 97 98 99 100
92 88 94 97
93 90 94 95 97 99 100
94 57 95 98 99 100
95 87 97 98 100
96 64 98 99
97 59 98 99 100
98 50 99 100
99 96 100
100 92
