100
1 32 4 5 6 7 8 9 11 12 13 15 18 19 21 22 25 26 27 29 30 31 32 33 34 35 36 37 39 41 42 45 46 53 54 55 56 57 59 60 61 62 64 65 66 68 69 70 71 74 76 77 78 79 81 82 83 85 87 88 89 90 92 94 95 96 97
2 42 6 8 10 12 13 14 15 16 19 20 21 22 23 25 26 27 30 32 35 37 38 39 40 44 46 47 48 50 52 53 54 55 57 58 59 60 61 66 68 69 70 72 73 74 75 76 77 79 82 85 87 88 89 90 91 92 93 94 98 99 100
3 100 4 5 8 13 14 15 17 19 20 21 23 25 26 27 28 29 30 32 33 35 36 37 38 41 43 45 46 48 49 51 52 54 55 56 57 59 60 62 63 64 66 68 75 76 77 80 82 86 87 88 89 92 93 97 100
4 72 5 6 8 9 10 11 12 16 19 20 22 23 24 26 33 37 39 42 43 44 50 51 53 58 59 63 64 67 68 69 70 71 73 74 78 80 85 88 89 90 95 97 98 100
5 75 7 11 12 13 14 16 21 22 23 27 28 29 32 33 34 35 36 37 38 39 40 42 43 44 45 48 49 54 55 57 58 59 62 63 66 67 68 69 70 76 77 78 81 82 83 84 85 86 87 88 90 92 94 96 98 99
6 90 7 8 9 13 14 22 26 27 28 29 30 31 33 34 35 37 38 39 40 41 44 46 48 49 52 53 54 55 58 59 61 62 63 65 66 70 71 75 83 84 90 91 92 94 96 97 98 100
7 22 9 11 14 15 16 17 18 21 22 23 24 25 26 32 33 34 35 36 37 38 39 41 42 44 45 47 48 49 50 51 53 57 58 59 63 64 65 67 68 69 70 71 74 77 80 81 82 85 86 87 88 89 90 93 95 98 99
8 35 10 11 12 13 14 15 16 17 18 23 24 28 30 31 32 35 39 40 42 44 45 46 47 50 51 54 60 61 62 63 64 65 68 70 71 72 73 75 76 77 78 79 80 82 84 85 86 87 88 93 95 97 98 99
9 86 10 11 13 16 17 18 20 21 22 23 24 25 26 27 28 30 32 33 35 36 39 41 45 46 48 50 54 56 57 59 60 61 62 64 65 66 69 71 72 73 74 76 78 79 80 81 84 85 86 87 88 89 91 92 95 96 97 99 100
10 90 14 15 16 18 19 20 23 26 29 34 35 37 38 39 40 42 49 52 53 54 55 56 58 59 63 64 65 66 68 69 70 71 72 73 74 75 78 79 81 82 83 85 87 89 92 93 95 97 98 99
11 70 12 13 17 19 21 22 24 25 28 34 35 36 38 39 41 42 43 44 45 46 47 48 51 53 57 58 63 64 68 69 70 73 74 78 81 82 83 84 85 86 88 90 93 97 98 99 100
12 26 14 15 17 19 21 22 23 24 25 27 29 30 31 33 35 38 39 40 43 45 46 50 53 55 56 57 60 62 63 66 67 70 72 75 76 77 78 81 84 85 88 89 90 94 95 96 97 98 99
13 75 14 17 19 20 22 23 24 25 27 28 29 30 33 34 35 37 38 40 41 42 43 44 45 46 48 50 53 60 62 63 64 66 67 68 69 70 71 73 74 75 77 78 79 81 83 85 86 87 90 91 92 93 94 95 97 99 100
14 27 15 18 19 20 24 30 32 33 34 36 37 38 39 40 41 42 46 47 48 49 51 52 53 54 55 56 57 58 60 61 62 64 65 70 71 73 75 76 78 79 82 83 84 85 86 87 88 89 90 96 97
15 51 16 17 19 22 24 31 32 33 35 36 37 40 46 48 49 50 51 52 54 56 59 60 61 62 63 65 67 68 69 70 73 74 76 77 79 80 81 84 85 87 90 92 93 94 95 97 98
16 93 18 19 21 22 23 24 25 29 32 33 36 37 38 39 40 42 43 45 48 53 54 57 60 61 62 63 65 67 72 74 75 76 77 79 80 82 83 84 85 86 87 89 91 93 94 96 98 99 100
17 75 20 23 24 26 28 29 30 31 33 34 35 36 38 39 41 42 43 44 46 47 48 49 50 52 53 54 55 56 59 60 61 63 65 67 68 69 70 72 73 74 77 79 80 81 82 83 84 85 86 88 90 92 94 95 96 98 99 100
18 31 19 20 21 22 23 26 27 29 30 31 33 35 36 37 41 42 43 44 45 50 51 53 54 55 56 58 59 60 61 62 64 65 67 68 69 71 72 73 74 75 77 78 81 82 84 85 86 87 88 93 94 96
19 54 20 22 24 27 30 32 33 34 35 37 38 41 42 43 44 46 49 50 51 52 53 56 57 60 61 62 64 65 68 69 70 71 76 77 78 79 80 83 85 86 87 88 91 93 94 95 96 98 100
20 22 25 26 27 28 29 30 33 36 37 38 39 42 43 44 45 46 47 49 51 52 53 55 56 58 60 61 62 63 64 66 68 69 70 71 72 73 74 75 76 77 78 79 81 82 84 85 86 87 88 90 91 92 93 94 96 98
21 37 22 25 26 28 29 30 31 32 33 35 36 37 40 41 44 45 46 48 50 52 53 54 57 59 60 62 63 69 71 72 75 77 78 80 81 83 85 86 87 89 90 92 93 94 95 96 98 99 100
22 25 25 26 27 29 30 31 33 34 35 40 41 43 44 45 46 47 48 49 50 53 55 56 58 59 60 62 64 66 69 70 71 72 73 75 76 77 78 79 80 81 82 83 86 87 89 90 93 96 97 99 100
23 64 24 25 26 27 28 29 30 31 32 33 34 35 36 37 39 40 46 49 50 53 54 56 57 58 60 61 62 63 64 66 67 70 71 72 74 75 76 77 78 79 80 81 82 83 87 89 93 95 96 97 98 99 100
24 66 34 37 38 39 41 43 44 45 46 47 51 53 55 62 63 65 66 67 70 71 72 76 79 80 82 83 84 87 88 89 90 91 93 94 96 97 98 99 100
25 75 26 30 31 32 33 37 38 39 40 42 44 45 47 48 51 52 53 54 55 57 58 59 60 63 64 68 69 70 71 74 76 77 78 79 80 82 83 84 85 86 87 88 90 91 93 97 98 100
26 77 29 30 32 33 36 37 38 39 43 44 46 48 51 52 53 54 55 56 57 58 59 60 61 62 63 64 69 71 74 75 77 79 80 81 83 87 88 91 92 94 95 96 97 98 99
27 57 28 29 30 31 32 34 36 40 41 43 44 45 48 50 53 56 57 58 59 60 63 65 67 69 70 72 73 75 78 79 81 82 83 84 86 87 91 92 95 99 100
28 65 32 34 36 37 38 41 42 44 46 47 51 53 54 55 61 62 67 68 69 70 75 76 81 83 84 85 88 89 90 91 93 94 96 97 98
29 44 30 33 34 35 36 38 39 40 44 45 46 50 51 53 54 55 58 65 66 67 69 72 73 75 76 78 80 81 84 86 87 89 93 94 97 98 99 100
30 33 32 33 36 37 38 39 40 41 42 46 47 48 49 51 57 67 68 69 71 74 75 76 77 78 79 82 83 84 85 87 88 91 95 99 100
31 37 34 35 36 37 38 39 40 47 51 55 56 58 62 63 65 66 69 71 72 74 75 76 78 79 82 83 85 89 90 94 96 97 98 100
32 99 33 34 37 39 41 42 44 45 46 47 48 49 50 51 54 55 56 58 60 61 64 65 66 68 69 70 71 72 73 75 76 78 79 80 82 83 84 85 87 91 92 93 94 95 96 98 100
33 96 35 36 39 40 42 43 44 45 46 48 49 51 53 55 56 58 59 60 65 67 68 71 72 73 74 76 77 79 80 82 83 84 88 89 90 91 92 93 98
34 71 38 40 41 42 43 46 47 48 50 52 53 54 62 63 64 65 66 67 70 72 74 76 78 80 82 85 86 87 88 90 92 93 97 98 100
35 25 37 38 44 45 46 51 52 53 56 57 61 63 64 65 68 69 73 74 77 78 80 82 87 88 90 91 92 93 95 97 98 99 100
36 23 37 41 42 43 47 48 50 51 54 56 57 59 61 62 65 68 69 72 74 86 88 91 92 93 94 98 100
37 67 38 41 42 45 46 49 50 51 52 53 55 57 58 59 61 63 64 67 68 70 72 75 76 78 79 81 83 84 85 86 89 93 94 97 98 99 100
38 97 40 41 43 44 48 50 52 53 54 57 59 60 61 62 63 64 66 67 69 70 71 72 73 74 76 79 80 81 83 84 87 88 89 91 93 96 97 99
39 93 41 42 44 45 46 47 48 49 51 52 53 56 58 60 62 63 64 66 67 68 69 70 71 73 74 75 76 77 78 81 85 88 90 91 94 95 97 98 99
40 55 41 42 43 44 45 49 50 51 55 56 59 60 61 62 64 65 66 67 68 69 70 72 73 75 76 77 79 80 83 84 85 86 87 90 91 92 95 96 97 98 100
41 74 42 43 44 45 46 48 49 50 52 53 57 58 59 60 62 63 65 67 69 72 75 76 77 78 79 81 82 84 85 87 89 90 91 94 96 97 98 99
42 96 44 46 48 49 50 56 57 58 60 62 68 69 70 72 73 77 78 79 80 81 82 85 89 90 95 96 99 100
43 46 44 45 47 48 49 50 51 52 53 54 55 56 60 61 64 65 67 68 69 70 71 72 76 79 80 81 82 83 85 86 87 89 92 94 96 98
44 81 45 46 48 50 53 54 55 57 59 60 61 64 66 69 70 71 72 74 75 76 78 79 80 83 84 86 87 88 89 90 91 92 94 95 98 100
45 81 49 51 55 56 58 59 60 62 66 67 68 72 73 75 77 78 80 82 84 85 86 87 90 91 92 93 98 99
46 29 47 48 49 51 52 54 59 60 62 63 65 67 68 69 70 73 75 78 79 80 81 83 85 86 89 90 92 93 95
47 69 48 49 54 57 58 61 62 63 64 68 70 74 75 76 77 78 79 81 82 83 84 85 86 87 88 90 92 93 96 98 100
48 30 49 50 51 58 59 60 61 62 66 67 68 69 74 75 76 78 79 80 83 84 88 89 91 92 93 94 95 97 98 100
49 25 51 52 53 54 55 57 58 59 60 62 64 65 69 72 73 75 78 81 82 83 86 88 90 91 93 96 97 99
50 80 51 52 53 55 56 57 58 59 62 66 67 68 69 70 72 73 75 78 79 80 82 83 84 85 87 89 93 94 96 97 98 99 100
51 76 52 53 54 55 56 58 60 61 62 63 65 68 70 71 73 74 75 77 79 81 82 85 87 90 91 94 95 96 98 100
52 99 53 55 56 60 61 62 63 67 69 71 73 75 77 78 79 82 85 86 87 89 90 93 94 97 99
53 21 54 55 60 63 64 65 67 68 69 70 71 72 73 74 75 76 77 78 83 84 86 89 90 91 92 94 95 96 97 98 99 100
54 87 56 57 58 60 61 62 64 65 66 67 69 70 71 72 73 77 79 80 81 83 84 85 88 89 90 91 92 96 97
55 50 57 59 60 61 63 66 69 70 73 74 75 79 80 85 86 87 88 89 91 92 93 96 97 98 100
56 26 58 60 63 64 65 68 69 70 71 73 74 76 77 79 80 82 83 84 85 90 91 93 94 97 98 99
57 55 59 60 61 62 64 65 66 68 69 72 74 75 77 78 79 80 82 84 85 87 88 90 91 93 94 95 96 98 99
58 100 59 60 61 64 66 67 68 69 71 74 75 76 77 78 79 80 81 84 85 87 88 92 93 94 96 97 99 100
59 79 62 63 66 67 69 70 71 72 73 74 75 76 83 86 89 91 93 94 95 96 97
60 85 61 63 64 68 71 73 74 75 76 80 81 82 83 84 87 88 89 90 91 92 93 94 98 99 100
61 79 64 65 66 67 70 71 74 75 76 79 80 85 88 89 92 93 94 95 96 99
62 89 63 64 65 66 67 68 70 71 72 73 74 78 79 80 81 84 87 88 89 90 91 92 93 94 96 97 98 99
63 33 64 65 70 71 72 73 74 76 80 82 83 84 85 86 89 91 95 96 98 99 100
64 81 65 66 67 68 69 70 72 74 77 78 79 82 83 84 87 90 91 93 94 95 97 99 100
65 52 67 68 70 71 72 73 74 77 79 80 82 84 85 86 92 93 95 96 98 99
66 90 67 68 71 73 74 75 78 79 80 81 82 85 86 87 88 91 92 94 95 96 98 99 100
67 97 68 70 71 72 73 75 77 78 81 82 84 86 89 90 92 93 94 95 97 98 99 100
68 66 72 74 76 79 81 82 84 85 86 87 90 92 94 95 97
69 42 70 71 72 77 79 82 83 84 87 88 91 94 95 96 98 99 100
70 37 73 74 75 77 78 79 82 84 86 90 91 93 95 96 97 99
71 81 73 74 75 77 82 84 87 88 89 90 92 93 94 95 96 97 98
72 42 73 75 77 78 80 81 83 84 87 88 90 91 92 96 98 99 100
73 33 75 76 77 78 79 82 83 85 87 88 89 92 93 95 96 98 100
74 80 75 76 77 78 79 80 82 83 84 88 89 90 93 95 97 98 100
75 89 76 77 81 83 85 86 87 90 92 94 95 96 100
76 89 79 82 83 85 86 87 88 90 93 94 95 97 98 99 100
77 86 79 81 83 87 92 93 94 95 96 97
78 60 79 81 85 86 87 88 91 92 93 94 96 97 99 100
79 83 82 84 85 86 87 88 89 90 91 92 93 97 100
80 44 82 88 90 92 93 94 98 99 100
81 28 82 84 85 86 87 89 90 91 95 99
82 91 83 85 86 88 89 90 92 93 94 95 96 99 100
83 98 84 89 92 93 94 95 97 99 100
84 33 86 87 88 89 90 91 92 93 94 98 100
85 54 89 90 93 94 95 96 97 98
86 90 87 88 90 91 92 93 95 96 97 99
87 97 88 90 91 93 94 96 98 99 100
88 56 90 93 94 97 98 99 100
89 34 91 93 94 95 96 97 98 100
90 70 92 93 96 97 98 99
91 32 93 94 96 97 100
92 35 93 94 96 99
93 32 96 97 100
94 64 96 98 99 100
95 45 96 98 99 100
96 53 98
97 85 98 99
98 45 99 100
99 94 100
100 83
