100
1 49 3 4 5 6 7 9 10 11 12 13 14 15 18 19 21 23 24 27 28 29 32 33 34 35 36 37 39 41 42 43 44 46 48 49 50 51 53 54 55 56 61 62 63 65 68 69 72 73 74 75 78 80 81 83 84 85 88 89 90 91 92 94 95 98 99 100
2 51 3 5 6 7 8 9 10 11 12 14 15 17 18 19 21 22 24 25 26 28 29 30 31 32 33 34 36 38 39 42 49 51 52 53 54 55 56 57 59 60 62 63 64 65 66 69 71 72 73 74 75 77 79 81 82 83 87 88 89 90 91 97 98 99 100
3 42 4 6 7 8 10 13 14 16 18 19 20 21 22 24 25 26 28 29 32 33 34 35 36 38 40 41 44 45 46 49 51 52 55 57 58 59 60 62 63 66 67 69 71 72 73 74 76 77 78 79 80 81 84 85 89 90 91 94 95 97 99 100
4 49 5 6 7 8 10 11 14 16 18 22 23 25 28 29 30 31 32 33 34 37 40 41 43 44 45 46 47 48 50 51 53 54 55 56 57 62 63 64 65 66 69 70 71 72 73 74 75 76 77 78 79 80 81 82 85 86 87 89 90 91 92 95 96 97 98 99 100
5 61 6 7 12 13 14 15 16 17 20 21 22 24 25 26 27 29 30 31 32 33 36 41 42 44 45 46 47 48 50 51 55 57 59 60 62 63 65 66 71 72 73 74 75 76 77 78 79 80 83 84 85 87 88 89 90 92 93 94 95 97 98 100
6 64 8 9 10 12 14 15 16 17 18 21 23 26 27 28 29 31 32 33 34 35 37 38 39 41 42 44 45 46 47 49 50 53 55 56 57 58 59 60 61 62 63 65 67 68 69 70 71 72 73 74 77 78 79 81 82 83 85 86 87 88 89 92 94 95 96 100
7 44 11 13 14 15 16 17 18 19 20 21 22 23 24 25 26 27 29 30 31 33 34 35 36 37 38 40 41 42 43 44 46 47 48 49 50 51 52 53 55 56 59 60 61 63 68 69 70 71 72 73 74 76 78 79 80 81 82 83 85 87 88 89 90 92 96 97 98 99 100
8 21 10 11 12 15 17 18 19 20 21 22 24 26 29 31 32 33 35 36 37 38 39 41 42 45 46 47 49 50 51 52 54 55 56 57 58 59 60 61 62 63 66 67 70 71 72 73 74 76 77 78 79 80 81 82 83 85 87 89 90 91 93 95 96 97 98 99 100
9 84 11 14 15 16 19 20 21 22 23 28 30 31 32 33 34 35 38 39 40 41 43 46 47 48 49 50 51 53 58 59 60 63 64 65 66 67 68 69 70 72 73 74 75 76 77 78 79 80 81 83 84 85 86 87 89 90 91 92 93 94 95 97 98 100
10 57 12 14 15 16 17 18 19 21 24 27 28 29 33 34 40 41 45 48 50 52 53 54 56 57 58 62 64 65 66 67 68 70 71 72 73 76 77 78 80 81 82 83 86 87 88 89 91 92 93 94 95 96 97 98
11 58 12 14 16 18 19 22 23 24 27 28 29 31 35 36 40 41 42 43 44 45 46 47 48 49 50 52 53 54 55 56 57 59 60 61 62 64 68 69 70 72 73 74 75 76 78 79 80 81 83 84 85 86 87 89 90 91 92 93 94 95 96 97 99 100
12 79 14 15 16 17 18 19 20 21 22 23 26 27 29 30 31 32 33 34 37 38 39 40 41 43 44 47 50 51 52 53 54 57 59 60 61 62 63 66 67 68 69 70 71 72 74 76 78 79 80 82 83 84 85 86 87 89 90 92 94 95 96 97 98 99
13 78 15 16 17 18 19 20 21 23 24 26 27 29 30 31 32 35 36 38 39 40 41 42 43 44 45 46 47 48 51 52 53 54 56 58 59 61 62 63 65 66 67 68 69 70 71 72 73 74 75 77 79 80 82 83 87 89 91 92 93 95 97 98 99
14 42 16 17 18 19 20 21 23 24 25 26 27 28 29 30 31 32 33 34 35 36 38 40 42 45 46 47 49 50 51 52 53 54 55 56 57 58 60 61 64 66 67 70 71 72 73 75 76 77 78 79 80 81 83 84 86 87 88 89 91 95 96 99 100
15 35 16 19 20 21 23 24 25 28 29 30 31 33 34 36 37 39 41 44 45 46 47 49 50 51 52 54 55 56 57 58 60 61 66 67 69 73 74 75 76 77 80 81 82 83 85 86 87 88 89 90 91 92 95 96 98 99 100
16 70 17 20 21 22 23 24 25 26 27 28 29 30 31 32 33 34 35 36 37 39 40 41 42 43 45 46 47 49 51 53 54 55 56 57 58 62 64 65 66 68 71 72 73 75 76 77 79 82 83 84 86 87 88 89 90 95 96 97 98 100
17 59 18 19 20 23 24 25 29 32 33 34 35 36 37 38 39 40 41 42 43 45 46 48 49 50 51 52 53 54 55 56 57 58 59 64 66 67 68 70 71 72 74 76 77 78 79 82 84 85 86 87 89 91 93 95 96 97 99 100
18 97 19 20 21 22 23 25 26 27 28 29 30 31 32 34 35 36 37 38 40 41 42 44 45 46 47 48 50 51 52 53 54 55 56 57 58 59 62 63 64 65 67 68 69 71 72 76 77 78 79 80 81 85 87 88 90 91 92 93 94 96 97 98 100
19 23 20 23 24 26 29 30 31 32 33 34 35 36 37 38 39 40 41 42 43 44 45 46 47 49 50 51 52 53 54 55 56 57 59 62 63 65 67 69 70 71 72 73 74 75 76 77 78 79 81 82 84 85 86 87 88 89 90 91 92 93 94 95 96 97 100
20 83 22 24 26 27 30 32 34 35 38 39 40 41 42 43 44 45 46 49 52 53 54 57 58 59 60 61 62 63 64 65 70 71 72 73 74 78 81 83 84 85 87 88 89 90 91 92 94 95 96 98 99
21 68 22 23 24 25 26 27 28 29 30 31 32 33 35 36 39 42 45 46 47 49 50 51 52 53 55 56 58 59 60 61 63 64 65 66 67 68 69 70 71 72 73 74 75 76 80 85 86 88 89 90 91 92 93 94 98 99 100
22 54 23 26 27 28 29 30 31 32 34 35 36 41 42 43 44 45 48 50 51 52 53 54 55 57 58 59 60 61 63 64 65 66 67 68 69 70 72 76 77 78 79 80 81 82 83 84 87 89 91 92 94 96 97 98 99 100
23 75 26 27 29 30 31 32 33 35 36 37 38 40 41 44 46 47 48 51 52 53 54 57 58 61 62 63 64 65 66 67 68 69 70 71 73 74 75 76 77 80 81 82 83 84 85 86 87 89 90 91 92 93 94 95 96 99 100
24 62 25 26 27 28 30 31 32 33 34 35 36 37 39 40 41 42 44 46 47 48 49 51 52 53 54 55 56 58 59 60 61 62 63 64 65 67 68 69 71 72 73 75 76 78 83 85 86 87 88 89 90 93 94 95 96 97 98
25 22 26 28 30 32 33 34 37 38 40 41 42 43 46 48 49 51 52 53 55 56 57 58 60 61 62 63 64 65 66 67 69 71 72 73 74 75 76 77 78 79 80 81 82 83 84 85 86 90 91 92 93 94 95 97 98 99 100
26 49 28 29 30 31 33 36 37 40 42 43 44 45 47 48 51 52 54 56 57 58 60 61 64 67 68 71 73 74 77 78 79 82 83 84 86 87 88 89 90 91 92 93 94 95 96 97 98 99 100
27 65 29 30 32 33 34 35 36 38 42 43 44 45 47 48 50 55 56 57 59 60 62 65 66 67 68 69 71 72 75 76 77 78 79 80 81 83 85 86 88 96 100
28 61 29 30 31 32 33 35 36 37 39 42 43 44 45 46 47 50 52 53 54 56 57 58 59 60 61 62 64 65 66 69 70 74 75 77 80 81 84 85 86 87 89 90 95 97 98 99 100
29 24 30 31 32 33 34 35 36 38 39 41 42 43 44 45 47 50 51 52 56 57 58 59 60 62 64 66 68 69 70 71 72 73 74 77 80 81 82 83 84 86 87 88 90 95 96 97 98
30 70 32 33 34 35 36 38 39 40 41 42 43 44 46 47 48 49 50 51 52 53 54 56 60 61 62 63 64 65 67 68 69 71 73 74 75 76 77 78 79 80 81 82 84 85 86 88 90 92 93 94 95 96 98
31 82 33 34 35 36 39 40 41 42 43 45 46 47 49 50 52 53 55 56 57 58 59 61 62 63 64 65 66 67 68 70 71 72 74 75 77 79 80 81 83 84 85 86 87 88 91 92 93 94 97 98 99 100
32 26 33 34 38 39 40 41 42 45 46 47 48 49 51 52 53 54 55 56 57 59 61 62 63 64 66 67 68 69 70 71 72 74 77 78 79 80 82 83 84 85 89 93 95 96 98
33 60 35 36 37 38 40 42 43 44 46 47 49 51 53 54 55 57 60 61 62 63 65 67 70 72 73 74 76 77 78 79 80 83 84 88 89 90 92 93 94 95 96 98 99 100
34 92 37 38 39 40 43 44 45 46 47 48 50 51 52 53 54 55 56 57 58 59 60 62 63 65 67 69 70 71 72 73 74 75 76 77 78 79 81 83 84 85 86 87 89 92 93 94 95 97 98 100
35 33 36 37 38 39 40 41 44 45 47 48 49 51 52 54 55 57 58 59 60 61 62 63 67 68 69 70 71 72 73 74 75 76 77 78 79 80 81 82 88 89 90 91 93 95 96 97 99 100
36 47 37 38 40 42 44 45 46 47 48 49 50 51 52 54 55 58 59 60 61 62 63 64 65 67 68 69 70 72 73 74 75 76 77 78 80 81 82 83 84 85 86 87 89 90 92 93 95 96 97 98 100
37 48 38 39 40 42 43 44 46 47 48 49 50 51 52 53 55 56 57 59 60 61 62 63 64 66 67 68 71 74 76 77 79 80 83 84 85 86 87 88 89 92 93 94 95 96 98 100
38 68 39 40 41 44 46 49 51 52 53 54 57 58 59 60 61 62 63 64 65 68 69 70 71 72 74 75 76 77 80 81 82 84 85 86 89 91 92 94 96 97 98 99 100
39 83 40 41 43 45 46 47 48 49 50 51 52 53 55 56 57 58 59 60 61 63 68 70 73 74 75 76 77 78 79 81 82 83 84 85 86 87 88 89 90 92 93 94 95 96 97 98 99
40 70 41 45 46 47 48 49 50 51 52 54 57 58 61 62 63 64 66 67 68 69 70 71 72 73 75 76 78 79 80 81 82 83 84 86 87 88 89 90 91 92 94 96 97 98 99 100
41 78 42 48 49 50 52 53 55 56 58 59 62 63 64 65 66 67 68 69 70 72 73 74 76 78 79 80 81 83 84 85 86 87 88 89 94 95 96 98 99 100
42 68 46 47 48 50 51 52 53 54 56 57 59 61 62 65 67 68 69 70 73 76 79 80 81 82 83 84 85 86 88 89 90 93 95 96 97 98 100
43 98 45 48 50 51 52 53 54 55 56 57 59 60 62 63 64 65 66 67 68 69 70 73 74 75 77 78 80 82 83 84 85 87 88 89 91 92 93 94 95 96 98 99 100
44 86 46 47 48 49 50 51 53 55 59 60 61 65 67 68 69 71 72 73 76 77 79 80 81 82 83 84 85 86 87 88 90 94 96 98 99
45 93 50 56 58 59 60 62 64 65 66 67 68 71 73 74 75 76 77 78 80 81 82 83 84 85 86 87 89 91 92 94 95 99
46 73 49 50 51 52 53 55 63 64 66 67 69 70 71 72 73 74 75 76 78 80 81 83 84 86 89 92 93 94 95 96 97 98 99 100
47 98 49 50 51 52 53 54 55 56 57 58 59 60 61 62 65 66 67 69 70 71 73 74 75 76 78 79 80 81 84 85 86 87 88 90 91 92 93 94 95 96 98 100
48 100 49 51 53 54 55 58 60 61 62 63 65 66 67 68 69 70 71 74 75 77 78 79 80 82 83 84 85 86 87 89 90 91 92 94 96 97 98 99 100
49 73 52 53 54 55 56 57 58 60 61 63 65 66 67 68 70 71 73 74 75 76 81 82 84 85 86 87 88 89 90 91 92 93 94 95 96 97 98 100
50 41 51 53 54 56 57 58 60 61 62 63 65 66 67 68 69 70 74 75 77 79 80 81 82 83 86 87 89 91 92 93 94 96 98 99
51 73 53 56 59 60 62 63 64 65 66 67 69 72 74 75 77 78 79 83 84 85 87 88 90 93 94 95 96 99 100
52 21 53 54 55 57 58 59 60 62 63 64 66 67 68 69 70 71 72 73 75 76 80 81 82 83 84 85 86 87 88 89 90 91 93 94 95 96 97 99 100
53 45 54 55 56 57 59 60 61 63 65 66 67 68 69 70 73 74 77 78 80 81 82 84 85 86 87 88 90 91 92 93 94 95 96 97 98 100
54 87 58 59 61 63 64 66 67 68 69 71 73 75 76 77 79 80 82 83 85 86 88 89 92 93 95 96 97 98 99 100
55 24 56 57 58 59 60 61 62 63 64 65 66 68 69 70 72 73 74 76 77 79 80 81 82 83 84 85 86 88 90 92 93 94 95 97 98 99 100
56 72 57 58 60 62 63 66 67 68 69 70 71 72 73 74 75 76 78 79 80 81 82 84 86 87 88 89 91 92 93 95 96 97 98 100
57 98 58 59 62 63 64 65 67 68 70 71 72 74 75 76 77 80 81 82 84 86 88 89 90 91 93 99
58 84 59 62 64 65 68 69 74 75 76 77 78 79 80 81 82 83 84 86 88 89 91 92 95 96 98 99 100
59 31 61 62 63 64 65 66 69 71 72 73 75 76 78 79 81 82 83 84 85 86 87 88 91 92 93 94 96 97 98 99 100
60 58 61 64 65 66 69 70 71 72 73 74 75 77 78 82 83 84 85 86 88 89 90 91 92 93 94 96 98 99 100
61 48 63 64 65 66 68 69 71 72 74 75 76 77 78 79 81 82 84 85 86 87 88 90 92 95 97 98 99
62 69 63 68 70 72 73 74 75 76 77 78 79 80 81 82 84 85 86 87 89 90 94 96 97 98 100
63 98 64 65 66 67 69 70 71 74 75 76 78 79 80 81 84 85 86 87 89 90 92 94 95 96 97 98 99 100
64 61 66 67 68 70 71 72 73 75 76 77 80 81 82 83 84 85 86 88 89 90 91 92 93 94 95 96 97 98 99
65 65 66 70 71 72 74 75 78 79 80 82 83 85 87 88 89 90 91 92 93 94 95 96 98 99
66 42 67 68 69 70 74 75 76 78 81 82 83 84 86 87 89 90 91 92 93 94 95 96 97 98 100
67 44 69 70 71 72 73 75 76 78 80 81 84 86 87 90 93 94 95 96 97 99 100
68 81 69 73 75 76 77 78 79 80 81 84 85 86 88 89 90 91 92 95 97 99 100
69 40 70 75 76 77 78 80 81 82 84 85 86 87 89 90 91 92 93 95 96 97 98 99 100
70 44 71 73 74 75 76 79 80 81 82 83 84 86 87 88 89 91 92 93 94 95 96 97 99 100
71 82 74 75 76 77 79 80 82 83 84 85 86 87 88 89 90 91 92 93 96 99 100
72 47 73 74 75 76 77 79 80 82 83 84 85 86 87 90 91 92 93 94 95 96 97 99 100
73 58 74 75 76 77 80 81 82 83 85 86 88 89 91 92 95 96 98 99 100
74 78 75 78 79 80 81 82 84 85 86 89 90 91 92 93 94 95 96
75 21 76 77 78 79 80 81 82 85 88 89 92 93 95 96 97 98 100
76 82 77 78 79 81 82 83 84 85 86 87 88 91 92 93 94 95 96 97 98 99 100
77 98 79 80 81 82 85 87 89 90 91 94 95 96 98 99 100
78 29 79 80 83 84 86 88 90 92 93 94 95 96 99
79 67 80 82 84 85 86 88 89 90 91 92 93 94 95 98 99 100
80 85 81 84 85 86 87 88 89 90 91 92 93 94 96 97 98 100
81 76 83 84 85 86 87 92 93 94 95 97 99
82 45 83 84 85 86 89 90 91 92 94 95 96 97 98 99 100
83 30 86 87 88 89 90 93 94 96 97 99
84 63 85 87 88 89 90 91 92 97 99
85 78 86 87 89 90 92 93 94 96 97 99
86 74 87 88 89 90 93 94 95 98 99
87 78 89 90 91 92 93 94 95 97 98 99 100
88 27 90 91 92 94 95 96 98 99 100
89 36 92 94 95 96
90 55 91 93 94 95 96 97 99 100
91 74 92 93 94 98 99 100
92 74 93 95 96 100
93 59 94 96 98 99
94 51 95 97 98 99 100
95 95 96 98 99
96 38 97 98 99 100
97 29 98 99 100
98 32 99 100
99 32 100
100 62
