100
1 50 7 8 9 12 27 28 30 36 38 42 44 52 62 63 65 66 68 73 77 82 84 92 94 95 99
2 92 6 9 10 13 16 18 28 33 43 45 49 55 64 69 70 80 94 97
3 94 5 20 23 42 54 55 58 60 64 72 74 76 83 86 87 88 89 92 94 99
4 83 5 6 12 19 21 22 23 25 26 27 29 31 37 54 55 63 64 66 79 93 94
5 86 10 14 17 20 27 28 33 37 39 54 63 66 69 72 78 83 84 85
6 84 7 13 14 17 23 27 31 32 36 37 39 40 41 44 53 64 66 80
7 55 9 17 20 23 31 32 44 46 49 51 53 54 56 57 61 63 64 67 68 76 83 86 87 92 95
8 51 9 15 16 17 18 26 28 29 35 37 41 43 47 57 60 64 70 81 82 84 93 99
9 66 12 18 25 26 30 31 38 46 50 56 57 60 64 74 75 87 89 92 93 94 96 97 98
10 75 11 14 16 17 21 28 31 49 54 57 59 64 81 85 87 89 90
11 84 24 34 41 43 50 57 59 65 68 70 72 73 75 79 83 85 89 94 98
12 98 15 21 26 28 30 36 43 45 46 47 50 55 62 63 75 77 79 92 94 97 98
13 73 20 23 25 33 35 39 50 51 61 63 68 74 79 81 83 86 91
14 100 15 21 22 26 30 38 43 79 83 91 94 95
15 80 16 17 19 23 25 28 29 53 56 58 61 65 66 72 75 78 89 92 95 97
16 81 17 33 37 42 44 55 58 62 63 67 68 81 83 89 91 96 98
17 66 23 26 27 28 29 33 42 46 47 50 52 57 65 69 71 72 73 79 81 86 88 89 94 98
18 85 28 37 39 59 61 64 71 83 84 85 92 100
19 64 24 25 32 40 41 42 43 46 49 57 59 61 86 88
20 63 22 35 45 46 47 48 62 63 64 65 67 68 79 85 97
21 55 27 40 41 46 49 60 63 64 72 79 80 94
22 75 24 27 34 35 45 47 49 50 51 53 56 58 63 66 70 74 77 80 88 92
23 52 33 44 51 56 57 81 89 92
24 65 26 28 32 37 43 45 47 48 51 62 72 75 76 87 99
25 52 28 31 43 48 50 54 55 59 69 72 74 79 81 84 89 93 95 98
26 57 27 37 43 45 49 58 65 70 73 78 82 84 85 94 95
27 97 32 49 52 64 82 83 97
28 80 44 57 70 74 82 86 90 96
29 66 34 35 41 50 51 54 68 71 77 79 84 87 89
30 56 39 47 50 55 56 58 61 68 73 74 100
31 96 32 36 41 52 53 62 72 74 75 77 94 95 99 100
32 57 33 38 41 52 57 65 66 74 76 82 83 90
33 71 35 43 60 62 70 72 76 78 94 100
34 55 47 50 53 58 59 62 65 73 84 86 98
35 96 45 46 57 59 61 62 65 70 73 82 83 84 85 86 90
36 100 39 41 43 44 48 65 70 71 74 80 82 86 87 88 89 90 91 99 100
37 63 38 39 41 43 50 57 75 81 83 98 99
38 69 39 40 44 48 50 60 65 77 86 97
39 75 52 53 63 69 70 79 82 83 90 91 94
40 81 42 45 50 61 62 65 69 75 76 79 83 87 91 92 98
41 76 47 62 65 67 74 78 88 92 93 97 98
42 68 44 46 56 57 67 76 77 78 100
43 77 50 52 56 60 65 68 71 74 75 77 79 83 89 98 100
44 79 49 53 54 56 65 69 92 100
45 76 46 47 51 54 55 63 64 66 71 83 84 86 93 95 98 99
46 84 53 64 71 73 74 75 81 86 89 92 97 99
47 52 54 55 61 65 73 79 84 86 87 89 91 96 99
48 79 56 60 69 70 71 85 89 100
49 57 52 61 64 75 77 81 83 86 91 93 94 95 99
50 93 54 65 69 71 72 82 84 90
51 61 52 54 59 62 64 72 75 76 88 93 95
52 59 56 86 94
53 57 54 55 59 60 66 68 69 76 78 80 82 86 93 99 100
54 62 56 59 61 62 65 81 83 84 85 87 88 92 93 97 99
55 97 66 76 80 94
56 83 64 67 72 73 75 86 93 99
57 64 58 61 62 73 77 80 83 91 99 100
58 99 65 68 73 74 75 79 94 100
59 89 67 79 80 81 92 97 98 99
60 85 63 71 72 75 76 81 82 84 96 100
61 85 63 71 79 96
62 88 65 73 78 79 85 86 95 97 100
63 96 73 75 81 82 85 91
64 68 72 76 80 82
65 93 81 100
66 68 75 80 90 93 99 100
67 86 68 71 73 75 88 91 96 97 99
68 95 74 77 78 80 86 89
69 81 71 72 86 88 89 97
70 71 72 95 96
71 80 72 75 78 81 83 84 90 95 96
72 91 73 74 75 81 84 85 87 94 96 100
73 80 74 75 80 90 91 92 93 97
74 75 79 87 92 97
75 92 84 88 92
76 51 78 82 87 93 94 98
77 79 78 80 85 97 100
78 98 89 92 93 96
79 100 83 84 90 93
80 57
81 98 89
82 90 86 87 89 94 99
83 84 88 91 92 100
84 100 88 92 93 98
85 50 91 96
86 92 89 93 99
87 56 88 91 93
88 70 90 91
89 59 100
90 65 94 95
91 72 95 97 99
92 54 95 97 99
93 88
94 75 100
95 98 96 98 100
96 56
97 78
98 60
99 85 100
100 69
