100
1 22 6 9 10 12 17 18 23 28 33 34 36 45 57 58 60 65 70 73 76 82 85 86 87 98
2 54 4 6 22 29 30 32 43 44 46 48 50 56 59 68 77 84 86 89 90 96
3 24 4 7 9 12 19 20 24 31 34 35 39 40 50 54 58 61 64 76 82 84 86 93 96 99
4 53 12 16 19 20 23 31 36 37 38 43 46 47 48 60 67 68 71 78 89
5 20 12 15 16 18 23 28 31 33 35 36 38 39 42 46 50 53 54 55 59 62 64 65 66 76 78 80 82 91 96 98
6 45 7 9 12 17 18 24 25 31 34 35 37 38 43 47 49 55 64 74 77 80 81 82 85 86 87 88 91 92 95 96
7 52 13 16 17 22 24 27 31 32 37 43 48 49 54 59 76 78 84 86 93
8 83 11 16 25 34 37 40 41 50 60 63 65 69 77 82 89 94 99 100
9 29 10 13 19 21 22 28 44 46 50 54 61 64 65 69 71 73 84 91
10 21 11 12 15 20 29 31 32 38 43 49 51 59 60 61 69 76 80 89 94 95
11 41 13 19 35 49 57 59 62 64 73 78 86 89 91 95
12 35 13 14 22 25 27 28 29 30 40 45 55 58 61 62 68 69 73 75 80 81 91
13 33 16 20 24 35 41 46 54 58 60 62 71 75 76 78 79 83 88 89
14 52 21 25 26 28 31 48 53 54 57 61 68 70 72 75 81 86 90 99
15 65 26 40 41 45 47 52 57 62 67 81 86 89 94 99
16 90 25 31 32 33 37 47 56 57 61 62 64 67 69 71 73 77 90 93 97 100
17 20 26 36 44 45 56 57 65 67 71 73 74 82 83 86 95 96
18 78 30 31 34 36 43 45 56 57 60 66 80 84 85 93 96 98
19 74 20 25 31 37 41 60 67 70 72 73 74 80 89 90 93 96
20 70 31 32 33 41 52 55 56 59 64 71 75 81 87 90 91 93 100
21 84 22 23 29 41 42 49 51 58 61 67 75 89 91 92 100
22 48 28 29 32 40 42 44 55 57 59 61 72 73 92 94 96 98
23 53 29 34 41 43 84 87 89 93 95 97
24 69 27 29 37 45 49 51 63 69 84 85 94 97
25 74 32 43 46 47 51 60 63 74 77 82 85 95 97 99 100
26 52 45 47 48 49 60 64 66 71 83 85 94
27 49 29 41 42 63 64 65 67 69 71 80 90 93 98 100
28 22 30 34 41 44 46 50 57 58 61 62 67 69 76 78 97 99
29 100 40 46 47 55 62 66 81 89 92 100
30 75 31 40 50 52 56 62 63 64 68 74 76 77 79 80 86
31 97 32 35 40 45 49 50 60 65 66 67 72 74 76 83 85 93 95 98
32 44 39 45 47 50 52 53 57 62 64 71 74 75 79 81 88 93
33 75 38 39 41 42 48 49 54 55 57 59 62 72 75 84 94 98 99
34 36 40 41 43 50 52 54 63 68 71 72 75 95
35 47 42 50 66 67 95 98
36 38 37 41 43 46 53 54 56 65 75 79 83 93 96 97 99 100
37 23 38 40 48 55 58 59 69 71 92
38 56 39 45 48 52 56 62 68 72 85 97
39 47 48 58 61 62 67 72 80 86 92 96 98 100
40 83 42 44 48 57 58 61 64 66 77 82 83 97
41 56 49 55 57 59 61 68 70 71 77 81 97 98 99 100
42 92 45 51 54 60 71 86 87 92 94 96
43 48 47 51 59 64 67 68 73 74 86 89 94 95
44 91 46 52 53 54 61 62 66 67 70 93
45 40 46 48 51 52 53 58 65 66 89
46 87 47 52 53 56 64 65 71 77 84 86 92 98
47 85 53 55 57 58 60 73 74 81 84 87 95 98
48 82 51 68 72 76 81 86 87 89 93 98
49 63 51 98
50 90 53 58 66 72 80 84 92 96
51 89 52 58 69 70 73 77 79 84 85 91 96
52 67 67 76 79 86 90 96 99
53 81 54 61 72 73 75 81 84 87 90 93
54 61 56 74 75 78 82 87 91 94 95 96 98
55 84 56 65 68 70 72 74 78 84 90 94
56 67 72 85 90 92 95
57 30 63 72 78 80 86 89 90
58 84 66 68 69 70 71 78 79 80 87 88 92 95
59 35 64 65 66 70 71 75 83 85 88 95 97 99
60 61 61 69 78 82 86 87 93 100
61 72 63 65 67 69 74 78 89 95
62 70 65 75 79 89 95
63 21 72 85 88 89 98
64 79 88 90 93 95 100
65 73 69 88 89 90 94 97 99 100
66 86 67 73 76 90 93 95 100
67 81 70 85 88 92 100
68 75 70 71 80 94 97 99
69 20 73 74 80 84 85 88 94 99 100
70 42 75 85 90
71 89 81 90 93 97
72 97 74 80 81 85 99
73 52 77 79 84 91 95
74 60 84 85 87 88 89 97 98
75 55 76 77 78 82 87 92 94
76 93 78 88 94 95 98 99 100
77 39 90 94 100
78 83 79 80 83 93
79 79 82 87 100
80 96 96
81 55 84 94 98 99
82 44 85 87 88 89 97 98
83 22 87
84 43 85 87 89 92 95
85 59 89
86 57 87 88 95 96 97 99
87 73 99 100
88 74 90 91 96
89 60 93 100
90 75 94 99
91 90 99
92 52 98 99
93 27 97 100
94 24 96 100
95 97 100
96 56
97 31 98
98 94
99 71 100
100 25
