100
1 32 2 3 4 7 8 9 10 11 12 13 15 16 17 18 22 23 24 25 26 29 30 31 32 34 35 37 39 40 41 42 43 44 45 46 48 49 50 51 53 54 55 56 57 58 59 60 63 64 65 66 67 68 69 70 71 74 75 76 78 79 81 82 84 85 87 88 89 90 91 92 93 94 95 96 97 98 99 100
2 42 3 4 6 7 8 9 10 11 12 14 15 16 18 19 21 23 24 25 27 28 29 31 32 34 35 37 38 40 41 43 44 45 46 47 51 53 56 57 58 59 60 64 65 66 67 68 69 71 72 73 75 76 77 79 80 81 82 83 84 85 86 87 88 89 90 91 92 93 94 95 96 97 98 100
3 100 4 6 7 9 10 12 13 14 15 18 20 21 22 23 24 25 26 27 28 29 30 31 32 33 34 35 36 37 39 40 41 42 43 44 45 46 47 48 49 50 51 52 53 54 55 56 57 59 60 61 62 63 64 65 66 67 68 71 72 73 74 75 76 77 78 79 80 81 83 84 85 86 88 89 90 91 94 95 97 98 99 100
4 72 7 8 9 10 11 13 14 15 16 17 18 19 20 21 22 24 25 26 28 29 30 31 32 33 34 35 36 37 38 39 40 41 42 43 44 45 47 48 49 50 51 53 55 56 57 58 59 60 62 63 64 65 67 68 69 70 71 72 73 74 75 76 77 79 82 83 84 85 86 87 88 89 90 91 93 94 97 98 99 100
5 75 6 7 8 9 10 11 12 13 14 15 16 17 18 20 21 22 23 25 26 28 29 30 31 32 33 34 36 37 38 39 40 42 44 46 47 48 49 50 51 53 54 55 57 58 59 61 62 63 64 65 67 68 70 71 73 74 75 76 78 79 80 81 83 84 85 88 90 91 92 93 94 95 96 98 99 100
6 90 9 10 11 12 13 14 15 16 18 19 21 22 23 24 26 27 28 29 30 31 32 33 34 35 37 38 40 41 42 43 44 45 46 47 48 49 50 51 52 53 54 55 56 58 59 61 62 63 64 66 67 68 70 71 72 73 74 75 76 77 78 80 83 84 85 88 89 90 91 92 94 95 96 97 98 99 100
7 22 8 9 10 11 13 14 16 17 18 19 20 21 22 23 24 25 26 27 28 29 30 31 32 34 35 36 37 38 39 40 42 43 44 45 46 47 48 50 51 52 53 54 55 56 57 59 60 61 62 63 64 65 66 67 68 71 72 73 74 75 76 77 78 80 82 83 85 89 91 93 94 96 97 99 100
8 35 9 10 11 12 13 14 15 16 17 19 20 22 23 24 25 26 27 28 30 31 32 35 36 38 39 41 42 43 44 45 46 47 48 49 50 51 52 53 54 56 57 58 60 64 65 66 68 71 73 74 75 76 77 78 80 81 82 84 85 86 89 91 92 93 94 95 99 100
9 86 10 11 12 13 15 16 17 18 19 20 21 22 24 25 27 29 30 34 35 36 37 39 40 41 42 43 44 45 46 47 48 49 50 51 52 53 55 56 57 59 60 61 62 63 64 65 66 68 69 70 73 74 75 76 77 78 80 81 84 87 88 89 90 92 93 94 95 96 97 98 99 100
10 90 12 14 16 17 18 19 22 23 24 25 26 27 28 29 30 31 32 33 34 35 37 38 39 40 41 42 43 44 46 47 48 50 52 53 54 56 57 58 59 60 61 62 63 64 65 67 68 69 70 71 72 73 74 75 77 79 80 81 82 83 84 85 86 87 88 89 90 91 92 93 94 95 96 97 98 99 100
11 70 12 13 14 15 16 18 19 20 21 23 24 25 26 27 28 29 30 32 33 35 36 37 38 40 41 43 44 45 46 47 48 49 50 52 54 56 58 59 60 61 62 63 64 65 67 68 69 70 71 73 74 75 76 78 79 80 82 83 84 85 86 87 90 91 92 93 95 98 99 100
12 26 13 14 15 17 18 19 21 22 23 25 26 27 28 29 30 31 32 33 34 35 36 39 40 41 42 45 46 48 51 52 53 54 56 57 58 60 61 62 63 64 65 66 67 68 69 70 71 72 74 76 77 78 79 80 82 85 86 87 88 90 91 92 93 94 95 96 97 98 99 100
13 75 14 15 16 18 19 20 21 22 23 24 26 27 28 29 30 31 32 33 34 35 36 37 40 41 43 44 46 47 48 49 51 52 53 54 55 56 57 58 59 60 61 62 63 65 67 70 71 72 73 74 75 76 77 78 79 80 81 82 85 87 89 90 91 92 93 94 95 97 98 100
14 27 15 16 17 18 20 21 22 23 24 25 26 27 28 31 32 33 34 35 39 40 41 42 43 44 45 46 47 48 49 50 51 52 53 54 55 56 57 58 60 63 64 65 67 68 69 70 71 73 74 76 78 82 83 84 85 86 87 89 90 91 93 94 95 96 97 98 99 100
15 51 16 17 20 21 22 24 26 28 29 31 33 34 35 36 37 39 40 41 44 45 47 48 49 50 52 53 54 55 57 58 59 60 64 65 66 67 69 70 72 73 74 75 76 78 80 82 83 84 85 86 87 88 89 90 91 92 93 94 96 97 100
16 93 17 19 20 21 23 24 26 27 28 29 30 31 32 34 36 38 39 41 43 44 46 47 48 49 50 51 52 53 55 58 59 60 62 64 65 66 68 69 70 71 72 74 75 76 77 78 79 80 81 82 83 84 85 86 87 88 89 90 91 92 93 94 95 96 97 98 99 100
17 75 20 21 23 25 27 28 29 30 31 34 35 36 37 38 39 40 41 42 43 44 46 47 48 49 50 51 52 54 56 57 58 59 60 61 62 63 66 67 68 69 71 74 75 76 77 78 80 81 82 83 84 86 88 90 92 93 94 95 96 97 98 99 100
18 31 19 20 21 22 23 24 26 27 28 29 30 31 32 33 34 35 36 37 38 39 40 41 43 44 45 48 49 50 51 52 53 54 56 57 58 59 60 61 63 64 67 69 70 73 74 75 77 78 79 80 81 82 84 85 86 87 89 90 91 92 93 94 95 96 98 99 100
19 54 20 21 22 24 25 26 27 28 29 30 32 33 34 36 37 38 40 41 42 43 45 46 48 49 51 52 53 54 57 58 60 61 62 63 64 66 67 69 70 71 72 73 74 75 76 77 78 79 81 82 83 84 85 86 88 89 90 91 92 93 94 95 96 98 99
20 22 21 23 24 25 26 27 28 29 30 31 32 33 34 35 37 38 39 40 41 43 44 45 46 47 48 49 50 51 52 54 55 56 57 59 60 61 62 63 64 65 66 67 68 69 70 72 73 74 75 76 78 79 80 81 82 83 84 85 86 87 88 89 90 91 92 93 94 95 96 97 98 99 100
21 37 22 23 25 26 27 28 29 30 31 32 33 34 37 38 39 40 42 43 44 46 47 48 50 51 52 53 54 55 56 57 58 59 60 61 62 64 65 67 68 69 70 71 72 73 74 75 77 78 79 80 81 82 83 84 85 86 87 89 90 91 92 93 95 97 98 99 100
22 25 24 25 26 27 28 29 31 33 34 37 38 39 40 44 45 46 48 49 50 51 52 53 54 55 56 57 58 59 60 62 64 65 66 67 68 69 71 72 73 74 75 76 77 78 79 80 81 82 83 84 85 86 88 89 90 93 94 95 98 99
23 64 24 25 26 27 28 29 30 31 32 33 34 35 36 37 39 40 41 45 47 48 49 50 51 52 53 54 55 56 58 59 60 61 62 63 64 65 66 67 68 69 70 71 74 75 76 77 78 79 80 81 82 83 84 85 86 88 89 90 91 92 93 94 95 96 97 98 100
24 66 26 27 28 31 33 34 35 36 37 38 39 40 41 42 43 44 45 46 52 53 54 55 56 57 58 59 60 61 62 64 65 66 67 68 69 72 73 74 75 77 79 80 81 82 83 84 85 86 87 88 89 90 92 93 94 95 96 97 98 99 100
25 75 26 27 28 29 30 33 34 35 36 39 40 41 42 43 45 46 47 48 49 51 52 53 55 56 57 58 59 60 61 63 64 65 67 68 69 71 72 73 74 76 77 79 80 81 82 83 88 89 90 91 92 93 94 95 96 97 98 100
26 77 27 28 29 31 32 33 34 35 36 37 38 39 40 41 42 44 45 46 47 49 50 51 53 54 55 56 57 59 60 61 62 64 65 66 67 68 69 70 71 72 73 74 75 76 77 79 80 81 82 83 84 87 88 90 92 93 94 95 96 97 98 99 100
27 57 31 32 33 34 35 37 38 39 40 42 45 46 47 48 49 50 51 52 53 54 55 57 58 59 60 61 62 63 65 66 67 69 70 71 72 73 74 75 76 77 78 79 80 81 82 83 84 85 86 87 88 89 90 91 92 93 94 95 96 97 98 99 100
28 65 29 32 33 34 36 37 38 39 40 41 42 43 44 45 46 47 48 49 50 51 54 55 56 58 59 60 61 62 63 64 65 66 67 69 70 71 74 75 76 77 78 79 80 82 83 85 86 87 88 89 91 92 93 97 99 100
29 44 32 34 39 40 43 44 45 46 47 48 49 50 52 53 54 55 56 58 59 60 63 64 66 67 68 69 70 71 72 73 74 75 76 78 81 82 83 84 85 86 87 88 89 90 91 93 94 97 100
30 33 31 32 34 36 37 38 39 41 43 44 45 46 47 48 49 50 51 52 53 57 58 59 60 61 62 63 64 65 66 67 68 71 72 74 75 77 78 79 80 83 84 86 88 91 92 93 94 95 96 97 98 99 100
31 37 33 34 35 36 37 38 40 41 42 43 44 45 48 49 50 52 53 54 55 57 59 60 61 62 63 64 65 66 68 70 71 72 73 74 75 76 77 78 79 81 82 83 84 85 87 88 89 90 91 92 93 94 95 97 99
32 99 33 34 35 36 37 38 39 40 41 42 43 44 45 46 48 49 50 53 54 55 56 57 58 59 60 61 62 64 65 66 67 68 69 70 71 72 73 74 76 80 81 82 83 84 85 86 88 89 91 93 94 96 97 98 99 100
33 96 36 38 39 40 41 42 43 44 47 48 50 51 52 53 54 55 57 58 59 61 62 63 64 65 66 67 68 69 70 71 72 73 74 75 76 77 78 79 80 81 82 83 84 85 86 87 89 91 92 93 94 95 96 97 98 99 100
34 71 35 36 37 38 39 40 41 42 43 44 45 47 49 50 51 52 53 54 56 57 61 62 64 65 66 67 68 69 70 73 74 75 77 78 81 82 83 84 85 86 87 88 89 91 93 94 95 96 97 98 99 100
35 25 36 37 38 40 41 42 43 44 45 46 47 48 49 50 52 53 54 55 56 57 58 60 61 62 63 64 65 66 67 68 70 71 72 73 75 79 80 81 82 87 88 89 90 91 92 93 96 97 98 99 100
36 23 37 39 40 41 42 43 44 46 47 48 49 50 51 52 54 55 58 59 60 62 63 64 65 66 67 69 70 71 72 74 76 77 83 86 87 89 90 92 93 94 95 96 97 98 99 100
37 67 40 41 42 43 44 45 46 48 49 50 51 52 54 55 56 57 58 59 60 61 62 65 67 68 69 70 71 72 73 74 75 76 77 78 79 80 81 82 83 84 85 86 87 88 89 90 91 92 95 96 97 98 100
38 97 39 40 42 43 44 45 46 47 48 49 50 51 53 54 55 56 57 60 61 62 63 64 66 67 68 69 70 71 72 73 74 76 77 78 79 80 81 82 83 84 85 86 87 88 89 90 91 93 94 95 96 98 99 100
39 93 40 41 42 43 45 46 48 49 51 52 53 54 56 57 58 60 61 62 64 65 66 67 68 69 70 71 74 75 76 77 78 79 80 81 83 86 87 88 89 90 91 92 93 94 95 96 97 98 99 100
40 55 42 43 44 45 46 47 48 49 50 53 54 55 56 57 58 59 62 63 64 65 66 67 69 70 71 73 74 75 76 78 79 81 82 83 84 86 87 88 89 91 92 93 94 95 96 97 98 99 100
41 74 42 43 44 45 46 47 48 49 50 51 53 54 56 59 60 62 63 64 65 67 68 69 70 71 72 73 74 77 78 80 81 82 83 84 86 87 88 89 90 91 92 93 94 95 97 98 100
42 96 45 46 47 49 50 51 52 54 55 56 57 58 60 62 64 65 66 69 70 71 72 73 75 76 77 78 79 80 83 84 85 86 87 88 89 90 91 92 94 95 96 98 99
43 46 45 46 47 48 49 52 54 55 56 58 59 60 61 62 64 65 66 67 69 70 71 72 73 74 75 76 77 78 79 80 81 82 83 84 85 86 88 89 90 91 92 93 94 95 96 97 98 100
44 81 45 46 47 48 49 50 51 52 53 54 56 58 60 61 62 63 66 67 68 69 70 71 72 73 74 76 77 78 79 80 82 83 84 85 86 88 89 90 91 92 93 94 95 97 98 100
45 81 46 47 48 49 50 51 52 53 54 55 56 57 58 60 61 62 63 64 66 67 68 69 70 71 72 73 74 75 76 77 78 79 81 82 83 84 85 86 87 88 89 90 91 93 94 95 96 98 99
46 29 47 48 49 50 52 54 55 57 58 59 61 62 63 64 65 66 67 68 69 70 73 74 76 77 78 80 81 82 83 84 85 87 88 89 90 92 93 94 95 96 97 98
47 69 48 49 51 52 55 56 57 58 59 60 61 62 63 64 65 67 69 70 71 72 73 76 79 80 81 82 83 84 85 87 88 89 90 91 92 97 98 99 100
48 30 49 50 52 53 54 55 56 57 59 60 61 62 63 64 65 66 67 68 69 70 71 73 74 75 76 77 79 80 82 83 84 88 89 91 92 93 94 95 96 97 99 100
49 25 50 52 53 54 55 56 58 59 60 62 63 64 68 69 71 72 73 74 75 76 77 78 81 82 83 86 87 88 89 90 91 92 93 94 96 97 99 100
50 80 51 52 54 55 56 57 58 59 60 61 63 64 65 66 69 70 74 77 78 79 80 81 82 83 84 85 86 87 88 89 90 92 93 95 96 97 98 99
51 76 52 53 55 56 57 58 59 60 61 62 63 65 66 67 68 72 73 74 75 77 78 79 80 81 82 83 84 85 86 87 90 91 92 93 94 95 96 97 98 99 100
52 99 53 54 55 57 58 59 60 61 62 65 66 67 68 69 70 71 72 73 74 75 76 77 79 80 81 83 84 85 86 87 88 89 91 92 93 94 95 96 97 98 99 100
53 21 54 55 57 58 61 62 63 64 66 67 68 70 71 72 73 74 78 79 80 81 82 84 85 87 89 90 91 92 93 94 95 96 97 98 100
54 87 55 56 57 58 59 60 61 62 63 64 65 67 69 71 72 73 75 76 77 78 79 80 82 83 84 85 88 89 91 92 93 94 95 96 97 98 99 100
55 50 57 58 59 60 61 63 64 65 67 68 69 70 71 72 73 74 75 76 77 78 79 80 81 82 83 84 85 86 87 88 89 90 91 92 93 94 95 98 99 100
56 26 57 60 61 63 66 67 68 69 70 72 73 74 76 77 78 79 80 83 84 85 86 87 89 91 93 94 95 96 97 98 99 100
57 55 59 60 61 62 64 65 66 68 69 70 71 72 73 74 76 78 79 81 82 83 84 85 86 87 88 89 90 91 92 93 94 97 98 99 100
58 100 59 60 64 66 67 68 69 70 71 72 73 74 75 76 77 78 79 80 82 83 84 85 86 87 88 89 90 91 92 93 95 96 99 100
59 79 60 62 63 64 65 66 67 68 69 70 71 74 75 76 77 78 79 80 81 82 83 86 87 89 90 91 93 94 95 96 98 99
60 85 61 62 63 66 67 68 70 71 72 75 77 78 80 81 82 83 84 85 86 87 89 90 91 92 93 94 95 98 99 100
61 79 62 63 65 69 70 71 72 73 74 75 76 77 79 80 81 82 83 84 85 86 87 88 89 90 93 95 96 97 98 99 100
62 89 64 65 66 67 69 71 73 74 75 76 77 78 80 82 84 85 86 87 88 89 90 91 92 93 95 96 97 98 100
63 33 64 65 66 67 68 69 70 71 72 73 74 75 77 78 80 81 83 84 85 86 87 88 89 90 91 92 93 94 95 96 97 98 99 100
64 81 65 67 68 69 70 71 72 73 74 75 76 77 78 80 81 83 84 85 87 88 91 93 94 95 97 99
65 52 66 68 69 70 71 72 74 76 77 78 79 81 83 84 85 88 90 91 92 93 94 95 96 98 99 100
66 90 67 68 70 71 73 74 75 76 77 78 80 81 82 84 85 86 87 88 89 90 91 92 93 94 95 97 98 99 100
67 97 68 69 70 71 72 73 74 75 76 78 79 80 81 83 84 85 86 87 88 89 90 94 95 96 97 98 99 100
68 66 69 70 71 72 73 74 76 77 79 80 81 82 83 84 85 86 87 88 89 90 91 92 94 95 96 97 99 100
69 42 70 71 72 74 76 77 78 80 81 83 84 85 87 88 90 91 92 93 94 95 96 97 98 99
70 37 71 72 73 74 75 76 77 78 79 81 82 85 87 88 89 90 91 92 94 95 96 97 98 99
71 81 72 73 74 75 76 77 78 79 81 82 83 84 85 86 87 89 90 91 92 95 96 97 98 100
72 42 74 75 77 78 81 82 83 84 85 86 87 88 89 90 91 92 93 94 97 98 99 100
73 33 74 75 76 77 78 79 80 81 82 83 84 85 86 87 88 89 92 93 94 95 96 97 98 99 100
74 80 75 76 77 79 80 81 82 83 84 86 90 91 92 93 94 95 97 98 100
75 89 76 78 79 80 81 83 84 85 86 87 88 89 91 92 93 94 95 96 97 98 99 100
76 89 77 78 80 82 83 84 85 86 87 88 89 90 92 93 94 95 96 97 98 99
77 86 79 80 81 82 83 85 86 87 88 89 90 91 92 93 97 98 100
78 60 79 80 81 82 84 85 86 87 88 89 90 91 92 93 94 96 98 99 100
79 83 82 83 84 86 87 88 89 90 91 92 93 94 96 97 98 99
80 44 81 82 83 84 85 86 87 88 89 90 92 94 95 96 97 98 99 100
81 28 82 83 85 86 87 88 89 90 91 93 94 96 97 98
82 91 83 84 85 86 87 88 89 90 92 93 94 95 96 99
83 98 84 85 86 87 88 89 90 91 92 93 94 95 96 97 99 100
84 33 85 87 88 89 90 91 92 93 94 95 96 97 99
85 54 86 87 90 91 93 94 95 96 97 98
86 90 87 88 89 91 92 93 94 95 96 99 100
87 97 89 93 94 95 97 98 99 100
88 56 89 92 93 95 98 99 100
89 34 90 91 92 93 94 95 96 97 98 99 100
90 70 91 92 93 94 95 96 97 98 99 100
91 32 92 93 94 95 97 98 99 100
92 35 93 94 95 96 97 98 99 100
93 32 94 96 98 99 100
94 64 96 97 98 99 100
95 45 96 97 98 99 100
96 53 97 98 99 100
97 85 98 99
98 45 100
99 94 100
100 83
