100
1 87 2 4 7 19 32 33 37 39 48 54 56 58 78 82 83 88 89 93 95 96 97 98 99
2 46 6 8 11 19 20 21 22 27 30 33 41 50 53 57 61 64 65 68 74 75 77 81 95 98 99
3 44 5 6 7 8 10 13 16 18 23 29 30 31 32 33 39 43 48 49 52 53 54 56 57 58 64 65 66 68 74 77 81 82 84 88 92 94
4 40 5 7 18 24 25 27 30 33 35 38 41 45 46 59 60 61 63 64 67 68 73 78 79 80 82 85 91 95
5 66 10 12 16 21 23 25 35 37 44 46 48 50 51 52 53 54 55 58 67 71 72 78 86 88 91 96
6 48 7 11 20 26 34 35 36 38 39 45 64 70 71 75 79 80 85 87 89 92 95 99
7 54 9 13 15 32 33 39 40 44 46 50 52 58 61 63 65 66 70 71 73 76 83 84 87 90 94 97 98
8 64 11 12 16 17 20 21 25 29 33 35 36 38 39 42 44 45 53 59 64 67 73 74 75 77 78 80 81 83 85 91 93 94
9 24 12 14 17 23 25 26 28 29 43 44 47 52 55 59 64 67 69 71 72 78 79 81 82 88 91 93 97
10 67 13 15 16 19 23 27 28 35 36 43 47 48 49 53 55 56 58 61 62 63 70 75 77 78 79 81 83 84 85 86 92 95 98
11 30 12 13 14 18 19 33 35 38 41 42 52 53 54 56 63 66 67 68 69 70 74 75 78 81 85 92 96 97 98
12 86 13 14 15 27 29 31 38 43 57 62 65 69 72 81 86 88 94 95 97 99 100
13 41 16 17 18 20 22 26 29 30 31 37 39 40 46 49 52 54 58 60 65 67 69 71 72 73 76 77 79 82 83 88 91 95 96
14 50 17 19 23 25 26 37 39 40 45 49 53 57 60 69 74 76 78 79 81 82 85 87 89 94 96
15 96 19 20 21 24 25 29 33 35 42 43 45 47 56 65 68 81 83 90 92 93 95
16 43 20 21 30 32 37 38 45 48 54 55 59 63 66 68 70 82 85 86 90 97 98 99 100
17 62 18 19 20 24 26 27 30 36 37 42 43 55 57 60 65 71 77 78 82 83 84 87 91 96 97 99 100
18 45 27 28 32 33 34 40 41 43 45 51 55 63 68 71 72 77 79 80 82 83 85 92
19 28 25 27 41 42 44 45 52 53 55 57 58 60 62 67 71 74 79 83 85 89 91 96 100
20 92 28 29 30 31 34 37 40 41 44 48 51 53 56 58 59 61 63 70 71 76 77 79 85 91 93 94 96 100
21 77 22 26 28 29 31 32 37 38 39 41 44 47 49 51 52 56 57 58 66 76 77 78 80 81 89 91
22 23 29 32 33 40 42 52 53 57 59 66 69 71 72 75 81 84 86 87 90 91 95 96 97 99
23 28 27 38 41 45 49 53 54 56 61 64 73 74 75 85 87 88 93 95 98
24 26 25 27 30 33 37 39 44 46 49 51 53 55 56 60 63 68 71 73 77 83 84 86 87 90 91 95 96 97 99
25 29 26 31 33 36 40 41 44 46 47 49 52 56 60 64 69 75 78 79 80 82 83 90 94 95
26 58 30 32 45 49 52 60 66 68 70 71 76 84 85 88 94 97 98
27 58 29 32 39 45 46 51 56 59 62 65 67 70 71 77 83 84 89 91 94 100
28 40 29 31 32 38 40 41 43 47 51 52 57 60 62 65 68 70 74 77 82 84 93 95 96
29 100 31 37 40 48 52 56 57 59 60 62 64 68 75 78 80 87 90 93 95 97 98 99
30 74 31 33 34 40 44 47 49 65 69 72 74 78 79 80 81 87 90 91 92 97
31 93 33 35 36 38 40 44 45 48 49 51 52 53 57 62 75 80 91 99 100
32 96 34 36 38 39 47 48 52 54 59 61 74 76 77 82 83 87 89 90 91 92 94 97
33 60 37 39 45 46 47 60 65 66 76 77 78 87 90 95 96 97 99
34 83 37 38 40 44 48 54 57 61 63 64 66 69 73 75 78 88 89 90 91
35 92 36 38 42 45 46 48 53 54 55 57 68 71 73 78 80 83 86 89 91 96
36 68 37 38 45 50 51 56 57 59 60 62 64 67 70 71 75 77 84 88 95 96
37 26 39 45 48 51 53 56 57 61 62 63 69 71 73 74 76 80 82 86 87 91 100
38 39 41 43 47 52 56 62 66 74 77 79 91 97 99 100
39 21 42 43 45 47 48 51 52 56 58 62 64 71 75 81 83 84 88 89 92 94 95 100
40 32 41 43 44 45 50 59 63 67 68 77 79 83 84 86 87 100
41 38 50 52 57 58 61 62 69 73 76 84 85 86 88 89 100
42 57 43 47 50 51 53 54 63 65 66 71 73 84 95 97 98 100
43 30 47 56 60 63 67 68 73 81 82 84 85 87 90 91 93 96
44 49 53 58 59 60 61 62 65 73 75 77 86 87 90 92 95 96
45 50 48 49 50 57 58 65 69 73 74 76 78 83 86 87 92 96 97
46 59 47 50 51 53 54 64 65 74 77 82 84 90 95 96 98 99
47 59 48 51 52 54 56 59 64 70 75 77 79 81 88 95 96
48 89 50 52 57 62 66 67 71 77 80 83 88 90 92 95 96 98
49 96 50 52 54 57 58 63 65 66 67 76 78 80 83 88 91 92
50 67 54 55 58 68 70 80 81 82 87 88 89 91 100
51 98 52 53 55 57 58 59 61 68 69 74 75 80 85 86 89 97
52 29 57 60 61 62 63 67 70 71 72 74 78 79 81 83 84 87 96 99 100
53 59 57 58 64 66 67 69 72 76 78 85 91 92 93 94 95 96 98
54 62 55 59 60 61 70 77 78 80 82 87 96 98
55 80 60 62 68 69 72 73 81 82 88 90 94 95 99
56 37 59 62 68 70 78 83 86 90 91 96 97 98 99 100
57 75 66 72 76 77 84 85 86 88 91 92 93 96 99
58 30 63 65 70 71 80 81 87 88 94 99
59 34 67 69 80 81 92 96 98 100
60 65 62 65 72 76 77 78 80 84 85 93 97 100
61 37 63 64 65 70 71 76 77 80 81 85 91 93
62 40 75 77 78 80 90 93 94
63 69 72 74 75 76 77 81 83 92 98
64 49 67 69 71 72 81 84 88 94 95 96
65 50 66 70 75 78 80 81 93
66 65 70 72 77 82 83 88 95 96
67 70 68 70 74 78 79 84 88 89 90 91 93 95 96 98 99
68 41 74 76 83 86 88 90 92 99
69 56 73 76 84 85 87 89 90 93 94 98
70 38 71 75 76 77 80 94 100
71 59 73 75 76 81 85 98
72 84 76 79 80 91 98 99 100
73 52 74 81 83 90 94 99
74 28 83 84 86 87 90 95
75 60 78 82 85 93 96 100
76 92 81 83 84 85 86 91 95
77 51 79 82 85 88 92 93 94
78 41 79 81 83 85 86 91 92 95 96 97 98 99
79 73 81 82 84 85 88 93 95 96
80 59 81 83 89 94 96 98
81 43 84 85 89 94 95
82 73 85 86 87 88 90 91 92 96 99
83 77 84 86 94 95 98
84 29 86 88 89 91 94
85 86 91 93 94 97 98
86 71 89 95 100
87 77 88 91 92 100
88 73 97 98
89 66 92 95 96
90 39 92 95 97 98 99
91 47 94
92 35
93 56 97
94 87 98
95 26 96 97
96 23
97 80
98 30 100
99 45
100 24
