100
1 50 3 4 5 7 8 9 10 13 14 16 17 18 20 21 22 23 24 25 26 29 30 31 33 34 36 37 38 39 42 44 45 46 47 49 53 54 56 57 59 60 62 65 67 68 72 73 75 76 77 78 79 80 81 82 86 88 89 90 91 93 94 96 97 99 100
2 92 3 7 11 12 13 15 16 18 21 24 25 26 27 29 30 32 34 35 36 37 41 42 44 45 46 47 48 49 50 51 52 54 55 56 58 62 63 64 65 66 67 69 70 72 73 77 78 79 80 81 83 85 87 88 89 90 91 92 93 94 98 99 100
3 94 5 7 9 11 12 15 16 18 19 20 21 22 23 24 26 27 28 30 31 32 33 34 35 37 40 42 45 46 47 49 50 51 52 53 55 59 60 62 63 64 66 67 69 70 71 72 73 75 79 80 81 82 84 85 86 89 90 92 94 96 97 98 99 100
4 83 5 6 7 10 11 12 13 14 15 16 18 20 22 23 24 25 26 28 30 31 32 33 35 39 42 43 46 47 48 50 52 53 55 56 57 58 59 60 61 62 63 68 70 71 72 73 74 75 76 77 78 82 83 84 85 86 88 89 90 91 93 94 95 96 98 99
5 86 6 8 9 10 11 14 15 16 18 19 20 22 23 26 27 28 29 30 31 32 33 34 35 36 37 38 39 43 45 46 47 49 50 51 54 57 59 60 61 62 63 66 68 69 70 71 74 75 76 77 79 82 83 85 86 89 90 92 93 94 96 97 99 100
6 84 8 9 11 12 13 14 15 16 17 18 19 20 21 23 24 25 26 27 28 30 31 32 33 34 35 36 38 40 42 43 44 46 47 48 49 50 51 52 53 55 56 57 58 59 60 62 64 65 66 67 68 70 71 72 74 75 76 78 79 81 84 85 86 87 88 90 91 92 93 94 95 96 97 98 100
7 55 8 9 10 11 12 16 17 18 20 22 23 24 25 26 29 30 31 32 33 34 35 36 38 39 40 41 43 44 45 46 47 49 51 52 53 54 55 56 57 58 59 60 61 62 63 64 66 69 70 72 74 76 78 79 80 84 85 86 87 88 90 91 92 93 94 95 96 97 100
8 51 9 11 12 13 14 16 17 18 19 20 21 22 23 28 29 31 33 34 35 36 37 38 40 42 43 44 47 48 49 50 51 52 53 54 56 57 58 60 61 62 63 64 65 69 71 72 73 75 76 77 78 82 84 85 86 87 89 90 91 92 93 94 95 96 97 99 100
9 66 10 11 14 16 17 18 19 20 21 22 25 27 28 29 32 34 36 37 38 39 41 43 45 46 47 51 52 54 55 56 57 58 59 60 61 62 65 66 69 70 71 72 74 75 77 78 79 82 83 84 85 86 87 88 89 90 91 93 94 95 96 97 98 100
10 75 11 15 16 19 21 22 23 25 28 29 30 33 34 36 37 40 42 43 47 48 50 51 54 56 57 58 67 68 69 70 75 76 77 81 82 83 85 86 87 88 89 90 91 92 94 95 97 98 99 100
11 84 14 15 16 17 18 20 21 25 26 27 28 29 30 33 34 36 38 39 43 45 46 47 48 49 50 53 56 58 59 60 62 65 66 67 68 69 70 71 73 75 77 80 82 83 84 85 86 87 88 89 90 93 94 95 97 99 100
12 98 14 15 16 17 18 19 20 21 22 25 26 27 29 30 31 33 34 35 36 37 38 39 40 41 42 43 44 47 48 49 51 53 55 56 57 59 60 61 62 64 65 66 67 68 69 74 75 76 77 78 80 81 83 84 87 89 90 91 95 96 97 98 99 100
13 73 14 15 17 18 19 20 22 26 27 28 29 30 31 34 37 42 43 45 46 47 48 49 50 51 52 53 54 57 58 59 61 62 65 66 67 69 70 71 74 75 77 78 79 80 82 83 84 85 86 87 88 90 91 92 93 96 97 98 100
14 100 15 16 17 18 19 20 21 22 23 24 25 26 28 30 31 37 38 39 41 42 43 44 45 46 47 48 50 51 52 53 54 55 56 59 60 61 64 65 69 71 72 73 74 75 76 77 79 80 81 83 84 85 87 88 90 92 93 94 95 96 97 98 99 100
15 80 16 17 18 19 20 21 22 24 25 26 27 28 30 32 34 35 36 37 38 40 41 42 43 44 46 47 53 54 55 56 58 59 60 61 62 63 65 66 67 69 70 71 72 73 74 75 76 78 79 80 82 84 86 88 89 91 92 95 98 99
16 81 17 19 23 25 26 27 28 29 30 32 33 36 38 40 43 44 45 46 47 48 49 51 52 53 54 56 58 60 61 62 63 65 66 68 69 70 72 74 75 76 77 79 80 81 82 83 85 87 88 89 90 91 92 93 95 96 97 100
17 66 18 19 21 22 23 25 26 27 32 33 34 35 36 37 39 40 41 42 43 44 47 49 50 51 52 54 55 56 57 58 59 60 64 65 66 67 68 69 71 72 73 74 76 77 79 80 81 83 84 85 86 87 88 89 90 92 93 96 98 99 100
18 85 19 20 21 22 24 26 27 28 29 30 34 35 36 37 38 40 41 44 45 46 47 48 49 52 54 55 56 57 58 59 61 62 63 64 65 66 71 72 73 74 75 76 77 78 79 80 81 82 84 85 86 87 88 89 90 91 92 93 94 95 98 99 100
19 64 22 25 26 27 28 29 31 34 37 38 39 41 42 43 44 45 46 47 49 50 51 52 55 56 58 59 62 63 64 66 67 68 69 70 71 73 76 77 78 80 81 82 83 84 85 86 88 89 90 92 93 95 96 97 98 99 100
20 63 21 22 24 25 26 27 31 32 33 34 37 38 39 40 41 42 44 45 46 47 48 50 51 52 56 57 59 60 61 64 66 69 70 71 73 74 75 77 78 79 82 86 87 88 89 91 92 97 99 100
21 55 22 23 27 28 31 32 33 35 36 38 39 42 44 45 47 48 49 50 51 52 53 54 55 56 60 61 63 64 65 66 67 68 69 70 71 72 73 74 76 77 78 79 80 81 82 83 87 88 89 90 91 92 93 94 95 97 99 100
22 75 23 24 25 26 27 28 30 31 32 33 35 36 37 39 40 42 43 44 45 49 50 51 53 55 56 57 58 59 60 62 63 64 67 68 69 70 71 72 75 76 78 80 81 82 83 84 87 89 90 91 92 93 96 97 98 99
23 52 24 26 27 28 29 33 40 41 42 43 45 47 48 49 50 52 53 54 55 59 60 61 62 64 65 66 67 68 69 72 73 74 75 76 77 78 79 80 81 82 83 84 86 87 90 91 95 96 97 98 99 100
24 65 25 27 30 32 33 35 36 37 38 40 43 45 46 47 48 49 50 51 52 53 54 55 56 59 60 62 63 66 67 68 70 73 74 75 77 79 81 83 84 85 86 87 88 89 91 92 95 98 100
25 52 26 28 29 31 32 36 37 40 42 44 45 46 47 48 50 51 53 54 55 56 57 60 61 63 64 66 68 69 72 73 75 77 78 79 81 82 84 85 87 90 91 92 95 97 98 100
26 57 28 29 30 33 35 36 38 42 43 44 47 48 49 50 53 55 56 59 62 63 65 67 70 71 72 73 75 78 79 80 81 82 83 85 86 87 90 91 92 93 95 96 97 99 100
27 97 29 30 31 32 33 34 35 38 39 41 43 44 49 50 52 57 58 59 61 62 63 65 66 67 68 69 70 72 74 76 77 79 80 82 84 85 86 87 88 90 92 93 95 96 99 100
28 80 29 30 32 33 34 36 38 39 40 42 43 45 46 47 48 49 50 51 54 55 58 61 62 67 70 72 73 74 75 76 78 79 80 81 83 84 85 86 87 88 90 91 92 93 94 95 96 97 99 100
29 66 30 31 32 33 34 35 36 37 38 40 41 44 45 46 47 48 49 50 52 53 54 55 57 58 59 60 61 64 65 67 68 69 70 71 73 74 75 76 77 81 82 84 85 87 88 90 92 93 94 95 97 98 100
30 56 32 33 34 36 37 38 39 40 42 44 45 47 48 49 50 52 53 54 55 56 57 58 60 61 62 63 64 65 67 68 69 72 73 74 76 78 79 81 82 83 87 88 89 91 92 94 95 96 97 98 99
31 96 32 34 36 37 39 41 42 44 45 46 47 48 49 51 52 53 54 56 57 58 59 61 62 65 66 68 70 71 72 73 75 76 77 78 79 80 81 83 84 85 88 89 90 91 92 93 94 96 97 98 99 100
32 57 33 34 37 39 40 41 43 44 45 47 48 49 50 52 53 54 55 58 60 61 62 63 64 66 67 69 70 71 72 73 74 77 78 79 80 81 82 84 85 86 88 89 90 91 92 95 96 97 98 99 100
33 71 34 35 38 39 40 42 43 44 45 46 47 48 49 50 51 54 56 57 59 60 61 62 64 65 66 67 68 69 71 73 74 75 76 77 78 79 81 82 83 84 85 86 87 88 90 92 93 95 96 97 98
34 55 36 37 39 40 41 42 43 44 46 47 48 49 53 54 55 56 59 60 61 62 63 64 65 66 67 68 69 70 71 72 73 74 75 76 80 81 82 83 84 85 88 89 90 91 92 93 95 96 97 98
35 96 36 37 38 39 40 43 45 47 48 49 52 53 54 57 58 59 62 64 66 67 72 73 74 77 78 80 81 83 84 85 86 87 90 91 93 95
36 100 37 39 40 43 45 46 47 48 49 50 51 53 54 55 57 61 64 65 66 68 70 72 73 79 81 83 84 85 86 88 89 90 92 93 94 95 97 98 99
37 63 38 39 41 42 43 44 45 48 49 50 51 52 53 54 55 56 57 59 61 62 63 64 65 66 67 69 71 72 73 74 75 76 77 79 80 81 82 84 86 87 88 89 90 91 92 94 96 97 98 99 100
38 69 39 42 43 44 45 46 47 48 49 50 51 53 54 55 56 58 59 60 61 62 64 65 69 70 71 73 75 76 77 78 81 82 83 84 85 86 87 89 91 92 95 96 99 100
39 75 40 41 42 44 45 46 47 48 49 50 54 55 57 59 60 62 64 66 68 69 70 71 72 74 75 76 77 79 81 82 83 84 85 86 90 91 92 94 95 96 97 98 99 100
40 81 42 43 44 45 46 49 50 51 52 53 54 55 56 57 59 60 61 63 64 65 66 67 69 70 71 72 73 74 75 76 77 80 81 82 83 84 85 87 88 89 90 91 92 93 94 95 98 99 100
41 76 43 44 46 47 48 49 50 51 53 55 56 57 58 60 62 63 64 67 70 72 76 78 79 80 83 84 85 86 87 88 89 91 92 95 96 97 98 100
42 68 43 44 46 47 48 49 50 51 53 54 55 56 57 59 60 61 62 63 65 67 68 69 71 73 74 76 77 79 81 82 83 84 85 86 87 88 89 90 91 92 94 96 97 98 99
43 77 44 45 46 47 49 52 53 54 55 56 57 58 60 61 62 69 71 72 73 74 75 76 79 80 81 82 84 85 86 88 89 93 94 95 98
44 79 46 47 48 49 51 53 54 55 56 57 58 59 60 61 62 64 66 67 68 69 70 71 72 73 75 77 78 79 80 81 84 85 86 87 88 89 90 91 93 94 95 97 99
45 76 48 49 50 52 53 54 56 57 58 60 62 63 64 66 67 68 72 73 74 75 78 79 80 82 83 84 87 88 89 91 92 93 94 95 97 98 100
46 84 47 48 49 50 51 54 56 57 61 62 63 65 66 67 69 70 71 72 73 74 75 77 80 81 82 83 84 86 89 90 91 93 94 97 99 100
47 52 48 49 51 52 54 55 56 58 61 63 64 65 66 67 68 69 70 72 73 75 76 77 80 82 83 84 85 86 87 89 90 91 92 95 98 100
48 79 49 50 51 52 53 56 57 58 59 60 61 62 63 64 66 67 69 71 72 73 74 75 76 77 78 79 80 81 82 83 86 87 88 89 90 92 93 94 97 98 99 100
49 57 51 52 56 57 59 60 61 62 63 64 68 69 70 71 72 73 74 75 76 78 79 81 83 84 85 86 87 89 90 92 93 94 95 96 98 99 100
50 93 51 52 53 55 57 58 60 61 62 63 65 68 69 73 74 75 77 80 82 83 84 85 86 87 88 89 90 91 92 93 95 96 97 98 99 100
51 61 52 54 55 56 57 58 60 61 62 63 64 65 66 67 68 69 70 72 74 75 76 77 78 80 81 83 84 86 88 89 91 92 93 96 97 98 99
52 59 53 56 57 58 61 62 65 67 68 69 70 72 73 74 75 76 78 80 81 83 84 86 88 89 90 91 92 93 94 95 96 97 98 99 100
53 57 56 58 59 60 61 62 63 64 65 66 69 72 73 74 75 78 83 84 85 86 88 91 92 94 97 98 99 100
54 62 55 58 60 61 62 63 64 65 66 68 70 72 73 74 75 76 78 79 80 81 83 84 85 88 89 90 91 92 93 94 95 96 99
55 97 56 57 58 59 60 62 63 64 65 66 67 68 70 71 72 73 74 76 77 78 80 81 82 83 84 86 87 89 91 95 96 98 100
56 83 57 58 60 62 63 64 65 66 68 69 71 72 73 74 76 77 78 81 82 83 84 87 90 91 92 93 94 95 96 97 98 99
57 64 59 60 62 63 64 65 68 70 71 72 73 74 75 76 78 79 81 82 83 84 85 87 88 90 91 92 94 95 96 97 98 99 100
58 99 59 60 61 62 63 64 65 68 69 72 74 75 78 79 83 84 85 86 87 88 89 90 91 92 93 94 95 96 99
59 89 60 61 62 63 64 65 67 68 69 70 71 73 74 75 76 80 83 85 86 89 90 91 93 94 95 97 98 100
60 85 61 62 63 64 65 66 67 69 71 73 74 75 76 77 78 79 80 82 83 84 85 86 87 88 90 91 92 93 94 95 97 99 100
61 85 63 65 66 68 70 71 74 75 76 77 78 80 83 84 85 86 87 88 89 90 92 93 95 96 98 99 100
62 88 63 64 65 67 68 69 70 73 75 76 77 79 80 81 82 83 84 85 86 87 91 92 93 94 95 96 97 98 100
63 96 65 69 70 71 72 73 77 78 80 81 82 83 84 85 86 87 88 89 90 91 94 95 96 97 98 99 100
64 68 66 68 69 71 72 73 75 76 77 79 80 81 82 83 84 87 88 89 90 92 93 94 96 97 98 99
65 93 66 67 68 69 71 72 73 75 76 78 79 81 82 84 86 88 90 93 95 96 100
66 68 67 68 71 72 73 75 76 77 78 79 81 82 84 85 86 88 89 90 91 92 93 94 96 97
67 86 69 70 71 72 74 75 76 77 78 79 80 81 82 83 84 85 86 87 88 89 90 92 94 95 96 97 98 99 100
68 95 72 74 76 77 78 79 80 82 83 86 87 88 89 90 91 95 97 98 99
69 81 71 72 73 74 75 77 78 79 80 81 84 86 88 89 90 91 92 93 95 96 98 99 100
70 71 71 73 74 75 77 78 79 81 83 84 86 87 89 90 91 92 93 95 96 97 98 100
71 80 73 74 76 77 78 79 80 81 84 85 86 87 88 89 90 91 93 94 95 96 100
72 91 73 74 75 76 77 78 80 81 83 85 88 90 91 93 94 95 96 97 98 99 100
73 80 74 75 76 79 80 81 82 84 86 87 88 89 90 91 92 94 95 98 99 100
74 75 75 77 79 80 81 82 83 84 86 87 89 90 91 92 93 94 95 96 97 98 99
75 92 77 78 80 81 82 85 88 89 90 91 93 94 95 98 99
76 51 80 81 82 83 84 85 87 89 90 91 93 96 97 98 100
77 79 78 80 81 84 85 88 89 90 91 92 93 95 96 97 98 99 100
78 98 79 81 82 83 84 85 86 87 88 89 90 91 92 93 94 95 96 97 98 99 100
79 100 82 83 84 85 86 88 89 90 93 94 95 96 98 100
80 57 81 85 86 87 88 92 93 94 95 97 98 99
81 98 82 84 85 86 88 90 93 94 95 98 100
82 90 83 84 86 87 88 89 90 93 95 96 97 98 99 100
83 84 85 87 89 91 94 95 96 97 99 100
84 100 86 89 90 91 92 94 95 96 97 98 99 100
85 50 86 87 89 90 91 92 93 94 95 96 98 99 100
86 92 88 89 90 91 93 94 96 97 98
87 56 88 89 92 95 96 97 99 100
88 70 89 90 92 94 95 96 97 99 100
89 59 90 91 92 94 95 97 98 100
90 65 93 97 98 100
91 72 92 93 94 98 99 100
92 54 93 96 97 99 100
93 88 96 98 99
94 75 95 97 98
95 98 98
96 56 97 98 99 100
97 78 98 100
98 60 99 100
99 85
100 69
