100
1 58 3 7 10 13 15 17 19 21 22 26 27 33 34 35 38 40 44 45 49 50 52 53 54 56 57 58 59 60 62 64 65 66 67 68 70 71 72 73 75 76 77 78 79 80 82 83 84 85 88 92 93 94 95 96 97 98 99 100
2 56 3 4 5 6 7 10 11 14 15 16 18 19 20 21 23 24 25 26 30 32 33 34 35 37 41 42 43 44 45 47 49 50 51 53 54 55 56 57 58 66 67 69 70 71 72 73 74 75 76 77 78 79 81 82 83 84 85 86 89 91 95 96 97 98 99
3 14 4 6 7 8 10 11 12 13 17 18 19 20 21 22 23 24 26 27 29 33 35 36 41 42 43 44 45 47 48 49 50 53 54 58 64 66 67 70 71 73 74 76 77 78 81 82 83 84 85 93 95 100
4 65 5 6 7 9 10 13 14 16 17 18 19 22 23 24 25 26 28 32 34 36 37 38 39 40 41 42 44 48 49 50 51 52 55 58 60 62 63 64 65 66 69 71 72 73 74 75 77 80 86 87 88 89 90 91 92 93 94 95 96 98 100
5 58 7 8 11 12 13 15 17 19 20 23 24 26 28 29 30 31 32 34 35 36 38 39 40 41 44 51 56 57 58 60 61 62 64 65 66 67 68 70 72 73 79 80 82 83 84 85 86 87 89 90 92 94 96 99 100
6 22 8 9 13 18 20 22 24 25 27 29 30 31 32 33 34 37 39 40 41 42 45 48 52 53 54 55 56 57 58 60 61 67 68 69 70 72 73 74 75 76 78 79 80 83 87 88 90 91 92 93 94 97 98 99
7 93 8 9 11 13 14 15 16 17 18 21 23 24 25 26 27 28 30 31 34 37 38 39 41 42 43 44 45 47 48 49 51 52 54 55 58 59 60 61 69 70 72 79 80 81 82 86 87 88 89 91 92 94 95 97 98 100
8 59 9 11 13 14 15 16 17 18 19 20 23 24 26 29 32 33 34 37 38 42 43 44 48 49 50 51 52 53 55 58 60 66 69 71 72 73 74 76 79 83 85 86 88 91 92 93 97 99 100
9 79 13 15 17 18 19 20 21 24 25 26 28 29 30 33 37 39 40 42 43 44 45 46 50 53 54 55 60 61 63 65 66 67 71 72 73 74 75 76 77 79 80 81 82 83 84 85 86 87 92 94 95 97 98 100
10 57 11 12 15 16 18 20 21 23 24 25 26 27 30 31 32 33 35 37 39 40 41 42 43 44 45 46 50 51 52 54 56 57 58 59 60 63 64 65 66 67 69 70 71 73 74 76 78 79 80 81 84 85 86 89 94 95 97 98 100
11 80 13 14 15 16 18 22 23 25 26 29 31 32 33 35 36 40 42 46 47 48 51 52 57 59 60 62 64 65 67 69 70 71 72 73 75 76 77 78 79 80 82 84 85 86 89 90 91 92 94 95 97 100
12 83 14 15 17 19 20 24 25 26 27 28 29 30 31 32 33 34 37 39 41 42 43 45 46 47 48 49 50 52 53 56 57 59 61 62 63 65 68 70 72 73 74 75 76 79 81 82 83 84 86 87 88 89 91 93 94 96 97 98 99 100
13 72 15 17 18 23 26 27 28 29 31 32 34 35 36 38 40 41 42 43 46 47 48 50 51 55 56 57 59 60 63 64 66 67 68 70 72 73 75 76 77 79 80 81 82 84 85 86 87 89 92 94 95 96 98
14 100 15 16 18 19 20 21 22 23 24 25 26 29 30 33 34 35 36 37 38 39 40 41 44 46 47 48 50 51 52 53 55 58 59 60 63 65 66 67 69 70 71 72 74 76 79 80 88 89 91 92 93 95 96 97 99
15 14 16 18 20 22 23 25 28 29 31 33 34 35 36 37 38 39 40 41 42 43 45 48 49 52 54 55 59 60 61 64 67 69 71 73 74 76 77 78 79 82 83 84 86 87 89 91 92 94 96 99
16 91 18 21 22 23 25 27 29 31 32 34 37 39 42 45 46 47 48 52 53 59 60 61 63 65 67 69 70 71 72 74 77 79 80 81 84 85 88 91 94 95 96 97 98 99
17 28 18 19 20 22 23 26 27 28 29 30 31 32 33 36 37 38 40 41 46 47 48 51 53 57 58 61 62 65 66 68 69 71 74 75 76 77 80 83 88 89 90 91 92 93 94 95 97 99 100
18 87 19 20 21 22 23 28 30 31 32 33 36 37 38 40 41 49 50 52 55 56 58 64 65 66 68 69 72 73 74 75 78 80 82 84 85 87 90 91 93 94 95 96 98
19 29 21 22 24 29 32 33 36 37 38 39 40 42 44 45 46 47 48 50 51 52 54 56 57 58 62 63 69 71 73 74 75 76 77 78 81 82 85 86 87 88 90 95 96 97 98
20 5 24 25 26 28 29 32 33 37 38 39 40 42 44 47 49 50 51 53 55 56 57 58 61 63 65 69 70 71 72 74 76 77 78 79 83 84 86 87 88 89 90 95 96 97 99 100
21 33 22 23 24 26 28 29 31 32 33 34 35 38 40 41 45 46 48 49 50 51 56 58 59 61 62 64 66 67 68 70 73 74 76 77 78 79 81 82 83 84 85 86 87 88 89 90 91 93 94 95 99
22 29 23 24 25 27 32 33 34 35 36 37 39 40 41 42 43 46 47 48 50 51 52 53 54 55 57 58 59 62 63 65 68 69 71 72 75 77 79 80 81 84 85 87 89 90 91 92 93 95 96 97 100
23 22 24 25 26 28 29 32 33 34 37 39 40 42 45 48 49 50 52 53 54 56 58 60 61 62 63 68 71 72 77 78 80 81 85 86 87 88 89 90 91 92 93 95 96 97 98 99 100
24 97 25 26 27 28 31 32 33 34 35 36 37 38 43 44 46 47 48 49 50 51 52 53 54 55 58 59 60 61 62 63 65 66 67 68 69 71 73 75 76 77 78 79 80 81 82 83 85 86 87 88 90 92 93 95 97 98 100
25 59 26 29 30 31 32 33 34 36 37 42 43 47 48 49 50 51 55 62 63 65 68 70 73 75 76 77 78 80 81 82 83 84 86 87 88 93 99 100
26 15 27 28 29 30 31 32 33 34 35 36 37 39 40 42 43 47 48 50 52 53 54 57 58 59 62 64 67 69 70 71 72 74 75 76 77 78 79 83 85 86 87 89 90 91 93 95 96 97 99 100
27 65 29 30 31 34 35 36 39 40 42 43 44 45 46 48 49 50 52 53 54 55 58 59 60 61 62 65 66 68 70 71 72 73 78 80 81 85 90 92 93 94 96 98 99 100
28 91 29 32 39 40 41 42 44 47 48 49 50 52 54 55 59 60 62 63 64 65 66 67 69 71 73 74 75 77 79 80 81 82 85 86 87 89 90 92 94 98 100
29 47 32 33 34 36 37 39 40 41 42 43 48 49 50 55 56 57 58 59 62 67 68 69 70 72 78 79 82 83 85 86 87 89 90 91 92 93 96 97 100
30 23 31 32 36 40 41 42 43 48 49 51 52 53 54 56 58 59 61 65 67 69 71 74 75 76 78 80 81 83 84 86 88 90 93 95 97 98 99 100
31 71 33 34 35 38 40 43 45 46 51 53 56 58 60 62 66 67 72 73 74 78 79 81 83 84 85 86 89 92 93 96 97 98 99 100
32 43 33 36 37 38 39 40 42 43 44 45 46 48 49 51 53 55 56 59 60 61 62 63 64 67 68 69 71 73 74 76 81 82 83 84 85 86 87 88 90 91 92 94 95 97 98
33 96 34 35 36 39 43 45 47 49 50 54 55 57 58 59 64 68 70 72 73 74 76 77 78 80 81 83 87 90 91 95 96 97 99 100
34 12 35 36 38 41 42 45 48 49 50 51 52 53 54 55 56 59 61 62 63 65 69 71 72 73 74 75 76 78 80 81 83 84 86 89 90 91 92 93 97
35 43 38 39 42 43 44 45 46 48 52 55 58 59 60 61 62 63 65 68 69 70 72 73 75 76 77 78 79 80 82 83 86 87 88 91 92 95 97 99
36 53 37 38 39 40 41 45 46 47 50 51 52 54 55 56 57 58 59 61 62 63 65 66 67 69 70 71 73 74 76 77 78 79 80 86 87 90 91 93 95 96 97 98 100
37 30 40 41 42 43 44 45 47 49 53 55 58 62 64 66 68 69 73 74 76 78 79 81 83 85 86 93 94 95 98 99 100
38 85 40 41 42 43 44 45 47 49 51 54 56 59 63 65 66 67 68 70 72 73 76 77 78 80 81 84 88 92 93 94 97 98 99
39 100 41 45 47 48 49 50 53 54 55 56 58 59 61 62 69 71 72 74 77 78 79 81 82 83 84 85 86 87 89 91 93 97 100
40 50 42 43 44 47 50 51 52 53 54 56 57 58 59 60 61 62 63 64 65 66 67 69 71 72 73 74 75 77 78 80 81 83 89 90 91 92 95 97 98 99 100
41 59 43 44 45 46 47 48 49 50 51 52 53 54 55 56 57 58 60 62 69 70 71 75 77 78 79 81 83 87 90 91 94 97 98 100
42 73 43 44 46 48 49 51 52 56 58 59 61 62 64 67 69 70 72 74 75 76 77 80 81 82 83 84 87 89 91 92 95 96 97 98 99 100
43 19 44 46 48 49 51 52 53 54 55 56 58 60 61 62 64 66 67 68 69 70 72 73 76 78 81 82 83 84 85 86 87 89 90 93 94 96 98 99 100
44 26 45 46 48 49 52 53 54 56 57 59 61 63 64 65 66 67 68 71 72 76 77 78 79 81 84 85 86 87 92 93 94 96 99
45 87 46 48 50 51 52 54 57 59 60 62 63 65 66 68 69 70 71 72 73 74 75 77 78 79 80 83 86 91 92 93 96 97 98
46 63 49 51 52 55 56 59 60 61 62 66 71 72 73 74 78 80 83 85 88 90 91 92 94 95 97 98 99 100
47 85 48 49 50 51 52 53 55 58 59 60 61 63 65 66 67 68 69 71 73 74 75 76 77 78 80 81 82 83 84 85 87 89 90 93 94 95 100
48 46 50 51 52 55 57 58 59 60 62 63 66 67 68 69 72 73 74 75 76 77 79 80 82 86 87 88 89 93 94 95 96 100
49 4 50 53 55 59 60 62 63 65 67 69 71 73 77 82 85 86 90 92 93 94 95 96 97 98 99 100
50 96 52 53 54 55 57 58 59 60 62 63 65 67 69 70 71 72 73 74 76 77 78 81 83 84 88 90 91 93 95 96 97 98 99 100
51 95 52 55 57 58 59 62 64 65 67 68 69 72 73 74 75 77 78 80 81 84 89 90 92 93 95 96 98 99
52 6 53 54 55 56 57 59 60 63 65 68 69 70 71 72 73 74 76 77 78 80 82 84 87 88 89 90 91 93 94 99 100
53 7 54 55 56 57 58 59 60 61 62 63 64 65 66 69 72 73 74 75 77 78 79 81 83 85 87 88 89 90 93 95 97 98 99 100
54 60 55 58 60 61 62 63 65 66 67 68 69 70 72 73 74 76 80 81 82 84 85 86 88 89 90 91 92 94 97 99
55 94 56 57 58 59 62 63 65 68 69 72 73 74 75 77 79 80 82 85 86 88 89 90 92 94 95 98 99 100
56 85 57 58 59 60 61 62 65 66 67 72 74 76 77 79 80 81 82 84 89 91 94 95 96 98 99
57 78 58 62 63 64 68 70 71 74 75 77 79 81 82 84 85 86 88 89 90 91 93 94 95
58 25 59 60 61 63 64 66 67 69 72 74 75 76 82 83 85 86 87 89 90 91 92 93 94 95 97 98
59 95 61 63 64 66 69 71 74 75 76 77 78 80 82 86 87 90 92 93 95 96 97 100
60 44 61 62 63 66 67 68 69 72 73 74 77 78 80 81 82 83 87 90 92 93 94 96 97 100
61 76 62 65 70 71 72 73 74 76 80 82 83 84 85 86 87 90 92 93 94 95 96 97 98 100
62 10 64 66 67 68 70 73 74 75 76 77 78 79 80 82 84 85 86 87 88 89 90 93 94 95
63 68 66 68 69 71 72 74 80 81 85 87 89 92 93 97 99
64 25 66 68 70 72 74 77 78 79 84 85 87 88 89 90 91 92 93 96 97 98 99 100
65 76 66 70 73 74 75 76 77 79 80 81 82 88 91 92 94 96 98 99
66 61 67 69 70 72 73 75 76 77 79 81 85 86 87 92 96 97 99
67 41 70 71 72 74 75 76 77 78 79 80 82 83 84 85 86 87 88 89 91 93 94 96 97 98 99
68 8 69 70 71 73 74 77 78 79 80 82 83 84 85 86 89 90 93 97 98
69 92 70 71 72 73 76 77 79 82 84 85 87 89 90 91 92 94 96 100
70 15 71 75 76 77 78 80 82 85 86 89 90 91 92 93 94 95 96 97 98 99 100
71 3 72 74 76 79 81 82 83 86 87 88 90 91 92 94 97 98 100
72 67 74 77 79 82 85 91 92 93 94 96 97 98 99
73 26 74 76 77 78 79 80 81 82 89 90 92 93 94 95 96
74 27 78 79 81 82 84 85 88 89 90 92 93 94 96 98
75 47 77 78 79 81 82 83 84 86 87 88 90 91 96 97 98 100
76 1 77 78 79 82 83 84 85 86 88 91 92 94 96 97 98 99 100
77 100 78 79 80 81 82 83 84 85 86 87 88 89 90 93 94 95 97 98 99
78 46 79 83 85 87 88 89 90 91 92 93 94 95 96 97 98 99 100
79 50 80 81 82 84 85 86 88 92 94 95 96 97 98 99 100
80 61 81 82 83 84 86 89 90 91 93 94 95 96 97 98 100
81 75 83 84 85 89 90 94 96 98 99 100
82 3 83 86 87 89 93 94 95 96 97 100
83 22 88 90 91 93 96 97 98 99
84 54 85 87 88 89 92 94 95 96 97 98
85 42 86 89 90 93 94 95 96 97 99
86 8 87 89 91 92 95 96 97 99 100
87 26 88 89 91 92 93 94 95 97 98
88 69 89 92 93 95 97 100
89 90 90 91 92 93 100
90 17 93 94 95 97 98
91 91 95 99
92 65 95 96 97 98
93 10 94 97 100
94 62 95
95 37 99 100
96 97 100
97 72 98 99 100
98 4 99 100
99 21 100
100 12
