100
1 2 4 5 6 7 8 9 10 11 12 13 14 15 16 17 19 20 21 25 26 27 28 29 30 31 36 37 39 40 41 43 45 46 47 48 49 51 52 53 55 56 57 59 60 61 62 63 64 65 66 67 68 70 72 73 74 75 77 78 79 80 81 82 83 84 85 89 90 91 92 93 94 95 96 97 98 100
2 90 3 4 5 6 8 9 10 11 13 15 16 19 20 21 22 23 25 26 27 28 29 32 33 34 35 36 38 40 42 43 44 45 47 48 49 50 51 52 53 54 55 57 58 60 61 62 63 65 66 68 69 70 71 73 74 75 76 77 78 80 81 82 83 84 86 87 88 90 91 92 93 95 96 97 98 99 100
3 57 4 5 6 7 9 10 11 12 13 14 15 16 17 19 20 21 23 24 25 26 27 29 30 31 32 34 35 36 37 38 39 40 41 43 44 45 46 48 49 50 51 52 53 55 56 57 58 59 60 61 62 63 64 65 66 67 68 70 71 72 73 74 75 77 78 79 80 82 83 84 85 86 87 88 89 91 93 95 96 97 98 99 100
4 53 5 6 8 9 10 12 13 14 15 16 18 19 20 22 23 25 26 28 29 30 31 32 33 34 35 36 37 38 39 40 41 42 43 44 45 47 48 49 51 53 54 58 59 62 63 64 65 66 67 68 69 70 71 72 73 74 76 77 78 79 80 82 83 84 85 86 87 88 89 90 91 92 93 94 96 97 98 99 100
5 62 6 7 8 9 10 11 12 13 14 15 16 18 19 20 21 22 23 24 25 26 27 28 29 30 31 33 34 35 36 38 41 42 43 48 49 50 51 53 54 55 56 57 58 59 60 61 62 63 64 65 66 70 71 72 73 74 75 76 78 79 80 81 83 84 85 86 87 88 89 90 91 92 93 94 95 96 98
6 26 7 8 9 11 12 13 14 16 17 18 19 20 21 22 23 24 25 26 27 29 31 32 33 34 35 36 38 42 43 45 46 51 52 53 54 56 57 58 60 61 62 63 64 65 67 68 69 70 71 72 74 75 76 79 80 81 83 84 85 86 87 88 89 90 91 92 94 95 96 98 99 100
7 66 8 9 10 11 12 13 14 15 16 17 18 19 21 23 24 25 26 27 28 29 31 32 34 35 36 37 39 40 41 42 43 44 45 46 47 48 49 50 51 52 54 56 57 58 59 60 61 63 64 65 66 67 68 69 70 71 72 73 74 75 76 78 79 80 81 82 83 84 85 86 88 89 90 91 92 93 94 95 97 98 100
8 3 9 11 12 14 15 16 17 18 19 20 21 22 23 24 26 27 28 30 31 32 33 35 36 37 38 39 40 41 42 43 45 46 47 49 50 51 52 54 55 56 57 58 59 60 61 62 63 64 65 66 67 68 69 70 71 72 73 74 75 76 77 78 80 81 82 83 84 85 87 88 90 91 92 94 96 97 98 99 100
9 9 10 11 16 17 19 20 21 22 23 24 25 26 27 28 29 30 31 32 33 36 38 40 41 42 43 46 47 48 49 50 51 52 53 54 55 56 58 59 60 61 64 65 66 67 68 69 70 71 72 73 74 75 76 77 78 79 81 82 83 84 87 88 89 91 93 94 95 97 98 99 100
10 3 11 12 13 14 17 18 19 20 21 22 23 24 26 28 29 30 31 32 33 34 35 36 37 38 42 44 46 47 48 49 50 51 52 53 54 55 56 57 58 59 62 63 64 65 68 69 72 73 74 75 76 77 78 79 80 82 84 86 87 88 89 91 93 94 95 96 97 98 99 100
11 35 12 13 15 16 17 19 20 21 22 24 25 26 27 28 29 30 31 32 33 34 36 37 39 40 41 42 43 44 45 46 47 48 49 50 51 53 54 55 56 57 59 60 61 62 64 65 67 68 69 70 72 74 76 77 78 79 80 81 82 83 84 85 86 87 90 91 92 94 95 96 98 99 100
12 6 13 16 17 18 19 20 21 22 23 25 26 27 28 29 30 31 32 33 34 35 36 37 38 39 40 41 43 44 45 47 48 49 51 52 53 54 55 57 58 60 61 62 63 65 67 68 69 70 71 72 73 74 75 76 77 78 80 81 82 84 85 86 87 88 89 90 91 92 93 94 95 97 98
13 36 14 15 16 17 19 20 21 22 23 24 25 27 28 29 31 32 33 34 35 36 38 39 40 42 43 44 46 47 49 50 51 52 53 56 57 58 59 60 61 62 63 64 65 66 67 68 69 70 71 72 73 74 75 76 77 79 80 82 83 85 86 87 88 89 90 91 92 94 96 98 99
14 54 15 17 18 19 21 22 23 24 25 26 27 28 29 31 32 33 35 36 38 39 40 41 42 43 44 45 46 47 48 49 50 51 52 53 54 55 56 57 58 59 60 61 62 63 69 70 72 73 75 76 77 78 79 80 81 82 83 84 85 86 88 89 90 91 93 94 95 96 97 99 100
15 9 16 17 18 19 20 21 24 26 27 28 29 31 32 33 34 35 36 37 38 39 40 41 42 43 44 45 46 47 48 49 50 52 54 55 56 58 60 62 64 65 66 68 69 70 71 72 74 76 77 78 79 80 82 83 84 87 88 90 92 93 94 96 97 99 100
16 59 17 20 21 24 25 27 28 29 30 31 32 33 34 35 36 37 39 40 42 43 46 47 48 49 52 53 54 55 57 58 60 61 62 63 64 65 66 68 69 70 71 72 73 74 75 76 77 78 79 80 81 82 85 86 87 88 90 91 92 94 96 97 98
17 81 19 23 24 25 26 27 28 29 30 31 32 33 34 35 37 38 39 40 41 42 44 45 46 47 49 51 52 53 54 56 57 58 59 60 61 64 66 67 68 70 73 74 75 77 79 80 81 82 83 84 85 86 87 88 89 90 91 92 93 94 95 97 98 99 100
18 93 19 20 21 24 25 26 27 30 31 32 33 34 35 36 37 38 39 40 43 44 45 47 48 50 51 53 54 55 56 57 58 59 60 61 64 65 67 68 69 70 72 73 74 75 76 77 78 79 80 82 83 84 85 87 88 89 91 92 93 94 95 96 97 99 100
19 83 21 22 24 25 26 27 28 29 32 34 35 36 37 38 39 40 43 44 45 46 47 48 51 52 54 55 56 57 58 59 60 61 62 63 64 65 67 69 70 71 72 73 74 76 78 79 80 81 82 83 85 86 87 88 90 91 92 93 94 95 96 97 98 99
20 8 21 22 23 25 26 27 28 31 32 33 34 35 36 38 39 40 41 42 43 44 46 47 48 49 50 51 52 54 56 57 58 59 60 61 62 63 64 65 66 67 69 70 71 72 73 74 75 76 77 78 79 80 81 82 84 85 86 87 89 90 91 92 93 95 96 99 100
21 87 22 24 25 26 27 28 30 31 32 33 34 35 36 37 38 39 40 41 44 45 46 47 48 49 50 51 52 53 54 57 58 60 61 62 63 64 65 66 67 68 69 70 71 72 73 74 75 76 77 78 79 80 81 82 83 84 85 86 87 88 89 90 91 92 93 95 97 98 99 100
22 28 23 24 25 26 27 28 29 30 31 32 33 35 36 37 38 39 40 41 42 43 44 46 47 49 50 51 52 54 55 57 58 61 62 64 66 68 69 70 71 72 73 76 77 78 79 80 81 83 84 85 86 87 88 89 90 92 93 95 96 97 98 99 100
23 94 24 25 26 27 28 29 30 33 34 35 36 37 38 39 40 41 42 43 44 48 49 50 51 52 56 57 58 60 61 62 63 66 67 68 69 70 71 72 75 76 77 78 79 80 81 82 83 84 85 86 87 88 89 90 91 93 94 96 98 99 100
24 16 25 26 27 28 29 30 32 33 34 35 37 38 39 40 42 43 44 45 46 47 48 50 51 52 53 55 56 57 58 60 61 62 63 64 67 68 69 71 72 73 74 75 77 78 79 80 81 82 84 85 86 87 89 90 91 92 93 94 95 96 97 99 100
25 82 26 27 30 31 32 33 35 36 38 39 40 41 42 43 45 46 48 49 50 51 52 53 54 55 56 57 59 60 62 63 64 65 66 67 68 70 72 73 74 75 76 77 78 79 81 82 83 85 86 87 89 91 92 93 95 96 98 99 100
26 58 28 29 31 32 33 35 36 38 39 40 41 42 43 44 47 48 49 50 53 54 55 56 57 61 62 63 64 65 66 67 68 69 71 72 73 74 76 77 78 80 82 83 84 85 86 87 88 89 91 92 93 94 95 97 98 99 100
27 30 29 30 32 33 35 36 37 38 40 41 42 43 44 45 46 47 48 50 51 52 53 55 56 57 60 61 62 63 64 65 66 67 68 69 70 71 73 75 76 78 79 81 82 84 85 86 87 88 90 93 94 95 97 98 99 100
28 9 29 30 31 33 34 35 36 37 38 39 40 42 43 44 45 46 47 48 49 50 51 52 55 56 58 60 61 62 63 64 66 67 68 70 71 72 73 74 77 78 79 80 81 82 83 84 85 86 87 88 89 90 91 92 93 94 95 96 97 98 99
29 72 30 31 33 34 36 37 38 39 40 41 42 43 44 45 46 47 49 50 51 52 54 55 56 57 59 60 61 62 64 65 66 67 68 69 70 71 72 73 74 75 76 77 78 79 81 82 83 87 88 90 91 93 94 95 96 98 100
30 76 31 32 33 34 35 36 37 38 39 40 42 46 48 49 51 52 53 54 55 56 57 58 59 60 61 62 63 64 65 66 67 68 69 70 71 74 75 76 77 78 79 81 82 83 84 85 86 87 88 89 90 91 92 93 94 95 96
31 38 32 33 34 35 37 38 39 40 41 43 44 45 46 48 49 50 51 52 53 54 55 56 57 58 59 60 61 63 65 66 67 68 70 71 72 73 74 76 78 79 80 81 83 84 86 87 89 90 92 94 95 97 98 99 100
32 10 33 34 35 36 37 38 39 40 41 42 44 45 46 47 48 49 50 51 52 53 54 55 56 57 58 59 60 61 62 63 64 65 66 67 68 69 70 71 72 74 75 76 77 78 79 80 81 82 83 84 86 87 88 89 90 91 92 94 95 96 97 98 99
33 39 35 36 37 39 40 41 42 43 44 45 46 48 49 55 56 57 58 60 61 62 63 64 65 66 67 68 71 72 73 75 77 78 79 80 81 82 83 84 85 86 89 90 91 92 93 94 95 96 98 100
34 25 35 37 38 39 41 42 44 45 46 47 48 49 50 51 52 53 54 55 56 57 59 60 61 62 64 65 66 67 69 70 72 73 74 75 76 77 79 81 82 83 84 85 86 88 89 90 92 93 94 95 96 97 98
35 76 36 37 38 40 41 42 43 44 45 46 47 48 49 50 51 52 53 54 55 56 57 58 59 60 61 62 63 64 65 66 67 68 70 71 72 73 74 77 78 79 80 81 82 83 84 85 86 87 89 90 91 92 93 94 95 96 97 98 100
36 50 37 38 40 41 42 44 45 46 47 49 50 51 53 54 55 57 58 59 60 62 63 64 65 66 67 69 70 71 75 76 77 78 79 80 81 84 85 86 87 88 89 91 93 94 95 96 98 99 100
37 28 38 39 41 42 43 45 46 47 48 49 50 51 52 54 55 56 57 58 59 60 61 62 63 64 65 66 67 68 69 70 71 72 73 74 75 76 77 78 79 80 81 82 83 84 85 86 88 89 90 91 92 93 94 95 96 98 99 100
38 3 39 40 41 42 43 44 45 46 48 50 52 54 56 58 60 61 64 65 66 67 69 70 71 72 74 75 76 77 78 79 80 82 83 86 88 90 91 92 93 95 97 98 99 100
39 97 40 42 44 45 46 47 48 49 50 51 52 53 55 57 58 59 60 63 64 65 67 68 69 70 71 72 73 74 78 79 81 82 83 84 85 87 88 89 92 93 94 96 98 99 100
40 79 41 43 44 45 46 49 50 51 52 53 54 55 56 57 58 59 60 62 64 65 66 67 68 69 71 72 73 74 75 76 77 78 79 80 81 82 83 84 85 86 88 89 90 91 92 93 94 95 96 97 98 99 100
41 27 42 43 44 46 47 48 49 50 51 52 53 56 57 58 59 61 62 66 67 68 69 70 71 72 73 74 76 77 78 79 80 82 83 85 89 90 91 93 94 95 96 97 98 99 100
42 84 43 44 45 46 51 52 54 55 56 57 58 59 60 64 65 68 70 71 72 73 74 75 76 77 78 79 80 81 83 84 86 88 89 90 91 93 94 96 97
43 2 46 47 48 49 50 52 53 54 55 57 58 59 60 61 62 63 64 65 66 68 69 70 72 73 74 75 76 77 78 79 80 82 83 84 85 86 87 89 90 91 92 93 95 97 98 100
44 53 45 48 49 50 51 53 55 56 57 58 59 60 61 63 64 65 66 67 68 72 74 75 76 77 78 79 80 81 82 83 85 86 90 91 92 93 94 95 96 97 98
45 14 47 48 49 50 51 52 53 54 55 56 58 59 60 61 62 63 65 66 67 69 70 72 73 74 75 76 77 78 80 81 82 83 85 86 88 89 90 91 92 93 94 96 97 99 100
46 49 48 49 50 51 52 53 55 57 58 59 60 61 62 63 64 66 69 70 71 72 73 74 75 76 78 80 81 82 83 84 85 86 88 90 92 93 94 95 96 97 98 99 100
47 71 48 51 52 53 54 55 56 57 58 59 60 61 62 63 64 65 66 67 68 69 70 71 72 74 76 77 79 80 81 85 86 87 88 89 92 93 94 95 96 97 98 100
48 33 49 50 51 52 53 54 55 56 57 58 60 61 63 64 66 67 69 71 72 73 74 75 76 78 79 80 81 82 84 86 87 88 89 90 91 92 93 95 96 97 98 99 100
49 74 50 51 52 54 55 56 59 61 62 64 66 67 68 69 71 72 73 74 75 76 77 78 79 80 81 82 83 85 86 87 88 89 90 91 92 93 94 96 97 98 99 100
50 80 51 52 53 55 56 57 58 59 60 61 62 63 64 65 66 67 68 69 70 71 72 73 74 76 78 79 80 82 83 85 86 88 89 92 93 94 95 96 99 100
51 81 52 53 54 55 56 57 58 59 60 61 62 63 65 67 69 70 71 72 73 74 75 76 77 78 79 80 81 82 83 84 85 86 87 88 89 90 91 92 93 95 96 97 98 99 100
52 67 54 55 56 57 58 59 60 61 62 66 67 68 69 70 71 72 73 75 76 77 78 79 80 81 82 83 84 86 87 89 90 91 92 93 94 95 96 97 98 100
53 73 54 56 57 58 59 60 61 62 64 65 66 68 69 71 72 73 74 75 77 79 81 82 84 85 86 88 90 91 92 93 95 96 98 99 100
54 22 56 58 59 60 61 62 63 64 65 66 67 68 69 70 71 72 73 74 75 77 78 79 80 81 82 83 84 85 86 87 89 90 91 92 93 94 95 96 97 98 99
55 34 56 57 58 60 61 62 63 64 68 69 70 71 72 73 74 75 77 79 80 81 84 85 86 87 88 89 90 91 93 94 95 96 98 99 100
56 81 57 59 60 62 63 64 65 66 67 69 70 71 72 73 74 75 76 80 81 85 86 87 88 89 90 92 93 94 95 96 97 98 99 100
57 77 58 59 60 61 63 64 66 67 68 69 70 71 72 73 74 75 77 78 79 82 83 85 86 87 88 91 92 93 95 96 97 98 99 100
58 71 59 60 61 62 63 64 65 67 68 69 70 72 73 74 75 76 78 79 80 82 83 85 87 88 89 90 91 92 96 97 98 99
59 12 60 61 62 63 67 68 69 70 76 77 78 79 80 81 82 84 85 87 88 89 91 93 95 96 97 99
60 75 61 63 65 66 67 69 70 71 72 73 74 75 76 77 78 79 81 82 83 84 85 86 87 88 90 91 92 94 95 97 98 99 100
61 4 62 64 65 66 69 70 72 74 76 77 78 79 80 81 83 84 85 86 87 88 89 90 91 92 93 94 97 98 99 100
62 79 63 64 65 66 68 69 70 71 72 73 76 77 79 80 81 82 84 85 86 88 89 92 93 94 95 96 97 99 100
63 66 64 65 66 67 68 69 70 71 72 73 74 75 76 79 80 81 84 85 86 87 89 90 91 92 93 94 95 96 97 99 100
64 20 65 68 69 71 72 73 74 76 79 80 82 83 84 85 86 88 89 90 91 92 93 96 97 98 99 100
65 22 66 67 69 70 71 72 73 74 77 79 80 81 82 83 85 86 87 88 90 91 92 93 96 97 98 100
66 45 67 68 69 70 71 73 74 75 76 77 78 79 80 81 83 85 87 88 90 91 92 93 94 95 96 97 98 100
67 63 68 69 70 71 72 73 74 75 76 77 78 79 80 81 83 85 86 88 89 90 91 93 94 96 97 99 100
68 71 69 70 71 72 73 75 76 77 78 79 81 82 83 84 85 86 87 88 89 90 91 92 93 94 95 97 99
69 40 71 75 76 77 78 79 80 81 83 84 85 86 88 89 91 92 93 94 95 96 97 98 99 100
70 80 71 72 75 76 77 78 80 82 83 84 86 87 88 90 91 92 93 94 95 96 99 100
71 4 73 74 75 77 79 80 82 83 84 85 86 87 89 90 91 92 93 94 97 98 99
72 91 73 74 75 76 77 78 79 80 81 82 83 84 85 86 87 88 89 90 91 92 93 94 95 96 97 98 99 100
73 33 74 75 76 77 79 80 81 82 83 84 86 88 89 91 92 95 96 97 98 99 100
74 6 75 76 77 78 79 80 81 82 83 85 87 88 89 90 91 92 93 94 95 96 97 98 99
75 26 76 77 79 81 84 85 86 87 88 90 91 95 96 97 98 99 100
76 91 78 81 82 83 84 86 87 88 89 90 91 92 94 98 99 100
77 47 79 82 83 84 86 87 88 89 90 91 92 93 94 95 98 99
78 99 79 80 81 82 83 84 86 87 89 90 91 92 93 94 95 96 97 98 99 100
79 4 81 82 83 84 85 86 87 90 91 92 93 94 95 97 98 99 100
80 93 83 84 85 86 87 88 90 93 94 95 96 97 100
81 15 82 83 85 86 87 88 89 90 91 93 94 95 96 97 98 99 100
82 12 83 84 86 87 88 89 90 91 92 93 94 95 97 98 99 100
83 80 84 85 87 88 91 92 93 95 96 97 98 99 100
84 11 86 87 88 89 90 91 92 93 94 97 99 100
85 33 86 87 88 89 90 91 92 93 94 95 96 97 98 100
86 100 87 88 89 90 93 96 97 98 99 100
87 11 88 89 90 92 93 94 95 96 97 99 100
88 65 89 90 91 93 94 95 96 97 98 100
89 26 90 92 93 94 95 96 97 98 99
90 87 91 92 93 94 95 96 98 99 100
91 78 92 93 94 95 96 98 99 100
92 10 93 94 95 96 97 98 99 100
93 66 94 96 97 98 99 100
94 78 95 96 98 99
95 50 96 97 98 99 100
96 22 98 99
97 48 98 99 100
98 87 99 100
99 36 100
100 88
