100
1 3 2 6 9 20 26 31 33 34 40 46 49 51 52 55 59 61 73 80 81 84 87 96 98 100
2 96 3 6 11 16 19 20 25 28 46 47 49 54 56 61 63 71 75 76 84 91
3 79 9 12 26 27 30 31 37 40 42 47 51 52 56 57 59 62 65 70 79 87 93 96 99
4 89 5 6 7 8 10 12 21 24 26 35 40 41 43 44 46 68 80 91 92 95 96
5 89 8 11 14 16 18 21 22 26 27 30 31 32 41 47 50 55 61 76 89 93
6 29 7 17 19 24 32 33 37 42 45 58 63 66 67 71 72 74 79 81 83 96 98
7 39 10 18 41 45 47 50 51 62 65 66 75 77 80 84 88 95 97
8 6 11 12 16 24 27 40 48 51 58 64 68 78 79 80 84 90 92
9 2 10 19 25 26 27 34 38 57 63 64 69 73 74 81 83 84 85 99
10 19 55 62 63 66 98
11 34 15 18 29 35 42 50 63 64 66 68 73 76 81 84 88 93 98 99 100
12 7 22 24 37 38 47 50 53 57 58 62 67 68 74 84 88 91 95 97
13 37 15 24 25 34 42 45 46 52 53 54 59 63 67 87 96
14 36 17 22 25 26 32 33 34 40 43 46 54 57 62 67 68 69 70 71 74 75 79 84 85 89 94 95
15 9 28 32 37 48 49 52 53 55 65 71 73 76 80 82 86 88 93 96 98
16 8 19 24 25 33 40 53 66 67 68 72 73 85 88 90 92
17 20 22 37 41 47 53 56 65 71 72 74 82 86 94 97
18 23 22 33 39 49 52 54 55 64 67 68 73 79 87 89 90 92 97 100
19 35 27 38 45 49 50 53 62 64 66 70 76 88 91
20 68 21 31 38 43 49 52 60 61 64 68 69 70 72 73 75 85 93
21 15 23 24 29 30 32 40 51 69 71 72 82 86 88 89 94 96 97 98
22 29 23 24 25 26 27 30 34 39 42 44 48 50 52 55 71 72 73 75 78 82
23 100 27 29 32 33 35 45 53 59 60 69 73 77 80 82 86 87 91 96 98
24 74 30 40 51 59 60 62 82 85 88 93 95 100
25 70 31 39 47 53 55 57 60 65 80
26 28 34 35 43 48 56 58 59 69 71 74 80 85 89 93 99
27 64 28 31 36 40 47 51 54 59 60 62 67 68 72 84 86 88 90 92
28 28 30 33 34 36 53 65 75 76 79 81
29 73 31 32 39 44 46 51 53 55 57 71 80 83 89 91 93 98 100
30 23 33 43 47 49 50 51 55 60 66 68 84 90 91
31 79 33 34 38 39 40 41 51 52 62 69 82 83 85 89 95 96 98
32 59 35 36 40 43 60 68 72 75 91 96
33 29 43 48 51 52 55 58 65 67 70 73 75 78 80 92
34 71 35 40 42 49 52 57 65 66 70 75 85 86 87 89 97
35 4 38 48 52 59 62 66 67 69 71 73 82 95
36 40 44 47 52 54 58 62 65 77 78 87 92 94 99
37 22 39 40 46 53 59 61 64 68 72 74 77 91 95 98
38 57 41 45 48 52 54 59 61 64 70 72 77 84 89 90 91 93 95 99
39 10 40 46 48 53 55 63 64 67 69 73 79 80 87 97 99
40 35 41 44 45 50 59 70 76 87 89 90 91 92 93 95
41 88 45 51 52 55 56 60 61 62 70 71 77 78 80 81 87 90 92 94
42 52 50 54 75 83 85 90 92 99
43 13 51 52 53 63 65 67 69 70 87 93 96
44 57 52 55 58 69 71 76 80 82 83 92 93 100
45 46 56 62 63 64 69 70 71 72 78 79 80 87 88 89 97
46 66 55 66 73 75 77 79 91 93 99
47 30 48 51 52 53 56 66 68 72 76 85 94 95 96 98
48 67 51 53 54 56 68 70 77 80 84 92 94 98 100
49 23 58 61 63 72 74 76 77 86 87 93 97
50 44 51 53 57 58 70 79 85 88 89 93 94 96 100
51 97 54 55 56 57 58 61 64 67 70 79 81 86 87 97 100
52 86 55 57 58 60 71 77 78 83 88 93 96 100
53 22 54 61 63 72 75 78 83 94 95
54 18 59 60 68 79 90 94
55 36 61 72 75 84 85 95 98 99 100
56 55 58 65 68 70 74 88
57 64 59 61 67 74 83 84 92
58 57 60 63 66 67 69 70 73 79 80 87 88 100
59 11 62 74 86 91 94 96
60 14 71 75 81 86
61 52 64 67 71 98
62 18 63 67 70 78 79 80 90 91 93 99
63 81 64 70 75 89 91 96 100
64 37 67 69 81 82 89
65 90 70 71 79 81 86
66 71 69 71 86 94
67 58 74 79 82
68 91 82 91 92 94 96 97
69 10 72 74 75 85 86 88 90
70 67 91 92 99
71 91 72 75 80 95
72 56 74 85 90 93 95
73 29 77 82 84 92 93
74 35 75 80 89
75 6 78 81 86 97 98
76 78 77 81 83 85 98 99 100
77 100 96 98
78 90 94 97
79 82 82 84 86 93 94 97
80 88 91 92 94
81 72 84 87 94 95 98
82 16
83 23 89
84 59 89 93 96
85 27 88 91 93 94
86 22 89 93
87 100 96 97
88 34 89 93 96 97 98
89 2
90 24 94
91 15
92 7 94 95 96
93 78 94 96
94 61
95 71 97
96 70
97 30
98 91 99
99 86
100 25
