100
1 48
2 84
3 54
4 60
5 33
6 78
7 28
8 32
9 98
10 62
11 87
12 59
13 64
14 73
15 98
16 87
17 38
18 79
19 77
20 25
21 45
22 60
23 31
24 40
25 43
26 100
27 29
28 60
29 48
30 72
31 100
32 48
33 47
34 96
35 74
36 57
37 88
38 87
39 72
40 91
41 70
42 32
43 81
44 68
45 87
46 46
47 38
48 83
49 65
50 79
51 81
52 61
53 93
54 86
55 36
56 21
57 26
58 60
59 64
60 68
61 25
62 93
63 92
64 31
65 96
66 88
67 99
68 45
69 73
70 41
71 26
72 57
73 44
74 26
75 72
76 35
77 60
78 50
79 80
80 85
81 46
82 70
83 65
84 53
85 21
86 93
87 93
88 98
89 20
90 68
91 36
92 24
93 71
94 77
95 75
96 76
97 100
98 35
99 59
100 93
