100
1 51
2 83
3 71
4 52
5 72
6 73
7 100
8 97
9 69
10 93
11 65
12 92
13 88
14 83
15 90
16 76
17 86
18 81
19 68
20 70
21 100
22 85
23 77
24 89
25 82
26 50
27 54
28 81
29 65
30 59
31 96
32 79
33 83
34 92
35 83
36 83
37 71
38 61
39 100
40 100
41 53
42 75
43 98
44 75
45 58
46 81
47 63
48 82
49 56
50 78
51 98
52 54
53 64
54 86
55 60
56 82
57 69
58 50
59 54
60 51
61 57
62 98
63 80
64 53
65 50
66 99
67 95
68 93
69 89
70 51
71 63
72 59
73 66
74 63
75 78
76 57
77 97
78 77
79 86
80 57
81 75
82 69
83 93
84 50
85 63
86 74
87 53
88 76
89 61
90 60
91 98
92 66
93 87
94 57
95 52
96 59
97 86
98 66
99 77
100 82
