100
1 66 2 3 6 8 9 13 14 15 16 17 18 23 24 25 30 33 34 35 36 41 44 45 47 50 52 53 54 57 59 60 62 63 64 66 67 68 69 71 72 74 76 80 81 82 83 84 85 86 88 89 92 94 96 98 99 100
2 68 3 5 6 8 10 11 13 20 21 22 24 25 27 28 29 33 34 36 37 39 41 42 43 44 46 47 49 50 52 53 54 55 56 57 59 60 61 64 68 69 70 72 73 74 76 77 80 81 82 83 85 86 87 89 91 92 93 94 95 96 97 99 100
3 95 4 5 6 7 8 12 14 17 21 23 26 27 28 29 32 34 35 37 38 42 45 46 47 48 49 52 54 56 58 59 61 62 63 64 65 67 69 70 74 76 78 80 82 85 88 89 90 93 94 96 97 99 100
4 85 6 10 11 12 14 15 16 17 18 20 22 23 25 27 28 31 32 33 35 38 41 44 47 48 49 50 52 54 55 57 59 62 64 67 68 69 72 74 82 84 86 88 89 91 92 94 95 96 97 98 100
5 76 6 7 8 9 11 13 14 15 16 17 22 24 25 26 27 28 29 30 31 33 34 38 39 40 41 44 49 50 52 56 57 60 62 65 67 68 71 72 73 74 75 76 79 82 84 85 86 87 89 93 94 95 98 99
6 77 8 9 12 14 16 19 20 21 24 25 26 28 31 32 33 34 36 38 39 41 43 44 45 46 47 48 51 52 54 56 58 59 60 61 62 65 67 70 72 73 74 76 78 79 82 83 85 86 87 89 90 91 93 94 96 97
7 98 8 11 13 14 15 17 18 19 20 23 26 27 28 32 33 34 36 39 41 42 45 46 47 48 49 50 52 54 56 58 60 61 62 64 65 68 69 70 72 73 75 76 77 78 80 81 82 83 85 86 88 89 92 93 94 95 96 98 99
8 54 11 12 14 16 17 18 20 21 22 23 26 27 28 29 33 35 37 39 40 46 48 49 50 51 55 56 57 58 59 61 62 66 67 68 69 70 71 72 74 75 77 78 79 83 84 86 87 88 90 94 95 96 97 100
9 88 10 19 23 25 26 27 28 29 31 33 34 35 37 39 40 41 44 45 47 51 52 53 55 59 60 62 63 66 67 68 71 72 74 77 78 79 80 82 83 84 88 90 91 95 96 100
10 66 11 12 14 15 16 17 20 22 23 24 26 28 29 30 32 34 35 38 39 40 42 45 46 47 49 51 52 53 54 55 56 58 60 62 65 66 70 71 73 76 78 79 81 83 84 86 89 91 92 93 95 96 97 98 99
11 50 12 14 17 18 19 21 23 24 28 30 32 33 34 35 36 38 39 40 42 43 48 49 50 51 52 53 54 55 57 58 60 62 65 66 68 70 71 72 73 77 78 79 81 82 83 84 85 86 87 90 91 93 95 96 97 98 99 100
12 89 14 15 16 17 18 20 21 22 23 24 25 26 27 33 34 35 36 38 41 42 43 44 46 47 50 54 56 58 60 62 63 64 67 71 74 75 76 77 78 79 83 84 88 90 91 92 93 95 97 99
13 75 14 15 18 19 21 22 23 24 26 28 30 31 32 33 36 37 38 40 43 44 45 46 50 51 52 53 54 55 56 58 60 62 63 64 65 67 68 70 71 72 73 76 78 81 82 87 88 89 91 93 94 95 96 97 98 99 100
14 78 15 18 19 22 23 25 27 28 30 31 32 33 36 38 40 42 43 44 47 48 50 55 56 57 59 60 61 62 64 67 68 69 70 71 72 75 76 77 78 80 81 82 83 86 87 88 89 92 94 95 98 100
15 70 16 17 18 20 21 22 24 33 35 36 38 39 40 41 42 45 47 48 51 52 53 54 56 58 59 62 63 65 66 67 68 69 71 72 74 75 77 78 79 81 82 83 84 85 87 88 90 91 92 93 94 95 97 99 100
16 99 17 19 26 32 33 34 35 36 37 44 45 46 47 48 49 50 51 52 53 54 55 57 58 61 62 64 67 68 69 72 73 74 75 76 78 81 84 86 89 90 92 93 94 97 98 99 100
17 50 18 20 22 23 26 29 30 33 34 36 40 41 42 43 44 45 49 52 53 54 55 56 57 58 61 62 63 65 66 67 68 69 70 71 72 73 74 75 76 77 80 83 86 87 90 95 96 97 98 99 100
18 63 20 22 24 25 30 31 34 36 37 39 40 41 42 44 45 46 47 49 51 54 55 56 57 58 59 60 65 66 67 68 69 71 72 73 74 77 78 79 80 85 86 88 89 90 91 94 96 97 98
19 53 20 21 22 24 25 29 30 32 33 34 35 36 38 41 42 45 47 49 51 56 57 58 59 60 61 62 63 65 66 67 70 72 73 74 75 76 77 78 79 80 81 82 84 86 88 94 95 97 98 99
20 57 21 24 26 28 29 30 31 33 34 36 37 38 39 41 42 43 45 46 49 52 54 55 57 58 60 61 66 67 69 71 72 73 75 76 78 79 80 81 82 83 84 85 86 88 90 91 92 93 94 97 99
21 66 23 24 25 27 28 32 35 36 38 39 41 42 43 45 48 49 50 51 53 55 57 58 59 60 61 62 63 64 65 66 68 69 70 71 72 73 75 78 80 84 88 91 92 93 94 95 97 99
22 69 23 24 25 26 27 29 30 31 34 35 42 43 44 45 47 49 50 53 54 56 58 59 61 64 66 67 68 69 71 72 73 74 76 79 80 81 82 84 86 91 92 93 94 96 97 100
23 83 25 26 29 32 35 36 39 40 41 43 44 45 47 48 49 51 53 54 57 58 59 62 64 66 70 71 72 73 74 75 76 77 80 81 82 84 88 89 90 91 94 96 99 100
24 76 25 27 28 29 32 33 35 36 39 40 42 45 46 49 50 53 56 58 60 61 62 64 65 67 68 69 72 73 74 75 76 78 79 84 86 88 89 90 93 94 95 96 97 99 100
25 54 26 27 28 29 32 33 34 44 45 48 51 52 56 57 60 61 63 65 67 68 69 70 72 74 76 77 79 82 83 84 85 86 87 89 90 91 92 94 96 97
26 87 27 28 29 30 31 32 33 34 35 36 37 41 43 44 45 49 50 51 53 54 55 56 58 59 60 61 62 66 67 68 71 73 74 75 80 81 84 86 87 88 89 90 93 94 98 100
27 86 28 29 30 31 32 33 34 35 36 44 45 46 47 51 52 53 54 55 56 57 59 60 64 65 66 68 70 72 75 77 78 81 82 83 84 86 87 90 92 93 94 95 96 97 98
28 93 30 33 35 36 38 39 41 43 44 45 48 50 51 53 54 55 56 58 59 62 63 66 68 69 70 73 74 75 76 77 79 80 85 86 87 92 94 96 97 100
29 54 30 31 32 34 35 36 37 38 40 43 44 46 47 48 49 51 52 53 54 56 60 64 66 68 71 73 75 77 78 80 81 82 83 84 85 86 88 90 93 96 97 99 100
30 63 31 32 35 37 38 39 41 42 44 45 46 48 49 50 51 53 54 55 56 57 58 59 61 62 63 64 65 66 67 68 69 70 71 72 75 76 79 80 82 83 84 86 87 89 91 92 94 95 97 100
31 54 32 34 35 36 37 40 42 43 44 47 48 49 51 54 55 58 59 60 61 63 65 67 68 70 72 76 77 78 79 82 85 87 88 89 90 91 92 94 95 96 97 98 99 100
32 56 38 39 42 46 48 49 53 54 56 58 59 60 63 64 65 68 70 71 72 75 77 80 82 83 87 88 89 90 93 95
33 69 36 37 39 40 41 46 49 50 51 52 58 63 65 67 69 70 72 73 75 77 83 86 89 94 96 97 98 99 100
34 57 35 36 38 40 41 42 45 46 48 51 53 54 55 56 57 60 61 64 67 68 70 71 72 74 75 76 77 78 79 80 81 83 84 85 89 90 92 93 94 95 96 99
35 84 36 37 39 40 41 45 47 48 49 51 52 54 56 57 58 61 62 63 64 65 66 67 69 71 74 75 76 77 79 81 85 86 87 88 90 91 92 94 96 97 98 99 100
36 88 38 43 44 45 50 51 52 53 55 57 58 62 63 64 65 66 68 70 71 73 75 76 78 79 80 83 84 85 87 88 89 90 92 93 94 97 99 100
37 93 38 40 42 43 44 47 49 50 51 53 55 58 60 61 64 65 67 68 69 72 73 75 76 77 78 80 85 86 87 88 89 90 92 94 95 98 99
38 90 40 43 44 45 48 49 50 51 52 53 56 58 60 61 62 63 66 67 68 69 70 72 73 78 81 84 85 86 87 90 91 93 94 95 97 98 99 100
39 82 40 41 42 45 47 48 49 51 52 54 55 56 57 60 61 63 65 66 67 68 69 70 71 72 74 75 77 79 80 81 82 84 88 89 90 92 93 94 95 96 97 99
40 82 41 46 51 52 55 57 59 60 61 62 64 65 67 68 69 71 72 73 74 75 77 79 81 82 84 85 86 87 88 90 91 93 94 96 97 100
41 65 43 44 45 46 48 49 51 52 56 57 58 60 61 63 64 65 66 67 69 71 73 74 75 76 78 79 80 81 82 83 84 86 87 90 91 92 93 96 97 98 99 100
42 61 43 44 46 50 51 52 53 54 55 57 58 61 63 65 66 67 68 69 70 71 72 74 76 77 78 81 82 83 84 86 88 89 90 91 93 96 98 99
43 71 44 45 46 47 48 49 50 52 53 54 55 56 57 58 60 61 65 66 69 70 72 73 75 76 78 79 80 82 84 85 86 88 89 90 92 93 94 95 96 97 98 99
44 84 45 46 48 49 52 53 54 55 57 59 61 62 63 64 68 69 70 71 72 73 74 75 76 77 80 83 84 85 86 87 89 90 91 92 93 95 96 97 98
45 84 46 47 48 49 53 55 57 59 60 62 65 66 68 69 71 72 75 76 78 82 83 84 85 86 87 89 90 91 93 94 95 96 97 99
46 89 47 51 52 55 57 58 60 61 62 64 65 66 68 70 72 73 74 77 79 80 81 82 83 86 87 88 89 90 91 92 93 94 95 96
47 73 49 50 52 53 55 56 57 58 61 63 64 65 66 69 70 72 74 75 76 77 78 79 80 81 83 84 89 90 91 93 94 95 97 98
48 67 49 51 52 55 56 57 60 65 66 67 70 71 73 76 77 78 80 81 83 85 86 87 88 90 92 94 95 96 97 100
49 88 51 53 54 55 56 57 59 61 62 64 65 68 73 74 75 76 80 81 82 84 85 86 87 89 90 91 92 99 100
50 50 52 54 60 61 63 64 65 66 67 71 73 74 75 76 77 80 81 82 84 85 88 89 91 92 95 96 98
51 99 52 53 55 57 58 60 61 64 65 66 67 68 70 73 74 75 76 77 78 80 82 85 86 89 90 91 92 94 95 96 97 99
52 92 54 56 59 60 61 64 65 66 67 68 69 71 72 73 75 76 77 80 83 85 86 87 89 93 94 95 97 99
53 89 55 57 58 59 60 62 63 64 65 66 67 69 71 73 74 75 76 79 80 82 83 84 87 89 90 91 93 96 97 100
54 70 55 56 57 58 59 62 63 65 66 67 69 73 78 79 80 81 82 85 86 88 89 92 94 95 96 98 100
55 93 58 59 60 61 62 65 66 67 70 72 73 74 75 77 78 79 82 83 84 85 86 88 89 90 92 93 94 96 99
56 61 58 59 60 61 62 64 66 67 68 69 71 72 73 74 75 77 78 80 81 82 83 84 85 86 87 90 91 92 93 94 95 98
57 54 58 60 61 64 65 66 67 68 69 70 73 74 76 77 78 81 83 84 85 86 87 88 91 93 95 99 100
58 82 60 61 62 63 64 65 66 70 72 74 79 80 81 83 85 86 87 88 89 90 91 93 96 97 98 99
59 93 61 62 63 64 69 71 72 73 76 77 78 79 81 84 86 87 89 91 93 97 99
60 60 61 62 63 64 65 66 68 69 71 72 75 78 79 80 83 87 90 93
61 97 63 64 65 66 68 69 70 73 76 77 78 80 83 85 87 90 91 93 94 95 96 98 99
62 72 65 66 71 74 75 76 77 78 79 80 83 84 85 87 89 90 92 94 95 98
63 62 67 70 74 75 76 78 80 81 83 85 87 88 89 90 91 92 93 94 95 96 99 100
64 53 65 66 68 69 70 71 72 74 76 77 78 81 82 84 96 97 98 100
65 93 66 67 68 69 70 71 73 74 75 78 80 81 86 87 89 90 92 95 98
66 79 69 72 73 74 75 76 77 78 79 80 81 82 83 84 85 87 88 89 90 91 92 93 95 96 97 98 99
67 54 69 70 72 73 74 75 76 77 78 79 80 82 83 84 86 87 92 93 97 99 100
68 62 69 72 75 76 77 80 81 82 83 84 86 87 90 92 94 95 96 97 98 99 100
69 98 70 73 74 75 76 77 79 81 83 84 85 88 89 92 94 96 99
70 90 71 73 74 78 80 83 86 87 88 90 91 93 94 95 96 98 99 100
71 62 72 73 74 76 79 80 83 84 85 86 87 88 89 90 91 92 97 98 100
72 56 73 74 75 76 78 79 83 84 85 86 88 89 91 93 96 97 98 100
73 94 74 76 77 78 79 80 81 84 85 86 88 89 90 91 92 94 95 96 97 98
74 81 76 77 78 79 81 82 87 88 89 91 92 94 95 99
75 70 77 78 79 80 83 84 85 86 87 88 89 90 91 92 93 94 95 96 98 100
76 75 78 80 82 84 85 87 88 89 93 96
77 59 79 80 83 84 85 87 88 89 90 91 92 93 96 97 99 100
78 85 81 82 83 84 85 86 87 88 90 91 92 93 95 97 98 99
79 99 81 82 83 86 87 88 90 92 93 94 96 97 99 100
80 68 82 84 87 88 92 93 94 96 98 100
81 71 82 83 84 85 86 89 90 91 93 95 97 99 100
82 71 83 84 87 90 91 92 94 96 99 100
83 76 86 87 88 89 90 91 92 93 94 95 97 98 99 100
84 77 86 87 89 91 92 93 94 96 97 98 99
85 65 88 91 92 95 96 97 99 100
86 86 89 91 92 93 94 97
87 66 88 89 90 91 92 93 95 96 97 98
88 71 90 92 93 95 97 100
89 72 91 92 93 95 96 97
90 86 92 94 95 96 97 98 99
91 83 93 94 95 96 97 98
92 93 93 94 95 100
93 53 94 96 97
94 58 95 97 99 100
95 79 99
96 55 97 98 100
97 98 98 99
98 56 99
99 96
100 53
