100
1 55 2 3 5 6 8 10 12 14 16 19 22 26 28 29 32 33 34 35 37 43 44 45 47 50 51 52 54 55 57 58 59 60 61 63 64 69 71 73 77 78 79 80 83 88 89 92 93 97 99
2 85 4 6 7 11 12 13 14 16 18 20 21 22 23 24 25 28 29 31 32 35 36 39 41 42 44 46 48 51 54 55 56 58 59 60 62 63 64 67 70 72 74 76 82 84 85 88 90 92 93 96 97 98 100
3 98 4 5 6 8 11 12 13 17 20 21 23 24 26 28 31 33 34 37 38 39 41 45 46 51 52 54 55 56 57 58 60 66 69 70 73 78 79 80 82 86 89 90 92 94 95 97 98
4 95 5 7 8 9 10 12 13 16 17 19 23 24 25 28 29 30 31 33 35 37 40 42 46 47 49 52 57 58 59 61 62 63 67 69 71 72 73 74 75 76 78 79 80 81 82 83 84 86 87 88 90 96 97 98
5 8 8 9 10 11 12 14 19 20 22 25 27 30 32 34 43 44 47 48 49 50 52 53 54 55 58 60 61 62 65 67 70 71 73 74 80 81 84 85 87 89 92 93 94 95 96
6 72 7 11 12 14 16 17 19 21 23 27 28 29 30 31 32 33 35 37 39 41 42 43 45 46 47 49 56 59 61 68 69 70 71 72 73 78 79 82 89 91 97
7 89 8 11 12 14 16 19 20 22 23 29 30 31 35 37 38 39 40 47 48 51 55 57 60 61 66 68 71 73 75 77 80 81 88 94 98 99 100
8 9 11 12 16 17 19 20 22 23 24 25 26 27 29 33 34 35 38 39 40 42 43 45 50 52 53 54 56 57 58 62 71 73 74 75 76 81 82 84 86 87 88 90 96
9 97 12 13 16 19 21 22 23 24 25 26 27 28 29 30 33 34 35 39 40 41 43 44 46 47 50 51 56 63 66 68 71 74 78 79 85 87 89 90 91 93 95 98 100
10 70 11 12 13 14 16 17 18 20 23 24 25 26 27 28 29 31 32 33 35 36 38 41 44 48 50 52 53 60 61 62 67 70 71 72 73 75 77 80 84 86 87 88 91 92 98 99 100
11 41 12 13 14 15 17 18 20 21 23 31 33 35 38 39 40 43 45 48 51 52 54 55 56 61 64 67 68 77 78 80 84 85 86 87 93 95 97 99
12 93 13 16 18 19 21 25 32 34 38 40 42 48 49 50 54 55 56 59 60 61 62 63 64 68 69 72 77 79 84 86 87 88 89 93 95 96 97 98 99 100
13 83 16 18 21 22 23 24 27 30 31 36 43 44 46 49 50 53 56 59 60 63 64 68 69 70 72 75 77 78 79 81 85 86 88 89 91 92 94 96 97 99 100
14 11 15 16 17 18 20 21 22 23 25 27 29 30 35 37 38 39 40 43 44 45 46 52 53 56 57 59 60 61 65 66 67 68 70 71 73 79 80 84 89 92 93 94 98 100
15 57 18 22 23 24 28 29 31 33 34 37 44 45 46 47 50 53 55 56 57 61 62 63 65 67 68 70 71 73 74 75 76 77 78 81 82 83 84 86 88 89 93 96 100
16 98 19 21 26 31 35 38 39 45 46 50 51 53 54 55 56 63 66 67 68 69 79 81 82 84 85 87 93 97 98
17 97 18 21 22 25 28 30 31 35 36 37 39 40 44 49 50 57 58 60 61 64 71 72 73 76 78 80 83 84 87 88 90 91 93 95 96 100
18 21 20 22 24 25 28 30 33 36 37 41 43 47 49 52 53 54 59 64 67 68 69 70 71 72 73 76 77 78 82 83 87 88 91 93 94 95 97 98 99 100
19 75 27 28 29 30 32 33 34 36 37 39 40 42 43 45 47 48 49 50 51 53 54 58 59 60 61 62 65 67 68 74 75 82 83 84 85 88 89 93 94 95 98 99
20 19 21 22 25 26 27 28 29 39 41 45 46 50 52 54 55 56 58 60 61 62 63 66 67 68 69 72 73 74 75 78 84 85 91 95 96 100
21 78 24 25 30 32 34 36 38 40 41 49 50 51 53 55 58 60 61 63 65 67 69 73 79 80 82 85 86 87 88 91 94 98 99
22 46 24 25 26 27 31 33 37 39 41 42 43 44 46 47 49 51 52 57 58 59 61 62 64 68 70 73 75 76 78 80 82 83 84 89 90 92 94 95 96 97 98
23 93 25 28 30 31 33 34 37 40 42 44 46 47 49 50 51 52 54 57 58 59 60 61 62 63 67 68 70 75 76 78 79 82 86 92 93 94 96 97 100
24 78 25 26 28 34 37 42 43 48 49 53 57 59 60 61 62 63 66 67 69 71 72 75 76 77 78 81 82 83 84 86 91 93 95 96
25 48 26 29 34 38 39 42 43 44 46 48 60 62 63 67 69 71 75 76 77 78 82 83 87 89 94 96 97 99
26 10 27 29 30 31 32 33 34 36 37 38 39 40 41 42 47 48 49 50 51 53 56 57 58 59 67 70 71 72 73 74 75 76 78 81 86 87 89 90 91 92 95 98
27 30 28 31 33 34 35 37 38 42 43 44 45 46 48 49 50 51 52 54 57 58 64 66 69 71 73 75 77 78 79 80 81 82 83 84 85 86 87 88 90 93 94 95 96 97
28 23 29 34 36 37 38 40 42 44 47 51 52 53 58 62 65 67 68 74 79 80 84 87 88 89 92 93
29 21 31 36 37 39 41 46 48 51 55 56 58 60 61 62 64 67 68 70 71 73 74 76 77 81 82 83 86 91 93
30 42 33 34 36 37 38 39 40 41 42 46 48 49 51 52 53 54 55 61 64 67 70 72 73 74 76 77 78 79 80 81 83 85 87 93 97 98 100
31 37 34 35 36 37 38 39 41 42 43 44 49 52 53 54 55 57 59 61 63 64 65 66 70 71 73 74 75 76 77 78 79 80 82 86 88 90 91 93 95 99
32 29 35 37 38 45 46 47 48 49 54 55 56 59 63 66 67 69 70 71 72 79 80 83 85 86 87 89 92 93 94 95 96 98
33 21 36 39 42 43 46 48 51 53 54 57 58 61 65 67 69 70 76 78 80 81 82 86 89 91 92 94 95 98
34 85 38 39 40 42 43 45 46 48 49 51 54 56 57 58 59 60 62 63 64 66 69 70 71 73 74 76 79 80 81 83 85 89 90 92 93 94 95 96 100
35 86 36 37 38 40 41 42 43 44 51 52 53 56 58 59 60 61 62 63 64 65 66 70 71 72 73 74 76 77 78 79 81 84 86 89 91 93 95 96 98
36 19 38 39 40 41 44 49 51 55 57 58 59 60 64 65 66 69 70 71 73 76 78 82 83 88 90
37 20 38 39 40 42 46 47 48 50 53 56 59 61 63 65 69 71 72 73 74 79 80 81 82 84 85 88 89 90 92 93 94 96 97 99
38 46 42 43 44 46 47 51 52 56 60 64 68 71 73 76 77 78 79 80 82 84 85 86 87 89 90 91 92 95
39 42 41 42 43 44 46 47 50 52 53 54 58 60 61 62 66 67 68 72 73 74 76 77 80 81 83 86 87 89 91 94 96 99 100
40 95 41 43 44 45 51 52 53 56 59 60 61 63 65 66 68 69 71 75 79 80 82 83 85 87 92 97 99 100
41 65 42 46 48 50 51 52 55 56 57 58 59 60 61 62 64 67 69 70 71 73 74 77 81 83 86 88 89 91 96 97 98 99 100
42 74 44 45 50 57 58 59 62 63 64 70 71 72 73 75 76 79 81 82 83 84 85 87 88 89 91 93 95 99 100
43 35 44 48 49 52 53 55 56 61 64 65 66 67 68 70 73 74 76 80 81 83 86 87 89 90 91 93 94 95 100
44 97 48 50 52 53 55 57 58 60 61 63 65 66 68 70 74 76 78 84 85 86 87 88 94 95 96 98 100
45 10 46 47 48 49 52 54 55 57 58 60 63 64 66 67 68 71 72 75 76 77 81 82 85 86 87 88 90 92 94 97
46 32 47 48 52 53 55 56 57 59 61 62 65 66 69 70 73 75 76 77 78 79 80 81 82 83 84 88 91 92 95 96 100
47 50 48 49 52 53 54 55 56 57 61 63 65 68 70 75 76 77 79 80 81 82 83 84 87 88 89 90 92 94 95 96 99 100
48 76 50 52 53 54 57 58 60 61 62 65 66 68 69 72 73 76 77 78 79 80 81 83 84 85 87 92 96 99 100
49 12 50 51 53 55 60 61 62 63 65 70 71 75 76 78 80 81 87 88 89 93 94 95 98 99
50 65 51 52 55 58 62 63 65 66 68 71 72 76 78 79 81 82 84 85 86 89 90 91 92 93 94 96 97 98
51 52 52 53 55 56 58 63 67 68 71 73 79 80 82 83 88 89 90 92 100
52 2 58 59 62 63 64 69 71 73 74 75 77 81 83 84 86 87 90 91 93 95 96 97 99
53 20 58 59 60 65 72 73 74 75 77 78 79 81 86 87 90 91 95 100
54 6 58 59 60 61 62 63 65 72 73 74 75 78 82 83 85 88 89 90 91 93 97 99 100
55 63 59 63 64 66 67 68 69 70 71 72 74 75 81 84 88 92 94 95 96 97
56 93 59 60 61 63 67 69 70 75 76 79 80 82 84 85 91 94 95 96 99
57 1 60 62 63 64 67 69 71 72 73 75 76 79 83 84 88 92 93 95 97
58 43 62 64 66 68 69 71 73 74 75 77 81 83 85 88 91 92 93 95 98 99
59 88 60 61 64 65 66 67 69 70 74 76 78 81 84 87 88 89 95 100
60 81 61 62 63 65 67 68 69 70 73 80 82 83 87 89 90 94 100
61 48 62 63 65 67 68 69 76 77 78 82 83 84 85 86 87 88 89 92 96 97 100
62 76 64 66 67 70 71 72 77 78 79 81 82 84 85 93 97 98 99 100
63 43 64 65 73 77 82 84 85 86 87 88 90 91 93 94 97 98 100
64 9 65 66 67 68 69 70 71 72 74 75 80 81 84 85 90 93 97 98
65 7 66 68 73 76 77 78 79 81 84 85 87 89 90 96 97
66 91 68 69 70 72 73 76 77 83 88 91 92 93 94 97 98
67 60 69 70 71 77 78 80 81 87 88 89 92 96 98 100
68 77 69 71 72 73 74 75 78 79 80 81 82 85 87 91 92 94 95 96 99
69 55 74 76 80 82 83 85 90 95 97 98 99
70 83 72 75 80 83 85 86 87 91 93 94 95 96 97
71 14 73 75 76 77 78 80 82 84 87 89 90 91 92 93 94 95 96 99 100
72 12 75 76 80 81 82 84 85 87 89 93 94 97 98 99
73 92 74 76 79 87 89 91 92 94 95 100
74 51 75 76 77 78 80 81 82 83 84 86 90 95 98
75 69 76 78 79 81 84 87 88 89 91 92 95 96 99 100
76 2 77 78 81 82 87 88 89 90 92 93 95 96
77 60 79 81 82 83 84 87 90 91 93 95 96 97 98 99 100
78 96 80 81 82 83 84 86 87 89 90 91 92 95 98
79 78 80 86 87 88 90 91 93 95 96 97 100
80 63 81 82 86 87 88 89 92 94 96 97 98 100
81 57 83 85 88 89 90 92 93 95 97 99 100
82 51 83 84 85 87 88 95 97 98 99 100
83 22 85 86 88 89 91 92 94 96 99 100
84 65 85 88 89 90 91 92 93 96 97 98 99 100
85 59 86 90 91 92 93 96 98 99
86 68 90 94 95 97 98 100
87 48 88 90 91 95 96 97 98 100
88 8 94 97 98
89 18 94 96 98 99 100
90 92 91 95 97 98 100
91 68 93 96 97
92 60 93 95 98 99
93 52 99 100
94 56 96 97 99
95 89 96 97 98 99
96 47 97 99 100
97 88
98 2 99 100
99 45
100 19
