100
1 90 2 3 4 7 9 10 11 12 14 15 16 17 21 22 23 24 25 27 30 31 33 34 35 36 37 38 39 40 41 42 43 46 47 48 49 51 53 54 55 56 57 58 60 61 62 63 64 65 66 67 68 69 70 71 72 73 74 75 76 78 79 80 81 82 83 84 85 86 87 88 89 90 91 92 93 94 95 96 97 98 99 100
2 78 3 4 7 8 10 12 13 15 16 17 18 20 21 23 25 26 27 28 29 30 31 32 34 35 37 39 40 41 42 43 44 45 46 47 48 49 51 52 53 54 55 56 57 58 59 60 62 63 64 65 66 68 69 70 71 72 73 75 76 77 79 80 81 82 83 84 85 86 87 88 89 90 91 93 94 95 96 97 98 99 100
3 39 4 5 9 10 12 13 14 15 16 17 18 19 20 21 23 26 27 28 29 31 32 33 34 35 36 37 38 39 41 42 43 44 45 47 48 49 50 51 52 53 55 56 57 58 59 60 61 62 63 64 65 67 68 69 70 72 74 75 76 77 78 79 80 81 82 83 84 86 87 89 90 92 93 95 96 98 99 100
4 29 5 6 7 8 9 12 13 14 16 17 19 20 21 22 23 24 26 27 28 29 30 31 32 33 34 36 37 38 39 41 42 43 44 45 48 49 51 53 54 55 56 57 58 59 64 65 66 67 68 70 71 72 74 76 77 78 79 80 81 83 84 85 86 87 89 90 91 92 93 95 96 97 98 99 100
5 58 7 8 9 10 11 14 15 16 17 18 19 20 21 22 23 24 25 27 28 29 31 32 33 34 35 37 38 39 41 42 43 44 45 46 48 49 51 52 53 54 55 57 58 59 60 61 62 63 64 66 67 70 71 72 73 74 76 77 79 80 82 83 85 86 87 88 90 91 92 93 94 96 97 98 100
6 32 7 9 10 11 12 13 14 15 16 17 18 19 20 21 24 26 27 28 29 30 31 32 33 36 37 38 39 40 41 42 43 44 45 47 48 49 50 51 52 53 54 55 57 59 60 61 62 63 64 65 67 69 70 72 73 74 75 76 77 78 79 81 82 84 85 86 87 89 90 91 92 93 94 95 96 97 98 99 100
7 34 8 9 10 12 13 14 16 18 19 20 21 22 23 24 25 26 27 28 29 30 32 33 34 36 38 40 41 43 44 45 46 48 50 51 52 53 54 55 56 57 58 59 60 62 63 65 67 68 69 70 71 72 73 74 75 76 77 78 79 80 81 82 84 85 86 88 90 91 92 93 94 95 97 98 99 100
8 46 10 11 13 15 17 19 20 21 22 23 24 26 27 28 29 30 31 32 33 34 35 36 37 38 39 40 41 43 44 45 46 47 51 53 54 55 57 59 60 61 62 63 65 66 67 68 69 70 71 72 73 74 75 76 77 78 79 80 81 82 83 84 86 87 88 90 91 92 95 96 97 99 100
9 66 11 12 13 14 15 16 17 18 19 20 21 22 23 24 25 26 27 29 30 31 32 33 34 35 36 37 41 42 43 44 45 47 48 49 50 51 52 53 54 56 57 58 59 61 62 63 64 65 66 67 68 69 70 71 74 75 76 77 78 79 80 82 84 85 87 88 89 92 93 94 95 96 97 99 100
10 48 11 12 15 16 17 19 20 21 23 24 25 26 27 28 29 31 32 33 36 39 40 41 43 44 45 46 47 49 50 51 53 54 55 56 59 61 62 63 65 66 67 68 69 70 71 72 73 76 77 78 79 80 81 83 84 85 87 88 89 90 91 92 93 94 95 96 98 99
11 43 12 13 15 19 20 21 22 23 24 25 26 27 28 29 30 31 32 33 34 35 36 37 38 41 42 43 44 45 46 49 50 51 52 53 54 55 56 57 58 59 60 61 62 63 64 65 66 67 68 70 73 74 76 77 78 79 80 81 82 83 84 85 86 87 88 89 91 92 93 94 95 96 97 98 99 100
12 62 13 14 17 18 19 20 21 22 23 24 25 26 27 28 29 30 31 32 33 34 35 36 37 38 41 42 44 45 47 48 49 50 52 53 54 57 59 60 61 63 64 65 66 68 69 70 71 72 73 74 75 76 77 78 80 82 83 84 86 87 88 89 90 91 92 93 94 95 96 97 99 100
13 58 14 15 16 17 18 19 20 21 22 23 24 25 26 27 28 29 30 31 33 34 35 38 39 41 42 45 46 47 48 49 50 51 52 53 54 56 57 58 59 60 61 62 63 65 67 70 71 72 73 74 75 76 77 79 80 82 83 84 85 86 87 88 89 90 91 92 93 94 95 96 98 99
14 97 16 17 19 20 21 22 23 24 25 26 27 28 29 30 31 32 33 34 35 37 38 39 40 42 43 46 48 50 51 53 55 56 57 58 59 61 62 64 65 68 69 70 71 72 73 74 75 77 78 79 80 81 82 83 84 86 87 88 89 90 91 93 94 96 97 98 99 100
15 33 16 17 18 19 21 22 24 25 26 28 29 30 31 32 33 34 35 36 38 39 42 45 46 47 48 49 50 51 52 53 54 55 56 57 59 60 61 64 66 67 68 69 70 71 73 74 75 76 77 79 80 82 83 85 86 87 88 89 90 91 92 93 94 95 96 97 98 99 100
16 96 17 18 19 20 21 22 23 24 27 28 29 30 31 32 33 34 35 36 37 38 40 41 42 44 45 47 48 49 53 55 57 59 61 62 63 64 65 66 67 68 69 72 73 74 75 77 79 80 81 82 83 84 86 87 88 89 90 91 93 95 96 97 98 99 100
17 97 18 21 22 23 24 25 26 27 28 29 31 32 33 35 36 37 38 39 40 41 42 43 44 45 46 47 48 49 50 52 53 54 55 56 57 58 59 60 61 62 63 64 65 66 67 68 69 70 71 72 73 74 76 77 78 79 80 81 82 83 84 85 86 89 90 92 93 95 96 97 99 100
18 75 19 21 22 23 24 25 26 27 28 29 30 31 32 33 36 37 38 39 40 41 42 44 45 47 48 49 50 51 52 53 54 55 56 57 58 59 60 61 62 63 64 65 66 67 68 69 70 71 73 74 75 76 77 78 82 83 84 86 87 89 90 91 92 94 96 97 98 99 100
19 33 20 21 22 23 24 25 28 29 30 31 32 33 34 35 36 39 40 41 42 43 44 45 46 47 48 49 51 53 54 55 56 57 58 59 60 61 62 66 68 69 70 71 72 73 75 76 78 79 80 81 82 83 84 85 86 87 88 89 90 91 92 93 94 95 96 98 100
20 48 21 23 24 26 27 28 29 30 32 33 34 35 36 37 40 41 43 44 45 46 48 49 50 51 54 55 56 57 58 59 61 62 63 64 66 67 68 69 70 71 72 73 74 75 76 77 78 79 80 81 82 83 84 85 87 88 89 90 91 92 93 94 96 97 99
21 69 22 23 24 25 26 27 28 29 30 32 33 34 36 37 38 39 40 44 45 47 48 51 52 53 54 56 57 58 59 60 61 62 63 64 65 66 67 69 71 72 73 74 76 77 78 80 81 82 83 85 86 87 88 90 92 93 95 96 97 98 99 100
22 74 23 24 25 26 27 28 29 30 31 32 33 34 35 36 37 38 39 42 43 44 46 47 48 49 50 51 53 54 55 56 57 58 59 60 61 63 64 67 68 69 70 71 72 73 74 75 76 77 78 79 80 81 82 83 84 85 86 88 91 92 93 96 97 98 100
23 67 24 28 30 31 32 33 34 36 37 38 40 41 42 44 45 47 48 49 50 51 52 53 55 57 59 60 62 63 64 66 67 68 69 70 71 72 73 75 77 78 79 80 81 83 84 85 86 87 88 89 90 91 93 94 95 96 98 99 100
24 43 26 27 28 29 30 31 33 35 36 37 38 39 40 41 42 43 44 45 47 48 49 50 52 53 54 55 56 57 58 59 60 61 62 64 65 66 67 69 70 71 72 73 74 76 77 78 79 80 81 83 84 85 86 87 88 89 90 91 92 93 96 97 98 99
25 31 26 27 28 29 30 31 32 33 34 35 36 38 40 41 42 43 44 45 46 47 48 50 51 54 55 56 60 61 62 63 64 66 67 68 70 71 72 73 74 75 77 78 79 80 81 82 83 84 86 87 88 89 90 91 92 93 94 96 97 99 100
26 43 27 28 29 31 33 35 36 37 38 39 40 41 43 44 45 46 47 48 49 51 52 53 54 55 56 58 59 60 62 63 64 65 67 69 70 72 73 75 76 77 80 81 82 83 84 85 86 87 90 91 92 93 95 96 97 98 99 100
27 47 28 29 30 31 32 33 35 39 40 41 42 43 44 45 46 49 51 52 53 54 55 57 58 59 60 61 62 63 64 65 66 67 68 69 71 72 73 74 75 76 77 78 81 82 84 85 86 87 89 91 92 93 94 96 97 98 99 100
28 63 29 30 31 33 36 37 38 39 40 41 42 44 45 46 47 48 49 50 51 52 53 54 55 56 57 58 59 61 62 63 65 67 69 70 72 73 75 76 78 79 80 81 82 83 84 85 86 87 88 89 90 91 92 93 94 95 96 97 98
29 33 30 31 32 34 36 37 38 39 40 42 43 44 45 46 48 49 50 52 53 55 58 59 60 61 62 63 64 65 66 69 70 71 74 75 76 78 79 80 81 82 83 84 85 86 87 88 91 92 93 94 95 96 99 100
30 52 32 33 34 35 36 37 38 40 41 43 44 45 47 48 49 50 51 52 53 54 55 56 57 59 60 65 66 67 68 69 70 71 72 73 74 75 76 77 78 79 80 82 83 87 88 89 91 92 93 94 96 97 98 99 100
31 36 32 33 34 35 36 37 38 39 40 42 43 45 46 47 48 49 50 51 52 53 55 56 57 58 59 60 61 62 63 64 65 66 67 69 70 72 73 74 75 76 77 78 79 80 81 82 83 84 86 88 91 92 93 94 96 97 98 99 100
32 99 33 34 35 36 37 38 39 42 43 44 49 51 52 54 55 56 57 58 60 61 62 64 66 67 68 70 71 72 73 74 75 77 78 80 81 83 84 85 87 88 89 90 91 92 93 94 95 96 97 98 100
33 70 34 35 36 37 39 40 41 42 43 46 47 49 50 51 52 53 55 57 58 61 62 64 65 66 67 69 70 71 72 73 74 75 76 77 78 79 80 81 82 83 85 86 87 88 89 90 92 93 94 95 96 97 99 100
34 77 36 37 38 39 40 42 43 45 46 47 48 49 50 51 53 54 55 56 57 58 59 60 61 62 63 64 65 66 67 68 69 70 71 72 73 74 76 77 78 79 80 81 82 83 84 85 86 87 88 89 90 91 92 93 94 96 97 98
35 22 36 37 38 39 40 41 42 43 44 46 47 48 49 51 53 54 55 56 57 58 60 61 63 64 65 66 67 68 69 71 72 73 74 75 76 77 78 79 80 81 83 84 85 90 92 93 94 95 96 97 98 99 100
36 84 37 39 40 41 42 43 44 46 47 48 49 50 51 52 53 54 55 56 57 58 59 60 61 62 63 64 65 66 68 69 70 71 72 73 75 76 78 79 80 81 82 86 87 88 91 92 93 94 95 97 98 99 100
37 63 38 39 40 41 42 43 45 46 47 48 49 50 52 53 54 55 56 57 58 59 60 61 62 63 65 66 67 68 69 70 71 72 73 74 75 76 77 78 79 81 82 84 85 86 88 90 91 92 93 94 95 96 97 98 99 100
38 31 40 41 43 44 45 47 49 50 51 52 54 55 56 57 58 60 61 63 64 65 66 67 68 69 71 72 74 75 76 77 79 80 81 82 83 84 86 87 88 89 90 91 92 93 95 96 97 98 99 100
39 75 41 42 43 44 45 46 47 48 49 50 52 53 55 56 57 58 59 60 61 62 63 64 66 67 68 70 71 72 74 75 76 77 78 79 80 81 83 84 86 89 90 91 92 93 94 96 98 99 100
40 23 41 42 43 44 45 47 48 50 51 53 54 55 57 58 59 60 61 63 64 66 67 69 70 71 72 73 76 77 79 80 81 83 84 85 87 88 89 90 92 93 94 96 97 98 99 100
41 36 43 44 46 47 48 49 50 51 52 53 55 56 58 59 60 62 67 68 70 71 72 73 74 75 76 77 78 79 80 81 82 83 84 85 86 87 88 89 90 91 92 93 94 95 96 97 98 99 100
42 81 43 45 46 47 49 50 52 54 55 56 57 59 60 61 62 63 64 65 66 67 68 69 70 71 72 73 74 75 76 77 78 79 80 81 82 83 84 85 86 87 88 89 90 91 92 93 94 95 96 98 99 100
43 44 44 45 46 48 49 50 51 52 53 54 55 56 57 58 59 60 61 62 63 64 65 66 67 69 70 71 72 74 75 76 77 78 79 80 82 83 84 85 87 89 90 91 93 94 95 96 97 98 99 100
44 68 45 46 47 48 49 51 52 53 54 55 57 58 60 61 63 64 65 67 68 69 70 72 74 75 76 78 82 83 84 85 86 87 88 90 91 92 93 94 96 97 98 100
45 68 46 47 49 50 51 53 55 56 57 59 60 61 62 63 64 65 67 68 70 71 72 73 74 75 76 77 78 79 80 81 82 84 86 87 88 89 90 91 92 94 96 99 100
46 54 47 48 49 50 51 52 53 54 56 57 58 63 64 65 67 68 69 70 71 72 73 74 75 76 77 78 79 80 82 83 84 85 86 87 88 89 90 91 92 93 94 95 96 97 98 100
47 75 49 50 53 54 56 57 58 60 61 62 63 64 65 66 67 68 69 70 71 73 74 75 77 78 79 80 82 83 84 85 87 88 89 90 91 92 93 94 95 96 97 98 99 100
48 73 49 50 51 52 53 54 56 58 59 60 61 62 63 65 66 67 68 70 71 73 74 75 76 77 78 79 80 81 82 84 86 87 88 89 90 91 92 94 95 96 97 98 99
49 97 50 51 52 53 54 57 58 59 61 62 63 65 66 67 69 70 71 72 73 75 76 77 79 80 82 83 84 85 86 87 88 89 90 91 92 94 95 96 97 98 99 100
50 56 51 52 53 55 57 58 60 61 62 63 64 66 67 68 69 70 72 73 74 75 76 77 79 80 81 82 83 84 85 86 87 88 90 91 92 93 94 95 96 97 98 100
51 34 52 53 54 55 56 57 58 59 61 62 63 64 65 66 67 68 70 71 72 75 76 78 79 80 81 82 83 84 86 87 88 89 91 92 93 96 97 98
52 66 53 54 55 56 58 59 60 63 65 66 67 68 69 70 71 72 73 74 76 77 78 79 80 81 83 84 85 87 88 90 91 92 93 94 95 97 98 99 100
53 49 54 55 56 57 58 59 60 61 62 64 66 67 68 69 70 71 72 74 75 76 79 80 81 82 83 85 86 87 89 90 91 92 93 94 95 97 99 100
54 68 55 57 58 59 60 63 65 67 69 70 71 72 73 75 76 78 79 81 83 84 85 86 89 90 91 92 93 94 95 96 97 100
55 29 56 57 58 60 61 62 64 65 66 67 68 69 70 71 72 73 74 75 76 77 78 79 81 82 83 85 86 88 91 92 93 95 96 97 98 99 100
56 49 57 62 63 64 65 67 68 71 72 73 75 76 77 80 81 83 84 85 87 88 91 92 93 94 95 96 97 100
57 54 58 59 60 61 62 63 64 65 66 67 68 69 70 71 72 73 75 76 78 80 82 83 86 87 88 89 90 91 93 94 95 96 97 98 99 100
58 69 59 60 62 64 65 66 67 68 69 71 73 74 75 76 77 78 80 82 84 85 86 87 88 89 90 93 94 95 96 97 98 100
59 99 60 61 64 65 66 67 68 69 71 72 73 74 75 77 78 79 80 81 82 83 84 85 86 87 88 90 92 93 94 95 96 97 99 100
60 68 61 62 63 64 65 66 67 68 69 70 72 73 75 76 77 78 79 81 82 83 85 86 89 90 91 92 93 94 95 97 98 100
61 74 62 63 64 65 66 67 68 69 70 72 74 76 77 78 79 80 82 83 84 86 87 88 89 90 91 92 93 94 95 97 99 100
62 73 63 65 66 67 68 69 70 71 72 73 74 75 77 78 79 82 83 84 85 86 87 88 89 90 93 95 97 98 99 100
63 58 64 65 66 67 69 70 71 72 73 74 77 79 81 82 83 85 86 87 88 89 90 91 93 94 95 98 99 100
64 21 66 67 68 70 71 72 73 74 75 76 77 79 85 86 87 88 89 92 93 94 95 97 98 100
65 91 67 68 69 70 71 72 74 75 76 78 80 82 83 84 86 87 88 89 90 91 93 94 95 96 97 98 100
66 99 67 68 70 71 73 74 78 79 80 82 83 84 86 87 88 91 92 94 95 96 97 98 99 100
67 77 69 71 72 73 74 75 76 77 78 79 80 81 82 85 86 87 89 90 92 93 94 95 96 97 99 100
68 66 69 70 71 72 73 74 76 77 78 79 80 81 82 83 84 85 86 87 89 90 91 92 93 94 95 96 97 98 99 100
69 100 70 71 72 73 74 75 76 77 78 79 80 81 82 83 84 85 86 87 88 89 90 92 95 96 98 99 100
70 84 71 73 74 75 76 77 78 79 80 81 82 83 84 85 87 88 89 90 91 92 93 94 96 97 98 99 100
71 52 72 73 75 76 77 78 80 81 82 83 84 85 86 87 89 90 91 92 93 94 95 96 97 98 100
72 44 73 74 75 77 78 79 80 81 82 83 84 85 86 87 88 90 91 92 93 94 95 96 97 98 100
73 75 75 78 79 80 81 82 83 84 85 86 87 88 89 90 91 92 93 94 95 96 97 98 99 100
74 31 75 76 77 78 79 80 81 83 84 85 86 87 88 89 90 91 93 94 95 96 98 99 100
75 74 77 78 79 80 81 82 83 84 85 87 88 89 90 91 92 94 95 96 97 98 99 100
76 77 78 79 80 81 82 83 84 86 88 89 90 91 92 93 94 95 96 97 98 100
77 53 78 79 80 81 82 83 84 85 86 87 88 89 90 91 92 94 95 96 97 99 100
78 61 79 80 81 83 84 85 86 88 89 90 91 93 94 96 97 98 99 100
79 35 81 82 83 84 85 86 88 90 91 92 93 94 95 96 97 98 99 100
80 94 82 84 85 86 87 88 89 90 91 92 94 95 96 97 98 99 100
81 88 82 83 84 85 86 87 89 90 91 92 93 94 95 97 98 100
82 92 83 84 86 87 89 90 91 92 93 95 96 97 99 100
83 26 85 86 87 88 89 90 91 92 93 95 96 97 98 99 100
84 63 85 86 87 88 91 92 93 94 95 96 98 99 100
85 76 87 88 89 92 94 96 98 99 100
86 46 87 88 89 90 92 93 94 95 96 98 99 100
87 69 88 89 90 91 92 93 94 95 97 98 99 100
88 46 90 91 92 93 94 95 96 97 98
89 72 90 91 93 94 95 96 97 98 100
90 44 91 92 93 94 95 96 97 98 100
91 93 93 94 95 96 97 99 100
92 62 93 94 95 96 97 98 99 100
93 61 95 97 98 99 100
94 39 95 96 97 98 99 100
95 80 97 98 99 100
96 35 97 98 99 100
97 52 98 99
98 56 100
99 82 100
100 38
