100
1 87
2 46
3 44
4 40
5 66
6 48
7 54
8 64
9 24
10 67
11 30
12 86
13 41
14 50
15 96
16 43
17 62
18 45
19 28
20 92
21 77
22 23
23 28
24 26
25 29
26 58
27 58
28 40
29 100
30 74
31 93
32 96
33 60
34 83
35 92
36 68
37 26
38 39
39 21
40 32
41 38
42 57
43 30
44 49
45 50
46 59
47 59
48 89
49 96
50 67
51 98
52 29
53 59
54 62
55 80
56 37
57 75
58 30
59 34
60 65
61 37
62 40
63 69
64 49
65 50
66 65
67 70
68 41
69 56
70 38
71 59
72 84
73 52
74 28
75 60
76 92
77 51
78 41
79 73
80 59
81 43
82 73
83 77
84 29
85 86
86 71
87 77
88 73
89 66
90 39
91 47
92 35
93 56
94 87
95 26
96 23
97 80
98 30
99 45
100 24
