100
1 51 3 6 7 8 9 11 16 18 20 25 26 27 29 31 37 39 41 42 45 46 47 48 50 51 53 54 55 58 59 61 63 64 65 66 68 70 71 72 73 74 77 79 80 82 83 85 89 90 91 96 97 99
2 92 5 6 7 8 9 11 14 16 17 18 19 20 21 22 23 24 27 28 31 32 34 35 38 39 40 41 45 46 47 48 49 50 52 53 55 56 57 59 60 62 63 65 66 68 69 73 75 76 77 80 81 85 86 87 90 91 92 95 96 97 99
3 88 4 6 7 8 10 12 13 15 17 18 20 21 22 23 26 27 28 29 30 33 34 35 37 38 40 45 46 47 48 49 50 51 52 53 54 59 60 62 64 67 68 69 70 71 72 73 74 76 77 78 80 81 84 85 87 93 94 95 96 97 98 99 100
4 82 6 7 8 9 10 11 12 13 14 15 16 18 20 21 22 23 27 30 32 33 34 35 38 40 41 42 43 45 46 48 52 54 55 57 62 64 69 70 71 73 77 79 80 81 82 83 84 85 88 89 90 92 94 96 97 99 100
5 95 7 10 11 12 13 15 16 17 18 19 22 23 24 25 30 31 33 34 35 37 38 41 42 43 44 46 48 51 52 53 57 58 59 60 62 63 64 65 67 69 70 72 73 75 76 80 81 82 83 84 85 87 88 90 91 94 95 96 97 98 99 100
6 13 7 8 12 15 16 18 19 20 21 22 23 25 26 27 29 30 31 34 35 36 38 39 40 43 44 46 51 52 53 56 57 60 61 62 63 65 67 69 71 72 73 74 75 78 79 81 83 88 89 90 93 96 98 99 100
7 12 9 10 11 12 13 14 17 18 20 21 23 25 26 27 28 30 33 34 36 38 39 42 44 45 46 47 51 52 53 54 55 56 58 60 61 62 68 70 72 73 74 75 77 78 79 82 83 85 88 89 90 93 95 96 99 100
8 26 9 10 12 13 16 17 18 20 21 22 23 24 25 26 27 28 29 31 32 34 36 37 38 39 40 41 42 43 45 47 50 51 52 53 54 56 57 58 59 60 61 63 65 67 68 70 73 74 75 76 78 79 80 81 82 83 86 87 88 89 91 92 93 95 99
9 10 10 11 13 14 15 16 17 18 19 21 22 24 30 31 32 34 36 38 39 40 42 45 46 47 49 50 51 53 54 56 57 58 60 62 63 65 70 72 73 75 76 77 80 81 82 84 88 89 90 91 92 93 95 96 98 99 100
10 63 11 14 15 16 19 20 21 22 24 25 26 27 28 29 30 31 36 37 38 39 41 42 45 46 47 48 49 51 52 53 54 55 57 58 59 61 62 66 67 69 71 72 73 74 76 77 78 80 81 82 85 86 89 91 93 94 99
11 73 13 15 16 18 22 23 24 25 26 27 28 31 33 34 35 39 40 41 42 44 47 49 50 52 54 55 60 61 62 63 65 66 69 71 72 77 78 82 83 87 88 95 96 97 98
12 20 13 14 15 16 18 19 21 22 23 24 26 29 32 33 34 35 37 38 40 43 48 49 51 52 56 59 60 65 67 68 70 71 72 74 75 77 78 79 81 82 83 84 85 87 88 93 94 98
13 59 17 20 24 25 26 27 28 30 31 32 33 34 37 38 40 41 42 44 45 46 47 50 51 52 54 55 56 57 60 61 66 70 71 73 74 76 77 81 85 86 87 88 89 90 92 95 96 97 99 100
14 26 15 17 18 19 20 21 23 24 25 27 31 33 34 35 36 39 41 42 44 46 47 49 50 51 52 53 54 56 57 60 61 64 65 66 67 68 69 71 72 73 76 77 79 80 81 83 84 85 86 88 89 90 91 95 99 100
15 65 16 17 18 20 21 22 24 25 26 27 28 29 30 31 32 34 35 36 38 40 41 42 43 45 46 47 48 49 50 54 58 59 60 61 64 66 67 68 69 71 72 78 79 80 81 83 84 85 86 88 90 92 94 96 98 99 100
16 9 19 21 22 23 24 27 30 31 33 34 39 40 42 43 47 49 50 51 53 58 60 61 65 66 67 68 69 72 73 74 75 76 77 79 80 81 82 83 84 85 91 92 93 96 100
17 94 18 19 20 21 22 23 24 25 26 27 28 29 31 33 34 37 41 43 44 45 50 51 52 54 55 56 58 59 61 62 63 64 65 67 68 73 74 75 76 77 79 82 83 84 86 87 88 90 91 93 94 95 96 97 100
18 27 23 24 26 27 28 29 31 33 34 35 36 37 40 44 45 49 51 52 53 54 55 57 59 60 63 65 67 71 72 73 75 78 80 81 82 83 84 86 87 88 90 91 92 93 94 95 97 98 99 100
19 93 20 21 22 23 25 26 27 28 29 30 31 32 33 36 37 46 48 50 52 53 54 55 56 59 60 61 62 64 65 67 68 69 70 71 72 73 75 76 77 79 80 83 84 85 90 91 92 96 97 98 100
20 69 21 22 24 25 26 27 28 29 30 31 32 33 34 36 37 38 39 40 41 42 43 44 46 47 51 54 56 57 59 63 64 65 67 71 72 73 75 76 77 79 80 82 83 85 86 90 91 92 95 96 98 100
21 49 22 26 28 29 30 33 34 35 36 38 41 42 43 44 45 47 48 49 50 51 52 53 55 59 60 62 64 66 67 69 71 72 73 74 77 79 82 84 85 86 87 89 90 92 93 96 97 98 100
22 40 24 25 28 35 36 37 40 41 44 45 47 48 50 52 56 57 58 59 60 62 63 65 68 69 72 75 76 77 78 79 80 81 82 83 87 88 89 91 93 94 95 96 97 99 100
23 77 27 28 29 31 32 33 34 35 38 39 40 42 43 44 46 48 49 50 52 54 56 58 61 62 63 64 67 68 69 70 73 74 75 76 77 78 79 80 82 83 84 87 93 94 97 99
24 81 25 26 27 29 31 33 36 39 43 45 46 47 48 49 50 51 52 54 56 57 58 59 60 61 64 66 69 73 74 75 78 79 80 81 82 84 85 86 92 94 95 96 97 99 100
25 26 26 27 28 29 30 31 32 35 37 38 39 40 41 42 43 44 45 47 48 50 53 56 57 59 61 62 63 66 67 69 70 72 73 74 75 76 77 78 80 84 88 89 91 92 93 94 95 96 98 99 100
26 72 27 28 29 31 33 34 35 36 37 38 41 42 43 44 49 50 51 52 54 55 56 58 60 61 62 64 65 67 70 71 73 74 75 77 81 82 83 84 85 88 89 91 92 93 94 95 97 98 99 100
27 100 29 30 32 34 36 37 39 44 47 48 51 52 54 55 57 58 59 63 64 67 68 69 70 75 77 78 81 82 83 84 85 86 87 96 97 99
28 29 29 32 34 35 37 39 42 43 44 45 46 47 48 51 52 53 54 55 56 57 58 59 60 61 62 63 64 65 67 68 69 71 74 78 79 80 81 82 83 84 85 86 88 90 91 92 93 95 98 99
29 12 31 32 33 34 36 37 38 41 42 45 49 50 51 52 53 57 58 60 61 63 64 65 71 73 74 75 76 78 80 82 84 85 87 88 90 92 93 94 95 96 98 99
30 84 31 32 33 34 35 39 44 46 47 48 49 50 51 52 55 59 60 61 64 65 66 67 71 72 73 75 77 78 80 81 82 85 88 91 92 93 96 97 99
31 63 32 34 35 36 38 41 43 45 46 48 50 52 54 55 57 60 62 64 66 68 70 73 76 77 78 80 84 85 91 94 95 96 97 98 100
32 6 33 36 37 38 40 43 44 46 48 49 50 52 53 56 57 59 60 61 64 66 69 70 71 72 73 74 75 77 78 79 80 82 84 85 86 87 88 89 90 91 92 93 94 95 97 99
33 82 38 40 42 43 44 45 48 49 51 52 54 55 57 58 60 61 63 65 66 67 68 70 71 73 75 76 80 81 83 85 86 87 89 90 91 92 95 96 97 98 100
34 46 35 36 38 41 44 45 46 48 53 56 57 58 59 60 61 62 64 65 68 69 71 72 73 76 77 78 81 82 86 87 88 89 90 91 94 95 96 97 98 100
35 30 36 37 39 40 41 43 44 46 47 49 51 52 53 54 55 56 57 58 59 60 61 63 64 65 69 72 76 78 80 81 82 83 84 86 87 88 92 93 94 99 100
36 50 37 40 41 42 44 45 46 47 48 50 51 52 55 57 58 61 62 63 64 66 67 68 69 72 73 74 75 79 80 84 85 86 88 89 91 92 93 95 96 97 98 99 100
37 99 38 39 40 41 43 44 45 46 48 51 52 54 58 59 60 62 63 64 66 69 75 76 78 79 80 81 82 85 87 89 92 93 94 100
38 86 39 41 42 44 47 48 49 50 51 56 58 59 60 62 63 66 67 68 72 73 74 76 77 78 79 80 85 88 91 92 96 97 98
39 97 40 41 43 44 47 48 49 50 51 53 54 55 56 57 58 59 60 61 62 64 65 71 78 79 80 82 83 84 85 86 88 89 90 93 96 98 100
40 87 41 42 43 46 47 52 53 56 57 58 59 60 63 64 65 66 68 69 70 73 74 75 77 80 81 82 86 88 89 93 96 97 98 99 100
41 97 43 46 49 50 51 53 55 56 57 58 59 60 61 62 63 65 68 69 70 71 72 74 75 76 78 80 81 82 86 87 91 93 94 96 100
42 29 45 46 47 48 49 51 54 55 56 60 62 63 65 66 67 70 73 74 77 78 81 82 83 85 87 88 89 90 92 93 94 95 96 98 99 100
43 83 44 48 49 50 51 52 53 55 57 59 62 63 66 67 69 70 71 73 74 76 79 80 81 82 83 85 88 92 94 96 97 99 100
44 18 45 46 47 49 52 53 54 56 59 61 62 64 69 70 71 73 74 75 77 78 80 82 84 85 89 92 93 95 96 98
45 29 46 47 49 52 53 54 56 57 59 60 61 62 63 64 65 68 71 73 74 75 77 78 79 80 82 83 85 87 88 89 90 91 94 98
46 83 47 48 50 51 54 56 57 58 59 60 61 62 63 65 67 68 70 71 72 73 75 76 78 79 80 83 85 86 87 88 89 91 92 93 96 98 99 100
47 89 48 51 54 55 61 62 63 64 65 66 67 68 69 70 72 77 80 83 84 85 87 88 90 91 93 94 95 96 97 98
48 19 51 54 58 59 60 61 62 63 64 66 68 69 70 72 74 77 78 80 83 85 86 88 89 90 92 93 97 98 99 100
49 86 50 51 53 54 56 57 59 60 62 64 65 66 67 68 72 73 75 76 77 80 81 82 83 85 87 88 89 90 91 94 96 98 99
50 75 51 53 54 56 57 58 59 61 63 64 65 66 67 69 71 72 73 74 75 76 77 79 80 83 84 86 87 88 89 90 91 92 94 95 96 97 98 100
51 1 53 55 56 57 60 61 62 64 68 69 72 76 77 80 82 84 86 89 90 91 93 94 95 97 99 100
52 87 55 56 59 60 61 62 64 65 66 67 68 69 70 71 72 73 74 75 76 77 78 82 83 84 85 88 89 90 93 94 95 96 100
53 66 58 62 63 64 67 68 70 71 72 73 74 75 77 78 80 81 83 84 89 91 92 95 99
54 89 55 57 58 59 60 64 66 67 70 71 76 77 78 81 83 84 87 88 89 90 92 93 95 96 97 100
55 86 56 57 59 60 61 62 65 66 68 69 70 73 74 75 76 77 79 80 82 83 87 88 90 91 92 94 96 97 98 99 100
56 12 59 60 61 62 63 64 68 69 70 73 75 77 79 80 81 83 84 85 86 87 88 89 94 96
57 79 59 60 61 63 67 69 70 71 73 74 75 76 77 79 80 81 84 85 87 88 90 91 92 93 94 96 97 99 100
58 9 59 60 61 62 68 69 70 71 72 76 78 80 82 85 86 87 89 91 92 96 98 100
59 76 61 62 64 65 67 68 69 71 73 74 76 77 78 79 80 81 82 83 85 87 89 91 92 95 99 100
60 90 62 64 65 67 70 71 72 73 74 75 77 78 79 80 81 83 84 85 86 88 89 90 91 92 94 97 99 100
61 7 62 64 68 70 71 72 76 79 80 82 83 86 90 91 93 95 100
62 25 63 64 65 67 68 71 72 73 74 76 77 78 81 84 85 86 87 88 89 91 92 93 99
63 69 64 65 66 68 70 71 72 73 75 76 77 79 86 87 88 90 91 96 98 100
64 79 65 67 68 71 72 73 74 75 76 78 79 81 83 84 85 88 91 92 93 94 95 96 98 99
65 63 68 72 75 76 78 79 80 82 84 85 86 87 93 94 95 97 98 99
66 92 67 69 70 73 74 75 78 79 82 83 84 85 86 88 89 91 92 93 94 96 100
67 54 68 69 71 74 75 78 79 80 83 84 86 88 89 92 96 99 100
68 100 72 73 75 76 77 78 83 87 88 89 91 95 96 97 98 100
69 89 70 74 76 78 81 82 83 86 87 88 92 93 94 97 98 99
70 15 73 76 77 78 79 80 81 85 87 90 91 92 93 94 95 98 99 100
71 75 75 76 79 80 82 83 84 85 86 88 89 91 92 93 94 95 96 98
72 81 75 76 80 81 85 86 87 88 90 91 93 98 99 100
73 43 74 75 77 79 80 81 84 85 86 87 88 89 90 92 93 94 96 97 98
74 44 76 77 79 82 83 85 86 88 90 96 97 98 99
75 62 77 78 80 84 86 88 89 90 91 93 95 96
76 62 80 81 82 83 84 85 86 88 89 91 92 94 97 98 100
77 97 78 79 81 82 85 86 87 88 91 93 94 95 96 98 99
78 43 79 81 83 84 86 87 90 92 93 94 95 96 97 98 100
79 26 82 83 84 86 87 88 90 91 93 94 95 96 97 99
80 38 83 84 85 87 91 93 94 95
81 12 89 95 97 98
82 35 83 85 87 89 90 91 92 93 94 95 96 97 98 99
83 46 86 87 88 90 93 95 96 99 100
84 81 85 93 94 99
85 97 86 89 90 92 93 94 96 97 100
86 72 87 89 90 91 92 93 95 96 98
87 69 88 89 90 91 93 94 96 97 98 99
88 99 89 90 91 95 96 98 99 100
89 34 90 91 92 95 96 97 98 100
90 35 91 92 93 94 95 97 98 99
91 15 92 93 94 95 96 97 98 99
92 78 93 95 96 97 98 99
93 69 94 95 97 100
94 22 95 96 97 98 100
95 36 96 97 100
96 78 97 98 100
97 41 99 100
98 22 99 100
99 7 100
100 6
