100
1 73 3 4 9 21 24 25 27 30 35 36 37 38 39 40 41 44 46 51 52 54 57 58 60 68 72 73 74 77 80 84 85 86 91 93 94 98
2 77 10 17 23 24 29 35 37 52 53 54 55 57 61 62 77 82 83 87 89 93 98 100
3 73 4 6 9 12 17 19 25 26 28 33 37 39 40 41 43 44 46 48 57 58 63 65 74 76 78 82 83 88 90 93 94 97 99
4 58 7 8 10 11 13 16 20 22 23 25 28 31 36 39 40 41 42 44 46 47 49 55 57 59 69 70 71 75 79 80 82 85 88 90 93 97
5 69 6 7 9 13 14 18 25 26 29 32 34 35 36 40 42 46 47 50 51 52 53 56 57 58 62 63 64 67 69 70 73 74 77 79 81 83 88 89 90 91 97 99
6 96 16 18 21 31 33 35 42 44 47 48 52 53 66 83 85 93 94 99
7 90 8 9 10 11 13 17 20 21 25 29 30 32 41 44 45 48 49 52 53 55 59 63 69 70 71 72 74 76 80 81 97 98 99 100
8 65 10 14 17 29 35 40 43 44 46 57 59 60 64 70 71 74 75 77 79 86 87 100
9 88 11 12 14 16 17 18 19 20 21 29 36 37 38 39 44 45 53 59 62 65 68 72 75 77 80 81 84 86 88 89 94 97
10 81 11 13 14 18 19 25 27 28 30 31 32 36 40 43 44 55 58 60 64 68 69 78 82 86 87 93 95 97 99
11 72 13 19 21 24 26 29 39 42 43 45 47 48 51 54 55 56 59 60 64 65 68 70 72 80 84 85 86 98 99
12 56 18 24 29 32 37 40 41 45 47 52 56 57 59 64 67 72 73 86 87 90 92 98 100
13 55 19 24 25 28 35 36 39 41 42 44 51 53 55 57 60 64 67 68 70 77 83 84 85 86 87 88 91 97 98
14 100 15 17 23 26 33 37 38 39 44 45 47 48 49 54 59 76 78 82 84 91 94 96 100
15 76 17 19 23 25 27 31 32 42 49 51 54 57 58 61 62 63 65 76 79 80 88 96
16 62 20 22 29 30 31 33 35 36 42 46 47 50 55 60 68 70 74 75 86 89 92 96 97 98 100
17 98 19 22 35 37 39 49 50 51 59 62 67 70 72 74 84 87 93 94 95 98 99 100
18 92 37 38 42 43 48 49 50 53 54 57 59 62 70 72 73 76 79 80 86 92 94 98
19 81 20 22 25 30 34 60 61 68 71 73 74 79 80 81 82 83 84 85 87 88 90 92 93 94 97 100
20 64 22 24 31 35 44 47 48 49 52 53 56 58 64 65 67 72 74 75 80 83 87 91 100
21 100 23 24 31 33 38 40 41 45 46 48 56 58 63 68 70 71 74 76 79 83 86 87 92 94 97
22 98 38 53 56 58 59 63 64 68 70 80 81 85 86 90 98
23 77 26 27 29 31 32 33 35 37 39 40 42 45 50 51 53 54 55 59 64 66 68 69 71 72 74 78 85 90 91 93 95
24 98 26 27 30 34 37 38 40 50 52 55 59 64 66 71 75 76 78 79 83 84 85 86 94 98
25 52 26 27 32 34 35 37 45 47 48 49 52 55 60 61 62 66 68 69 71 82 87 88 94 99
26 79 32 33 35 36 38 39 40 46 48 49 50 51 54 55 58 59 65 69 71 77 78 85 89 95 97 99
27 87 33 39 40 44 45 51 59 60 62 72 74 78 84 86 91 95 99
28 83 33 34 35 38 43 46 47 48 53 59 61 65 67 70 75 76 78 80 90 94
29 58 31 36 45 49 60 70 74 79 83 94 97 98 99 100
30 94 33 36 39 46 48 49 50 51 52 54 56 57 58 67 69 71 73 74 80 86 92 94 99
31 69 32 35 40 44 51 55 59 61 63 64 68 71 73 74 80 81 85 86 90 91
32 87 36 37 38 39 40 41 43 45 52 59 60 61 65 70 71 74 81 83 85 87 93 94 95 97 98 99
33 76 46 48 49 51 55 59 60 65 66 68 70 73 78 79 82 83 87 89 90 94 98 99 100
34 93 38 42 43 44 45 46 49 52 57 62 65 68 72 73 74 75 76 83 84 85 89 90 91 98 100
35 67 40 41 42 43 44 46 48 49 57 60 61 62 63 64 67 68 69 74 76 82 91 95 96 97 98 99
36 51 41 44 49 51 58 67 71 72 75 76 77 79 81 90 92 94 98
37 57 38 43 46 47 48 49 51 54 55 58 62 67 68 70 75 78 82 83 84 86 94 97
38 88 39 41 49 54 60 74 77 80 85 86 87 96 100
39 70 40 42 50 51 54 57 59 60 62 74 75 79 82 83 89 91 99
40 68 48 49 50 52 55 56 58 61 62 63 65 71 74 81 82 83 85 88 92 100
41 61 45 46 47 54 55 56 62 66 79 80 81 82 84 86 87 88
42 88 44 46 59 61 62 63 67 73 79 80 83 86 87 89 90 99
43 64 50 53 56 58 60 61 62 64 73 77 80 82 86 87 88 91 93 96
44 71 46 48 49 50 53 58 66 68 72 77 78 79 83 99
45 62 46 51 52 60 64 68 73 81 84 86 90 92 96 97
46 65 47 48 50 57 59 61 62 64 65 75 77 78 79 84 89 92 94 96 100
47 74 50 56 57 59 65 70 74 76 77 82 88 90 91 97 98 99 100
48 69 49 52 53 56 60 64 67 73 77 81 82 83 85 87 91 92 95
49 64 51 52 54 57 60 61 66 69 73 76 80 83 84 87 88 89 91
50 82 52 60 62 66 70 73 74 75 78 83 87 90 93 94 95 96
51 63 60 66 75 82 84 85 89 90 98
52 65 62 68 72 73 74 81 87 90 92 99 100
53 55 54 56 66 68 69 72 73 75 78 83 84 85 86 87 88 91 93 95 96 97 98 99 100
54 69 56 67 70 73 83 85 88 91 92 95
55 79 56 57 62 63 69 74 75 76 79 82 83 85 86 88 95 96 97 100
56 54 68 71 74 75 77 87 93 97 98 99
57 59 60 71 74 77 79 81 86 93 96 98
58 93 61 62 64 66 70 76 80 84 95 98 99
59 81 60 65 67 68 69 71 73 75 81 82 83 86 88 90 98
60 69 61 64 67 69 72 73 75 77 80 82 83 84 86 90 96
61 66 64 65 67 76 80 94 100
62 55 64 70 71 80 83 89 94 95 97
63 79 68 73 74 76 84 87 91
64 55 65 69 75 76 78 82 84 85 94 100
65 52 73 74 76 82 83 84 87 90 97
66 57 67 68 70 74 75 76 78 79 92 94 97 98 99 100
67 62 70 74 78 84 100
68 100 76 79 80 82 83 90 93 94
69 63 76 77 78 79 80 81 85 89 91 93 94 95 96
70 76 72 73 82 85 86 100
71 63 74 82 84 86 87 89 95 96
72 84 73 75 76 77 84 85 98
73 92 76 84 85 86 88 89 91 95 97 98 99 100
74 80 75 77 88 89 91 97
75 74 76 83 86 96
76 54 81 82 87 88 89 92 93 98
77 95 83 84 89 91 94 95
78 94 84 87 95 99
79 62 81 82 84 86 89 91 93 95
80 70 81 82 84 86 87 90 100
81 98 84 89 100
82 67 83 84 86 91 92
83 62 87 89 92 96
84 51 91 92 93 99 100
85 91 86 87 94 95 97 100
86 82 93 96 98 100
87 64 90 91 92 93 100
88 90 91 93
89 86 90 91 94 98 100
90 88 97 98
91 66 93 94 95 97 99 100
92 87 98
93 71 96
94 50 95 97 99 100
95 74
96 68
97 56 98 100
98 66
99 85
100 82
