100
1 81 2 3 4 5 11 12 15 16 18 20 23 25 26 31 32 40 43 45 47 48 52 55 59 62 63 65 66 69 72 73 74 77 79 81 82 83 84 86 87 88 89 90 95 96 98 100
2 82 3 6 9 11 13 17 21 22 26 29 30 33 35 40 42 43 44 46 47 51 52 53 58 60 63 69 70 74 77 78 83 84 85 87 88 93 94 97 100
3 67 5 6 8 9 15 17 20 23 27 29 32 33 35 37 39 43 44 46 51 52 67 71 72 73 77 78 88 90 93 100
4 64 8 12 19 21 26 27 32 36 41 43 45 47 48 49 50 54 56 58 60 70 73 77 79 82 86 89 91 92 93 94 98 100
5 90 6 9 11 15 18 23 24 31 40 43 45 51 52 54 55 56 58 61 67 68 69 73 75 77 78 80 84 85 88 89 91 92 93 94 96 98
6 56 7 10 13 14 16 18 23 26 27 30 31 32 37 39 41 42 46 47 50 55 56 59 65 69 71 72 75 77 78 79 80 81 82 85 86 88 91 93 96 97 99
7 56 8 11 13 14 16 18 23 24 27 28 29 30 46 47 54 57 58 59 67 68 72 74 75 77 83 86 89 90 92 93 97
8 100 9 12 14 15 16 17 18 20 21 25 26 36 38 40 44 48 52 53 55 57 59 65 68 76 78 83 85 89 94 98
9 85 17 24 25 30 34 35 39 40 49 53 54 56 62 63 64 67 68 69 71 72 73 76 81 83 86 89 90 93 95 96
10 72 11 13 16 18 19 24 25 26 27 31 32 34 35 36 37 39 44 45 48 55 58 60 61 62 63 69 70 73 74 77 79 80 81 82 83 84 85 87 88 91 92 94
11 57 12 16 19 20 23 24 25 28 30 31 33 34 38 39 40 41 42 46 52 56 58 59 61 62 63 65 67 70 72 74 75 77 78 79 81 83 85 86 87 88 91 92 93
12 73 16 17 18 27 32 33 34 35 37 38 45 48 50 51 55 57 60 62 65 66 69 72 74 79 86 87 88 89 90 95 96 98 99
13 99 15 16 18 21 22 23 25 26 27 29 30 35 37 40 48 50 54 55 56 57 58 59 60 62 65 68 73 77 78 79 87 90 91 95 96 98 100
14 67 25 28 29 30 36 42 43 44 46 49 53 54 55 56 63 64 65 66 69 70 71 74 75 76 79 80 88 90 91 92 99
15 57 16 17 19 22 26 28 34 42 43 52 53 57 59 60 62 66 67 68 69 70 76 78 80 82 86 88 90 91 92 93 94 95
16 75 17 18 25 28 30 31 32 33 34 35 39 41 43 47 51 52 58 59 73 74 79 92 95
17 53 19 22 27 28 30 34 35 36 37 39 41 42 43 46 48 49 53 54 55 56 58 59 61 62 63 64 67 70 72 75 76 79 80 84 87 89 90 91 95 98
18 65 21 27 29 34 37 38 41 42 43 45 46 47 48 49 53 55 60 61 63 65 74 75 76 77 78 84 85 86 87 88 95 97 100
19 50 24 27 28 29 30 31 33 35 38 40 41 42 44 46 48 49 50 51 52 54 60 71 73 74 75 76 77 85 86 87 88 89 90 92 94 98 99 100
20 62 22 23 28 29 32 33 39 41 42 43 45 46 48 51 58 62 63 65 67 75 79 83 91 95 100
21 100 23 37 38 42 44 46 48 49 50 52 53 55 57 59 60 63 64 65 66 70 75 77 83 85 87 88 89 91 94 98
22 78 23 24 25 27 32 34 35 40 41 43 46 47 48 50 51 53 55 57 58 59 60 63 64 65 66 68 69 72 76 77 80 81 82 84 87 88 89 90 91 92 96 97 98
23 80 24 25 29 31 33 35 36 37 39 44 45 49 51 52 54 56 57 59 65 66 68 70 71 80 81 83 84 86 88 91 92 94 97 100
24 97 32 34 35 36 37 40 43 44 45 49 51 53 57 58 59 60 65 67 68 72 74 75 79 80 83 88 89 97
25 100 27 30 32 33 34 37 38 41 43 46 47 50 52 54 57 59 62 63 65 66 68 72 83 86 88 90 92 96 97 98 99
26 96 28 30 31 33 34 35 39 41 44 46 47 49 51 52 53 54 55 56 60 61 64 67 69 72 74 77 79 81 87 92 94
27 73 28 29 31 32 38 39 40 45 47 48 52 53 54 57 59 63 65 68 69 71 75 77 78 81 82 88 95 98 99
28 75 32 33 34 36 40 41 45 47 48 49 51 52 55 57 60 62 69 70 72 73 77 83 84 85 87 88 91 93 96 100
29 51 30 31 32 40 42 48 49 51 53 55 56 57 63 64 68 70 73 74 79 80 83 84 87 88 89 91 93 95 98 99
30 92 32 33 34 35 39 40 41 43 47 52 53 54 58 60 64 71 72 73 83 88 89 90 91 94 99
31 86 33 38 40 41 45 49 52 53 54 56 57 60 64 68 69 74 75 77 79 80 82 83 84 90 91 95 97 98
32 79 34 35 36 37 40 42 50 52 56 59 66 68 76 77 80 83 85 88 91 92 93 94 95 96 98 99
33 93 34 38 39 40 44 45 50 51 53 55 57 58 67 69 72 75 78 79 80 81 83 87 90 93 94 97
34 91 37 39 40 42 43 45 46 47 50 57 60 66 67 73 75 76 86 88 89 92
35 50 38 39 41 43 44 45 47 57 61 63 64 66 67 68 69 70 72 79 80 90 91 92 95
36 59 38 39 42 44 45 47 48 50 52 54 56 58 59 60 63 64 66 69 70 73 77 78 79 83 84 85 86 90 91 92 94 96 97 98 99 100
37 91 38 40 48 51 52 54 55 56 60 61 63 65 66 67 68 74 75 77 78 79 80 92 98
38 83 39 43 47 49 55 56 57 58 61 62 63 65 66 71 73 74 76 78 82 83 84 85 88 91 92 94 95 96
39 97 41 45 47 52 55 56 57 58 63 64 65 71 72 73 76 77 79 80 83 84 85 87 91 92 98 99 100
40 59 41 42 43 50 56 62 63 65 67 68 70 71 72 73 74 76 79 82 88 89 95 98 99 100
41 51 43 44 63 64 66 67 70 71 76 79 80 81 83 84 85 86 87 92 96 98
42 77 44 47 49 55 56 57 58 60 63 68 75 81 82 86 87 90 91 92 97 98 99
43 93 44 47 49 53 55 58 62 65 69 70 72 75 78 82 87 88 90 93 97 100
44 68 48 53 56 57 58 59 60 62 64 65 69 70 75 78 80 81 82 83 84 87 90 93 94 97
45 56 46 49 53 54 55 60 65 70 71 72 74 77 78 81 82 84 85 86 87 90 91 93 98
46 74 51 52 54 55 57 58 59 61 63 64 65 67 73 75 78 80 81 84 91 92 93 94 99
47 78 48 51 52 54 56 59 63 66 72 78 80 83 84 91 93 96 99
48 54 52 56 60 61 62 63 65 66 67 68 70 71 72 73 79 80 85 86 87 92 96 97
49 53 51 52 54 55 57 65 66 68 73 75 76 78 79 81 84 85 87 89 92 94 95 98
50 67 52 53 54 56 57 60 62 65 71 74 77 79 81 83 87 88 89 90 91 94 96 97 99
51 78 53 55 58 59 61 63 65 66 68 71 74 76 77 79 80 81 87 88 89 91 92 93 95
52 54 54 55 58 61 62 66 67 68 69 72 74 75 76 80 81 86 87 93 94 98
53 73 54 55 57 59 69 70 71 72 74 77 78 79 81 85 87 88 93 94 97 100
54 85 61 62 63 64 67 68 70 73 75 76 78 79 82 88 90 91 92 97 99
55 79 60 69 71 75 78 79 82 83 86 87 98
56 82 57 58 59 61 65 68 72 74 76 77 82 87 89 90 98
57 91 62 64 65 69 71 72 78 86 87 89 91 95 96 100
58 84 60 65 70 72 73 79 80 82 83 84 90 91 94 99
59 97 61 62 63 67 68 70 73 74 78 80 82 83 88 89 90 91 93 95
60 91 63 64 66 68 72 81 85 87 99
61 92 62 63 65 67 69 70 77 84 85 88 91 92 94 95
62 71 63 67 71 74 76 77 78 83 92 93 99 100
63 78 64 66 71 72 74 76 77 83 84 85 86 87 89 93 94 96 98
64 76 72 74 80 82 83 84 85 86 88 89 91 94 95 97
65 90 67 69 71 72 75 79 82 92 94 95
66 52 68 69 70 71 72 75 77 78 81 82 84 85 89 90 94 95
67 52 68 69 72 73 75 77 78 79 80 81 84 86 91 93 97 98 100
68 70 72 76 77 78 79 81 82 84 86 87 88 91 92 93 94 95 98 99
69 80 73 78 80 82 85 86 89 92 94 95 96 97 98 100
70 85 71 72 77 85 88 91 93 96 97 98 100
71 88 72 78 80 83 85 92 94 95 98
72 82 74 86 88 89 92 95 100
73 83 74 75 77 79 81 82 84 85 86 88 91 92 94 96
74 87 75 76 77 80 84 86 87 88 89 90 91 97 100
75 65 78 79 81 85 88 89 90 94 98 100
76 89 77 78 80 82 84 85 88 90 91 93 98 100
77 75 78 86 87 89 90 92 93 95 100
78 78 79 81 82 93 96 98 99
79 62 80 81 82 83 84 85 87 88 89 90 92 97 99
80 74 83 85 94
81 88 82 83 90 95 96 97 99
82 54 83 85 86 90 91
83 84 84 87 89 90 92 93 94 95 96 97 100
84 62 85 86 87 89 91 93 94 95 100
85 94 86 88 90 91 92 93 94 95 99
86 76 89 90 91 93 95 98
87 60 91
88 64 89 91 95 96 98
89 94 93 94 95 96 99 100
90 63 95 96 97
91 56 92 94 100
92 68 94 95 96
93 90 94 96 97 98
94 88
95 69 98 99 100
96 89 100
97 100 98 99 100
98 95
99 51
100 76
