100
1 3 2 6 16 17 24 25 26 27 30 31 32 35 38 42 46 51 53 54 55 56 60 61 66 67 76 78 80 90 92 96 98 100
2 96 11 14 21 37 38 43 50 51 52 54 56 58 59 63 64 65 66 81 85 87 92 93
3 79 4 5 8 10 12 13 19 20 21 25 27 29 31 33 37 40 44 48 61 68 69 72 76 78 86 92 93 94 96 97 98
4 89 7 12 14 15 18 24 28 31 37 38 40 49 53 55 57 58 60 61 65 73 74 76 78 83 85 86 87 88 90 93 97
5 89 7 9 14 17 23 24 27 28 31 32 34 36 50 51 54 55 61 70 71 86 91 92 99 100
6 29 22 29 32 34 36 40 46 51 53 54 58 62 66 67 68 75 79 80 84 85 86 89 97 98 99
7 39 9 13 14 29 32 34 35 36 39 43 45 48 49 50 52 55 59 68 76 80 84 85 86 90 91 96 98 99 100
8 6 12 16 18 21 22 27 32 41 51 55 56 62 64 71 72 73 74 76 79 81 86 87 90 96 97 98 99
9 2 15 21 23 25 31 41 43 46 48 49 51 57 58 59 64 68 71 74 78 81 87 88 94 97 98
10 19 17 21 24 25 30 33 44 46 53 55 61 65 71 72 73 83 84 87 90 93 94 100
11 34 12 19 27 35 36 38 39 41 45 46 48 49 52 53 57 60 64 70 71 79 80 86 87 88 90 93
12 7 20 23 26 28 35 37 38 42 45 49 53 55 58 69 74 76 77 87 95 96 97
13 37 22 23 34 37 41 45 48 49 56 60 65 70 71 72 73 75 77 81 83 86 88 97
14 36 17 23 25 27 30 42 43 46 54 55 56 57 62 69 76 79 80 82 83 88 92 94 99
15 9 16 18 24 26 30 31 44 46 48 49 52 58 59 63 64 67 68 71 76 78 80 83 91 92 100
16 8 19 24 28 30 41 42 43 45 46 47 50 51 58 61 66 81 83 87 88 91 99
17 20 20 21 25 30 31 32 37 41 42 51 52 59 60 68 69 70 77 79 82 84 86 92 95 100
18 23 21 24 25 31 33 35 36 37 45 48 62 63 65 67 68 73 76 79 82 86 92 93 94 95 98 100
19 35 20 22 26 32 38 41 42 44 46 48 50 51 57 58 59 61 64 67 69 72 75 80 84 88 90 92 94
20 68 21 24 27 28 31 39 41 45 50 51 52 54 55 56 61 63 72 75 76 83 85 88 93 96 97
21 15 27 29 30 33 34 43 45 46 49 51 52 58 60 62 63 67 75 77 79 80 81 85 86 90 91 94 95 100
22 29 23 24 26 28 30 31 34 38 39 44 51 53 55 59 63 67 69 70 71 73 75 79 80 81 82 89 90 96 98 99
23 100 24 27 29 36 37 42 46 54 60 62 68 77 80 81 82 85 95 96
24 74 29 31 32 37 38 43 46 47 48 49 53 55 57 58 61 62 65 66 71 83 85 87 89 90 93 94 99 100
25 70 27 32 33 36 40 41 51 53 55 58 60 61 63 65 68 74 75 76 82 83 86 90 91 92 93 96 97 99
26 28 28 30 32 38 40 45 47 51 54 60 61 62 64 65 69 74 81 82 86 89 90 92 93
27 64 28 30 35 37 38 39 43 45 52 53 55 56 58 60 61 65 66 69 72 74 79 83 85 89 97 99
28 28 29 33 35 36 40 45 49 52 55 58 61 63 64 67 68 70 75 82 85 86 87 97 98
29 73 31 36 41 55 56 59 61 64 65 67 68 74 76 81 83 90 93 94
30 23 31 32 33 34 41 45 47 48 52 58 60 67 70 74 86 88 90 95 100
31 79 32 34 41 51 53 54 56 59 61 64 73 74 77 80 81 93 95
32 59 38 41 42 53 56 57 68 69 71 76 77 78 79 85 91 94
33 29 40 44 47 49 51 56 60 67 69 72 75 76 82 88 92 94 96 97 98 100
34 71 36 37 39 41 42 46 47 51 55 56 58 64 66 68 69 70 72 73 83 84 88 90 95 96 99
35 4 36 38 53 62 63 72 82 84 86 87 88 90 91 95 98 99
36 40 37 38 39 40 41 44 47 51 61 65 66 78 82 83 84 85 87 90 91 92 96 98 99 100
37 22 38 42 50 51 52 53 61 63 67 71 73 76 78 80 87 91 92
38 57 39 42 47 59 60 66 67 74 80 83 84 85 89 92 95 100
39 10 44 49 52 55 57 58 59 60 61 64 66 68 73 74 79 89 94 96
40 35 43 44 46 48 50 60 65 78 100
41 88 46 68 70 71 74 75 77 78 80 82 84 90 91 92 98
42 52 48 52 54 59 61 74 78 79 80 81 84 85 87 90 97 98
43 13 44 45 46 47 50 51 60 66 68 69 73 80 81 85 86 90 91 94 95 96 97 98 100
44 57 45 46 47 49 50 54 55 57 58 61 62 63 64 71 76 79 83 86 87 90 92 95
45 46 49 51 53 54 56 57 64 66 70 72 76 77 83 88 93 97 98 99 100
46 66 49 55 59 60 64 66 68 69 73 74 78 80 82 88 89 92 93 99
47 30 51 54 67 68 75 76 78 81 82 86 88 97 100
48 67 49 51 53 54 60 65 69 70 73 74 75 76 77 88 89 90 95 96 98
49 23 50 55 56 60 61 63 68 70 72 78 81 87 88 93 94
50 44 51 58 60 61 64 70 74 76 78 80 85 86 89 91 92 94 99
51 97 61 63 64 70 73 76 92 94 95 99 100
52 86 53 59 64 67 73 82 83 91 93 94 95 96
53 22 55 56 57 60 61 73 75 76 78 79 81 84 86 93 94 97 100
54 18 55 56 63 69 70 81 83 88 93 94 96 97 100
55 36 56 64 65 69 71 75 76 77 86 90
56 55 57 60 61 65 69 73 75 80 85 86 87 88 90 92 100
57 64 65 67 70 73 76 80 90 92 98 99 100
58 57 59 62 67 70 73 74 76 82 83 86 88 91 97 98
59 11 63 65 68 69 71 77 78 87 89 91
60 14 61 63 66 67 68 81 82 89 91 92 93 99 100
61 52 64 66 71 72 78 80 83 84 90 93 97
62 18 63 65 68 71 73 74 75 87 89
63 81 66 69 70 72 74 75 77 81 86 88 89 90 93 95 98
64 37 65 67 71 72 73 80 81 92 93 97 99 100
65 90 68 73 78 80 86 87 90 95 100
66 71 70 72 76 82 85 87 92 93
67 58 69 70 80 81 84 86 88 89 90 91
68 91 71 73 75 78 80 85 86 89 91 93
69 10 76 77 80 84 86 87 88 91 92 100
70 67 72 78 82 86 92 95 97
71 91 72 82 83 84 92 94 99
72 56 73 75 77 78 79 80 82 83 84 86 91 92 94
73 29 74 78 87 90 92 96 99 100
74 35 76 77 80 83 85 86 90 91 95
75 6 76 78 80 95 97
76 78 79 82 84 86 89 94 96 100
77 100 80 83 84 88 90
78 90 79 92 93 96 97 99 100
79 82 80 82 88 90 91 93 94 95 96 97 98 100
80 88 83 85 87 89 90 91 92 94
81 72 88 89 92
82 16 85 87 92 96 100
83 23 84 87 88 90 91 98
84 59 85 94
85 27 88 93 95
86 22 88 93 98 99
87 100 90 96 98
88 34 90 95
89 2 90 97 98
90 24 94 96
91 15 96
92 7 94 99 100
93 78 97
94 61
95 71 97 99 100
96 70 99 100
97 30 99
98 91 100
99 86
100 25
