100
1 55 15 18 22 23 35 37 38 39 56 60 61 63 68 71 75 77 79 84 90 93 99
2 85 5 6 8 10 11 12 14 17 19 22 32 33 34 35 37 38 44 48 50 51 52 55 60 62 63 67 69 89 93 94 99 100
3 98 5 7 8 13 15 21 23 27 33 34 37 40 45 49 54 55 60 62 64 67 69 72 76 78 79 81 83 84 86 90 92 98 99
4 95 9 11 15 16 17 20 27 32 33 45 47 52 53 61 65 67 69 71 72 76 90 96 97 99
5 8 8 11 14 16 22 26 27 28 29 31 37 42 44 45 50 57 62 64 65 66 71 75 77 82 84 86 91 95 97
6 72 8 9 11 27 32 33 37 38 39 44 46 52 57 58 59 62 65 67 68 70 73 77 79 81 82 84 85 87 89 91 94 97 99
7 89 9 10 18 20 21 23 25 32 34 37 38 39 42 47 48 49 50 51 53 54 56 59 60 64 66 68 76 79 87 90 93 97
8 9 10 15 18 23 24 26 28 31 41 42 48 53 57 58 62 65 74 77 80 84 86 87 88 89 93 95 100
9 97 10 15 16 19 23 28 29 30 33 36 41 46 52 56 58 61 65 70 71 73 74 84 85 88 89 90 91 92 94 95 98 100
10 70 11 12 15 18 19 30 35 38 39 40 41 42 43 44 47 49 50 51 56 63 64 65 68 70 72 75 76 80 81 83 84 85 95 97 98 99
11 41 12 13 17 20 22 25 27 30 33 34 35 52 54 64 68 70 77 78 79 80 83 85 92 93 94 99
12 93 13 14 15 18 20 21 22 24 28 29 33 34 36 37 40 42 43 50 56 60 68 70 73 74 87 88 89 91 93 95 96 98 99
13 83 14 15 17 19 22 23 24 25 28 36 40 43 47 50 51 60 61 68 73 78 85 87 90 91 98 100
14 11 26 27 30 38 43 44 46 48 51 52 53 55 57 60 61 65 68 69 71 73 76 77 80 82 86 92 95 98
15 57 21 24 27 34 37 42 56 57 59 67 68 74 76 78 79 80 84 85 90 94 95 97
16 98 19 25 28 30 33 45 46 49 51 53 55 60 61 64 65 69 75 81 82 85 86 87 88 90 94 95 96 97 99
17 97 25 26 30 36 40 41 44 50 51 53 56 58 63 65 68 71 72 78 82 83 93 94 95
18 21 21 22 23 24 26 28 32 33 34 36 46 48 51 52 53 59 62 74 87 93 95
19 75 22 24 25 26 27 28 30 33 36 37 38 41 43 45 46 47 48 49 50 55 57 59 62 65 73 75 77 81 82 83 84 87 88 89 94 95 100
20 19 26 37 38 41 42 45 52 53 56 59 60 62 63 66 71 73 75 77 82 85 88 94 95 100
21 78 22 29 30 31 32 38 44 47 48 56 60 63 64 69 70 71 72 73 77 94 97 99
22 46 29 30 31 32 33 34 38 43 52 55 57 59 62 75 80 81 85 89 91 93 97 100
23 93 24 25 27 50 51 53 62 64 70 72 76 79 80 83 87 89 90 91 94
24 78 25 26 28 29 31 32 34 40 43 54 58 60 61 62 64 65 67 77 83 84 85 86 87 88 89 92 96
25 48 29 30 34 37 40 44 46 48 51 52 53 58 64 69 71 79 81 82 84 86 90 92 94 95 98 100
26 10 28 29 38 44 50 52 53 54 56 62 65 73 74 77 78 80 84 86 90
27 30 33 39 48 49 55 56 60 61 62 65 67 70 72 76 77 79 86 92 94 96
28 23 31 35 36 37 38 40 44 46 49 52 55 57 58 62 66 70 73 79 83 84 87 91 96 99
29 21 32 34 35 38 39 40 43 45 50 51 55 58 68 69 70 75 81 84 85 86 93 95 99
30 42 32 34 39 40 42 44 45 46 58 60 62 63 67 69 70 72 74 79 85 86 89 95 98
31 37 34 35 37 38 47 50 51 52 55 56 57 59 66 69 74 76 78 81 84 85 86 89 90 91 92
32 29 34 36 46 55 61 63 71 72 73 75 81 87 88 92 96 97 100
33 21 37 42 44 45 47 49 52 53 61 67 70 71 75 77 78 82 89 90 92 94 95 96 97
34 85 35 36 37 40 41 44 45 46 53 65 71 74 79 80 82 85 86 93 94
35 86 43 45 53 58 59 62 70 75 77 78 83 85 86 90 91
36 19 37 42 45 47 50 55 56 62 71 72 77 82 84 87 88 90 91 93 95 96 97
37 20 41 44 49 57 61 62 63 65 69 76 78 79 83 87 88 89 94 96
38 46 47 53 56 62 67 72 73 79 81 82 86 87 88 89 90 93 96
39 42 40 42 58 59 60 62 69 71 73 74 80 81 91 93 99 100
40 95 41 42 43 48 49 53 56 57 58 59 67 68 70 74 75 79 81 83 85 87 88 91 93 94 95 98
41 65 48 50 53 56 58 64 65 68 73 78 86 87 92 99
42 74 45 46 55 56 62 64 69 70 80 86 91 96 97 98 99
43 35 46 47 50 55 57 60 63 69 71 73 75 77 87 89 90 92 93 97 98
44 97 50 54 55 57 64 69 70 72 82 83 84 89 92 96
45 10 54 56 59 63 68 73 81 83 84 85 87 91 92 97
46 32 51 53 62 65 68 72 74 78 81 84 87 98 99
47 50 48 53 58 62 63 64 68 69 77 84 98 100
48 76 49 50 51 66 71 72 74 80 83 87 89 91 96 99
49 12 50 60 67 71 74 75 84 87 89 91 94 95 97 98
50 65 51 52 53 59 63 64 75 76 81 82 83 86 91 94 99
51 52 52 53 55 59 67 68 76 77 85 87 89 93 94 99
52 2 53 61 63 69 70 72 74 78 79 83 84 87 89 92 95 99 100
53 20 54 61 63 66 67 72 73 75 78 87 94 96
54 6 58 64 66 70 71 74 75 76 78 80 82 83 89 90 91 96 99 100
55 63 56 71 72 73 74 75 80 85 92 94
56 93 60 62 63 66 71 75 81 85 89 92 93 94
57 1 60 63 69 72 74 78 80 83 88 93 97 100
58 43 60 64 68 69 74 75 78 79 82 84 87 88 90 94 96 99
59 88 63 71 77 81 88 90 91 96 98
60 81 61 64 66 67 70 71 72 73 75 88 90 92
61 48 66 71 76 78 79 84 89 93 99 100
62 76 64 67 69 72 76 79 80 81 83 84 93 96
63 43 65 70 73 75 77 78 85 87 89
64 9 67 75 81 89 92 94
65 7 71 74 81 82 83 87 88 90 91 99
66 91 67 68 71 82 87 88 89 92 93 96 100
67 60 70 77 80 85 87 91 95 97 99
68 77 70 72 77 80 85 87 95
69 55 71 86 87 88 90 93 94 95
70 83 71 75 84 87 88 91 92 93 94 95
71 14 72 74 75 77 78 81 85 88 92 94 99
72 12 75 79 83 86 88 93 95 100
73 92 74 76 79 81 88 96 97 100
74 51 82 85 86 88 90 91 98
75 69 77 78 85 87 89 91 97 98
76 2 78 84 89 93 97
77 60 78 79 80 82 83 84 85 89 92 96 98 99
78 96 83 90 92 93 96 98 99 100
79 78 82 90 93 94 97 98
80 63 83 84 90 92 93 94 96 100
81 57 86 87 88 89 96 97 98 99
82 51 83 84 85 89 94 95 96
83 22 85 88 92 93 94 97 99 100
84 65 90 92 96 98 99
85 59 86 87 88 90 92 95 97 100
86 68 90 93 95
87 48 90 93 97 98
88 8 89 93 96 97 98 99
89 18 93 97 99
90 92 98 99 100
91 68 93 94 97
92 60 94 96
93 52 100
94 56 95 96 98
95 89 96 99
96 47 98 99
97 88 99
98 2 99
99 45
100 19
