100
1 62 17 28 31 33 37 46 51 63 72 73 82 85 86 92 99
2 61 5 22 24 27 36 40 43 47 55 59 60 63 64 67 71 74 75 80 82 89
3 36 5 10 24 29 30 33 37 40 42 60 61 63 67 71 77 79 83 85 87 93 97
4 14 7 11 19 23 26 35 37 38 46 55 60 70 84 89 96
5 53 6 10 15 22 25 34 38 46 47 49 51 52 60 65 68 73 75 77 81 89 95 96
6 30 10 15 16 18 21 23 35 36 41 42 45 50 57 58 62 81 95
7 26 11 16 23 24 32 35 37 39 40 42 45 53 55 60 61 63 66 68 70 71 73 76 77 80 81 82 95 97
8 88 11 12 13 16 40 49 50 52 58 59 69 74 75 76 78 80 81 84 87 88 92
9 20 12 18 20 26 34 38 43 55 56 62 72 74 75 79 86 91
10 4 12 13 16 21 28 30 36 37 40 44 46 50 57 60 63 68 71 74 94 98
11 56 12 13 17 23 25 29 39 40 41 43 47 48 52 58 59 61 78 79 80 84 86 96 99 100
12 10 16 26 28 33 43 45 47 51 53 54 60 61 67 68 70 76 78 83 91 93 95 96
13 21 20 24 35 37 43 53 58 59 63 67 73 76 77 78 80 81 87 89 91 92 94
14 11 19 27 34 35 37 38 48 52 55 63 66 77 83 99
15 88 19 29 35 36 41 46 47 54 61 63 65 67 76 78 80 84 96 98
16 7 18 19 25 28 37 47 57 58 61 62 68 76 79 84 86 98 100
17 73 18 19 21 22 25 27 34 36 37 40 57 60 70 73 78 81 83 85 87 92 96
18 43 22 24 27 28 31 35 37 42 45 59 62 64 74 76 77 82 86 93
19 60 25 28 34 38 42 46 54 58 64 76 77 80 81 91 98
20 84 22 26 30 37 39 44 47 56 58 64 72 83 86 87 88 89 90 92 95 96 100
21 65 24 35 36 41 43 50 52 53 56 60 62 74 91 94 98 99
22 88 23 25 28 29 32 33 40 41 43 57 60 63 68 70 73 74 76 78 82 88 90 91 96 97
23 97 24 41 55 65 66 69 74 81 93 96
24 49 31 44 47 52 53 58 63 64 76 84 89 92 96
25 78 29 33 34 35 59 61 64 65 73 74 80 88 89 90 93 94 95
26 29 34 38 39 41 43 45 59 72 88 89 91 92 95
27 31 31 34 36 39 44 46 50 53 54 55 64 68 88 89 90 100
28 6 30 34 42 45 47 51 55 67 70 72 79 80 82 85 87 93 98 100
29 33 40 46 50 52 69 72 80 89 90 97 98
30 51 31 32 47 53 58 61 64 65 68 83 91 94 95
31 90 33 34 36 37 47 48 52 54 62 69 71 74 83 84 92
32 74 45 55 59 60 65 67 69 77 81 86 92
33 41 38 41 48 49 50 51 52 54 64 65 67 68 69 71 72 75 84 88 92 97
34 76 35 39 57 61 69 75 84 86 90 98
35 12 36 46 49 55 56 62 75 76 77 82
36 74 37 39 40 43 47 53 57 61 62 64 65 66 75 78 83 84 94 100
37 53 54 62 76 77 80 87 89 91 97
38 57 41 43 53 54 61 93 96 99
39 69 47 48 54 56 63 70 79 87 97
40 57 41 42 44 46 50 59 60 65 69 83 84 85 93 98 99 100
41 90 53 54 60 61 62 69 78 82 89 94
42 56 45 51 58 63 70 79 89
43 45 54 65 66 67 69 75 77 79 84 98
44 1 47 51 58 62 64 65 81 87 91 96 98
45 64 46 47 50 57 61 71 75 80 82 86 87 88 92 94 95 96 98 100
46 47 47 51 52 53 61 72 75 78 80 84 85 98
47 47 59 63 78 83 89
48 58 51 52 61 62 63 71 72 76 80 82 86 87 93 98 99
49 52 51 58 65 72 73 77 83 87 88 99 100
50 45 51 55 65 71 72 75 79 81 83 87 93 95 97
51 18 53 55 70 76 81 83 89 91 100
52 74 57 58 68 70 77 79 80 83 90 92 93 94 95 96
53 51 60 62 64 71 79 87 92 94 96
54 28 55 59 60 79 81 82 88
55 98 56 63 69 71 81 98 100
56 62 64 66 72 77 80 83 95
57 55 60 61 63 64 65 67 70 71 74 83
58 36 61 64 66 80 83 92 93 97
59 28 61 68 73 74 78 94 96 99
60 65 62 64 67 72 79 80 81 82 85 86 88 95 100
61 2 62 67 71 72 75 78 87 89 90 96
62 17 67 69 72 76 79 83 100
63 29 64 70 73 81 97 99 100
64 70 68 86 91 93 94 95 100
65 31 67 70 71 76 82 85 86 87 88 92 97
66 16 69 73 76 84 96 99
67 55 70 78 79 82 83 88 90
68 14 74 75 78 80
69 71 71 72
70 51 84 89 97
71 57 76 77 82 94 96 98
72 61 75 84 92 97
73 40 76 93 97
74 4 75 77 82 85 86 90 91 93
75 47 78 79 90 92
76 66 78 83 97 98
77 51 81 84
78 49 84 86 87 90 93 96 97 99
79 4 87 90 96 100
80 18 85 86 90 97
81 3 84 87 88
82 50 90 91
83 18 85 87 92
84 78 88 95 99
85 69 90 92 93 97 98 100
86 52 93 94
87 1 88 95 97 98
88 5 89 90 96
89 46 93 99
90 99
91 64 92 93 95
92 80 94 98
93 84 98
94 9 98
95 5 98
96 22 99 100
97 59 99
98 16
99 81
100 11
