100
1 51 3 4 18 19 36 38 51 93
2 83 3 4 40 44
3 71 6 29 47 52 56 85 92 100
4 52 6 19 28 36 46 47 56 59 72
5 72 28 35 36 37 41 45 52 81 98
6 73 7 17 30 39 58 60 67 84 88
7 100 27 36 38 44 58 68 70 93
8 97 10 13 31 34 35 39 45 48 60 63 79 88 92
9 69 10 13 36 40 43 47 66 75 79 84 88 90 98
10 93 22 59 93
11 65 33 36 40 49 63 64 70 80 90 93 94
12 92 22 36 61 68 74 76 88
13 88 15 16 17 28 31 57 68 69 71 83 92 97
14 83 44 75 76 88
15 90 17 29 33 38 62 67 86 90 100
16 76 35 36 42 47 72 74 77 80 86 98
17 86 18 22 27 28 31 39 51 63 65 72 75 85
18 81 22 32 33 38 48 61 62 74 75 78 95 97
19 68 33 43 51 58 59 64 82 86 94 98 99
20 70 31 36 38 39 44 45 46 68 69 81 91 95 98
21 100 23 52 74 90 92 93
22 85 33 54 59
23 77 29 36 38 44 46 56 58 98 100
24 89 35 37 55 64 68 79
25 82 37 42 72 74 90
26 50 32 57 69 80 90 91 93 97
27 54 28 29 42 45 50 52 61 73 95
28 81 41 43 59 65 66 86
29 65 45 54 61 65 72 76 78 87 90 95 98
30 59 35 39 46 48 53 55 76
31 96 53 58 65 75 86 96 97
32 79 39 42 53 55 59 65 68
33 83 38 41 54 55 63 68 71 87 90 93 98 100
34 92 59 61 63 72 80 89 93
35 83 44 78
36 83 41 63 80 90
37 71 42 61 69 78 83 84 89
38 61 54 71 82 86
39 100 57 63 78 80 81 96
40 100 64 66 74 98
41 53 70 73 76 89 99
42 75 49 62 70 76 94 100
43 98 47 52 76 78 93 99
44 75 55 57 66
45 58 46 51 59 100
46 81 51 72 79
47 63 53 54 61 99 100
48 82 53 64 75 79 85 92 96
49 56 53 56 58 60 79 88
50 78 59 63 68 87
51 98 58
52 54 55 63 86 88 100
53 64 62 64 74 75 82 87 90 91 92
54 86 57 62 75 78 87 88
55 60 56 57 73 92 100
56 82 66 94 99 100
57 69 68
58 50 84 91 97 100
59 54 66 69 75 79 80 82 83 88 91 95
60 51 61 62 73 76
61 57 65 78 98
62 98 69 72 95
63 80 94 95 97
64 53 69
65 50 72 75 77 78 93 94
66 99 76 97 98
67 95 75 86 98
68 93 69 82 89 92 95
69 89 71
70 51 82 83 95
71 63 73 74 92 93 96 100
72 59 83 85
73 66 76 80
74 63 99
75 78 86 88
76 57 78 84 88 91 94 100
77 97 78
78 77 80 86 96
79 86 98
80 57 83
81 75 87 89 92 93
82 69
83 93 85
84 50 89
85 63
86 74 89 90 94
87 53 94
88 76
89 61 91
90 60 96 98
91 98
92 66 95
93 87 98
94 57 99
95 52 100
96 59
97 86 99 100
98 66
99 77
100 82
