100
1 58 4 7 11 13 15 26 28 31 32 38 40 41 43 58 60 68 69 75 82 84 85 92 97 99 100
2 56 3 4 13 23 26 29 32 33 46 48 49 50 55 56 58 64 65 75 78
3 14 26 27 32 35 46 57 62 68 74 78 79 81 86 95 97
4 65 7 31 36 39 42 47 54 57 61 69 77 78 83 89 93 98 100
5 58 7 11 16 18 19 21 25 47 55 58 60 66 70 72 73 74 75 79 83 89 94
6 22 11 14 15 19 22 34 45 50 60 66 68 75 76 80 82 92 94 95
7 93 8 21 24 26 29 30 32 36 42 45 57 59 62 77 78 80 100
8 59 11 12 13 27 29 30 33 38 47 49 52 54 56 57 66 67 68 76 78 83
9 79 18 21 22 25 33 40 41 43 44 53 63 66 70 75 76 78 85 90 95 100
10 57 13 14 28 31 36 41 45 55 56 57 58 59 60 69 79 80 81 85 88 92 95 97 99 100
11 80 15 18 21 26 32 33 34 42 45 51 54 55 62 65 66 72 75 83 86 94 100
12 83 18 19 21 22 29 35 41 43 44 50 56 66 80 92 96
13 72 14 16 24 25 26 40 43 46 56 66 88 94
14 100 18 26 30 31 32 38 40 45 47 49 50 58 64 70 71 72 73 78 80 83 89 93
15 14 20 21 30 37 41 48 50 52 54 61 75 81 83 85 92 93 94
16 91 19 26 28 41 55 59 61 63 65 81 84 88 93 98
17 28 25 35 40 44 48 60 67 68 77 86 88 90 97 99
18 87 22 24 34 37 38 44 46 51 64 66 71 80 81 82 91 98 99
19 29 25 30 31 34 51 55 58 59 67 68 69 71 79 83 89 90 91 95 97
20 5 24 26 29 30 39 40 43 44 45 47 54 63 68 75 80 88 91 95 98
21 33 26 30 33 40 42 48 58 62 63 70 79 81 90 91 97 99
22 29 37 75 78 86 97
23 22 26 34 42 44 46 51 53 63 70 77 84 98
24 97 27 39 44 45 52 54 57 64 72 75 80 82 85 87 89 95 96 100
25 59 27 28 29 31 32 41 47 55 58 59 62 64 68 78 82 83 86 95 96
26 15 28 31 36 37 38 40 46 48 49 50 51 52 58 60 67 79 85 97
27 65 28 40 48 60 62 63 67 78 87 91 92
28 91 34 36 37 43 48 50 53 59 61 71 76 78 82 96 97 98 99
29 47 33 34 48 51 61 66 73 80 81 83 85 89 92 97 100
30 23 31 33 35 38 40 52 54 57 60 64 65 87 93
31 71 33 35 36 37 39 41 42 53 65 72 85
32 43 40 41 43 48 50 67 73 85 86 97
33 96 40 44 47 48 56 71 73 76 77 84 88 90 97
34 12 36 48 50 59 63 66 72 78 83 89
35 43 40 44 46 47 48 49 51 63 71 72 74 81 82 88 90 98
36 53 38 39 40 45 50 56 61 65 67 68 81 82 85 90 93 94 97
37 30 38 40 43 48 61 69 72 73 77 90 92 96
38 85 45 46 48 50 52 70 72 75 76 77 82 90 92 93 95 97 100
39 100 47 48 49 51 55 59 65 66 70 75 86 93 97 98
40 50 53 57 67 74 82 85 89 90 93 96 99
41 59 48 51 55 66 76 82 83 85 87 99
42 73 58 61 64 66 73 76 82 84 85 88 90
43 19 44 45 50 63 66 68 71 75 77 78 81 82 83 89 96
44 26 45 49 53 54 57 58 70 82 86 87 91 97 98 100
45 87 50 52 64 76 78 90 91 95 98
46 63 53 58 78 81 83 88 89 92 96
47 85 48 50 54 57 66 81 83 88 91 94 98 100
48 46 49 50 57 58 69 71 79 85 91 92 98
49 4 60 69 73 83 85 97
50 96 52 58 62 66 68 70 72 73 74 78 83 86 89 93 95 99
51 95 55 60 62 63 79 80 81 91 93 100
52 6 59 71 74 75 76 79 80 83 88 92
53 7 55 66 72 77 80 85 90 92 95
54 60 59 65 74 78 80 88 92
55 94 60 64 67 72 74 77 78 82 85 95 96
56 85 58 70 81 82 86 87 89 94 97 100
57 78 60 63 69 73 74 76 77 83 87 93 96 97
58 25 60 61 63 68 69 78 79 85 86
59 95 60 61 62 63 64 71 77 78 80 83 84 85 86 89 90
60 44 62 68 72 90 94
61 76 65 67 70 71 83 92 95 96 99
62 10 74 91 97
63 68 66 68 75 80 82 89 90 97
64 25 69 73 74 84 97 98 100
65 76 71 78 79 83
66 61 75 77 81 84 90 92 93 97
67 41 73 75 86 87 93 99
68 8 69 74 76 88 90 91 96 97 100
69 92 72 74 82
70 15 75 76 78 79 80 82 96 98 100
71 3 81 92 94 99
72 67 85 99
73 26 75 79 82 89 93 94 95 96
74 27 78 80 85 86 89 100
75 47 90 94 96 98
76 1 84 86 87 89
77 100 79 87 88 90 99 100
78 46 80 85 91 97 100
79 50 81 85 87 89 100
80 61 85 90 91
81 75 84 85 92 95
82 3 87 90
83 22 85
84 54 89 93 97 98
85 42 88 91 92 98 99
86 8 92 93 97
87 26 91 94
88 69 91 96 97 100
89 90 94 97 98
90 17 94 95 97 100
91 91 92 94
92 65 94
93 10 96
94 62 97 100
95 37 96
96 97
97 72
98 4
99 21
100 12
