100
1 76
2 7
3 98
4 39
5 42
6 91
7 9
8 95
9 55
10 56
11 61
12 28
13 22
14 68
15 45
16 22
17 58
18 36
19 28
20 65
21 85
22 81
23 38
24 51
25 45
26 56
27 21
28 67
29 50
30 62
31 12
32 44
33 33
34 59
35 8
36 12
37 11
38 35
39 77
40 17
41 33
42 27
43 9
44 47
45 25
46 51
47 32
48 30
49 92
50 45
51 2
52 50
53 11
54 77
55 85
56 33
57 52
58 21
59 49
60 61
61 70
62 54
63 81
64 71
65 20
66 79
67 34
68 72
69 9
70 21
71 45
72 64
73 56
74 8
75 7
76 81
77 78
78 87
79 40
80 36
81 61
82 73
83 51
84 5
85 28
86 86
87 29
88 14
89 91
90 91
91 51
92 65
93 71
94 75
95 60
96 88
97 77
98 74
99 84
100 22
