100
1 58 61 99
2 56 3 12 17 24 32 34 51 69 74 82 88 96
3 14 6 17 24 43 45 49 72 76 90
4 65 6 8 17 23 72 74
5 58 23 27 32 44 49 58 61 63 67
6 22 27 32 60 80 92 98
7 93 17 43 53 56 73 79 84 92 98
8 59 12 16 17 24 28 31 32 38 40 52 66 73 77 79
9 79 55 77 82
10 57 45 49 67 68 69 78 79 83 92
11 80 14 21 36 38 52 64 82
12 83 19 20 26 43 56 66 68 72 78 82 89 94
13 72 20 28 30 48 56 60 61 67 69 78 87 90 96 97
14 100 18 31 51 54 66 74 82 99
15 14 17 22 29 33 43 75 84 89 94
16 91 31 62 97
17 28 36 82 92
18 87 26 33 40 46 53 70 80
19 29 37 56 59 60 83 87
20 5 29 41 50 84 95
21 33 25 29 30 46 60 61 75 77 79 81 83 87 94 100
22 29 25 40 73 87 96
23 22 32 41 72 73
24 97 26 37 42 45 57
25 59 32 53 55 60 65 72 85 93
26 15 54 55 72 76 80 92 94
27 65 46 64 72 94
28 91 29 68 78 93
29 47 42 49 64 65 85 86
30 23 51 54 60 83
31 71 36 42 66 74 85 88
32 43 35 40 48 50 55 58 59 70 73 89
33 96 34 36 42 47 50 61 64 65 68 85 94 97
34 12 57 63 64
35 43 36 46 50 57 74 79 92
36 53 37 39 42 44 45 50 64 96
37 30 41 55 62 75 93 95 99
38 85 47 50 60 65 72 73 79
39 100 43 78 95
40 50 61 64 77 92 96
41 59 43 46 52 55 75 85 95 100
42 73 45 60 65 67 90
43 19 54 56 77 94
44 26 50 81
45 87 75 80 81 83 87 89
46 63 58 60 62 90
47 85 61 66 68 72 82 83 88 93
48 46 51 79 82
49 4 58 64 66 73 77 83 88 95
50 96 65 66 67 70 73 86
51 95 57 62 67 97
52 6 55 68 69 70 84 95 96
53 7 58 62 72 83 84 96 97
54 60 62 66 74 82 85 92
55 94 61 64 66 80 82 86 92 93 94
56 85 67 72 74 79 85 99
57 78 58 65 81 91 96
58 25 66 70 72 83 91
59 95 60 72 81 91 94 97
60 44 75 84
61 76 72 75 85 86 89
62 10 64 65 71 87
63 68 73 75 92 93
64 25 80 81 85
65 76 76 85 92 94
66 61 68 80 84 91
67 41 69 76 83 85 92
68 8 73 75 82
69 92 72 77 78 80 87 97 100
70 15 74 75 100
71 3 99
72 67 73 80 81 82 88
73 26 79 88 93 96 100
74 27 78 99
75 47 90 96
76 1 78 98 99 100
77 100 78 90 96
78 46 80 81 87 92 100
79 50 97 98 99
80 61 86 92 98
81 75 82 98
82 3 89 93 96
83 22 93 97
84 54 92
85 42 86 88 95 99
86 8
87 26 95
88 69 92 97
89 90 95 98
90 17
91 91
92 65
93 10
94 62 97 98
95 37 96
96 97
97 72
98 4
99 21 100
100 12
