100
1 50 8 9 11 18 20 22 24 28 30 32 34 41 44 47 48 52 57 59 61 62 63 71 72 79 81 82 83 86 91 93 96 98 100
2 92 3 6 7 9 11 14 17 18 19 22 23 27 28 36 39 46 48 56 57 61 62 76 77 80 81 82 83 85 86 93 95 98 99
3 94 7 8 9 10 14 17 18 19 21 24 25 28 34 41 43 44 49 52 54 58 61 62 64 67 71 73 75 77 78 79 81 86 87 89 90 91 97
4 83 6 14 22 23 30 33 34 39 46 51 53 56 57 59 64 66 68 71 75 77 79 83 85 88 90 92
5 86 6 8 10 13 14 16 19 28 37 39 42 43 48 50 53 56 60 67 71 75 79 81 90 92
6 84 7 10 11 13 18 21 24 26 28 38 39 44 46 53 54 56 60 66 68 69 75 76 77 80 82 89 93 98
7 55 8 9 10 14 15 19 37 40 45 51 55 57 59 60 63 65 66 67 75 76 81 83 84 88 90
8 51 14 18 19 30 32 33 35 37 38 47 49 52 55 56 59 63 64 66 68 72 74 78 82 83 84 86 92 99
9 66 11 14 16 20 21 23 25 26 29 33 34 35 36 41 43 44 50 54 65 68 69 71 73 76 77 78 79 82 85 100
10 75 11 12 18 20 25 30 33 34 43 44 46 47 48 49 59 63 64 65 71 73 81 84 92 94 98
11 84 14 16 17 18 24 28 29 31 35 36 39 43 45 47 51 57 58 59 60 61 65 70 73 74 78 81 86 90 91 93 96
12 98 13 20 24 28 30 34 38 45 47 49 53 54 58 65 67 70 74 76 81 84 86 89 94 96 97 99
13 73 15 18 22 26 30 35 37 40 41 45 48 49 50 51 53 54 55 58 59 60 61 64 67 69 70 75 78 80 83 86 87 92 98 99 100
14 100 15 17 20 26 31 34 36 42 43 44 53 56 57 58 63 66 68 70 77 88 92 98
15 80 16 18 21 29 31 32 36 37 40 43 55 58 59 60 62 68 73 74 78 81 91 97 98
16 81 19 25 29 30 31 32 34 36 37 38 39 40 45 48 51 53 54 56 64 66 69 70 74 77 79 83 87 90 94 98
17 66 18 20 24 26 28 33 36 39 40 42 52 54 60 62 64 68 69 70 71 73 75 87 96 99 100
18 85 23 27 35 38 44 45 48 49 55 56 59 60 63 73 76 77 79 87 94 96 97 98
19 64 25 29 34 41 45 46 47 52 56 61 62 66 69 73 74 75 77 80 83 92 96 99
20 63 21 26 30 34 37 39 41 45 48 51 53 54 59 62 64 70 71 72 80 82 83 84 88 99
21 55 25 32 33 34 37 41 43 45 47 48 55 57 58 61 66 69 70 73 74 76 86 87 91 98 99 100
22 75 24 26 31 33 36 41 48 51 53 70 75 76 86 89 97
23 52 26 27 31 32 33 35 37 38 39 41 43 44 45 47 55 62 63 65 73 79 80 82 92 93 97 98
24 65 26 32 34 35 40 46 51 52 53 56 57 68 69 74 78 81 85 87 92 96
25 52 27 28 32 36 38 42 54 56 58 61 73 74 77 78 86 87 88 99
26 57 29 33 35 38 49 50 56 67 68 70 76 78 86 89 94 95 97 99
27 97 28 40 42 44 50 51 56 59 60 65 66 71 72 73 75 76 78 79 85 86 90 91 93 94 97
28 80 36 38 40 42 44 45 48 49 52 53 55 57 64 65 66 67 69 73 74 77 78 82 88 89 90 91 96 99 100
29 66 32 33 41 42 46 47 48 49 56 57 59 67 71 82 86 88 91 95 97 98 99
30 56 33 37 38 44 45 51 56 60 62 63 73 74 75 82 83 84 86 87 90 96 99 100
31 96 33 38 43 50 51 57 59 60 62 69 70 74 79 82 84 85 89 97 99
32 57 34 37 38 40 47 53 55 58 67 70 72 74 78 79 84 86 88 92 95 100
33 71 35 36 37 39 41 44 53 62 66 68 74 75 76 83 84 86 87 89 92 95 100
34 55 41 48 51 52 53 55 59 62 64 65 68 73 76 85 88 90 96 98
35 96 38 39 42 44 45 46 49 51 55 57 59 60 67 73 75 80 84 86 95 97 98
36 100 37 38 44 48 62 63 65 68 74 81 85 87 92 93 94 95 97 98 99
37 63 39 41 42 47 49 52 53 55 62 65 71 76 77 79 81 86 87 92 95 96 99
38 69 40 42 43 47 49 59 60 61 65 73 74 79 81 82 93 94 95 98 99 100
39 75 40 41 45 47 49 51 58 59 61 65 69 73 74 76 80 81 84 85 86 87 89 92 94 100
40 81 41 43 47 49 54 56 58 64 69 71 80 85 86 87 90 91 92 96
41 76 43 46 48 50 54 56 57 64 67 77 79 80 82 87
42 68 50 52 65 68 74 77 78 87 93 94 98 100
43 77 44 45 50 52 59 64 67 70 71 75 79 92 93 97 98 99
44 79 49 54 55 59 62 64 67 71 75 77 79 82 89 92 94 95 99 100
45 76 56 57 64 65 67 73 74 75 85 87 91 93 94 95
46 84 47 48 51 53 58 60 62 63 65 70 71 80 82 83 88 90 94 97 98
47 52 49 57 61 64 65 68 70 71 72 73 77 78 80 90 97 98 99
48 79 52 53 54 63 64 70 71 73 75 78 80 82 88 90 95 96 99
49 57 50 53 55 60 61 65 75 77 80 81 82 83 84 91 93 99
50 93 52 54 57 62 66 70 71 74 83 88 89 90 91 100
51 61 53 60 68 72 78 83 84 94 96 97
52 59 55 57 59 62 64 66 67 71 74 75 98
53 57 60 62 65 68 69 70 73 74 90 92 96 100
54 62 56 57 62 67 69 72 73 85 90 97
55 97 69 71 74 76 79 85 86 90 91 93 95 98 100
56 83 58 61 63 67 68 69 72 77 92 94 99 100
57 64 66 67 72 73 77 78 82 91 92 99
58 99 59 61 62 69 76 82 84 87 97 100
59 89 60 61 64 69 72 77 78 79 85 88 90 93 97 98 100
60 85 62 63 78 79 80 85 92 98 99 100
61 85 63 68 69 80 82 87 90 95 97
62 88 63 66 68 72 75 78 81 84 85 86 91
63 96 64 66 71 85 87 90 93
64 68 66 68 69 70 71 75 78 80 82 83 85 86 88 92 94 95 96 97 98
65 93 68 72 76 78 79 84 86 90 91 92 97 99
66 68 68 70 75 89 90 91 92 96
67 86 68 71 75 77 79 92 93 94 95
68 95 71 73 76 83 85 87 93 98
69 81 72 73 74 75 81 85 87 92 95 96 97 98 100
70 71 73 81 83 85 86 88 91 97 99 100
71 80 81 87 88 92 93 94 96 100
72 91 76 78 87 90 91 93 94 95
73 80 74 75 76 77 80 84 86 91 93 97 98 100
74 75 78 79 91 92 93 95 96 97 98 100
75 92 76 79 81 82 83 85 86 89 90 91 93 96 98
76 51 91 93 95 96
77 79 78 79 87 88 92 93 94 96 97 99
78 98 81 82 85 86 89 92 93
79 100 80 88 91 93 100
80 57 88 90 92 95 98 100
81 98 83 86 91 94 97 98 99
82 90 85 90 95
83 84 86 90 94
84 100 93 94 95 96 97 99
85 50 91 93
86 92 87 91 98 99
87 56 92
88 70 90 91 94
89 59 92 99
90 65 92 98 100
91 72 92 94 96 100
92 54 96 97
93 88 94 98
94 75 98
95 98 100
96 56 99
97 78 98 100
98 60
99 85 100
100 69
